0.315686
-0.350980
-0.005882
0.343137
-0.409804
0.115686
0.221569
-0.339216
-0.237255
0.327451
-0.107843
-0.276471
0.080392
0.245098
0.158824
-0.323529
0.398039
-0.358824
-0.001961
0.382353
-0.437255
0.088235
0.292157
-0.390196
-0.323529
0.421569
-0.068627
-0.311765
0.084314
0.284314
0.225490
-0.339216
0.288235
-0.358824
0.064706
0.382353
-0.378431
-0.052941
0.319608
-0.221569
-0.429412
0.233333
0.272549
-0.374510
-0.401961
0.209804
0.221569
0.088235
0.366667
-0.394118
0.111765
0.401961
-0.358824
-0.096078
0.339216
-0.229412
-0.456863
0.249020
0.276471
-0.358824
-0.449020
0.221569
0.276471
0.111765
0.209804
-0.405882
0.092157
0.327451
-0.323529
-0.201961
0.331373
0.037255
-0.358824
-0.107843
0.272549
0.025490
-0.401961
-0.347059
0.209804
0.225490
0.280392
-0.441176
0.123529
0.358824
-0.331373
-0.264706
0.331373
0.096078
-0.390196
-0.131373
0.339216
0.009804
-0.441176
-0.335294
0.276471
0.307843
0.049020
-0.417647
0.158824
0.288235
-0.347059
-0.303922
0.339216
0.209804
-0.421569
-0.374510
0.276471
0.284314
-0.268627
-0.347059
-0.084314
0.280392
0.088235
-0.429412
0.162745
0.401961
-0.358824
-0.374510
0.358824
0.307843
-0.421569
-0.433333
0.272549
0.311765
-0.307843
-0.347059
-0.025490
0.319608
-0.123529
-0.464706
0.272549
0.327451
-0.311765
-0.378431
0.303922
0.300000
-0.300000
-0.413725
0.139216
0.327451
0.123529
-0.339216
-0.339216
0.201961
-0.166667
-0.472549
0.276471
0.429412
-0.245098
-0.429412
0.347059
0.362745
-0.292157
-0.437255
0.052941
0.300000
0.147059
-0.323529
-0.405882
0.178431
-0.241176
-0.456863
0.300000
0.409804
-0.237255
-0.386275
0.288235
0.362745
0.009804
-0.405882
-0.296078
0.331373
0.307843
-0.272549
-0.390196
-0.354902
-0.256863
-0.488235
0.331373
0.429412
-0.162745
-0.429412
0.315686
0.390196
-0.013725
-0.390196
-0.311765
0.264706
0.358824
-0.300000
-0.366667
-0.441176
-0.362745
-0.390196
0.292157
0.358824
-0.162745
-0.409804
0.162745
0.327451
0.256863
-0.433333
-0.401961
0.221569
0.327451
0.170588
-0.354902
-0.409804
-0.366667
-0.472549
0.307843
0.413725
-0.186275
-0.468627
0.190196
0.307843
0.249020
-0.464706
-0.421569
0.237255
0.311765
0.245098
-0.358824
-0.464706
-0.394118
-0.358824
0.347059
0.307843
-0.127451
-0.382353
-0.041176
0.311765
0.366667
-0.347059
-0.382353
-0.131373
0.331373
0.276471
-0.194118
-0.366667
-0.378431
-0.445098
0.390196
0.362745
-0.135294
-0.460784
-0.033333
0.315686
0.374510
-0.382353
-0.413725
-0.139216
0.339216
0.339216
-0.162745
-0.417647
0.190196
-0.390196
0.245098
0.178431
-0.421569
0.284314
0.174510
-0.401961
0.103922
0.272549
-0.307843
-0.327451
0.233333
0.256863
-0.127451
-0.331373
0.292157
-0.476471
0.276471
0.245098
-0.492157
0.284314
0.256863
-0.464706
0.052941
0.394118
-0.347059
-0.429412
0.264706
0.315686
-0.107843
-0.382353
0.029412
-0.386275
0.260784
0.221569
-0.433333
0.209804
0.280392
-0.401961
-0.237255
0.284314
0.143137
-0.378431
-0.213725
0.256863
0.237255
-0.190196
0.107843
-0.500000
0.315686
0.284314
-0.500000
0.264706
0.386275
-0.405882
-0.335294
0.362745
0.162745
-0.409804
-0.284314
0.300000
0.327451
-0.217647
-0.190196
-0.390196
0.280392
0.237255
-0.394118
0.107843
0.315686
-0.252941
-0.354902
0.217647
0.252941
-0.268627
-0.386275
0.037255
0.307843
0.221569
-0.139216
-0.500000
0.339216
0.288235
-0.449020
0.123529
0.413725
-0.249020
-0.441176
0.229412
0.331373
-0.292157
-0.441176
0.068627
0.335294
0.374510
-0.280392
-0.327451
0.319608
0.276471
-0.405882
-0.045098
0.307843
-0.021569
-0.413725
-0.100000
0.307843
0.115686
-0.362745
-0.401961
0.245098
0.260784
-0.296078
-0.464706
0.374510
0.409804
-0.484314
-0.072549
0.358824
0.060784
-0.445098
-0.174510
0.335294
0.209804
-0.413725
-0.468627
0.288235
0.339216
-0.331373
-0.394118
0.319608
0.288235
-0.374510
-0.162745
0.315686
0.221569
-0.405882
-0.350980
0.260784
0.276471
-0.221569
-0.362745
-0.201961
0.284314
-0.386275
-0.445098
0.394118
0.429412
-0.429412
-0.256863
0.343137
0.335294
-0.445098
-0.468627
0.272549
0.386275
-0.213725
-0.401961
-0.245098
0.327451
-0.413725
-0.307843
0.311765
0.311765
-0.401961
-0.292157
0.335294
0.335294
-0.292157
-0.390196
0.064706
0.315686
0.143137
-0.394118
-0.335294
0.033333
-0.433333
-0.386275
0.374510
0.425490
-0.394118
-0.390196
0.366667
0.413725
-0.354902
-0.456863
0.080392
0.347059
0.237255
-0.390196
-0.429412
0.021569
-0.386275
-0.221569
0.311765
0.280392
-0.366667
-0.350980
0.315686
0.327451
-0.135294
-0.362745
-0.280392
0.311765
0.307843
-0.209804
-0.401961
-0.358824
-0.445098
-0.327451
0.358824
0.390196
-0.429412
-0.456863
0.327451
0.374510
-0.143137
-0.433333
-0.374510
0.362745
0.398039
-0.209804
-0.441176
-0.476471
-0.417647
-0.174510
0.300000
0.319608
-0.409804
-0.358824
0.311765
0.284314
0.076471
-0.409804
-0.327451
0.190196
0.315686
0.174510
-0.374510
-0.354902
-0.472549
-0.221569
0.354902
0.421569
-0.441176
-0.484314
0.358824
0.390196
0.119608
-0.437255
-0.472549
0.190196
0.370588
0.252941
-0.429412
-0.441176
-0.115686
-0.347059
0.343137
-0.084314
-0.264706
0.284314
-0.076471
-0.378431
0.237255
0.170588
-0.405882
-0.186275
0.249020
0.260784
-0.319608
-0.386275
-0.135294
-0.394118
0.374510
-0.143137
-0.292157
0.319608
-0.111765
-0.433333
0.300000
0.225490
-0.449020
-0.194118
0.272549
0.300000
-0.409804
-0.433333
-0.213725
-0.303922
0.303922
-0.100000
-0.382353
0.276471
0.135294
-0.405882
-0.056863
0.252941
-0.198039
-0.350980
0.041176
0.264706
0.170588
-0.362745
-0.284314
-0.323529
0.347059
-0.103922
-0.413725
0.354902
0.182353
-0.441176
-0.068627
0.284314
-0.194118
-0.405882
0.080392
0.256863
0.229412
-0.437255
-0.350980
-0.213725
0.307843
-0.072549
-0.386275
0.284314
0.264706
-0.366667
-0.311765
0.307843
0.170588
-0.366667
-0.366667
0.237255
0.245098
0.025490
-0.429412
-0.229412
0.319608
-0.096078
-0.429412
0.370588
0.319608
-0.429412
-0.378431
0.362745
0.221569
-0.456863
-0.366667
0.327451
0.303922
0.068627
-0.394118
-0.068627
0.319608
-0.025490
-0.366667
0.233333
0.292157
-0.268627
-0.350980
0.217647
0.272549
-0.201961
-0.378431
-0.182353
0.260784
0.245098
-0.445098
-0.080392
0.374510
-0.033333
-0.445098
0.319608
0.343137
-0.335294
-0.390196
0.264706
0.331373
-0.229412
-0.405882
-0.186275
0.347059
0.327451
-0.378431
0.052941
0.319608
-0.017647
-0.378431
0.162745
0.284314
-0.052941
-0.401961
-0.127451
0.264706
0.182353
-0.374510
-0.378431
0.115686
0.249020
-0.390196
0.037255
0.339216
-0.013725
-0.437255
0.205882
0.292157
-0.056863
-0.417647
-0.150980
0.347059
0.256863
-0.445098
-0.401961
0.190196
0.288235
-0.366667
0.131373
0.358824
0.049020
-0.378431
0.076471
0.288235
0.174510
-0.390196
-0.307843
0.300000
0.327451
-0.174510
-0.378431
-0.323529
0.252941
-0.429412
0.143137
0.370588
0.041176
-0.417647
0.076471
0.311765
0.209804
-0.433333
-0.366667
0.370588
0.409804
-0.194118
-0.378431
-0.358824
0.303922
-0.421569
0.225490
0.284314
0.029412
-0.386275
-0.111765
0.272549
0.280392
-0.378431
-0.366667
0.103922
0.280392
0.205882
-0.358824
-0.331373
-0.076471
-0.449020
0.264706
0.311765
0.033333
-0.468627
-0.076471
0.315686
0.339216
-0.449020
-0.421569
0.092157
0.276471
0.249020
-0.464706
-0.441176
-0.052941
-0.394118
0.264706
0.284314
0.041176
-0.421569
-0.213725
0.347059
0.292157
-0.296078
-0.339216
-0.213725
0.327451
0.300000
-0.166667
-0.390196
-0.417647
-0.456863
0.347059
0.292157
0.049020
-0.464706
-0.225490
0.362745
0.366667
-0.362745
-0.401961
-0.229412
0.386275
0.366667
-0.209804
-0.382353
-0.429412
-0.272549
-0.186275
0.315686
-0.347059
-0.068627
0.311765
-0.319608
-0.366667
0.288235
-0.041176
-0.358824
0.021569
0.272549
0.060784
-0.335294
-0.319608
-0.362745
-0.201961
0.327451
-0.386275
-0.080392
0.284314
-0.401961
-0.386275
0.358824
-0.041176
-0.456863
0.033333
0.311765
0.068627
-0.382353
-0.386275
-0.394118
-0.049020
0.311765
-0.358824
-0.198039
0.315686
-0.052941
-0.382353
0.205882
0.237255
-0.401961
-0.331373
0.260784
0.260784
-0.143137
-0.354902
-0.468627
-0.013725
0.335294
-0.394118
-0.213725
0.327451
-0.100000
-0.433333
0.264706
0.303922
-0.433333
-0.409804
0.307843
0.311765
-0.186275
-0.382353
-0.433333
0.107843
0.319608
-0.311765
-0.280392
0.288235
0.143137
-0.390196
-0.056863
0.303922
-0.060784
-0.401961
-0.139216
0.280392
0.245098
-0.300000
-0.484314
0.147059
0.288235
-0.382353
-0.319608
0.347059
0.178431
-0.413725
-0.060784
0.339216
-0.072549
-0.433333
-0.139216
0.327451
0.331373
-0.358824
-0.441176
0.221569
0.307843
-0.347059
-0.327451
0.335294
0.237255
-0.437255
-0.335294
0.276471
0.245098
-0.354902
-0.339216
0.182353
0.256863
0.201961
-0.484314
0.280392
0.319608
-0.421569
-0.409804
0.374510
0.303922
-0.413725
-0.374510
0.315686
0.331373
-0.421569
-0.394118
0.225490
0.276471
0.272549
-0.401961
0.252941
0.327451
-0.280392
-0.409804
0.300000
0.288235
-0.335294
-0.405882
0.166667
0.300000
-0.080392
-0.390196
-0.296078
0.280392
0.264706
-0.456863
0.347059
0.390196
-0.374510
-0.488235
0.409804
0.354902
-0.409804
-0.441176
0.237255
0.362745
-0.103922
-0.401961
-0.335294
0.347059
0.260784
-0.366667
0.354902
0.354902
-0.319608
-0.358824
0.303922
0.288235
-0.154902
-0.437255
-0.068627
0.339216
0.237255
-0.409804
-0.390196
-0.013725
0.288235
-0.445098
0.464706
0.409804
-0.394118
-0.433333
0.441176
0.280392
-0.213725
-0.417647
-0.096078
0.362745
0.300000
-0.460784
-0.409804
0.049020
0.347059
-0.386275
0.358824
0.311765
-0.319608
-0.335294
0.256863
0.292157
0.064706
-0.386275
-0.292157
0.307843
0.319608
-0.158824
-0.350980
-0.374510
0.245098
-0.437255
0.421569
0.347059
-0.374510
-0.456863
0.307843
0.311765
0.037255
-0.441176
-0.331373
0.362745
0.339216
-0.209804
-0.382353
-0.460784
0.319608
-0.284314
0.315686
0.311765
-0.307843
-0.386275
0.170588
0.354902
0.217647
-0.409804
-0.366667
0.158824
0.358824
0.252941
-0.378431
-0.350980
-0.201961
-0.347059
0.390196
0.358824
-0.374510
-0.409804
0.249020
0.319608
0.260784
-0.468627
-0.441176
0.182353
0.327451
0.276471
-0.437255
-0.386275
-0.201961
-0.366667
0.088235
0.233333
-0.390196
0.111765
0.209804
-0.386275
-0.107843
0.276471
-0.284314
-0.347059
0.201961
0.260784
-0.217647
-0.358824
-0.033333
-0.421569
0.139216
0.331373
-0.429412
0.201961
0.260784
-0.409804
-0.127451
0.300000
-0.303922
-0.405882
0.249020
0.311765
-0.252941
-0.362745
-0.029412
-0.382353
0.209804
0.284314
-0.429412
0.131373
0.284314
-0.350980
-0.366667
0.276471
0.088235
-0.417647
-0.143137
0.237255
0.256863
-0.335294
-0.382353
-0.417647
0.264706
0.303922
-0.449020
0.182353
0.303922
-0.394118
-0.390196
0.300000
0.139216
-0.437255
-0.154902
0.272549
0.303922
-0.378431
-0.441176
-0.421569
0.252941
0.311765
-0.409804
0.037255
0.284314
-0.190196
-0.417647
0.182353
0.288235
-0.339216
-0.421569
0.162745
0.256863
0.076471
-0.358824
-0.433333
0.339216
0.335294
-0.390196
0.001961
0.292157
-0.198039
-0.429412
0.245098
0.303922
-0.354902
-0.409804
0.150980
0.252941
0.119608
-0.421569
-0.394118
0.374510
0.237255
-0.401961
-0.103922
0.303922
0.001961
-0.382353
-0.060784
0.284314
0.037255
-0.386275
-0.237255
0.276471
0.272549
-0.096078
-0.445098
0.409804
0.311765
-0.413725
-0.107843
0.260784
0.021569
-0.378431
-0.056863
0.307843
0.060784
-0.382353
-0.284314
0.303922
0.276471
-0.072549
-0.362745
0.335294
0.284314
-0.394118
-0.162745
0.311765
0.198039
-0.429412
-0.307843
0.311765
0.276471
-0.350980
-0.374510
0.049020
0.288235
0.288235
-0.366667
0.354902
0.382353
-0.421569
-0.229412
0.327451
0.249020
-0.449020
-0.362745
0.347059
0.358824
-0.394118
-0.390196
0.049020
0.280392
0.362745
-0.249020
0.307843
0.260784
-0.405882
-0.245098
0.272549
0.315686
-0.358824
-0.358824
0.237255
0.307843
-0.056863
-0.378431
-0.362745
0.256863
0.276471
-0.319608
0.362745
0.370588
-0.437255
-0.303922
0.311765
0.362745
-0.409804
-0.409804
0.272549
0.343137
-0.068627
-0.401961
-0.405882
0.339216
0.272549
-0.060784
0.335294
0.288235
-0.429412
-0.307843
0.280392
0.319608
-0.327451
-0.382353
-0.049020
0.256863
0.260784
-0.386275
-0.378431
-0.111765
0.303922
-0.076471
0.343137
0.311765
-0.445098
-0.358824
0.354902
0.362745
-0.358824
-0.421569
-0.068627
0.249020
0.358824
-0.433333
-0.413725
-0.158824
0.347059
0.037255
0.303922
0.252941
-0.394118
-0.354902
0.362745
0.292157
-0.162745
-0.401961
-0.292157
0.327451
0.319608
-0.103922
-0.417647
-0.394118
0.217647
0.084314
0.272549
0.300000
-0.441176
-0.429412
0.390196
0.339216
-0.217647
-0.394118
-0.327451
0.382353
0.358824
-0.135294
-0.417647
-0.449020
0.303922
-0.390196
0.280392
0.178431
-0.390196
0.307843
0.150980
-0.405882
0.103922
0.198039
-0.386275
-0.201961
0.276471
0.174510
-0.378431
-0.401961
0.217647
-0.409804
0.362745
0.256863
-0.449020
0.327451
0.174510
-0.394118
0.162745
0.225490
-0.390196
-0.249020
0.311765
0.225490
-0.401961
-0.449020
0.252941
-0.401961
0.292157
0.166667
-0.449020
0.292157
0.260784
-0.378431
-0.135294
0.264706
-0.190196
-0.390196
0.162745
0.272549
-0.017647
-0.354902
-0.339216
-0.460784
0.327451
0.182353
-0.441176
0.386275
0.315686
-0.449020
-0.143137
0.264706
-0.201961
-0.445098
0.182353
0.284314
-0.033333
-0.358824
-0.417647
-0.323529
0.343137
0.123529
-0.374510
0.225490
0.272549
-0.374510
-0.307843
0.284314
0.190196
-0.386275
-0.307843
0.307843
0.280392
-0.284314
-0.366667
-0.374510
0.327451
0.150980
-0.421569
0.249020
0.311765
-0.429412
-0.390196
0.347059
0.264706
-0.413725
-0.382353
0.327451
0.331373
-0.327451
-0.347059
-0.213725
0.335294
0.111765
-0.350980
0.233333
0.300000
-0.252941
-0.362745
0.237255
0.233333
-0.225490
-0.405882
0.029412
0.252941
0.256863
-0.374510
-0.249020
0.300000
0.123529
-0.413725
0.303922
0.311765
-0.303922
-0.421569
0.319608
0.288235
-0.296078
-0.382353
0.088235
0.292157
0.327451
-0.405882
0.005882
0.335294
0.021569
-0.394118
0.201961
0.319608
-0.088235
-0.386275
0.013725
0.284314
0.060784
-0.401961
-0.327451
0.260784
0.272549
0.080392
0.013725
0.347059
0.064706
-0.417647
0.217647
0.288235
-0.088235
-0.390196
0.001961
0.300000
0.115686
-0.421569
-0.386275
0.319608
0.272549
0.147059
0.166667
0.300000
-0.005882
-0.401961
0.166667
0.303922
0.139216
-0.366667
-0.280392
0.358824
0.237255
-0.303922
-0.417647
0.001961
0.315686
0.264706
0.198039
0.303922
-0.001961
-0.429412
0.170588
0.276471
0.158824
-0.409804
-0.358824
0.409804
0.315686
-0.386275
-0.386275
-0.001961
0.339216
0.331373
0.252941
0.300000
-0.068627
-0.354902
0.080392
0.319608
0.237255
-0.358824
-0.394118
0.276471
0.288235
-0.045098
-0.390196
-0.362745
0.272549
0.284314
0.343137
0.331373
-0.100000
-0.386275
0.076471
0.276471
0.300000
-0.449020
-0.449020
0.288235
0.319608
-0.001961
-0.386275
-0.433333
0.331373
0.256863
0.307843
0.335294
-0.103922
-0.401961
0.005882
0.315686
0.284314
-0.358824
-0.374510
0.092157
0.354902
0.280392
-0.366667
-0.394118
-0.131373
0.315686
0.347059
0.335294
-0.131373
-0.409804
0.001961
0.284314
0.366667
-0.484314
-0.405882
0.103922
0.343137
0.300000
-0.441176
-0.417647
-0.190196
0.382353
-0.374510
0.276471
-0.056863
-0.327451
0.303922
-0.045098
-0.429412
0.166667
0.037255
-0.362745
0.005882
0.292157
-0.131373
-0.374510
-0.111765
0.260784
-0.394118
0.327451
-0.056863
-0.433333
0.307843
-0.076471
-0.468627
0.245098
0.064706
-0.401961
0.021569
0.311765
-0.127451
-0.394118
-0.170588
0.319608
-0.319608
0.347059
-0.135294
-0.382353
0.303922
0.119608
-0.386275
0.135294
0.252941
-0.394118
-0.327451
0.288235
0.272549
-0.280392
-0.362745
-0.056863
-0.378431
0.366667
-0.139216
-0.421569
0.300000
0.174510
-0.429412
0.221569
0.300000
-0.417647
-0.390196
0.311765
0.303922
-0.378431
-0.413725
-0.013725
-0.111765
0.300000
-0.213725
-0.366667
0.280392
0.209804
-0.401961
-0.072549
0.303922
-0.100000
-0.378431
0.049020
0.300000
0.190196
-0.394118
-0.405882
-0.127451
0.307843
-0.268627
-0.472549
0.303922
0.288235
-0.394118
-0.068627
0.335294
-0.123529
-0.405882
-0.013725
0.307843
0.237255
-0.437255
-0.429412
0.088235
0.347059
-0.225490
-0.374510
0.292157
0.303922
-0.390196
-0.319608
0.272549
0.217647
-0.362745
-0.354902
0.205882
0.256863
-0.041176
-0.358824
0.088235
0.358824
-0.300000
-0.445098
0.370588
0.362745
-0.441176
-0.394118
0.335294
0.307843
-0.437255
-0.409804
0.319608
0.280392
-0.021569
-0.413725
0.300000
0.315686
-0.339216
-0.374510
0.300000
0.307843
-0.323529
-0.350980
0.272549
0.276471
-0.268627
-0.417647
-0.021569
0.300000
0.303922
-0.256863
0.362745
0.370588
-0.390196
-0.464706
0.366667
0.366667
-0.409804
-0.429412
0.319608
0.327451
-0.296078
-0.409804
-0.029412
0.311765
0.366667
-0.311765
0.292157
0.343137
-0.339216
-0.386275
0.284314
0.331373
-0.229412
-0.405882
0.111765
0.292157
0.143137
-0.378431
-0.335294
0.276471
0.233333
0.233333
0.394118
0.401961
-0.382353
-0.468627
0.390196
0.374510
-0.296078
-0.441176
0.115686
0.303922
0.150980
-0.382353
-0.417647
0.339216
0.245098
0.303922
0.343137
0.343137
-0.374510
-0.401961
0.300000
0.260784
-0.111765
-0.382353
-0.229412
0.319608
0.260784
-0.358824
-0.366667
-0.103922
0.339216
0.260784
0.409804
0.401961
-0.401961
-0.429412
0.331373
0.311765
-0.107843
-0.382353
-0.280392
0.347059
0.327451
-0.394118
-0.409804
-0.143137
0.366667
0.307843
0.331373
0.315686
-0.358824
-0.401961
0.315686
0.347059
0.068627
-0.409804
-0.350980
0.300000
0.272549
-0.068627
-0.409804
-0.394118
0.249020
0.292157
0.401961
0.401961
-0.433333
-0.472549
0.362745
0.354902
0.068627
-0.390196
-0.413725
0.386275
0.343137
-0.096078
-0.429412
-0.445098
0.315686
0.264706
-0.100000
0.264706
-0.307843
-0.056863
0.303922
-0.354902
-0.237255
0.229412
-0.190196
-0.378431
0.272549
0.237255
-0.280392
-0.358824
0.170588
0.245098
-0.088235
0.311765
-0.362745
-0.045098
0.327451
-0.413725
-0.280392
0.252941
-0.182353
-0.417647
0.280392
0.272549
-0.335294
-0.417647
0.217647
0.249020
0.162745
0.288235
-0.378431
-0.029412
0.339216
-0.276471
-0.362745
0.292157
0.119608
-0.354902
-0.111765
0.272549
0.150980
-0.350980
-0.354902
0.194118
0.182353
0.335294
-0.437255
-0.100000
0.327451
-0.284314
-0.386275
0.347059
0.158824
-0.374510
-0.100000
0.272549
0.166667
-0.429412
-0.417647
0.307843
0.276471
0.311765
-0.374510
-0.123529
0.280392
-0.127451
-0.358824
0.201961
0.256863
-0.374510
-0.366667
0.252941
0.233333
-0.111765
-0.331373
-0.335294
0.303922
0.358824
-0.413725
-0.166667
0.315686
-0.088235
-0.390196
0.245098
0.311765
-0.437255
-0.441176
0.292157
0.280392
-0.115686
-0.354902
-0.386275
0.327451
0.339216
-0.417647
-0.123529
0.284314
0.009804
-0.413725
-0.041176
0.288235
-0.068627
-0.386275
-0.166667
0.292157
0.225490
-0.362745
-0.390196
0.374510
0.366667
-0.445098
-0.143137
0.288235
0.060784
-0.394118
-0.041176
0.315686
-0.052941
-0.409804
-0.182353
0.303922
0.272549
-0.382353
-0.382353
0.362745
0.292157
-0.405882
-0.174510
0.288235
0.162745
-0.401961
-0.280392
0.319608
0.221569
-0.374510
-0.374510
0.205882
0.249020
0.166667
-0.374510
0.386275
0.331373
-0.437255
-0.201961
0.264706
0.205882
-0.390196
-0.327451
0.370588
0.288235
-0.413725
-0.405882
0.237255
0.280392
0.198039
-0.421569
0.343137
0.237255
-0.409804
-0.186275
0.315686
0.264706
-0.390196
-0.339216
0.292157
0.284314
-0.245098
-0.374510
-0.143137
0.319608
0.264706
-0.088235
0.370588
0.292157
-0.445098
-0.166667
0.315686
0.307843
-0.433333
-0.409804
0.362745
0.339216
-0.311765
-0.378431
-0.198039
0.339216
0.327451
-0.088235
0.319608
0.150980
-0.378431
-0.245098
0.311765
0.343137
-0.382353
-0.374510
0.178431
0.280392
0.096078
-0.382353
-0.378431
0.217647
0.280392
0.229412
0.347059
0.158824
-0.413725
-0.276471
0.354902
0.374510
-0.433333
-0.409804
0.205882
0.311765
0.119608
-0.429412
-0.445098
0.303922
0.276471
0.307843
0.339216
0.025490
-0.401961
-0.245098
0.331373
0.319608
-0.319608
-0.394118
-0.111765
0.358824
0.260784
-0.335294
-0.386275
-0.154902
0.339216
0.260784
0.358824
0.049020
-0.433333
-0.303922
0.413725
0.409804
-0.382353
-0.358824
-0.103922
0.327451
0.331373
-0.394118
-0.401961
-0.186275
0.390196
0.288235
0.178431
0.264706
-0.335294
0.209804
0.252941
-0.413725
-0.041176
0.252941
-0.386275
-0.201961
0.284314
0.139216
-0.405882
-0.194118
0.245098
0.276471
0.252941
0.311765
-0.433333
0.300000
0.315686
-0.449020
-0.005882
0.307843
-0.413725
-0.252941
0.335294
0.182353
-0.413725
-0.272549
0.280392
0.288235
0.331373
0.272549
-0.390196
0.209804
0.311765
-0.382353
-0.198039
0.300000
-0.174510
-0.378431
0.170588
0.292157
-0.201961
-0.362745
-0.088235
0.300000
0.398039
0.307843
-0.464706
0.252941
0.362745
-0.437255
-0.264706
0.311765
-0.186275
-0.401961
0.233333
0.256863
-0.241176
-0.350980
-0.107843
0.347059
0.303922
0.190196
-0.437255
0.249020
0.264706
-0.378431
-0.382353
0.284314
0.135294
-0.382353
-0.213725
0.284314
0.229412
-0.339216
-0.339216
0.080392
0.335294
0.201961
-0.464706
0.264706
0.335294
-0.382353
-0.409804
0.343137
0.205882
-0.413725
-0.213725
0.311765
0.256863
-0.394118
-0.386275
0.084314
0.311765
0.060784
-0.390196
0.256863
0.284314
-0.276471
-0.390196
0.264706
0.288235
-0.339216
-0.390196
0.170588
0.252941
-0.005882
-0.394118
-0.394118
0.327451
0.096078
-0.433333
0.292157
0.343137
-0.311765
-0.405882
0.343137
0.335294
-0.405882
-0.413725
0.229412
0.311765
0.052941
-0.405882
-0.456863
0.319608
-0.021569
-0.386275
0.237255
0.311765
-0.174510
-0.382353
0.119608
0.303922
-0.084314
-0.347059
-0.158824
0.288235
0.300000
-0.245098
-0.378431
0.315686
-0.056863
-0.445098
0.272549
0.331373
-0.217647
-0.405882
0.147059
0.311765
-0.060784
-0.390196
-0.143137
0.343137
0.327451
-0.249020
-0.394118
0.343137
-0.107843
-0.401961
0.221569
0.319608
0.009804
-0.421569
-0.131373
0.327451
0.205882
-0.405882
-0.362745
0.276471
0.307843
0.225490
-0.350980
0.374510
-0.162745
-0.409804
0.260784
0.292157
0.013725
-0.433333
-0.127451
0.362745
0.249020
-0.445098
-0.405882
0.335294
0.256863
0.288235
-0.460784
0.370588
-0.229412
-0.374510
0.201961
0.292157
0.131373
-0.386275
-0.347059
0.343137
0.300000
-0.319608
-0.405882
-0.111765
0.315686
0.292157
-0.001961
0.441176
-0.284314
-0.409804
0.249020
0.300000
0.174510
-0.382353
-0.378431
0.382353
0.362745
-0.311765
-0.390196
-0.158824
0.362745
0.319608
-0.025490
0.303922
-0.311765
-0.366667
0.205882
0.311765
0.233333
-0.374510
-0.378431
0.229412
0.292157
-0.013725
-0.394118
-0.409804
0.217647
0.260784
0.300000
0.386275
-0.394118
-0.421569
0.229412
0.327451
0.260784
-0.413725
-0.445098
0.327451
0.339216
-0.017647
-0.409804
-0.441176
0.292157
0.245098
0.362745
0.288235
0.119608
-0.405882
0.311765
0.170588
-0.382353
0.135294
0.233333
-0.417647
0.021569
0.284314
-0.029412
-0.390196
0.029412
0.256863
0.217647
0.327451
0.150980
-0.456863
0.354902
0.166667
-0.409804
0.198039
0.264706
-0.449020
0.009804
0.319608
-0.056863
-0.429412
0.009804
0.221569
0.311765
0.315686
0.013725
-0.409804
0.335294
0.280392
-0.362745
0.009804
0.315686
-0.331373
-0.311765
0.276471
0.264706
-0.339216
-0.401961
0.190196
0.276471
0.358824
0.052941
-0.468627
0.370588
0.319608
-0.401961
0.009804
0.366667
-0.417647
-0.386275
0.354902
0.307843
-0.405882
-0.421569
0.249020
0.292157
0.327451
-0.107843
-0.405882
0.339216
0.260784
-0.413725
-0.209804
0.343137
-0.049020
-0.405882
0.052941
0.292157
0.080392
-0.331373
-0.347059
0.221569
0.382353
-0.115686
-0.456863
0.374510
0.358824
-0.437255
-0.245098
0.354902
-0.045098
-0.421569
0.080392
0.303922
0.088235
-0.374510
-0.394118
0.264706
0.343137
-0.249020
-0.429412
0.311765
0.300000
-0.358824
-0.335294
0.288235
0.229412
-0.394118
-0.307843
0.252941
0.225490
-0.229412
-0.362745
-0.217647
0.358824
-0.249020
-0.472549
0.370588
0.374510
-0.413725
-0.378431
0.335294
0.292157
-0.437255
-0.374510
0.319608
0.300000
-0.249020
-0.386275
-0.276471
0.315686
-0.323529
-0.401961
0.292157
0.339216
-0.331373
-0.374510
0.276471
0.288235
-0.350980
-0.374510
0.107843
0.292157
0.174510
-0.374510
-0.354902
0.319608
-0.386275
-0.484314
0.347059
0.421569
-0.417647
-0.500000
0.335294
0.354902
-0.394118
-0.449020
0.162745
0.292157
0.256863
-0.394118
-0.409804
0.366667
-0.401961
-0.429412
0.339216
0.335294
-0.323529
-0.417647
0.158824
0.315686
-0.033333
-0.394118
-0.256863
0.303922
0.284314
-0.080392
-0.366667
0.425490
-0.464706
-0.484314
0.401961
0.382353
-0.358824
-0.500000
0.174510
0.319608
-0.068627
-0.401961
-0.284314
0.327451
0.303922
-0.076471
-0.433333
0.370588
-0.382353
-0.390196
0.303922
0.335294
-0.229412
-0.374510
-0.041176
0.307843
0.229412
-0.417647
-0.378431
0.174510
0.300000
0.260784
-0.300000
0.437255
-0.429412
-0.437255
0.339216
0.343137
-0.268627
-0.405882
-0.045098
0.311765
0.292157
-0.460784
-0.417647
0.260784
0.284314
0.335294
-0.378431
0.245098
-0.417647
-0.354902
0.288235
0.327451
-0.123529
-0.362745
-0.272549
0.347059
0.315686
-0.319608
-0.386275
-0.213725
0.327451
0.264706
0.068627
0.335294
-0.464706
-0.429412
0.386275
0.327451
-0.150980
-0.335294
-0.303922
0.370588
0.394118
-0.339216
-0.386275
-0.241176
0.382353
0.311765
0.092157
0.300000
-0.166667
-0.284314
0.300000
-0.123529
-0.390196
0.252941
-0.060784
-0.378431
0.198039
0.245098
-0.276471
-0.350980
0.209804
0.260784
0.049020
0.311765
-0.158824
-0.335294
0.315686
-0.154902
-0.386275
0.288235
0.001961
-0.409804
0.221569
0.260784
-0.280392
-0.386275
0.233333
0.256863
0.084314
0.327451
-0.268627
-0.268627
0.292157
-0.068627
-0.390196
0.198039
0.201961
-0.394118
-0.127451
0.280392
0.064706
-0.358824
-0.245098
0.237255
0.237255
0.307843
-0.307843
-0.300000
0.319608
-0.072549
-0.409804
0.225490
0.276471
-0.456863
-0.162745
0.303922
0.147059
-0.366667
-0.292157
0.288235
0.272549
0.303922
-0.354902
-0.241176
0.252941
0.041176
-0.409804
0.131373
0.280392
-0.347059
-0.354902
0.221569
0.284314
-0.217647
-0.339216
-0.084314
0.256863
0.354902
-0.401961
-0.276471
0.311765
0.029412
-0.445098
0.147059
0.354902
-0.386275
-0.417647
0.252941
0.327451
-0.225490
-0.366667
-0.115686
0.284314
0.331373
-0.390196
-0.276471
0.288235
0.123529
-0.417647
-0.100000
0.284314
-0.107843
-0.390196
-0.017647
0.288235
0.190196
-0.350980
-0.378431
0.080392
0.374510
-0.421569
-0.284314
0.315686
0.174510
-0.394118
-0.088235
0.307843
-0.127451
-0.433333
-0.025490
0.303922
0.249020
-0.394118
-0.449020
0.147059
0.280392
-0.401961
-0.217647
0.331373
0.225490
-0.413725
-0.272549
0.354902
0.209804
-0.401961
-0.347059
0.280392
0.288235
-0.096078
-0.382353
-0.362745
0.343137
-0.437255
-0.229412
0.303922
0.245098
-0.441176
-0.339216
0.335294
0.280392
-0.456863
-0.405882
0.347059
0.331373
-0.084314
-0.362745
-0.409804
0.143137
-0.382353
-0.143137
0.331373
0.280392
-0.382353
-0.374510
0.311765
0.331373
-0.311765
-0.374510
0.088235
0.276471
0.284314
-0.300000
-0.350980
0.225490
-0.413725
-0.154902
0.327451
0.331373
-0.409804
-0.449020
0.327451
0.394118
-0.378431
-0.449020
0.107843
0.245098
0.390196
-0.386275
-0.362745
0.025490
-0.405882
-0.127451
0.288235
0.300000
-0.378431
-0.378431
0.264706
0.300000
-0.084314
-0.390196
-0.300000
0.331373
0.300000
0.068627
-0.382353
0.021569
-0.409804
-0.127451
0.311765
0.362745
-0.413725
-0.445098
0.307843
0.370588
-0.084314
-0.394118
-0.358824
0.382353
0.327451
0.076471
-0.401961
-0.139216
-0.394118
-0.060784
0.311765
0.307843
-0.374510
-0.409804
0.150980
0.319608
0.131373
-0.358824
-0.382353
0.182353
0.311765
0.260784
-0.256863
-0.170588
-0.401961
-0.041176
0.319608
0.354902
-0.433333
-0.445098
0.166667
0.347059
0.198039
-0.445098
-0.417647
0.229412
0.280392
0.366667
-0.280392
0.280392
-0.354902
0.056863
0.311765
-0.331373
-0.143137
0.249020
-0.323529
-0.307843
0.272549
0.143137
-0.378431
-0.111765
0.315686
0.256863
-0.335294
0.354902
-0.417647
0.037255
0.331373
-0.401961
-0.154902
0.307843
-0.366667
-0.374510
0.303922
0.178431
-0.437255
-0.143137
0.303922
0.303922
-0.350980
0.315686
-0.394118
0.119608
0.331373
-0.319608
-0.307843
0.307843
-0.100000
-0.378431
0.170588
0.245098
-0.256863
-0.390196
0.092157
0.256863
0.217647
0.354902
-0.464706
0.162745
0.315686
-0.413725
-0.362745
0.327451
-0.088235
-0.437255
0.209804
0.292157
-0.268627
-0.429412
0.139216
0.276471
0.288235
0.260784
-0.374510
0.135294
0.225490
-0.272549
-0.417647
0.307843
0.166667
-0.405882
-0.143137
0.217647
0.170588
-0.401961
-0.347059
0.249020
0.252941
0.264706
-0.468627
0.170588
0.300000
-0.319608
-0.445098
0.347059
0.217647
-0.449020
-0.217647
0.272549
0.245098
-0.405882
-0.409804
0.256863
0.217647
0.096078
-0.386275
0.190196
0.307843
-0.268627
-0.401961
0.237255
0.288235
-0.374510
-0.374510
0.229412
0.292157
-0.162745
-0.366667
-0.201961
0.260784
0.131373
-0.464706
0.217647
0.354902
-0.307843
-0.421569
0.300000
0.354902
-0.417647
-0.417647
0.311765
0.327451
-0.182353
-0.405882
-0.241176
0.343137
-0.076471
-0.417647
0.217647
0.319608
-0.166667
-0.382353
0.194118
0.303922
-0.182353
-0.401961
0.001961
0.311765
0.252941
-0.378431
-0.366667
-0.017647
-0.080392
-0.456863
0.260784
0.374510
-0.217647
-0.437255
0.209804
0.362745
-0.190196
-0.421569
0.009804
0.339216
0.300000
-0.413725
-0.386275
0.001961
-0.213725
-0.378431
0.300000
0.292157
-0.123529
-0.331373
0.037255
0.331373
0.103922
-0.386275
-0.319608
0.319608
0.303922
-0.045098
-0.382353
-0.378431
-0.241176
-0.437255
0.319608
0.366667
-0.100000
-0.378431
0.013725
0.366667
0.107843
-0.456863
-0.401961
0.354902
0.307843
-0.033333
-0.433333
-0.460784
-0.335294
-0.405882
0.303922
0.315686
-0.056863
-0.378431
-0.198039
0.358824
0.292157
-0.405882
-0.374510
0.166667
0.264706
0.260784
-0.347059
-0.358824
-0.405882
-0.488235
0.331373
0.335294
0.001961
-0.417647
-0.245098
0.354902
0.331373
-0.429412
-0.460784
0.162745
0.245098
0.327451
-0.429412
-0.374510
-0.405882
-0.421569
0.288235
0.288235
0.021569
-0.374510
-0.319608
0.331373
0.335294
-0.221569
-0.409804
-0.186275
0.335294
0.276471
0.005882
-0.382353
-0.456863
-0.484314
0.370588
0.315686
0.037255
-0.421569
-0.394118
0.382353
0.382353
-0.268627
-0.382353
-0.198039
0.374510
0.292157
0.029412
-0.433333
0.182353
-0.413725
0.256863
0.205882
-0.401961
0.178431
0.201961
-0.386275
0.080392
0.276471
-0.229412
-0.362745
0.174510
0.288235
-0.021569
-0.323529
0.264706
-0.433333
0.307843
0.256863
-0.468627
0.221569
0.272549
-0.492157
0.092157
0.331373
-0.252941
-0.429412
0.178431
0.331373
0.013725
-0.429412
0.029412
-0.386275
0.288235
0.201961
-0.437255
0.084314
0.288235
-0.350980
-0.311765
0.300000
0.194118
-0.374510
-0.300000
0.217647
0.280392
-0.107843
0.068627
-0.449020
0.319608
0.284314
-0.460784
0.076471
0.354902
-0.429412
-0.390196
0.370588
0.260784
-0.472549
-0.350980
0.288235
0.339216
-0.131373
-0.201961
-0.382353
0.315686
0.276471
-0.366667
-0.096078
0.307843
-0.217647
-0.449020
0.166667
0.272549
-0.139216
-0.382353
-0.041176
0.256863
0.252941
-0.225490
-0.441176
0.366667
0.327451
-0.421569
-0.135294
0.366667
-0.237255
-0.464706
0.198039
0.319608
-0.135294
-0.445098
-0.068627
0.319608
0.300000
-0.300000
-0.401961
0.292157
0.284314
-0.405882
-0.311765
0.252941
0.076471
-0.362745
-0.103922
0.288235
0.245098
-0.401961
-0.374510
0.158824
0.264706
-0.331373
-0.441176
0.366667
0.362745
-0.456863
-0.327451
0.307843
0.111765
-0.421569
-0.115686
0.358824
0.288235
-0.449020
-0.460784
0.209804
0.276471
-0.409804
-0.394118
0.331373
0.343137
-0.437255
-0.374510
0.300000
0.256863
-0.382353
-0.354902
0.292157
0.280392
-0.150980
-0.378431
-0.303922
0.307843
-0.445098
-0.394118
0.398039
0.417647
-0.500000
-0.445098
0.362745
0.343137
-0.441176
-0.417647
0.319608
0.335294
-0.127451
-0.429412
-0.374510
0.358824
-0.401961
-0.303922
0.343137
0.358824
-0.358824
-0.382353
0.335294
0.335294
-0.331373
-0.413725
0.088235
0.303922
0.245098
-0.347059
-0.354902
-0.100000
-0.468627
-0.374510
0.374510
0.449020
-0.429412
-0.476471
0.398039
0.362745
-0.339216
-0.429412
0.103922
0.315686
0.315686
-0.409804
-0.386275
-0.143137
-0.382353
-0.217647
0.343137
0.311765
-0.354902
-0.390196
0.256863
0.315686
-0.127451
-0.374510
-0.280392
0.358824
0.280392
-0.096078
-0.394118
-0.350980
-0.468627
-0.292157
0.386275
0.374510
-0.390196
-0.441176
0.237255
0.343137
-0.103922
-0.413725
-0.335294
0.386275
0.331373
-0.033333
-0.464706
-0.456863
-0.390196
-0.107843
0.315686
0.315686
-0.401961
-0.378431
0.139216
0.311765
0.162745
-0.401961
-0.386275
0.221569
0.303922
0.260784
-0.347059
-0.401961
-0.437255
-0.150980
0.354902
0.382353
-0.441176
-0.441176
0.119608
0.347059
0.225490
-0.468627
-0.421569
0.260784
0.327451
0.327451
-0.386275
-0.456863
-0.162745
-0.307843
0.276471
-0.076471
-0.382353
0.288235
-0.135294
-0.437255
0.256863
0.221569
-0.413725
-0.186275
0.237255
0.252941
-0.331373
-0.362745
-0.166667
-0.374510
0.315686
-0.088235
-0.405882
0.386275
-0.131373
-0.456863
0.354902
0.288235
-0.464706
-0.252941
0.280392
0.307843
-0.354902
-0.421569
-0.335294
-0.252941
0.335294
-0.123529
-0.390196
0.276471
0.096078
-0.409804
0.013725
0.319608
-0.150980
-0.382353
0.068627
0.201961
0.190196
-0.331373
-0.362745
-0.272549
0.390196
-0.131373
-0.449020
0.362745
0.166667
-0.409804
0.060784
0.335294
-0.174510
-0.472549
0.068627
0.260784
0.225490
-0.437255
-0.362745
-0.096078
0.303922
-0.103922
-0.409804
0.209804
0.284314
-0.390196
-0.296078
0.272549
0.237255
-0.386275
-0.354902
0.229412
0.221569
0.056863
-0.429412
-0.100000
0.303922
-0.096078
-0.472549
0.303922
0.315686
-0.468627
-0.350980
0.343137
0.272549
-0.460784
-0.413725
0.272549
0.252941
0.107843
-0.386275
0.013725
0.284314
-0.076471
-0.394118
0.135294
0.276471
-0.300000
-0.323529
0.252941
0.307843
-0.131373
-0.405882
-0.150980
0.252941
0.252941
-0.476471
0.001961
0.331373
-0.029412
-0.437255
0.150980
0.358824
-0.327451
-0.421569
0.307843
0.339216
-0.154902
-0.500000
-0.150980
0.327451
0.300000
-0.460784
0.088235
0.284314
-0.052941
-0.413725
0.029412
0.280392
-0.096078
-0.429412
-0.041176
0.260784
0.190196
-0.358824
-0.362745
0.103922
0.260784
-0.460784
0.096078
0.307843
-0.041176
-0.441176
-0.025490
0.347059
-0.068627
-0.449020
-0.060784
0.292157
0.225490
-0.413725
-0.433333
0.111765
0.307843
-0.394118
0.205882
0.307843
0.029412
-0.354902
-0.166667
0.272549
0.143137
-0.378431
-0.303922
0.264706
0.307843
-0.123529
-0.386275
-0.347059
0.233333
-0.413725
0.190196
0.300000
0.041176
-0.409804
-0.194118
0.347059
0.194118
-0.433333
-0.374510
0.343137
0.347059
-0.123529
-0.445098
-0.429412
0.288235
-0.437255
0.264706
0.303922
0.033333
-0.362745
-0.276471
0.327451
0.272549
-0.394118
-0.303922
0.131373
0.307843
0.260784
-0.378431
-0.409804
-0.131373
-0.456863
0.284314
0.311765
0.021569
-0.468627
-0.307843
0.401961
0.362745
-0.464706
-0.413725
0.147059
0.331373
0.358824
-0.449020
-0.417647
-0.135294
-0.433333
0.307843
0.335294
0.049020
-0.394118
-0.378431
0.319608
0.292157
-0.292157
-0.362745
-0.154902
0.315686
0.303922
-0.127451
-0.394118
-0.378431
-0.476471
0.319608
0.319608
0.052941
-0.460784
-0.460784
0.366667
0.343137
-0.335294
-0.433333
-0.143137
0.354902
0.327451
-0.088235
-0.449020
-0.433333
-0.331373
-0.135294
0.260784
-0.292157
-0.213725
0.292157
-0.296078
-0.335294
0.284314
0.056863
-0.335294
0.005882
0.260784
0.013725
-0.394118
-0.366667
-0.456863
-0.127451
0.347059
-0.374510
-0.213725
0.390196
-0.358824
-0.378431
0.366667
0.056863
-0.468627
0.037255
0.339216
-0.017647
-0.468627
-0.358824
-0.382353
0.009804
0.288235
-0.300000
-0.366667
0.319608
-0.103922
-0.378431
0.221569
0.272549
-0.390196
-0.300000
0.209804
0.245098
-0.115686
-0.394118
-0.460784
0.037255
0.327451
-0.386275
-0.350980
0.390196
-0.139216
-0.429412
0.311765
0.284314
-0.500000
-0.350980
0.311765
0.300000
-0.209804
-0.464706
-0.405882
0.103922
0.284314
-0.331373
-0.386275
0.311765
0.162745
-0.401961
-0.033333
0.284314
0.029412
-0.409804
-0.170588
0.292157
0.272549
-0.296078
-0.456863
0.201961
0.354902
-0.405882
-0.401961
0.409804
0.115686
-0.500000
0.013725
0.347059
-0.005882
-0.496078
-0.135294
0.358824
0.311765
-0.350980
-0.433333
0.198039
0.303922
-0.292157
-0.409804
0.300000
0.256863
-0.386275
-0.339216
0.303922
0.264706
-0.339216
-0.354902
0.150980
0.237255
0.225490
-0.488235
0.335294
0.374510
-0.382353
-0.417647
0.398039
0.276471
-0.468627
-0.350980
0.409804
0.284314
-0.472549
-0.374510
0.245098
0.292157
0.217647
-0.401961
0.307843
0.315686
-0.280392
-0.390196
0.256863
0.288235
-0.307843
-0.413725
0.229412
0.276471
-0.029412
-0.366667
-0.252941
0.237255
0.249020
-0.445098
0.394118
0.343137
-0.354902
-0.433333
0.374510
0.311765
-0.429412
-0.429412
0.362745
0.347059
-0.052941
-0.476471
-0.249020
0.331373
0.303922
-0.386275
0.354902
0.311765
-0.249020
-0.382353
0.182353
0.331373
-0.162745
-0.429412
-0.049020
0.288235
0.217647
-0.382353
-0.413725
-0.041176
0.252941
-0.417647
0.468627
0.366667
-0.350980
-0.429412
0.256863
0.347059
-0.225490
-0.464706
-0.021569
0.354902
0.288235
-0.476471
-0.456863
-0.005882
0.362745
-0.335294
0.343137
0.307843
-0.280392
-0.386275
0.080392
0.303922
0.092157
-0.405882
-0.323529
0.307843
0.272549
-0.041176
-0.374510
-0.386275
0.194118
-0.374510
0.417647
0.347059
-0.366667
-0.437255
0.092157
0.339216
0.064706
-0.500000
-0.327451
0.366667
0.319608
-0.060784
-0.468627
-0.405882
0.292157
-0.300000
0.303922
0.292157
-0.249020
-0.362745
-0.025490
0.311765
0.245098
-0.382353
-0.366667
0.198039
0.300000
0.237255
-0.347059
-0.378431
-0.213725
-0.339216
0.441176
0.374510
-0.374510
-0.460784
-0.013725
0.362745
0.229412
-0.492157
-0.405882
0.245098
0.354902
0.288235
-0.460784
-0.401961
-0.198039
-0.405882
0.182353
0.276471
-0.401961
0.084314
0.147059
-0.405882
0.021569
0.225490
-0.327451
-0.331373
0.249020
0.264706
-0.335294
-0.382353
-0.162745
-0.445098
0.225490
0.292157
-0.441176
0.135294
0.209804
-0.433333
-0.005882
0.233333
-0.323529
-0.350980
0.280392
0.256863
-0.335294
-0.374510
-0.139216
-0.405882
0.252941
0.276471
-0.413725
-0.021569
0.264706
-0.362745
-0.241176
0.288235
0.096078
-0.394118
-0.096078
0.260784
0.221569
-0.347059
-0.394118
-0.394118
0.300000
0.249020
-0.464706
-0.021569
0.319608
-0.409804
-0.264706
0.339216
0.103922
-0.409804
-0.052941
0.292157
0.229412
-0.441176
-0.386275
-0.386275
0.264706
0.194118
-0.413725
-0.127451
0.319608
-0.217647
-0.405882
0.217647
0.264706
-0.300000
-0.374510
0.162745
0.229412
0.103922
-0.358824
-0.390196
0.315686
0.256863
-0.421569
-0.107843
0.343137
-0.229412
-0.382353
0.300000
0.292157
-0.339216
-0.374510
0.194118
0.276471
0.107843
-0.449020
-0.409804
0.276471
0.233333
-0.433333
-0.237255
0.315686
-0.084314
-0.394118
0.013725
0.288235
0.041176
-0.386275
-0.237255
0.237255
0.190196
-0.096078
-0.374510
0.370588
0.245098
-0.445098
-0.186275
0.354902
-0.076471
-0.386275
0.037255
0.319608
0.052941
-0.445098
-0.229412
0.311765
0.209804
-0.115686
-0.292157
0.354902
0.292157
-0.417647
-0.303922
0.331373
0.174510
-0.382353
-0.221569
0.303922
0.315686
-0.350980
-0.382353
0.084314
0.256863
0.245098
-0.256863
0.398039
0.284314
-0.456863
-0.292157
0.390196
0.166667
-0.464706
-0.237255
0.390196
0.319608
-0.409804
-0.394118
0.096078
0.256863
0.272549
-0.166667
0.311765
0.284314
-0.441176
-0.335294
0.315686
0.300000
-0.394118
-0.358824
0.225490
0.292157
-0.072549
-0.401961
-0.319608
0.194118
0.260784
-0.150980
0.370588
0.327451
-0.488235
-0.374510
0.366667
0.335294
-0.472549
-0.382353
0.303922
0.300000
-0.060784
-0.464706
-0.350980
0.260784
0.280392
0.033333
0.307843
0.229412
-0.401961
-0.350980
0.347059
0.311765
-0.354902
-0.433333
0.033333
0.315686
0.201961
-0.409804
-0.378431
-0.072549
0.260784
0.049020
0.327451
0.229412
-0.464706
-0.394118
0.382353
0.307843
-0.378431
-0.386275
0.041176
0.339216
0.264706
-0.445098
-0.366667
-0.100000
0.347059
0.131373
0.307843
0.209804
-0.401961
-0.374510
0.280392
0.319608
-0.209804
-0.413725
-0.209804
0.331373
0.311765
-0.100000
-0.421569
-0.374510
0.225490
0.166667
0.315686
0.233333
-0.468627
-0.405882
0.362745
0.335294
-0.252941
-0.441176
-0.225490
0.394118
0.307843
-0.096078
-0.449020
-0.378431
0.237255
