-0.421569
-0.386275
-0.417647
-0.413725
-0.378431
0.147059
0.194118
0.174510
0.245098
0.233333
0.209804
0.194118
0.178431
0.182353
0.201961
0.217647
-0.433333
-0.409804
-0.437255
-0.429412
-0.449020
0.150980
0.205882
0.201961
0.260784
0.276471
0.280392
0.272549
0.249020
0.233333
0.229412
0.233333
-0.386275
-0.437255
-0.421569
-0.472549
-0.405882
-0.307843
-0.292157
-0.190196
-0.056863
-0.005882
0.064706
0.115686
0.139216
0.147059
0.158824
0.166667
-0.464706
-0.464706
-0.413725
-0.464706
-0.445098
-0.421569
-0.335294
-0.284314
-0.068627
0.001961
0.092157
0.158824
0.174510
0.170588
0.166667
0.166667
-0.437255
-0.413725
-0.401961
-0.374510
-0.339216
-0.001961
-0.209804
-0.335294
-0.339216
-0.358824
-0.441176
-0.433333
-0.347059
-0.347059
-0.296078
-0.127451
-0.433333
-0.437255
-0.445098
-0.386275
-0.284314
0.052941
-0.174510
-0.358824
-0.390196
-0.417647
-0.492157
-0.492157
-0.394118
-0.335294
-0.276471
-0.166667
-0.429412
-0.441176
-0.405882
-0.347059
0.080392
0.315686
0.303922
0.315686
0.221569
-0.021569
-0.249020
-0.319608
-0.347059
-0.401961
-0.405882
-0.339216
-0.441176
-0.441176
-0.500000
-0.409804
0.033333
0.331373
0.331373
0.370588
0.201961
-0.049020
-0.272549
-0.362745
-0.386275
-0.374510
-0.362745
-0.390196
-0.378431
-0.374510
-0.421569
-0.354902
-0.421569
-0.347059
-0.111765
0.194118
0.256863
0.260784
0.339216
0.354902
0.221569
0.037255
-0.166667
-0.354902
-0.409804
-0.401961
-0.468627
-0.401961
-0.468627
-0.413725
-0.096078
0.205882
0.249020
0.280392
0.370588
0.394118
0.264706
0.076471
-0.135294
-0.319608
-0.417647
-0.350980
-0.327451
0.170588
0.198039
-0.045098
-0.347059
-0.401961
-0.354902
-0.017647
0.292157
0.327451
0.252941
0.284314
0.335294
0.307843
-0.433333
-0.401961
-0.296078
0.178431
0.249020
-0.072549
-0.319608
-0.464706
-0.394118
-0.029412
0.300000
0.354902
0.288235
0.303922
0.347059
0.354902
-0.374510
-0.394118
-0.386275
-0.017647
0.284314
0.292157
0.311765
-0.084314
-0.366667
-0.374510
-0.394118
-0.300000
-0.005882
0.284314
0.331373
0.209804
-0.386275
-0.468627
-0.405882
-0.084314
0.335294
0.362745
0.362745
-0.139216
-0.374510
-0.382353
-0.445098
-0.323529
0.033333
0.276471
0.276471
0.233333
-0.429412
-0.264706
-0.182353
-0.300000
-0.331373
0.147059
0.252941
0.331373
0.327451
-0.080392
-0.311765
-0.296078
-0.354902
-0.413725
-0.221569
0.056863
-0.421569
-0.311765
-0.139216
-0.362745
-0.401961
0.166667
0.256863
0.354902
0.401961
-0.080392
-0.347059
-0.327451
-0.417647
-0.484314
-0.268627
0.009804
-0.409804
-0.413725
-0.417647
-0.429412
-0.413725
0.245098
0.221569
0.174510
0.182353
0.209804
0.205882
0.198039
0.166667
0.115686
0.060784
0.021569
-0.476471
-0.468627
-0.488235
-0.488235
-0.449020
0.249020
0.233333
0.229412
0.256863
0.276471
0.276471
0.272549
0.229412
0.178431
0.123529
0.080392
-0.394118
-0.417647
-0.401961
-0.413725
-0.390196
-0.252941
-0.190196
-0.076471
0.060784
0.111765
0.135294
0.147059
0.123529
0.123529
0.135294
0.131373
-0.476471
-0.484314
-0.484314
-0.472549
-0.437255
-0.331373
-0.245098
-0.084314
0.060784
0.147059
0.170588
0.162745
0.115686
0.107843
0.143137
0.162745
-0.413725
-0.401961
-0.386275
-0.401961
-0.284314
-0.209804
-0.300000
-0.354902
-0.413725
-0.433333
-0.405882
-0.327451
-0.249020
-0.127451
0.041176
0.139216
-0.460784
-0.476471
-0.472549
-0.456863
-0.280392
-0.170588
-0.347059
-0.429412
-0.496078
-0.500000
-0.500000
-0.437255
-0.307843
-0.123529
0.029412
0.115686
-0.409804
-0.382353
-0.413725
-0.358824
0.201961
0.276471
0.280392
0.190196
-0.045098
-0.252941
-0.339216
-0.331373
-0.347059
-0.362745
-0.358824
-0.413725
-0.449020
-0.472549
-0.476471
-0.433333
0.245098
0.390196
0.366667
0.229412
-0.045098
-0.268627
-0.362745
-0.378431
-0.405882
-0.449020
-0.476471
-0.500000
-0.413725
-0.362745
-0.413725
-0.405882
-0.421569
-0.209804
0.088235
0.237255
0.256863
0.288235
0.300000
0.174510
-0.056863
-0.272549
-0.378431
-0.382353
-0.488235
-0.472549
-0.484314
-0.456863
-0.500000
-0.284314
0.115686
0.272549
0.311765
0.390196
0.394118
0.233333
-0.025490
-0.268627
-0.386275
-0.409804
-0.394118
-0.409804
-0.327451
0.221569
0.084314
-0.284314
-0.421569
-0.354902
-0.088235
0.221569
0.319608
0.272549
0.288235
0.331373
0.272549
0.147059
-0.413725
-0.472549
-0.382353
0.272549
0.107843
-0.296078
-0.472549
-0.464706
-0.123529
0.249020
0.347059
0.260784
0.319608
0.429412
0.358824
0.182353
-0.394118
-0.390196
-0.331373
0.166667
0.303922
0.307843
0.021569
-0.272549
-0.358824
-0.437255
-0.339216
0.037255
0.260784
0.284314
0.225490
0.264706
-0.445098
-0.468627
-0.401961
0.190196
0.347059
0.413725
0.049020
-0.292157
-0.394118
-0.500000
-0.409804
0.005882
0.284314
0.311765
0.256863
0.288235
-0.390196
-0.264706
-0.339216
-0.394118
-0.103922
0.264706
0.280392
0.343137
0.068627
-0.300000
-0.366667
-0.366667
-0.382353
-0.186275
0.123529
0.327451
-0.468627
-0.264706
-0.347059
-0.456863
-0.154902
0.300000
0.339216
0.409804
0.123529
-0.319608
-0.390196
-0.445098
-0.476471
-0.229412
0.131373
0.339216
-0.386275
-0.409804
-0.413725
-0.417647
-0.433333
0.182353
0.174510
0.139216
0.096078
0.084314
0.052941
-0.017647
-0.080392
-0.139216
-0.209804
-0.276471
-0.409804
-0.417647
-0.437255
-0.437255
-0.492157
0.198039
0.229412
0.170588
0.119608
0.107843
0.049020
-0.033333
-0.111765
-0.182353
-0.249020
-0.303922
-0.405882
-0.413725
-0.429412
-0.394118
-0.405882
-0.080392
-0.005882
0.064706
0.150980
0.166667
0.143137
0.143137
0.150980
0.162745
0.178431
0.178431
-0.445098
-0.441176
-0.421569
-0.401961
-0.378431
-0.068627
-0.025490
0.088235
0.135294
0.170588
0.147059
0.147059
0.162745
0.166667
0.201961
0.233333
-0.413725
-0.409804
-0.405882
-0.378431
-0.300000
-0.307843
-0.421569
-0.433333
-0.390196
-0.335294
-0.217647
-0.076471
0.060784
0.150980
0.190196
0.225490
-0.421569
-0.421569
-0.409804
-0.433333
-0.335294
-0.401961
-0.437255
-0.449020
-0.456863
-0.339216
-0.201961
-0.060784
0.107843
0.201961
0.217647
0.252941
-0.394118
-0.394118
-0.429412
-0.358824
0.225490
0.307843
0.201961
0.001961
-0.221569
-0.327451
-0.358824
-0.362745
-0.382353
-0.409804
-0.386275
-0.276471
-0.445098
-0.433333
-0.421569
-0.390196
0.276471
0.358824
0.201961
-0.029412
-0.256863
-0.339216
-0.366667
-0.409804
-0.449020
-0.484314
-0.417647
-0.280392
-0.409804
-0.366667
-0.394118
-0.433333
-0.296078
-0.001961
0.280392
0.260784
0.280392
0.319608
0.170588
-0.115686
-0.303922
-0.362745
-0.378431
-0.347059
-0.409804
-0.413725
-0.405882
-0.421569
-0.335294
0.029412
0.292157
0.272549
0.382353
0.347059
0.135294
-0.162745
-0.362745
-0.433333
-0.421569
-0.401961
-0.413725
-0.409804
-0.366667
0.131373
-0.174510
-0.394118
-0.394118
-0.127451
0.198039
0.260784
0.225490
0.272549
0.319608
0.225490
0.025490
-0.225490
-0.366667
-0.433333
-0.362745
0.182353
-0.198039
-0.445098
-0.421569
-0.166667
0.264706
0.292157
0.217647
0.280392
0.374510
0.280392
0.025490
-0.276471
-0.409804
-0.394118
-0.284314
0.260784
0.256863
0.194118
-0.217647
-0.335294
-0.409804
-0.307843
-0.021569
0.272549
0.319608
0.249020
0.252941
0.264706
-0.429412
-0.362745
-0.272549
0.331373
0.300000
0.233333
-0.237255
-0.382353
-0.472549
-0.374510
0.025490
0.339216
0.327451
0.237255
0.264706
0.358824
-0.358824
-0.280392
-0.378431
-0.311765
0.123529
0.249020
0.311765
0.158824
-0.237255
-0.331373
-0.335294
-0.358824
-0.139216
0.174510
0.284314
0.280392
-0.386275
-0.268627
-0.409804
-0.358824
0.174510
0.276471
0.374510
0.158824
-0.272549
-0.339216
-0.362745
-0.429412
-0.162745
0.237255
0.358824
0.284314
-0.394118
-0.405882
-0.394118
-0.413725
-0.405882
0.052941
0.096078
0.025490
-0.100000
-0.182353
-0.256863
-0.327451
-0.366667
-0.362745
-0.354902
-0.382353
-0.437255
-0.413725
-0.382353
-0.394118
-0.456863
0.037255
0.131373
0.064706
-0.111765
-0.209804
-0.284314
-0.350980
-0.405882
-0.413725
-0.413725
-0.441176
-0.409804
-0.413725
-0.401961
-0.413725
-0.350980
0.076471
0.162745
0.182353
0.178431
0.198039
0.205882
0.221569
0.205882
0.178431
0.150980
0.115686
-0.433333
-0.433333
-0.405882
-0.429412
-0.417647
0.115686
0.178431
0.245098
0.217647
0.225490
0.249020
0.276471
0.256863
0.217647
0.182353
0.162745
-0.394118
-0.390196
-0.390196
-0.394118
-0.382353
-0.386275
-0.409804
-0.350980
-0.174510
-0.025490
0.096078
0.201961
0.174510
0.162745
0.194118
0.147059
-0.382353
-0.409804
-0.429412
-0.429412
-0.437255
-0.445098
-0.464706
-0.374510
-0.190196
0.021569
0.143137
0.233333
0.245098
0.182353
0.209804
0.162745
-0.401961
-0.405882
-0.421569
-0.378431
0.174510
0.201961
-0.001961
-0.264706
-0.366667
-0.386275
-0.390196
-0.405882
-0.339216
-0.249020
-0.076471
0.068627
-0.405882
-0.362745
-0.401961
-0.350980
0.233333
0.205882
-0.021569
-0.347059
-0.409804
-0.401961
-0.437255
-0.464706
-0.401961
-0.280392
-0.076471
0.147059
-0.405882
-0.413725
-0.390196
-0.354902
-0.072549
0.225490
0.292157
0.264706
0.229412
0.009804
-0.264706
-0.350980
-0.374510
-0.347059
-0.323529
-0.390196
-0.429412
-0.405882
-0.409804
-0.401961
-0.052941
0.272549
0.362745
0.307843
0.300000
-0.013725
-0.335294
-0.421569
-0.409804
-0.362745
-0.394118
-0.460784
-0.378431
-0.421569
-0.386275
-0.127451
-0.347059
-0.421569
-0.209804
0.150980
0.264706
0.217647
0.300000
0.307843
0.080392
-0.182353
-0.374510
-0.405882
-0.382353
-0.449020
-0.394118
-0.127451
-0.382353
-0.464706
-0.237255
0.252941
0.311765
0.272549
0.370588
0.358824
0.139216
-0.217647
-0.460784
-0.484314
-0.394118
-0.366667
-0.241176
0.303922
0.256863
-0.068627
-0.327451
-0.394118
-0.307843
0.068627
0.300000
0.300000
0.272549
0.276471
0.300000
0.170588
-0.390196
-0.386275
-0.209804
0.307843
0.307843
-0.080392
-0.366667
-0.456863
-0.390196
0.107843
0.382353
0.300000
0.264706
0.339216
0.362745
0.256863
-0.382353
-0.378431
-0.394118
-0.096078
0.276471
0.272549
0.209804
-0.166667
-0.311765
-0.350980
-0.386275
-0.076471
0.249020
0.315686
0.252941
0.249020
-0.362745
-0.421569
-0.433333
-0.076471
0.311765
0.311765
0.249020
-0.225490
-0.350980
-0.401961
-0.456863
-0.100000
0.319608
0.394118
0.264706
0.264706
-0.417647
-0.401961
-0.413725
-0.409804
-0.386275
-0.072549
-0.084314
-0.166667
-0.237255
-0.323529
-0.354902
-0.354902
-0.362745
-0.366667
-0.350980
-0.347059
-0.460784
-0.441176
-0.421569
-0.413725
-0.417647
-0.068627
-0.080392
-0.158824
-0.268627
-0.374510
-0.386275
-0.378431
-0.374510
-0.382353
-0.390196
-0.409804
-0.429412
-0.421569
-0.405882
-0.421569
-0.354902
0.135294
0.229412
0.205882
0.209804
0.205882
0.194118
0.162745
0.111765
0.021569
-0.080392
-0.166667
-0.437255
-0.460784
-0.445098
-0.464706
-0.409804
0.190196
0.245098
0.225490
0.252941
0.245098
0.233333
0.201961
0.143137
0.037255
-0.088235
-0.194118
-0.378431
-0.394118
-0.401961
-0.382353
-0.409804
-0.339216
-0.327451
-0.158824
-0.041176
0.092157
0.182353
0.182353
0.135294
0.143137
0.174510
0.190196
-0.409804
-0.417647
-0.433333
-0.460784
-0.488235
-0.390196
-0.358824
-0.166667
0.009804
0.147059
0.190196
0.201961
0.158824
0.139216
0.174510
0.182353
-0.405882
-0.401961
-0.413725
-0.354902
0.111765
-0.001961
-0.217647
-0.358824
-0.390196
-0.405882
-0.409804
-0.296078
-0.096078
0.080392
0.174510
0.178431
-0.417647
-0.417647
-0.460784
-0.354902
0.166667
0.033333
-0.237255
-0.409804
-0.429412
-0.472549
-0.468627
-0.331373
-0.107843
0.088235
0.198039
0.252941
-0.394118
-0.386275
-0.405882
-0.390196
0.158824
0.280392
0.280392
0.252941
0.041176
-0.252941
-0.362745
-0.354902
-0.347059
-0.354902
-0.394118
-0.327451
-0.433333
-0.421569
-0.472549
-0.382353
0.194118
0.292157
0.331373
0.307843
0.033333
-0.272549
-0.386275
-0.386275
-0.390196
-0.417647
-0.472549
-0.409804
-0.394118
-0.429412
-0.386275
-0.268627
-0.366667
-0.268627
0.052941
0.284314
0.292157
0.307843
0.288235
0.080392
-0.198039
-0.362745
-0.382353
-0.335294
-0.386275
-0.437255
-0.405882
-0.280392
-0.413725
-0.323529
0.068627
0.300000
0.300000
0.394118
0.343137
0.092157
-0.249020
-0.456863
-0.417647
-0.358824
-0.374510
-0.386275
-0.150980
0.280392
0.092157
-0.229412
-0.390196
-0.350980
-0.072549
0.256863
0.280392
0.237255
0.272549
0.237255
0.096078
-0.174510
-0.405882
-0.401961
-0.100000
0.339216
0.139216
-0.268627
-0.409804
-0.421569
-0.025490
0.292157
0.280392
0.256863
0.343137
0.347059
0.174510
-0.221569
-0.394118
-0.433333
-0.366667
0.139216
0.288235
0.237255
0.041176
-0.300000
-0.366667
-0.394118
-0.170588
0.178431
0.288235
0.245098
0.233333
0.252941
-0.417647
-0.413725
-0.378431
0.190196
0.300000
0.315686
0.029412
-0.339216
-0.401961
-0.496078
-0.182353
0.249020
0.343137
0.276471
0.260784
0.354902
-0.409804
-0.409804
-0.401961
-0.390196
-0.441176
-0.268627
-0.335294
-0.390196
-0.437255
-0.437255
-0.409804
-0.374510
-0.366667
-0.394118
-0.421569
-0.437255
-0.394118
-0.413725
-0.456863
-0.445098
-0.476471
-0.264706
-0.386275
-0.413725
-0.417647
-0.460784
-0.445098
-0.401961
-0.386275
-0.409804
-0.429412
-0.441176
-0.409804
-0.378431
-0.382353
-0.409804
-0.362745
0.205882
0.209804
0.150980
0.092157
0.009804
-0.072549
-0.158824
-0.237255
-0.296078
-0.331373
-0.362745
-0.437255
-0.409804
-0.405882
-0.441176
-0.413725
0.225490
0.205882
0.135294
0.107843
0.052941
-0.060784
-0.194118
-0.296078
-0.350980
-0.382353
-0.417647
-0.405882
-0.382353
-0.429412
-0.405882
-0.378431
-0.221569
-0.045098
0.096078
0.170588
0.123529
0.150980
0.190196
0.182353
0.194118
0.182353
0.135294
-0.433333
-0.437255
-0.437255
-0.433333
-0.421569
-0.241176
-0.080392
0.115686
0.221569
0.123529
0.147059
0.170588
0.182353
0.225490
0.174510
0.170588
-0.405882
-0.386275
-0.405882
-0.366667
-0.088235
-0.190196
-0.417647
-0.390196
-0.390196
-0.264706
-0.076471
0.115686
0.182353
0.198039
0.194118
0.147059
-0.433333
-0.405882
-0.433333
-0.401961
-0.115686
-0.225490
-0.456863
-0.417647
-0.429412
-0.339216
-0.123529
0.131373
0.249020
0.249020
0.249020
0.147059
-0.354902
-0.386275
-0.366667
-0.382353
0.272549
0.280392
0.229412
0.001961
-0.229412
-0.350980
-0.374510
-0.394118
-0.417647
-0.374510
-0.154902
0.080392
-0.437255
-0.421569
-0.417647
-0.417647
0.303922
0.307843
0.292157
0.009804
-0.300000
-0.347059
-0.366667
-0.429412
-0.464706
-0.401961
-0.170588
0.115686
-0.433333
-0.394118
-0.382353
-0.354902
-0.362745
-0.029412
0.292157
0.276471
0.354902
0.229412
-0.041176
-0.303922
-0.362745
-0.323529
-0.362745
-0.445098
-0.433333
-0.409804
-0.382353
-0.390196
-0.386275
-0.021569
0.300000
0.307843
0.394118
0.284314
-0.041176
-0.366667
-0.441176
-0.350980
-0.350980
-0.441176
-0.390196
-0.386275
-0.162745
0.249020
-0.080392
-0.374510
-0.358824
-0.072549
0.217647
0.233333
0.284314
0.307843
0.182353
-0.068627
-0.284314
-0.401961
-0.405882
-0.417647
-0.150980
0.307843
-0.143137
-0.374510
-0.421569
-0.080392
0.260784
0.252941
0.233333
0.362745
0.264706
-0.033333
-0.323529
-0.472549
-0.429412
-0.394118
-0.143137
0.280392
0.300000
0.174510
-0.292157
-0.327451
-0.417647
-0.139216
0.217647
0.315686
0.229412
0.252941
0.284314
0.178431
-0.445098
-0.401961
-0.103922
0.288235
0.327451
0.205882
-0.323529
-0.307843
-0.460784
-0.174510
0.249020
0.327451
0.221569
0.280392
0.327451
0.225490
-0.394118
-0.433333
-0.401961
-0.394118
-0.433333
-0.390196
-0.409804
-0.445098
-0.405882
-0.405882
-0.386275
-0.382353
-0.366667
-0.339216
-0.303922
-0.284314
-0.429412
-0.456863
-0.437255
-0.445098
-0.468627
-0.456863
-0.500000
-0.500000
-0.460784
-0.476471
-0.488235
-0.468627
-0.445098
-0.405882
-0.362745
-0.347059
-0.413725
-0.409804
-0.437255
-0.405882
-0.409804
0.147059
0.131373
0.076471
-0.052941
-0.174510
-0.276471
-0.339216
-0.382353
-0.366667
-0.339216
-0.339216
-0.433333
-0.409804
-0.441176
-0.417647
-0.449020
0.170588
0.162745
0.052941
-0.107843
-0.229412
-0.335294
-0.401961
-0.421569
-0.394118
-0.362745
-0.382353
-0.386275
-0.401961
-0.437255
-0.433333
-0.350980
-0.017647
0.107843
0.205882
0.209804
0.198039
0.233333
0.217647
0.170588
0.060784
-0.060784
-0.111765
-0.401961
-0.413725
-0.449020
-0.429412
-0.366667
0.001961
0.158824
0.233333
0.229412
0.272549
0.280392
0.264706
0.252941
0.092157
-0.029412
-0.143137
-0.405882
-0.421569
-0.405882
-0.390196
-0.323529
-0.417647
-0.378431
-0.331373
-0.186275
0.080392
0.237255
0.245098
0.198039
0.150980
0.139216
0.198039
-0.421569
-0.464706
-0.401961
-0.409804
-0.319608
-0.449020
-0.433333
-0.366667
-0.229412
0.076471
0.276471
0.311765
0.221569
0.166667
0.150980
0.205882
-0.390196
-0.401961
-0.405882
-0.335294
0.335294
0.178431
0.049020
-0.280392
-0.394118
-0.401961
-0.437255
-0.350980
-0.166667
0.080392
0.252941
0.260784
-0.421569
-0.468627
-0.413725
-0.362745
0.386275
0.221569
0.041176
-0.311765
-0.394118
-0.449020
-0.500000
-0.437255
-0.209804
0.096078
0.300000
0.311765
-0.437255
-0.409804
-0.390196
-0.374510
-0.127451
0.205882
0.260784
0.370588
0.162745
-0.107843
-0.303922
-0.382353
-0.382353
-0.374510
-0.401961
-0.303922
-0.405882
-0.413725
-0.421569
-0.409804
-0.135294
0.237255
0.335294
0.421569
0.249020
-0.139216
-0.366667
-0.433333
-0.386275
-0.358824
-0.429412
-0.386275
-0.382353
-0.409804
-0.225490
0.037255
-0.347059
-0.374510
-0.182353
0.198039
0.229412
0.288235
0.303922
0.135294
-0.182353
-0.358824
-0.386275
-0.339216
-0.394118
-0.401961
-0.237255
0.088235
-0.413725
-0.433333
-0.213725
0.260784
0.260784
0.237255
0.354902
0.209804
-0.166667
-0.417647
-0.468627
-0.331373
-0.394118
-0.413725
0.103922
0.276471
0.225490
-0.186275
-0.331373
-0.421569
-0.198039
0.225490
0.327451
0.252941
0.307843
0.272549
0.068627
-0.225490
-0.421569
-0.405882
0.135294
0.280392
0.331373
-0.213725
-0.366667
-0.468627
-0.209804
0.272549
0.327451
0.260784
0.398039
0.339216
0.111765
-0.245098
-0.413725
-0.417647
-0.378431
-0.390196
-0.401961
-0.429412
-0.409804
-0.390196
-0.347059
-0.327451
-0.319608
-0.296078
-0.256863
-0.194118
-0.127451
-0.076471
-0.417647
-0.449020
-0.429412
-0.405882
-0.449020
-0.472549
-0.433333
-0.437255
-0.401961
-0.366667
-0.354902
-0.311765
-0.252941
-0.186275
-0.111765
-0.060784
-0.382353
-0.413725
-0.394118
-0.390196
-0.394118
0.115686
0.096078
-0.060784
-0.190196
-0.280392
-0.331373
-0.354902
-0.366667
-0.366667
-0.350980
-0.347059
-0.421569
-0.417647
-0.445098
-0.429412
-0.409804
0.131373
0.092157
-0.052941
-0.241176
-0.323529
-0.354902
-0.358824
-0.366667
-0.378431
-0.386275
-0.405882
-0.390196
-0.394118
-0.405882
-0.390196
-0.347059
0.092157
0.194118
0.205882
0.198039
0.260784
0.198039
0.143137
0.041176
-0.088235
-0.201961
-0.323529
-0.394118
-0.417647
-0.468627
-0.433333
-0.327451
0.103922
0.198039
0.209804
0.233333
0.343137
0.252941
0.201961
0.092157
-0.088235
-0.229412
-0.358824
-0.417647
-0.390196
-0.394118
-0.374510
-0.413725
-0.441176
-0.378431
-0.209804
0.005882
0.182353
0.225490
0.182353
0.162745
0.198039
0.198039
0.205882
-0.441176
-0.405882
-0.405882
-0.413725
-0.401961
-0.456863
-0.409804
-0.225490
0.033333
0.237255
0.292157
0.201961
0.158824
0.190196
0.209804
0.272549
-0.358824
-0.386275
-0.409804
-0.300000
0.300000
0.150980
-0.084314
-0.323529
-0.401961
-0.409804
-0.382353
-0.170588
0.096078
0.272549
0.319608
0.249020
-0.409804
-0.413725
-0.405882
-0.296078
0.366667
0.170588
-0.100000
-0.327451
-0.413725
-0.500000
-0.433333
-0.154902
0.162745
0.347059
0.382353
0.280392
-0.401961
-0.374510
-0.405882
-0.319608
0.005882
0.264706
0.315686
0.331373
0.001961
-0.280392
-0.350980
-0.378431
-0.386275
-0.413725
-0.319608
-0.025490
-0.390196
-0.394118
-0.464706
-0.347059
0.033333
0.264706
0.335294
0.370588
0.013725
-0.335294
-0.362745
-0.358824
-0.405882
-0.476471
-0.362745
-0.029412
-0.374510
-0.374510
-0.150980
-0.127451
-0.382353
-0.350980
0.005882
0.276471
0.260784
0.331373
0.119608
-0.115686
-0.327451
-0.394118
-0.358824
-0.358824
-0.374510
-0.445098
-0.143137
-0.131373
-0.437255
-0.405882
0.049020
0.307843
0.252941
0.366667
0.194118
-0.131373
-0.386275
-0.429412
-0.347059
-0.386275
-0.350980
-0.358824
0.264706
0.284314
0.150980
-0.280392
-0.362745
-0.339216
0.052941
0.280392
0.280392
0.292157
0.303922
0.139216
-0.201961
-0.390196
-0.366667
-0.354902
0.256863
0.307843
0.147059
-0.284314
-0.413725
-0.456863
0.103922
0.339216
0.288235
0.327451
0.382353
0.143137
-0.249020
-0.456863
-0.378431
-0.409804
-0.382353
-0.390196
-0.437255
-0.307843
-0.225490
-0.190196
-0.100000
-0.052941
0.009804
0.076471
0.131373
0.162745
0.170588
0.174510
-0.409804
-0.429412
-0.417647
-0.433333
-0.456863
-0.323529
-0.252941
-0.225490
-0.123529
-0.049020
0.029412
0.103922
0.150980
0.194118
0.221569
0.249020
-0.441176
-0.374510
-0.401961
-0.405882
-0.409804
-0.076471
-0.186275
-0.268627
-0.374510
-0.374510
-0.366667
-0.382353
-0.409804
-0.429412
-0.405882
-0.374510
-0.433333
-0.409804
-0.445098
-0.433333
-0.472549
-0.072549
-0.190196
-0.339216
-0.378431
-0.421569
-0.394118
-0.390196
-0.429412
-0.460784
-0.456863
-0.437255
-0.433333
-0.401961
-0.429412
-0.433333
-0.252941
0.249020
0.249020
0.209804
0.178431
0.049020
-0.045098
-0.154902
-0.319608
-0.394118
-0.382353
-0.366667
-0.437255
-0.449020
-0.437255
-0.437255
-0.252941
0.252941
0.260784
0.225490
0.174510
0.060784
-0.033333
-0.174510
-0.350980
-0.413725
-0.405882
-0.401961
-0.394118
-0.374510
-0.382353
-0.421569
-0.449020
-0.350980
-0.158824
0.068627
0.233333
0.205882
0.170588
0.198039
0.249020
0.217647
0.135294
0.009804
-0.405882
-0.386275
-0.433333
-0.449020
-0.484314
-0.354902
-0.198039
0.092157
0.245098
0.252941
0.178431
0.229412
0.311765
0.260784
0.166667
0.052941
-0.394118
-0.378431
-0.394118
-0.374510
0.166667
-0.111765
-0.311765
-0.405882
-0.386275
-0.268627
0.025490
0.260784
0.292157
0.245098
0.194118
0.229412
-0.437255
-0.382353
-0.401961
-0.358824
0.201961
-0.096078
-0.347059
-0.421569
-0.433333
-0.327451
0.033333
0.339216
0.347059
0.256863
0.190196
0.174510
-0.390196
-0.347059
-0.413725
-0.190196
0.237255
0.292157
0.264706
0.049020
-0.268627
-0.331373
-0.390196
-0.401961
-0.323529
-0.111765
0.158824
0.303922
-0.417647
-0.386275
-0.409804
-0.198039
0.264706
0.319608
0.311765
0.037255
-0.319608
-0.347059
-0.358824
-0.417647
-0.417647
-0.166667
0.174510
0.366667
-0.378431
-0.366667
-0.264706
-0.319608
-0.386275
-0.029412
0.237255
0.252941
0.354902
0.162745
-0.162745
-0.366667
-0.354902
-0.358824
-0.417647
-0.378431
-0.401961
-0.429412
-0.221569
-0.382353
-0.394118
-0.068627
0.284314
0.260784
0.401961
0.209804
-0.166667
-0.413725
-0.358824
-0.374510
-0.445098
-0.468627
-0.382353
-0.327451
0.280392
0.276471
-0.150980
-0.354902
-0.327451
-0.013725
0.303922
0.252941
0.264706
0.272549
-0.005882
-0.311765
-0.394118
-0.339216
-0.405882
-0.378431
0.276471
0.315686
-0.158824
-0.347059
-0.394118
0.033333
0.362745
0.225490
0.331373
0.366667
-0.013725
-0.358824
-0.405882
-0.350980
-0.413725
-0.358824
-0.390196
-0.437255
-0.405882
-0.221569
-0.135294
-0.041176
0.041176
0.096078
0.131373
0.158824
0.166667
0.158824
0.139216
0.119608
-0.441176
-0.382353
-0.417647
-0.460784
-0.421569
-0.229412
-0.162745
-0.041176
0.052941
0.123529
0.170588
0.198039
0.201961
0.182353
0.170588
0.166667
-0.433333
-0.405882
-0.409804
-0.405882
-0.421569
-0.154902
-0.331373
-0.390196
-0.409804
-0.449020
-0.429412
-0.390196
-0.354902
-0.311765
-0.252941
-0.194118
-0.433333
-0.417647
-0.433333
-0.405882
-0.460784
-0.209804
-0.390196
-0.468627
-0.460784
-0.500000
-0.500000
-0.488235
-0.433333
-0.366667
-0.280392
-0.201961
-0.386275
-0.394118
-0.401961
-0.354902
-0.284314
0.256863
0.260784
0.143137
0.096078
-0.088235
-0.237255
-0.331373
-0.374510
-0.366667
-0.354902
-0.350980
-0.429412
-0.437255
-0.405882
-0.378431
-0.303922
0.260784
0.300000
0.217647
0.092157
-0.111765
-0.264706
-0.354902
-0.401961
-0.394118
-0.382353
-0.362745
-0.382353
-0.374510
-0.358824
-0.386275
-0.401961
-0.217647
0.005882
0.201961
0.221569
0.256863
0.256863
0.256863
0.225490
0.080392
-0.103922
-0.201961
-0.358824
-0.390196
-0.417647
-0.468627
-0.413725
-0.256863
0.021569
0.249020
0.233333
0.256863
0.276471
0.343137
0.315686
0.119608
-0.100000
-0.280392
-0.421569
-0.401961
-0.394118
-0.350980
0.049020
-0.241176
-0.413725
-0.401961
-0.245098
-0.005882
0.233333
0.311765
0.272549
0.201961
0.217647
0.288235
-0.417647
-0.405882
-0.441176
-0.390196
0.123529
-0.256863
-0.464706
-0.460784
-0.303922
0.009804
0.311765
0.366667
0.284314
0.217647
0.237255
0.358824
-0.378431
-0.421569
-0.362745
-0.029412
0.272549
0.311765
0.178431
-0.186275
-0.335294
-0.417647
-0.421569
-0.311765
-0.088235
0.174510
0.327451
0.311765
-0.433333
-0.468627
-0.390196
-0.052941
0.327451
0.354902
0.178431
-0.201961
-0.382353
-0.421569
-0.456863
-0.382353
-0.084314
0.280392
0.429412
0.347059
-0.390196
-0.390196
-0.311765
-0.441176
-0.272549
0.076471
0.260784
0.300000
0.178431
-0.111765
-0.354902
-0.331373
-0.347059
-0.445098
-0.327451
-0.080392
-0.382353
-0.401961
-0.350980
-0.445098
-0.358824
0.135294
0.300000
0.327451
0.276471
-0.135294
-0.401961
-0.358824
-0.354902
-0.468627
-0.417647
-0.123529
-0.394118
-0.311765
0.307843
0.135294
-0.256863
-0.409804
-0.249020
0.194118
0.276471
0.252941
0.307843
0.076471
-0.296078
-0.378431
-0.347059
-0.378431
-0.429412
-0.276471
0.327451
0.174510
-0.276471
-0.460784
-0.256863
0.280392
0.331373
0.292157
0.374510
0.088235
-0.350980
-0.421569
-0.362745
-0.437255
-0.390196
-0.421569
-0.382353
-0.401961
-0.366667
-0.045098
0.013725
0.068627
0.135294
0.158824
0.147059
0.135294
0.135294
0.135294
0.119608
0.096078
-0.433333
-0.417647
-0.401961
-0.441176
-0.405882
-0.052941
-0.013725
0.084314
0.150980
0.174510
0.150980
0.135294
0.139216
0.135294
0.123529
0.119608
-0.401961
-0.429412
-0.413725
-0.394118
-0.401961
-0.362745
-0.358824
-0.401961
-0.382353
-0.366667
-0.311765
-0.237255
-0.162745
-0.088235
0.001961
0.088235
-0.429412
-0.417647
-0.421569
-0.421569
-0.433333
-0.413725
-0.445098
-0.476471
-0.441176
-0.409804
-0.358824
-0.268627
-0.166667
-0.068627
0.041176
0.147059
-0.413725
-0.421569
-0.413725
-0.366667
-0.276471
0.205882
0.221569
0.049020
-0.111765
-0.252941
-0.319608
-0.362745
-0.378431
-0.347059
-0.331373
-0.386275
-0.445098
-0.429412
-0.460784
-0.390196
-0.335294
0.256863
0.256863
0.088235
-0.084314
-0.268627
-0.362745
-0.386275
-0.386275
-0.390196
-0.409804
-0.445098
-0.413725
-0.394118
-0.390196
-0.417647
-0.284314
-0.029412
0.256863
0.264706
0.256863
0.311765
0.307843
0.217647
0.021569
-0.198039
-0.296078
-0.358824
-0.429412
-0.401961
-0.437255
-0.449020
-0.327451
-0.029412
0.276471
0.280392
0.272549
0.331373
0.343137
0.249020
0.041176
-0.190196
-0.319608
-0.390196
-0.362745
-0.390196
-0.437255
-0.382353
-0.096078
-0.378431
-0.456863
-0.276471
0.029412
0.256863
0.303922
0.217647
0.229412
0.307843
0.303922
0.209804
-0.394118
-0.413725
-0.456863
-0.362745
-0.072549
-0.401961
-0.488235
-0.347059
0.060784
0.307843
0.347059
0.245098
0.260784
0.366667
0.386275
0.303922
-0.390196
-0.409804
-0.335294
0.064706
0.292157
0.264706
-0.060784
-0.303922
-0.394118
-0.449020
-0.307843
-0.005882
0.245098
0.343137
0.311765
0.233333
-0.445098
-0.460784
-0.394118
0.068627
0.300000
0.311765
-0.060784
-0.327451
-0.417647
-0.496078
-0.362745
0.005882
0.311765
0.382353
0.300000
0.209804
-0.382353
-0.378431
-0.354902
-0.405882
-0.115686
0.229412
0.303922
0.252941
0.001961
-0.276471
-0.354902
-0.335294
-0.394118
-0.292157
-0.021569
0.201961
-0.374510
-0.421569
-0.386275
-0.449020
-0.139216
0.284314
0.331373
0.331373
-0.021569
-0.335294
-0.358824
-0.350980
-0.472549
-0.374510
-0.049020
0.229412
-0.417647
-0.182353
0.300000
-0.041176
-0.382353
-0.386275
0.056863
0.233333
0.272549
0.311765
0.111765
-0.241176
-0.339216
-0.327451
-0.378431
-0.386275
-0.417647
-0.225490
0.354902
-0.052941
-0.386275
-0.441176
0.084314
0.315686
0.327451
0.398039
0.143137
-0.296078
-0.362745
-0.307843
-0.413725
-0.464706
-0.429412
-0.390196
-0.417647
-0.437255
-0.437255
0.123529
0.221569
0.194118
0.198039
0.209804
0.198039
0.194118
0.198039
0.198039
0.205882
0.209804
-0.468627
-0.429412
-0.429412
-0.405882
-0.437255
0.143137
0.198039
0.249020
0.182353
0.209804
0.209804
0.205882
0.217647
0.233333
0.252941
0.260784
-0.382353
-0.421569
-0.413725
-0.390196
-0.401961
-0.394118
-0.354902
-0.280392
-0.174510
-0.088235
0.013725
0.103922
0.162745
0.182353
0.174510
0.174510
-0.421569
-0.464706
-0.429412
-0.413725
-0.429412
-0.492157
-0.394118
-0.311765
-0.213725
-0.103922
0.025490
0.139216
0.201961
0.205882
0.178431
0.182353
-0.382353
-0.413725
-0.374510
-0.409804
-0.245098
0.135294
0.041176
-0.209804
-0.335294
-0.390196
-0.401961
-0.401961
-0.394118
-0.335294
-0.292157
-0.221569
-0.441176
-0.468627
-0.417647
-0.433333
-0.252941
0.178431
0.037255
-0.201961
-0.358824
-0.429412
-0.405882
-0.449020
-0.472549
-0.421569
-0.303922
-0.252941
-0.405882
-0.378431
-0.394118
-0.394118
-0.088235
0.182353
0.284314
0.264706
0.256863
0.135294
-0.001961
-0.221569
-0.347059
-0.374510
-0.339216
-0.358824
-0.421569
-0.409804
-0.429412
-0.405882
-0.107843
0.217647
0.331373
0.303922
0.311765
0.198039
0.013725
-0.241176
-0.390196
-0.417647
-0.382353
-0.366667
-0.382353
-0.405882
-0.354902
-0.358824
-0.358824
-0.390196
-0.221569
0.056863
0.237255
0.276471
0.237255
0.284314
0.331373
0.252941
0.060784
-0.154902
-0.390196
-0.421569
-0.417647
-0.378431
-0.405882
-0.445098
-0.249020
0.080392
0.264706
0.311765
0.272549
0.347059
0.398039
0.311765
0.103922
-0.190196
-0.378431
-0.417647
-0.405882
0.201961
0.288235
-0.005882
-0.311765
-0.354902
-0.374510
-0.162745
0.178431
0.319608
0.303922
0.256863
0.252941
0.288235
-0.417647
-0.456863
-0.464706
0.217647
0.311765
0.005882
-0.335294
-0.390196
-0.433333
-0.217647
0.217647
0.370588
0.315686
0.217647
0.256863
0.343137
-0.358824
-0.386275
-0.401961
-0.252941
0.170588
0.233333
0.252941
-0.013725
-0.303922
-0.331373
-0.386275
-0.401961
-0.139216
0.131373
0.264706
0.303922
-0.394118
-0.460784
-0.445098
-0.276471
0.182353
0.249020
0.300000
0.005882
-0.354902
-0.358824
-0.445098
-0.488235
-0.186275
0.162745
0.335294
0.358824
-0.401961
-0.272549
0.166667
-0.303922
-0.401961
-0.088235
0.245098
0.225490
0.315686
0.029412
-0.303922
-0.386275
-0.362745
-0.374510
-0.335294
-0.111765
-0.445098
-0.264706
0.209804
-0.331373
-0.472549
-0.096078
0.315686
0.252941
0.390196
0.076471
-0.327451
-0.390196
-0.374510
-0.441176
-0.390196
-0.107843
-0.378431
-0.433333
-0.382353
-0.394118
-0.437255
0.245098
0.198039
0.205882
0.198039
0.205882
0.217647
0.205882
0.174510
0.123529
0.084314
0.056863
-0.382353
-0.445098
-0.394118
-0.405882
-0.456863
0.260784
0.264706
0.311765
0.233333
0.272549
0.284314
0.260784
0.233333
0.217647
0.174510
0.131373
-0.429412
-0.401961
-0.386275
-0.405882
-0.390196
-0.300000
-0.182353
-0.088235
0.092157
0.119608
0.158824
0.166667
0.150980
0.131373
0.119608
0.119608
-0.421569
-0.405882
-0.409804
-0.421569
-0.405882
-0.339216
-0.213725
-0.135294
0.064706
0.143137
0.209804
0.217647
0.194118
0.174510
0.158824
0.135294
-0.405882
-0.394118
-0.390196
-0.386275
-0.256863
-0.056863
-0.229412
-0.405882
-0.409804
-0.429412
-0.456863
-0.350980
-0.249020
-0.143137
-0.025490
0.096078
-0.417647
-0.409804
-0.421569
-0.417647
-0.256863
-0.025490
-0.268627
-0.441176
-0.468627
-0.484314
-0.500000
-0.421569
-0.307843
-0.162745
-0.025490
0.119608
-0.366667
-0.401961
-0.390196
-0.437255
0.170588
0.300000
0.280392
0.233333
0.123529
-0.115686
-0.296078
-0.354902
-0.378431
-0.311765
-0.354902
-0.429412
-0.386275
-0.394118
-0.374510
-0.437255
0.143137
0.347059
0.339216
0.311765
0.198039
-0.123529
-0.358824
-0.417647
-0.421569
-0.382353
-0.445098
-0.500000
-0.386275
-0.394118
-0.405882
-0.409804
-0.441176
-0.256863
0.084314
0.252941
0.292157
0.276471
0.327451
0.315686
0.111765
-0.115686
-0.319608
-0.409804
-0.405882
-0.417647
-0.421569
-0.401961
-0.500000
-0.311765
0.107843
0.307843
0.331373
0.339216
0.382353
0.425490
0.198039
-0.127451
-0.358824
-0.472549
-0.382353
-0.386275
-0.382353
0.143137
0.103922
-0.268627
-0.409804
-0.378431
-0.186275
0.205882
0.300000
0.249020
0.221569
0.272549
0.327451
0.276471
-0.409804
-0.405882
-0.382353
0.221569
0.166667
-0.276471
-0.464706
-0.449020
-0.229412
0.237255
0.343137
0.288235
0.233333
0.284314
0.401961
0.366667
-0.378431
-0.417647
-0.401961
-0.045098
0.256863
0.307843
0.041176
-0.245098
-0.354902
-0.394118
-0.374510
-0.123529
0.198039
0.288235
0.284314
0.225490
-0.394118
-0.429412
-0.417647
-0.001961
0.327451
0.386275
0.107843
-0.284314
-0.429412
-0.492157
-0.476471
-0.201961
0.205882
0.390196
0.366667
0.249020
-0.401961
-0.209804
-0.111765
-0.382353
-0.303922
0.217647
0.249020
0.315686
0.162745
-0.292157
-0.350980
-0.350980
-0.405882
-0.284314
-0.001961
0.276471
-0.409804
-0.213725
-0.088235
-0.417647
-0.331373
0.260784
0.311765
0.394118
0.205882
-0.319608
-0.409804
-0.405882
-0.476471
-0.339216
0.009804
0.335294
-0.421569
-0.394118
-0.421569
-0.433333
-0.374510
0.166667
0.139216
0.115686
0.080392
0.033333
-0.025490
-0.103922
-0.162745
-0.209804
-0.241176
-0.264706
-0.456863
-0.429412
-0.409804
-0.409804
-0.382353
0.201961
0.221569
0.147059
0.115686
0.060784
-0.001961
-0.084314
-0.150980
-0.190196
-0.241176
-0.296078
-0.409804
-0.437255
-0.401961
-0.394118
-0.374510
-0.080392
0.037255
0.092157
0.166667
0.170588
0.158824
0.150980
0.158824
0.174510
0.178431
0.162745
-0.460784
-0.429412
-0.386275
-0.409804
-0.386275
-0.100000
0.001961
0.080392
0.162745
0.205882
0.174510
0.174510
0.174510
0.182353
0.205882
0.229412
-0.386275
-0.401961
-0.382353
-0.405882
-0.256863
-0.296078
-0.429412
-0.394118
-0.390196
-0.307843
-0.174510
-0.076471
0.052941
0.166667
0.209804
0.150980
-0.382353
-0.413725
-0.401961
-0.421569
-0.252941
-0.339216
-0.500000
-0.468627
-0.433333
-0.374510
-0.221569
-0.068627
0.111765
0.209804
0.217647
0.198039
-0.374510
-0.441176
-0.421569
-0.409804
0.221569
0.280392
0.276471
0.092157
-0.154902
-0.323529
-0.350980
-0.394118
-0.362745
-0.409804
-0.417647
-0.296078
-0.409804
-0.433333
-0.421569
-0.433333
0.272549
0.311765
0.311765
0.103922
-0.170588
-0.362745
-0.401961
-0.445098
-0.433333
-0.468627
-0.449020
-0.347059
-0.350980
-0.417647
-0.413725
-0.421569
-0.276471
0.005882
0.194118
0.249020
0.319608
0.307843
0.178431
-0.060784
-0.245098
-0.374510
-0.378431
-0.335294
-0.409804
-0.456863
-0.449020
-0.433333
-0.292157
0.021569
0.276471
0.260784
0.347059
0.347059
0.256863
-0.029412
-0.300000
-0.429412
-0.445098
-0.394118
-0.378431
-0.413725
-0.347059
0.131373
-0.170588
-0.394118
-0.366667
-0.150980
0.209804
0.280392
0.221569
0.237255
0.300000
0.260784
0.107843
-0.123529
-0.413725
-0.445098
-0.347059
0.174510
-0.209804
-0.476471
-0.476471
-0.201961
0.233333
0.276471
0.245098
0.272549
0.347059
0.343137
0.135294
-0.127451
-0.386275
-0.390196
-0.362745
0.209804
0.276471
0.201961
-0.198039
-0.335294
-0.390196
-0.350980
-0.029412
0.252941
0.256863
0.264706
0.260784
0.260784
-0.413725
-0.441176
-0.335294
0.245098
0.331373
0.249020
-0.268627
-0.401961
-0.449020
-0.417647
-0.052941
0.327451
0.331373
0.311765
0.284314
0.335294
-0.358824
-0.229412
-0.311765
-0.350980
0.092157
0.272549
0.276471
0.174510
-0.249020
-0.327451
-0.386275
-0.394118
-0.190196
0.139216
0.319608
0.300000
-0.409804
-0.201961
-0.358824
-0.390196
0.064706
0.292157
0.288235
0.245098
-0.296078
-0.374510
-0.413725
-0.468627
-0.217647
0.147059
0.370588
0.370588
-0.401961
-0.421569
-0.409804
-0.394118
-0.405882
0.025490
-0.013725
-0.025490
-0.143137
-0.217647
-0.268627
-0.319608
-0.366667
-0.374510
-0.358824
-0.374510
-0.476471
-0.476471
-0.476471
-0.460784
-0.468627
0.001961
-0.029412
-0.072549
-0.194118
-0.276471
-0.366667
-0.433333
-0.472549
-0.476471
-0.472549
-0.500000
-0.394118
-0.413725
-0.413725
-0.386275
-0.366667
0.056863
0.178431
0.209804
0.178431
0.198039
0.158824
0.150980
0.178431
0.162745
0.119608
0.103922
-0.468627
-0.468627
-0.500000
-0.445098
-0.449020
0.119608
0.201961
0.229412
0.225490
0.221569
0.198039
0.194118
0.194118
0.166667
0.123529
0.092157
-0.409804
-0.394118
-0.409804
-0.445098
-0.386275
-0.390196
-0.390196
-0.307843
-0.182353
0.013725
0.084314
0.147059
0.166667
0.166667
0.143137
0.139216
-0.456863
-0.484314
-0.464706
-0.488235
-0.476471
-0.472549
-0.449020
-0.339216
-0.198039
0.029412
0.158824
0.237255
0.256863
0.217647
0.198039
0.178431
-0.394118
-0.413725
-0.417647
-0.347059
0.182353
0.272549
0.060784
-0.182353
-0.374510
-0.401961
-0.405882
-0.354902
-0.347059
-0.237255
-0.076471
0.041176
-0.449020
-0.456863
-0.445098
-0.401961
0.233333
0.288235
0.029412
-0.241176
-0.456863
-0.472549
-0.472549
-0.429412
-0.358824
-0.209804
-0.052941
0.119608
-0.362745
-0.417647
-0.405882
-0.390196
-0.080392
0.178431
0.303922
0.272549
0.276471
0.103922
-0.166667
-0.331373
-0.382353
-0.335294
-0.331373
-0.386275
-0.496078
-0.500000
-0.500000
-0.488235
-0.025490
0.280392
0.339216
0.300000
0.311765
0.111765
-0.201961
-0.433333
-0.492157
-0.449020
-0.405882
-0.421569
-0.401961
-0.390196
-0.390196
-0.084314
-0.354902
-0.378431
-0.221569
0.111765
0.288235
0.225490
0.300000
0.315686
0.205882
-0.025490
-0.284314
-0.386275
-0.496078
-0.456863
-0.464706
-0.150980
-0.460784
-0.437255
-0.194118
0.182353
0.366667
0.256863
0.343137
0.358824
0.229412
-0.060784
-0.366667
-0.500000
-0.401961
-0.421569
-0.241176
0.233333
0.264706
-0.096078
-0.303922
-0.374510
-0.319608
0.005882
0.256863
0.288235
0.264706
0.276471
0.245098
0.237255
-0.456863
-0.464706
-0.249020
0.347059
0.272549
-0.123529
-0.433333
-0.441176
-0.323529
0.033333
0.382353
0.370588
0.311765
0.300000
0.327451
0.264706
-0.394118
-0.331373
-0.386275
-0.182353
0.225490
0.300000
0.249020
-0.154902
-0.339216
-0.362745
-0.362745
-0.158824
0.162745
0.288235
0.264706
0.256863
-0.464706
-0.429412
-0.456863
-0.198039
0.319608
0.354902
0.249020
-0.221569
-0.433333
-0.421569
-0.417647
-0.139216
0.245098
0.386275
0.366667
0.300000
-0.405882
-0.405882
-0.429412
-0.390196
-0.394118
-0.166667
-0.209804
-0.245098
-0.331373
-0.354902
-0.358824
-0.358824
-0.366667
-0.358824
-0.339216
-0.339216
-0.445098
-0.460784
-0.421569
-0.421569
-0.441176
-0.154902
-0.217647
-0.300000
-0.362745
-0.394118
-0.417647
-0.433333
-0.417647
-0.394118
-0.378431
-0.366667
-0.421569
-0.417647
-0.382353
-0.390196
-0.362745
0.143137
0.201961
0.205882
0.217647
0.174510
0.111765
0.060784
-0.005882
-0.072549
-0.127451
-0.194118
-0.413725
-0.433333
-0.421569
-0.413725
-0.394118
0.205882
0.217647
0.237255
0.217647
0.198039
0.131373
0.088235
0.068627
-0.025490
-0.162745
-0.245098
-0.354902
-0.401961
-0.413725
-0.401961
-0.417647
-0.323529
-0.201961
-0.088235
0.029412
0.107843
0.158824
0.170588
0.178431
0.150980
0.147059
0.190196
-0.433333
-0.445098
-0.429412
-0.464706
-0.476471
-0.358824
-0.241176
-0.103922
0.037255
0.170588
0.237255
0.221569
0.150980
0.150980
0.170588
0.194118
-0.429412
-0.429412
-0.433333
-0.358824
0.170588
0.025490
-0.249020
-0.366667
-0.394118
-0.405882
-0.307843
-0.221569
-0.056863
0.115686
0.170588
0.209804
-0.456863
-0.445098
-0.421569
-0.366667
0.166667
0.025490
-0.264706
-0.456863
-0.464706
-0.460784
-0.386275
-0.268627
-0.060784
0.115686
0.229412
0.260784
-0.413725
-0.390196
-0.429412
-0.409804
0.096078
0.292157
0.307843
0.256863
0.033333
-0.198039
-0.319608
-0.350980
-0.339216
-0.382353
-0.382353
-0.280392
-0.468627
-0.421569
-0.437255
-0.374510
0.139216
0.319608
0.319608
0.280392
0.033333
-0.229412
-0.390196
-0.405882
-0.390196
-0.413725
-0.401961
-0.280392
-0.394118
-0.401961
-0.362745
-0.327451
-0.382353
-0.272549
0.088235
0.272549
0.264706
0.315686
0.260784
0.068627
-0.162745
-0.350980
-0.390196
-0.354902
-0.433333
-0.405882
-0.382353
-0.362745
-0.460784
-0.256863
0.092157
0.343137
0.280392
0.347059
0.327451
0.139216
-0.174510
-0.421569
-0.492157
-0.405882
-0.409804
-0.401961
-0.190196
0.307843
0.088235
-0.256863
-0.405882
-0.350980
0.009804
0.245098
0.276471
0.249020
0.315686
0.292157
0.166667
-0.115686
-0.417647
-0.429412
-0.150980
0.331373
0.092157
-0.347059
-0.456863
-0.382353
0.013725
0.366667
0.343137
0.292157
0.315686
0.319608
0.194118
-0.143137
-0.374510
-0.358824
-0.339216
0.103922
0.260784
0.276471
-0.045098
-0.331373
-0.350980
-0.335294
-0.088235
0.194118
0.300000
0.276471
0.260784
0.284314
-0.413725
-0.413725
-0.394118
0.111765
0.303922
0.319608
-0.068627
-0.390196
-0.401961
-0.390196
-0.115686
0.252941
0.362745
0.319608
0.288235
0.288235
