-0.327451
-0.390196
-0.409804
0.178431
0.288235
0.311765
0.280392
0.221569
0.300000
-0.339216
-0.354902
-0.405882
-0.386275
-0.390196
-0.331373
-0.245098
-0.327451
-0.386275
-0.445098
0.209804
0.421569
0.292157
0.288235
0.288235
0.260784
-0.374510
-0.417647
-0.472549
-0.382353
-0.401961
-0.378431
-0.252941
-0.296078
-0.417647
-0.080392
0.260784
0.264706
0.303922
0.264706
0.249020
-0.190196
-0.366667
-0.409804
-0.390196
-0.441176
-0.413725
-0.198039
0.303922
-0.284314
-0.445098
-0.111765
0.303922
0.319608
0.335294
0.307843
0.300000
-0.252941
-0.464706
-0.413725
-0.441176
-0.449020
-0.413725
-0.198039
0.335294
-0.292157
-0.323529
0.229412
0.276471
0.264706
0.229412
0.272549
-0.088235
-0.409804
-0.421569
-0.401961
-0.433333
-0.378431
-0.139216
0.260784
0.319608
-0.307843
-0.335294
0.272549
0.311765
0.252941
0.260784
0.252941
-0.072549
-0.488235
-0.488235
-0.413725
-0.441176
-0.382353
-0.143137
0.374510
0.339216
-0.256863
0.049020
0.229412
0.190196
0.182353
0.178431
0.049020
-0.319608
-0.347059
-0.350980
-0.437255
-0.331373
-0.182353
0.194118
0.225490
0.237255
-0.268627
0.076471
0.276471
0.150980
0.225490
0.249020
0.049020
-0.409804
-0.472549
-0.382353
-0.445098
-0.445098
-0.182353
0.256863
0.303922
0.260784
-0.060784
0.143137
0.123529
0.150980
0.158824
0.041176
-0.350980
-0.374510
-0.409804
-0.374510
-0.366667
-0.190196
0.147059
0.182353
0.201961
0.221569
-0.084314
0.221569
0.178431
0.143137
0.217647
0.021569
-0.413725
-0.492157
-0.421569
-0.347059
-0.362745
-0.201961
0.147059
0.260784
0.182353
0.201961
0.150980
0.111765
0.131373
0.139216
0.103922
-0.386275
-0.413725
-0.441176
-0.464706
-0.417647
-0.182353
0.115686
0.182353
0.162745
0.123529
0.150980
0.115686
0.147059
0.178431
0.201961
0.107843
-0.445098
-0.496078
-0.449020
-0.429412
-0.421569
-0.182353
0.205882
0.174510
0.170588
0.143137
0.131373
0.139216
0.076471
0.139216
0.115686
-0.394118
-0.417647
-0.405882
-0.401961
-0.354902
-0.150980
0.111765
0.245098
0.182353
0.107843
0.190196
0.174510
0.201961
0.119608
0.190196
0.143137
-0.449020
-0.472549
-0.382353
-0.362745
-0.405882
-0.135294
0.209804
0.249020
0.170588
0.170588
0.150980
0.162745
0.076471
0.064706
0.049020
-0.358824
-0.366667
-0.358824
-0.413725
-0.429412
-0.123529
0.131373
0.103922
0.174510
0.092157
0.131373
0.123529
-0.115686
0.107843
0.107843
0.150980
-0.413725
-0.500000
-0.433333
-0.445098
-0.433333
-0.131373
0.131373
0.150980
0.201961
0.107843
0.201961
0.166667
-0.127451
-0.374510
-0.386275
-0.437255
-0.386275
0.174510
0.272549
0.307843
0.307843
0.292157
0.300000
-0.276471
-0.362745
-0.390196
-0.401961
-0.405882
-0.354902
-0.484314
-0.449020
-0.456863
-0.390196
0.272549
0.452941
0.362745
0.343137
0.347059
0.300000
-0.366667
-0.492157
-0.492157
-0.460784
-0.441176
-0.382353
-0.401961
-0.354902
-0.413725
0.096078
0.217647
0.233333
0.339216
0.311765
0.272549
-0.170588
-0.350980
-0.417647
-0.390196
-0.401961
-0.362745
-0.307843
-0.445098
-0.413725
-0.421569
0.131373
0.347059
0.343137
0.362745
0.358824
0.307843
-0.221569
-0.496078
-0.488235
-0.460784
-0.429412
-0.417647
-0.331373
-0.378431
-0.382353
-0.174510
0.229412
0.225490
0.264706
0.252941
0.272549
-0.088235
-0.366667
-0.417647
-0.441176
-0.421569
-0.394118
-0.307843
0.233333
-0.417647
-0.449020
-0.194118
0.347059
0.327451
0.288235
0.272549
0.264706
-0.096078
-0.500000
-0.496078
-0.460784
-0.449020
-0.456863
-0.292157
0.300000
-0.394118
-0.362745
0.158824
0.174510
0.143137
0.198039
0.190196
-0.029412
-0.358824
-0.390196
-0.374510
-0.429412
-0.350980
-0.272549
0.221569
0.150980
-0.405882
-0.362745
0.225490
0.256863
0.166667
0.245098
0.252941
-0.041176
-0.445098
-0.496078
-0.417647
-0.496078
-0.417647
-0.300000
0.252941
0.288235
-0.401961
0.033333
0.158824
0.080392
0.107843
0.150980
-0.005882
-0.358824
-0.374510
-0.386275
-0.374510
-0.358824
-0.213725
0.139216
0.143137
0.170588
-0.456863
0.103922
0.256863
0.107843
0.107843
0.209804
-0.045098
-0.456863
-0.496078
-0.421569
-0.433333
-0.464706
-0.252941
0.166667
0.225490
0.162745
-0.186275
0.119608
0.080392
0.052941
0.064706
0.041176
-0.378431
-0.429412
-0.445098
-0.456863
-0.417647
-0.209804
0.147059
0.194118
0.131373
0.092157
-0.186275
0.205882
0.107843
0.088235
0.088235
0.033333
-0.492157
-0.500000
-0.484314
-0.488235
-0.460784
-0.201961
0.194118
0.260784
0.178431
0.080392
0.119608
0.162745
0.088235
0.076471
-0.013725
-0.409804
-0.390196
-0.378431
-0.374510
-0.401961
-0.174510
0.115686
0.170588
0.139216
0.162745
0.139216
0.166667
0.198039
0.103922
0.068627
-0.021569
-0.488235
-0.484314
-0.433333
-0.413725
-0.449020
-0.150980
0.217647
0.249020
0.143137
0.201961
0.147059
0.123529
0.123529
0.013725
-0.029412
-0.433333
-0.386275
-0.358824
-0.405882
-0.394118
-0.131373
0.107843
0.088235
0.166667
0.131373
0.174510
0.088235
0.221569
0.123529
0.029412
-0.076471
-0.500000
-0.492157
-0.456863
-0.472549
-0.468627
-0.111765
0.174510
0.178431
0.143137
0.115686
0.198039
0.131373
-0.394118
-0.394118
-0.409804
-0.433333
-0.339216
0.229412
0.288235
0.280392
0.272549
0.300000
0.311765
-0.209804
-0.300000
-0.366667
-0.390196
-0.405882
-0.456863
-0.464706
-0.409804
-0.500000
-0.429412
0.260784
0.394118
0.292157
0.288235
0.366667
0.362745
-0.241176
-0.358824
-0.433333
-0.405882
-0.437255
-0.382353
-0.390196
-0.390196
-0.417647
0.190196
0.260784
0.272549
0.300000
0.264706
0.303922
-0.143137
-0.249020
-0.311765
-0.401961
-0.433333
-0.409804
-0.476471
-0.433333
-0.421569
-0.472549
0.135294
0.343137
0.327451
0.272549
0.347059
0.362745
-0.143137
-0.327451
-0.382353
-0.437255
-0.413725
-0.488235
-0.386275
-0.366667
-0.405882
-0.131373
0.260784
0.252941
0.272549
0.264706
0.300000
-0.084314
-0.347059
-0.327451
-0.296078
-0.386275
-0.401961
-0.394118
-0.445098
-0.394118
-0.492157
-0.150980
0.327451
0.339216
0.292157
0.288235
0.311765
-0.049020
-0.441176
-0.401961
-0.307843
-0.409804
-0.468627
-0.429412
-0.405882
-0.390196
-0.327451
0.178431
0.221569
0.194118
0.209804
0.205882
-0.001961
-0.366667
-0.390196
-0.331373
-0.323529
-0.350980
-0.378431
0.178431
-0.417647
-0.488235
-0.358824
0.217647
0.264706
0.182353
0.233333
0.288235
0.029412
-0.413725
-0.445098
-0.327451
-0.331373
-0.417647
-0.417647
0.190196
-0.390196
-0.386275
0.068627
0.162745
0.135294
0.170588
0.143137
-0.025490
-0.354902
-0.382353
-0.354902
-0.319608
-0.292157
-0.319608
0.107843
0.119608
-0.449020
-0.417647
0.080392
0.217647
0.170588
0.174510
0.205882
-0.033333
-0.417647
-0.492157
-0.382353
-0.374510
-0.366667
-0.331373
0.119608
0.198039
-0.386275
-0.052941
0.131373
0.111765
0.119608
0.119608
0.005882
-0.378431
-0.401961
-0.460784
-0.421569
-0.350980
-0.209804
0.107843
0.135294
0.123529
-0.445098
-0.076471
0.178431
0.131373
0.147059
0.162745
0.025490
-0.484314
-0.488235
-0.476471
-0.456863
-0.429412
-0.284314
0.162745
0.217647
0.194118
-0.221569
0.131373
0.190196
0.135294
0.103922
0.001961
-0.417647
-0.386275
-0.378431
-0.386275
-0.386275
-0.150980
0.080392
0.056863
0.147059
0.170588
-0.292157
0.194118
0.209804
0.103922
0.174510
0.029412
-0.460784
-0.468627
-0.421569
-0.409804
-0.472549
-0.166667
0.115686
0.147059
0.162745
0.166667
0.080392
0.119608
0.088235
0.080392
0.033333
-0.429412
-0.405882
-0.382353
-0.405882
-0.386275
-0.158824
0.068627
0.001961
0.103922
0.135294
0.166667
0.135294
0.143137
0.084314
0.150980
0.037255
-0.413725
-0.460784
-0.433333
-0.460784
-0.488235
-0.154902
0.096078
0.064706
0.084314
0.096078
0.174510
0.205882
-0.405882
-0.362745
-0.405882
-0.401961
-0.421569
0.225490
0.150980
0.280392
0.303922
0.280392
0.327451
0.029412
-0.347059
-0.405882
-0.429412
0.245098
-0.445098
-0.472549
-0.417647
-0.500000
-0.445098
0.221569
0.237255
0.249020
0.303922
0.362745
0.429412
0.084314
-0.409804
-0.472549
-0.484314
-0.323529
-0.358824
-0.374510
-0.401961
-0.421569
0.084314
0.229412
0.170588
0.221569
0.252941
0.276471
0.064706
-0.358824
-0.362745
-0.405882
-0.401961
-0.347059
-0.476471
-0.437255
-0.500000
-0.476471
0.064706
0.276471
0.205882
0.174510
0.307843
0.366667
0.111765
-0.374510
-0.456863
-0.413725
-0.417647
-0.386275
-0.401961
-0.394118
-0.362745
-0.150980
0.245098
0.209804
0.107843
0.198039
0.300000
0.139216
-0.347059
-0.378431
-0.378431
-0.405882
-0.417647
-0.476471
-0.421569
-0.390196
-0.500000
-0.186275
0.284314
0.307843
0.107843
0.221569
0.366667
0.150980
-0.394118
-0.449020
-0.394118
-0.409804
-0.492157
-0.437255
-0.409804
-0.354902
-0.307843
0.190196
0.225490
0.162745
0.119608
0.143137
0.076471
-0.335294
-0.382353
-0.378431
-0.409804
-0.417647
-0.409804
-0.500000
-0.405882
-0.468627
-0.335294
0.205882
0.284314
0.131373
0.143137
0.233333
0.111765
-0.405882
-0.421569
-0.386275
-0.382353
-0.500000
-0.445098
-0.366667
-0.382353
-0.382353
0.092157
0.166667
0.143137
0.139216
0.029412
0.001961
-0.358824
-0.347059
-0.366667
-0.394118
-0.401961
-0.386275
-0.013725
-0.374510
-0.456863
-0.445098
0.123529
0.233333
0.162745
0.143137
0.147059
0.033333
-0.445098
-0.437255
-0.409804
-0.456863
-0.464706
-0.409804
-0.013725
-0.390196
-0.362745
-0.001961
0.107843
0.170588
0.135294
0.107843
-0.021569
-0.366667
-0.382353
-0.366667
-0.433333
-0.409804
-0.362745
0.037255
0.139216
-0.429412
-0.441176
0.013725
0.178431
0.205882
0.111765
0.178431
0.029412
-0.441176
-0.441176
-0.366667
-0.441176
-0.500000
-0.413725
0.076471
0.174510
-0.386275
-0.209804
0.131373
0.139216
0.123529
0.162745
0.013725
-0.296078
-0.366667
-0.382353
-0.405882
-0.394118
-0.335294
0.088235
0.103922
0.158824
-0.496078
-0.264706
0.209804
0.166667
0.139216
0.221569
0.080392
-0.350980
-0.445098
-0.445098
-0.441176
-0.500000
-0.417647
0.123529
0.205882
0.233333
-0.331373
0.123529
0.150980
0.115686
0.096078
0.076471
-0.350980
-0.296078
-0.335294
-0.409804
-0.405882
-0.272549
0.119608
0.115686
0.166667
0.131373
-0.386275
0.178431
0.194118
0.111765
0.162745
0.052941
-0.374510
-0.366667
-0.347059
-0.456863
-0.484314
-0.276471
0.111765
0.166667
0.162745
0.135294
0.276471
0.033333
-0.276471
-0.362745
-0.394118
-0.358824
-0.421569
0.147059
0.276471
0.319608
0.303922
0.288235
0.343137
0.221569
-0.327451
-0.378431
0.343137
0.025490
-0.362745
-0.429412
-0.386275
-0.492157
-0.476471
0.190196
0.358824
0.311765
0.280392
0.354902
0.421569
0.276471
-0.386275
-0.468627
0.233333
-0.256863
-0.276471
-0.374510
-0.378431
-0.417647
0.037255
0.276471
0.280392
0.252941
0.249020
0.288235
0.209804
-0.347059
-0.350980
-0.409804
0.272549
-0.307843
-0.386275
-0.366667
-0.476471
-0.500000
0.049020
0.331373
0.292157
0.252941
0.311765
0.386275
0.237255
-0.319608
-0.405882
-0.437255
-0.174510
-0.327451
-0.350980
-0.413725
-0.382353
-0.107843
0.272549
0.264706
0.256863
0.233333
0.300000
0.205882
-0.347059
-0.382353
-0.390196
-0.362745
-0.154902
-0.401961
-0.335294
-0.417647
-0.492157
-0.170588
0.335294
0.358824
0.233333
0.280392
0.362745
0.205882
-0.409804
-0.441176
-0.429412
-0.358824
-0.366667
-0.284314
-0.327451
-0.413725
-0.335294
0.221569
0.221569
0.205882
0.276471
0.245098
0.150980
-0.362745
-0.358824
-0.413725
-0.390196
-0.417647
-0.429412
-0.319608
-0.264706
-0.500000
-0.374510
0.249020
0.284314
0.158824
0.264706
0.315686
0.198039
-0.433333
-0.413725
-0.433333
-0.382353
-0.500000
-0.390196
-0.319608
-0.272549
-0.350980
0.088235
0.147059
0.205882
0.178431
0.147059
0.092157
-0.401961
-0.378431
-0.405882
-0.366667
-0.401961
-0.362745
-0.464706
-0.303922
-0.335294
-0.405882
0.139216
0.205882
0.194118
0.158824
0.233333
0.092157
-0.492157
-0.460784
-0.409804
-0.409804
-0.449020
-0.449020
-0.394118
-0.339216
-0.272549
-0.088235
0.052941
0.147059
0.143137
0.143137
0.052941
-0.366667
-0.382353
-0.401961
-0.429412
-0.409804
-0.417647
-0.103922
-0.405882
-0.366667
-0.303922
-0.049020
0.170588
0.143137
0.107843
0.201961
0.080392
-0.437255
-0.464706
-0.405882
-0.441176
-0.496078
-0.492157
-0.139216
-0.386275
-0.300000
-0.103922
-0.033333
0.103922
0.115686
0.182353
0.029412
-0.366667
-0.390196
-0.366667
-0.413725
-0.386275
-0.441176
0.013725
0.139216
-0.417647
-0.362745
-0.150980
0.052941
0.143137
0.111765
0.229412
0.096078
-0.413725
-0.468627
-0.433333
-0.464706
-0.464706
-0.476471
-0.001961
0.209804
-0.362745
-0.103922
0.029412
0.029412
0.060784
0.119608
0.096078
-0.386275
-0.378431
-0.386275
-0.421569
-0.378431
-0.390196
0.084314
0.147059
0.174510
-0.456863
-0.174510
0.080392
0.021569
0.049020
0.198039
0.068627
-0.449020
-0.464706
-0.382353
-0.460784
-0.472549
-0.409804
0.096078
0.198039
0.174510
0.276471
0.303922
0.182353
-0.386275
-0.386275
-0.390196
-0.405882
-0.437255
0.088235
0.245098
0.300000
0.319608
0.288235
0.307843
0.284314
-0.135294
0.264706
0.398039
0.123529
-0.456863
-0.468627
-0.394118
-0.472549
-0.484314
0.119608
0.303922
0.292157
0.280392
0.307843
0.394118
0.339216
-0.186275
0.303922
0.252941
-0.307843
-0.394118
-0.390196
-0.421569
-0.405882
-0.021569
0.233333
0.260784
0.272549
0.284314
0.300000
0.272549
-0.190196
-0.378431
0.343137
0.311765
-0.405882
-0.464706
-0.390196
-0.488235
-0.417647
-0.049020
0.307843
0.307843
0.260784
0.311765
0.374510
0.327451
-0.186275
-0.429412
0.252941
-0.162745
-0.405882
-0.405882
-0.405882
-0.405882
-0.190196
0.256863
0.252941
0.288235
0.237255
0.252941
0.280392
-0.256863
-0.417647
-0.409804
0.292157
-0.115686
-0.476471
-0.382353
-0.409804
-0.476471
-0.221569
0.307843
0.347059
0.272549
0.249020
0.335294
0.319608
-0.284314
-0.460784
-0.464706
0.025490
-0.405882
-0.390196
-0.417647
-0.437255
-0.394118
0.209804
0.201961
0.237255
0.256863
0.249020
0.229412
-0.264706
-0.362745
-0.378431
-0.390196
0.029412
-0.433333
-0.401961
-0.409804
-0.472549
-0.417647
0.229412
0.288235
0.217647
0.249020
0.315686
0.280392
-0.307843
-0.441176
-0.456863
-0.401961
-0.366667
-0.401961
-0.394118
-0.394118
-0.394118
0.150980
0.205882
0.158824
0.198039
0.178431
0.166667
-0.347059
-0.339216
-0.390196
-0.405882
-0.421569
-0.441176
-0.456863
-0.386275
-0.476471
-0.429412
0.182353
0.256863
0.174510
0.194118
0.264706
0.194118
-0.401961
-0.437255
-0.421569
-0.460784
-0.445098
-0.409804
-0.390196
-0.405882
-0.386275
0.029412
0.107843
0.123529
0.174510
0.178431
0.147059
-0.311765
-0.358824
-0.429412
-0.409804
-0.401961
-0.409804
-0.468627
-0.347059
-0.417647
-0.417647
0.037255
0.229412
0.150980
0.135294
0.233333
0.182353
-0.382353
-0.394118
-0.421569
-0.390196
-0.433333
-0.456863
-0.386275
-0.394118
-0.366667
-0.052941
0.052941
0.147059
0.096078
0.162745
0.143137
-0.358824
-0.394118
-0.362745
-0.394118
-0.390196
-0.401961
-0.300000
-0.374510
-0.405882
-0.456863
-0.107843
0.150980
0.135294
0.092157
0.174510
0.201961
-0.378431
-0.429412
-0.417647
-0.413725
-0.456863
-0.476471
-0.331373
-0.386275
-0.401961
-0.198039
0.139216
0.147059
0.123529
0.119608
0.119608
-0.323529
-0.374510
-0.405882
-0.405882
-0.413725
-0.382353
-0.115686
0.150980
-0.417647
-0.460784
-0.217647
0.158824
0.158824
0.092157
0.147059
0.135294
-0.378431
-0.437255
-0.429412
-0.433333
-0.456863
-0.437255
-0.143137
0.198039
0.288235
0.249020
0.315686
0.170588
-0.382353
-0.378431
-0.409804
-0.417647
-0.417647
-0.029412
0.245098
0.256863
0.225490
0.233333
0.272549
0.252941
0.303922
0.311765
0.421569
0.194118
-0.468627
-0.421569
-0.390196
-0.500000
-0.468627
0.005882
0.343137
0.276471
0.205882
0.233333
0.358824
0.354902
0.292157
0.303922
0.260784
-0.331373
-0.362745
-0.366667
-0.378431
-0.390196
-0.115686
0.272549
0.264706
0.264706
0.237255
0.194118
0.249020
0.009804
0.237255
0.394118
0.311765
-0.378431
-0.445098
-0.386275
-0.449020
-0.449020
-0.139216
0.358824
0.343137
0.245098
0.252941
0.303922
0.319608
0.037255
0.249020
0.319608
-0.217647
-0.362745
-0.413725
-0.421569
-0.401961
-0.245098
0.300000
0.256863
0.284314
0.249020
0.201961
0.221569
-0.096078
-0.401961
0.284314
0.382353
-0.229412
-0.441176
-0.386275
-0.417647
-0.456863
-0.280392
0.374510
0.327451
0.276471
0.237255
0.276471
0.303922
-0.060784
-0.456863
0.194118
-0.025490
-0.382353
-0.417647
-0.421569
-0.390196
-0.409804
0.229412
0.217647
0.249020
0.225490
0.221569
0.217647
-0.033333
-0.417647
-0.405882
0.205882
-0.021569
-0.445098
-0.449020
-0.437255
-0.468627
-0.437255
0.256863
0.300000
0.245098
0.252941
0.319608
0.249020
-0.076471
-0.492157
-0.492157
0.143137
-0.390196
-0.378431
-0.441176
-0.378431
-0.413725
0.190196
0.201961
0.178431
0.190196
0.198039
0.162745
-0.170588
-0.311765
-0.347059
-0.401961
0.147059
-0.472549
-0.468627
-0.441176
-0.464706
-0.433333
0.198039
0.256863
0.162745
0.205882
0.280392
0.233333
-0.170588
-0.390196
-0.417647
-0.433333
-0.323529
-0.386275
-0.366667
-0.405882
-0.374510
0.076471
0.088235
0.115686
0.143137
0.198039
0.143137
-0.241176
-0.256863
-0.323529
-0.401961
-0.394118
-0.394118
-0.476471
-0.421569
-0.441176
-0.437255
0.103922
0.170588
0.123529
0.107843
0.264706
0.198039
-0.256863
-0.327451
-0.335294
-0.386275
-0.401961
-0.386275
-0.386275
-0.421569
-0.409804
-0.060784
0.092157
0.147059
0.096078
0.158824
0.158824
-0.323529
-0.347059
-0.296078
-0.307843
-0.417647
-0.417647
-0.417647
-0.429412
-0.484314
-0.437255
-0.088235
0.170588
0.147059
0.111765
0.194118
0.182353
-0.354902
-0.401961
-0.331373
-0.319608
-0.484314
-0.500000
-0.405882
-0.405882
-0.413725
-0.162745
0.143137
0.147059
0.147059
0.147059
0.143137
-0.323529
-0.335294
-0.390196
-0.300000
-0.323529
-0.390196
-0.323529
-0.437255
-0.468627
-0.472549
-0.131373
0.158824
0.147059
0.092157
0.201961
0.166667
-0.358824
-0.429412
-0.405882
-0.323529
-0.390196
-0.472549
-0.335294
0.264706
0.292157
0.300000
0.284314
0.084314
-0.382353
-0.303922
-0.307843
-0.386275
-0.409804
-0.131373
0.249020
0.288235
0.319608
0.260784
0.303922
0.370588
0.307843
0.288235
0.417647
0.088235
-0.437255
-0.358824
-0.268627
-0.456863
-0.449020
-0.174510
0.307843
0.335294
0.284314
0.264706
0.382353
0.292157
0.292157
0.311765
0.225490
-0.429412
-0.409804
-0.331373
-0.327451
-0.350980
-0.256863
0.229412
0.319608
0.315686
0.288235
0.272549
0.300000
0.307843
0.260784
0.398039
0.249020
-0.456863
-0.468627
-0.300000
-0.354902
-0.437255
-0.237255
0.272549
0.366667
0.292157
0.225490
0.362745
0.366667
0.245098
0.276471
0.264706
-0.319608
-0.390196
-0.456863
-0.354902
-0.335294
-0.284314
0.217647
0.249020
0.307843
0.264706
0.249020
0.276471
0.123529
0.229412
0.264706
0.300000
-0.390196
-0.472549
-0.413725
-0.335294
-0.401961
-0.319608
0.280392
0.354902
0.260784
0.229412
0.339216
0.354902
0.135294
0.174510
0.174510
-0.131373
-0.362745
-0.429412
-0.413725
-0.331373
-0.272549
0.162745
0.198039
0.245098
0.229412
0.225490
0.225490
0.021569
-0.382353
0.182353
0.272549
-0.158824
-0.464706
-0.445098
-0.413725
-0.417647
-0.327451
0.209804
0.264706
0.237255
0.249020
0.284314
0.280392
0.068627
-0.460784
0.135294
0.029412
-0.401961
-0.394118
-0.421569
-0.401961
-0.319608
0.131373
0.139216
0.123529
0.170588
0.194118
0.178431
-0.131373
-0.382353
-0.378431
0.209804
0.013725
-0.441176
-0.417647
-0.449020
-0.472549
-0.362745
0.162745
0.221569
0.135294
0.174510
0.256863
0.252941
-0.131373
-0.421569
-0.413725
0.068627
-0.390196
-0.417647
-0.394118
-0.362745
-0.366667
0.131373
0.060784
0.052941
0.150980
0.178431
0.178431
-0.217647
-0.339216
-0.386275
-0.421569
0.068627
-0.417647
-0.456863
-0.401961
-0.445098
-0.421569
0.150980
0.178431
0.064706
0.143137
0.276471
0.190196
-0.221569
-0.417647
-0.456863
-0.390196
-0.303922
-0.413725
-0.378431
-0.394118
-0.386275
0.025490
0.080392
0.103922
0.041176
0.143137
0.123529
-0.276471
-0.413725
-0.382353
-0.350980
-0.429412
-0.362745
-0.500000
-0.378431
-0.433333
-0.449020
0.009804
0.178431
0.096078
0.033333
0.170588
0.135294
-0.327451
-0.449020
-0.456863
-0.374510
-0.445098
-0.378431
-0.382353
-0.382353
-0.401961
-0.080392
0.131373
0.103922
0.092157
0.088235
0.131373
-0.296078
-0.339216
-0.437255
-0.394118
-0.394118
-0.390196
-0.460784
-0.429412
-0.456863
-0.456863
-0.029412
0.162745
0.139216
0.052941
0.166667
0.139216
-0.350980
-0.429412
-0.441176
-0.382353
-0.413725
-0.492157
0.201961
0.256863
0.194118
0.229412
0.205882
0.115686
-0.354902
-0.366667
-0.390196
-0.378431
-0.319608
-0.245098
0.264706
0.229412
0.300000
0.303922
0.272549
0.343137
0.182353
0.201961
0.343137
0.092157
-0.433333
-0.445098
-0.358824
-0.445098
-0.409804
-0.276471
0.327451
0.339216
0.315686
0.292157
0.276471
0.252941
0.178431
0.229412
0.209804
-0.405882
-0.394118
-0.382353
-0.374510
-0.374510
-0.300000
0.288235
0.292157
0.245098
0.256863
0.331373
0.335294
0.256863
0.194118
0.311765
0.221569
-0.464706
-0.476471
-0.339216
-0.386275
-0.464706
-0.335294
0.327451
0.398039
0.280392
0.260784
0.335294
0.237255
0.205882
0.225490
0.182353
-0.339216
-0.394118
-0.429412
-0.401961
-0.366667
-0.323529
0.249020
0.264706
0.272549
0.245098
0.252941
0.284314
0.335294
0.198039
0.225490
0.233333
-0.382353
-0.488235
-0.421569
-0.390196
-0.476471
-0.366667
0.303922
0.374510
0.233333
0.260784
0.331373
0.394118
0.166667
0.166667
0.143137
-0.135294
-0.405882
-0.378431
-0.386275
-0.401961
-0.347059
0.182353
0.225490
0.209804
0.147059
0.225490
0.249020
0.233333
0.143137
0.190196
0.221569
-0.111765
-0.484314
-0.378431
-0.401961
-0.500000
-0.382353
0.249020
0.284314
0.205882
0.147059
0.252941
0.354902
0.303922
0.166667
0.107843
-0.025490
-0.358824
-0.394118
-0.413725
-0.417647
-0.382353
0.096078
0.150980
0.131373
0.111765
0.119608
0.115686
0.076471
-0.366667
0.135294
0.209804
-0.029412
-0.366667
-0.417647
-0.441176
-0.496078
-0.433333
0.143137
0.260784
0.150980
0.107843
0.150980
0.182353
0.103922
-0.413725
0.170588
0.060784
-0.307843
-0.339216
-0.417647
-0.366667
-0.401961
0.115686
0.103922
0.135294
0.150980
0.092157
0.158824
-0.049020
-0.401961
-0.374510
0.205882
0.084314
-0.300000
-0.378431
-0.413725
-0.476471
-0.484314
0.143137
0.170588
0.147059
0.158824
0.178431
0.194118
-0.021569
-0.460784
-0.456863
0.092157
-0.327451
-0.284314
-0.284314
-0.405882
-0.421569
0.021569
0.092157
0.103922
0.119608
0.143137
0.119608
-0.217647
-0.374510
-0.413725
-0.413725
0.131373
-0.362745
-0.358824
-0.307843
-0.441176
-0.484314
0.025490
0.147059
0.115686
0.107843
0.190196
0.131373
-0.245098
-0.468627
-0.500000
-0.382353
-0.249020
-0.354902
-0.323529
-0.382353
-0.390196
-0.041176
0.080392
0.096078
0.135294
0.139216
0.088235
-0.280392
-0.386275
-0.394118
-0.390196
-0.394118
-0.303922
-0.390196
-0.327451
-0.394118
-0.456863
-0.005882
0.115686
0.096078
0.119608
0.194118
0.119608
-0.323529
-0.464706
-0.484314
-0.401961
-0.401961
-0.405882
0.280392
0.252941
0.256863
0.264706
0.276471
0.150980
-0.390196
-0.386275
-0.394118
-0.362745
-0.358824
-0.323529
0.237255
0.256863
0.229412
-0.488235
0.311765
0.374510
0.217647
0.276471
0.386275
0.147059
-0.456863
-0.433333
-0.390196
-0.421569
-0.468627
-0.354902
0.288235
0.354902
0.264706
-0.045098
0.256863
0.276471
0.303922
0.256863
0.252941
-0.374510
-0.417647
-0.366667
-0.413725
-0.401961
-0.358824
0.284314
0.292157
0.284314
0.190196
-0.045098
0.339216
0.272549
0.252941
0.354902
0.272549
-0.456863
-0.456863
-0.378431
-0.413725
-0.484314
-0.350980
0.366667
0.398039
0.315686
0.178431
0.209804
0.252941
0.233333
0.249020
0.249020
-0.296078
-0.409804
-0.429412
-0.390196
-0.401961
-0.335294
0.233333
0.260784
0.280392
0.292157
0.229412
0.256863
0.319608
0.225490
0.303922
0.260784
-0.366667
-0.492157
-0.394118
-0.409804
-0.500000
-0.429412
0.280392
0.366667
0.284314
0.280392
0.249020
0.150980
0.162745
0.147059
0.143137
-0.158824
-0.405882
-0.394118
-0.413725
-0.421569
-0.382353
0.174510
0.201961
0.209804
0.201961
0.205882
0.225490
0.209804
0.135294
0.194118
0.201961
-0.209804
-0.441176
-0.386275
-0.405882
-0.500000
-0.413725
0.217647
0.300000
0.221569
0.194118
0.256863
0.300000
0.119608
0.147059
0.143137
-0.084314
-0.335294
-0.394118
-0.433333
-0.405882
-0.437255
0.068627
0.135294
0.150980
0.162745
0.158824
0.162745
0.115686
0.170588
0.174510
0.221569
-0.096078
-0.390196
-0.409804
-0.445098
-0.488235
-0.456863
0.115686
0.252941
0.190196
0.135294
0.166667
0.280392
0.194118
0.162745
0.135294
0.049020
-0.374510
-0.390196
-0.421569
-0.441176
-0.409804
0.056863
0.123529
0.170588
0.162745
0.178431
0.182353
0.096078
-0.347059
0.139216
0.201961
0.068627
-0.421569
-0.437255
-0.472549
-0.500000
-0.492157
0.080392
0.182353
0.170588
0.135294
0.225490
0.249020
0.115686
-0.386275
0.115686
0.056863
-0.394118
-0.429412
-0.386275
-0.394118
-0.394118
-0.025490
0.096078
0.115686
0.194118
0.217647
0.190196
-0.056863
-0.350980
-0.362745
0.182353
0.131373
-0.492157
-0.472549
-0.386275
-0.468627
-0.492157
-0.005882
0.111765
0.147059
0.166667
0.292157
0.217647
-0.056863
-0.437255
-0.464706
0.143137
-0.331373
-0.394118
-0.394118
-0.413725
-0.405882
-0.025490
0.076471
0.076471
0.119608
0.139216
0.139216
-0.154902
-0.409804
-0.374510
-0.413725
0.150980
-0.401961
-0.464706
-0.394118
-0.464706
-0.496078
-0.029412
0.115686
0.088235
0.107843
0.225490
0.182353
-0.162745
-0.433333
-0.476471
-0.437255
-0.409804
-0.413725
0.272549
0.303922
0.245098
0.245098
0.264706
0.174510
-0.374510
-0.405882
-0.311765
-0.272549
-0.390196
-0.378431
0.084314
0.198039
-0.500000
-0.401961
0.292157
0.394118
0.198039
0.249020
0.386275
0.147059
-0.445098
-0.445098
-0.307843
-0.303922
-0.468627
-0.445098
0.103922
0.272549
-0.405882
0.076471
0.256863
0.276471
0.276471
0.229412
0.237255
-0.390196
-0.386275
-0.358824
-0.331373
-0.276471
-0.378431
0.107843
0.194118
0.252941
-0.476471
0.068627
0.394118
0.256863
0.256863
0.331373
0.272549
-0.476471
-0.476471
-0.374510
-0.284314
-0.405882
-0.456863
0.150980
0.315686
0.292157
-0.303922
0.221569
0.237255
0.217647
0.194118
0.233333
-0.307843
-0.394118
-0.449020
-0.405882
-0.327451
-0.307843
0.068627
0.221569
0.229412
0.237255
-0.307843
0.276471
0.264706
0.209804
0.272549
0.276471
-0.366667
-0.500000
-0.394118
-0.417647
-0.437255
-0.378431
0.111765
0.292157
0.303922
0.198039
0.147059
0.170588
0.111765
0.092157
0.096078
-0.241176
-0.394118
-0.409804
-0.386275
-0.382353
-0.362745
0.123529
0.080392
0.174510
0.190196
0.194118
0.158824
0.205882
0.084314
0.150980
0.166667
-0.284314
-0.468627
-0.413725
-0.401961
-0.500000
-0.401961
0.135294
0.178431
0.237255
0.139216
0.178431
0.103922
0.111765
0.111765
0.103922
-0.139216
-0.350980
-0.390196
-0.413725
-0.382353
-0.421569
0.076471
0.088235
0.119608
0.178431
0.182353
0.064706
0.166667
0.096078
0.131373
0.143137
-0.158824
-0.413725
-0.386275
-0.394118
-0.464706
-0.441176
0.107843
0.182353
0.139216
0.139216
0.166667
0.178431
0.162745
0.135294
0.049020
-0.135294
-0.390196
-0.394118
-0.433333
-0.429412
-0.421569
0.025490
0.158824
0.107843
0.143137
0.174510
0.135294
0.182353
0.150980
0.080392
0.103922
-0.162745
-0.441176
-0.429412
-0.409804
-0.500000
-0.460784
0.076471
0.201961
0.139216
0.107843
0.162745
0.209804
0.147059
0.143137
0.096078
-0.084314
-0.456863
-0.437255
-0.421569
-0.413725
-0.366667
-0.001961
0.123529
0.143137
0.107843
0.119608
0.131373
0.103922
-0.350980
0.119608
0.139216
-0.060784
-0.500000
-0.484314
-0.394118
-0.496078
-0.460784
-0.005882
0.158824
0.147059
0.111765
0.174510
0.174510
0.143137
-0.405882
0.162745
0.060784
-0.382353
-0.413725
-0.401961
-0.413725
-0.405882
-0.017647
0.088235
0.111765
0.115686
0.111765
0.103922
0.037255
-0.378431
-0.374510
0.174510
0.060784
-0.437255
-0.449020
-0.409804
-0.456863
-0.472549
0.001961
0.131373
0.131373
0.096078
0.221569
0.147059
0.037255
-0.405882
-0.472549
-0.405882
-0.401961
-0.378431
0.272549
0.272549
0.252941
0.229412
0.256863
0.178431
-0.366667
-0.386275
-0.386275
-0.358824
-0.409804
-0.366667
-0.107843
-0.362745
-0.500000
-0.378431
0.331373
0.370588
0.221569
0.225490
0.386275
0.158824
-0.429412
-0.456863
-0.366667
-0.362745
-0.492157
-0.437255
-0.127451
-0.417647
-0.401961
0.166667
0.288235
0.252941
0.201961
0.245098
0.229412
-0.358824
-0.366667
-0.366667
-0.386275
-0.382353
-0.401961
-0.029412
0.256863
-0.472549
-0.437255
0.178431
0.374510
0.260784
0.217647
0.331373
0.249020
-0.441176
-0.500000
-0.417647
-0.362745
-0.500000
-0.456863
-0.056863
0.339216
-0.394118
-0.198039
0.245098
0.237255
0.300000
0.198039
0.233333
-0.323529
-0.405882
-0.409804
-0.441176
-0.366667
-0.405882
-0.060784
0.260784
0.284314
-0.488235
-0.201961
0.300000
0.276471
0.252941
0.280392
0.237255
-0.382353
-0.492157
-0.350980
-0.413725
-0.468627
-0.445098
-0.017647
0.300000
0.386275
-0.382353
0.205882
0.190196
0.162745
0.162745
0.150980
-0.194118
-0.374510
-0.401961
-0.358824
-0.390196
-0.409804
-0.068627
0.178431
0.233333
0.233333
-0.409804
0.217647
0.221569
0.131373
0.221569
0.194118
-0.213725
-0.437255
-0.409804
-0.386275
-0.484314
-0.468627
-0.052941
0.264706
0.300000
0.205882
0.021569
0.170588
0.147059
0.131373
0.158824
-0.158824
-0.331373
-0.378431
-0.409804
-0.390196
-0.382353
-0.056863
0.056863
0.135294
0.209804
0.166667
0.056863
0.217647
0.107843
0.158824
0.217647
-0.162745
-0.366667
-0.358824
-0.394118
-0.476471
-0.456863
-0.049020
0.139216
0.178431
0.198039
0.162745
0.147059
0.170588
0.135294
0.111765
-0.076471
-0.358824
-0.319608
-0.378431
-0.409804
-0.405882
-0.045098
0.068627
0.064706
0.139216
0.143137
0.135294
0.162745
0.096078
0.088235
0.174510
-0.127451
-0.362745
-0.386275
-0.350980
-0.464706
-0.421569
-0.029412
0.131373
0.119608
0.119608
0.174510
0.166667
0.064706
0.143137
0.115686
-0.056863
-0.401961
-0.386275
-0.347059
-0.284314
-0.405882
0.025490
0.092157
0.092157
0.056863
0.166667
0.139216
0.119608
0.107843
0.084314
0.205882
-0.045098
-0.445098
-0.413725
-0.323529
-0.362745
-0.476471
0.009804
0.139216
0.076471
0.060784
0.182353
0.237255
0.162745
0.111765
0.182353
0.107843
-0.409804
-0.362745
-0.366667
-0.354902
-0.327451
-0.056863
0.119608
0.088235
0.056863
0.088235
0.139216
0.096078
-0.300000
0.107843
0.178431
0.111765
-0.464706
-0.401961
-0.382353
-0.354902
-0.382353
-0.001961
0.182353
0.084314
-0.001961
0.131373
0.201961
0.131373
-0.331373
-0.284314
-0.323529
-0.405882
-0.374510
0.256863
0.292157
0.303922
0.260784
0.229412
0.256863
-0.386275
-0.378431
-0.401961
-0.441176
-0.378431
-0.378431
-0.331373
-0.300000
-0.500000
-0.429412
0.335294
0.390196
0.311765
0.276471
0.311765
0.264706
-0.421569
-0.492157
-0.437255
-0.429412
-0.405882
-0.429412
-0.284314
-0.311765
-0.433333
0.178431
0.237255
0.327451
0.284314
0.280392
0.237255
-0.354902
-0.405882
-0.378431
-0.394118
-0.386275
-0.378431
-0.217647
-0.292157
-0.366667
-0.456863
0.217647
0.354902
0.315686
0.303922
0.362745
0.276471
-0.441176
-0.496078
-0.449020
-0.394118
-0.460784
-0.472549
-0.194118
-0.323529
-0.323529
-0.084314
0.190196
0.256863
0.292157
0.245098
0.288235
-0.335294
-0.374510
-0.362745
-0.417647
-0.405882
-0.366667
-0.170588
0.272549
-0.280392
-0.374510
-0.056863
0.252941
0.300000
0.264706
0.303922
0.288235
-0.417647
-0.456863
-0.417647
-0.456863
-0.472549
-0.445098
-0.166667
0.382353
-0.323529
-0.249020
0.107843
0.158824
0.150980
0.217647
0.182353
-0.268627
-0.405882
-0.417647
-0.401961
-0.401961
-0.405882
-0.213725
0.245098
0.221569
-0.362745
-0.245098
0.182353
0.256863
0.170588
0.284314
0.233333
-0.319608
-0.468627
-0.468627
-0.417647
-0.500000
-0.445098
-0.221569
0.311765
0.343137
-0.300000
0.060784
0.111765
0.170588
0.182353
0.135294
-0.221569
-0.358824
-0.401961
-0.378431
-0.417647
-0.350980
-0.115686
0.190196
0.170588
0.198039
-0.311765
0.143137
0.174510
0.209804
0.245098
0.190196
-0.237255
-0.445098
-0.413725
-0.378431
-0.488235
-0.409804
-0.143137
0.233333
0.233333
0.217647
0.013725
0.139216
0.115686
0.115686
0.123529
-0.139216
-0.354902
-0.358824
-0.327451
-0.409804
-0.374510
-0.100000
0.174510
0.147059
0.198039
0.182353
0.029412
0.217647
0.103922
0.135294
0.178431
-0.127451
-0.409804
-0.378431
-0.339216
-0.496078
-0.417647
-0.115686
0.198039
0.252941
0.190196
0.103922
0.119608
0.080392
0.064706
0.150980
-0.096078
-0.401961
-0.429412
-0.390196
-0.366667
-0.374510
-0.025490
0.084314
0.147059
0.096078
0.158824
0.217647
0.225490
0.084314
0.076471
0.162745
-0.080392
-0.449020
-0.464706
-0.374510
-0.437255
-0.429412
-0.021569
0.143137
0.198039
0.092157
0.166667
0.256863
0.103922
0.107843
0.092157
-0.029412
-0.374510
-0.409804
-0.378431
-0.437255
-0.413725
-0.021569
0.150980
0.111765
0.111765
0.135294
0.166667
0.150980
0.162745
0.135294
0.170588
-0.029412
-0.421569
-0.441176
-0.409804
-0.496078
-0.429412
-0.021569
0.182353
0.131373
0.139216
0.147059
0.201961
0.174510
-0.413725
-0.413725
-0.366667
-0.417647
-0.358824
0.264706
0.288235
0.339216
0.292157
0.280392
0.292157
-0.335294
-0.374510
-0.378431
-0.354902
-0.311765
-0.488235
-0.421569
-0.378431
-0.500000
-0.366667
0.335294
0.401961
0.307843
0.311765
0.362745
0.311765
-0.358824
-0.445098
-0.378431
-0.358824
-0.331373
-0.413725
-0.413725
-0.386275
-0.433333
0.205882
0.233333
0.335294
0.307843
0.315686
0.311765
-0.307843
-0.331373
-0.390196
-0.409804
-0.323529
-0.272549
-0.468627
-0.362745
-0.492157
-0.460784
0.260784
0.374510
0.331373
0.319608
0.394118
0.311765
-0.382353
-0.417647
-0.405882
-0.382353
-0.401961
-0.409804
-0.382353
-0.366667
-0.374510
-0.049020
0.217647
0.264706
0.331373
0.272549
0.319608
-0.284314
-0.354902
-0.331373
-0.374510
-0.405882
-0.382353
-0.296078
-0.366667
-0.421569
-0.421569
0.052941
0.284314
0.300000
0.311765
0.339216
0.347059
-0.335294
-0.449020
-0.417647
-0.401961
-0.484314
-0.492157
-0.280392
-0.405882
-0.417647
-0.241176
0.115686
0.182353
0.201961
0.221569
0.245098
-0.182353
-0.366667
-0.386275
-0.449020
-0.378431
-0.366667
-0.331373
0.198039
-0.417647
-0.449020
-0.209804
0.143137
0.237255
0.178431
0.272549
0.272549
-0.256863
-0.437255
-0.429412
-0.421569
-0.460784
-0.437255
-0.358824
0.229412
-0.390196
-0.347059
0.092157
0.107843
0.150980
0.170588
0.166667
-0.201961
-0.354902
-0.394118
-0.401961
-0.421569
-0.405882
-0.252941
0.158824
0.147059
-0.460784
-0.347059
0.170588
0.178431
0.158824
0.233333
0.198039
-0.217647
-0.456863
-0.456863
-0.394118
-0.496078
-0.445098
-0.296078
0.190196
0.194118
-0.421569
0.068627
0.056863
0.088235
0.092157
0.143137
-0.150980
-0.350980
-0.382353
-0.386275
-0.417647
-0.390196
-0.256863
0.174510
0.135294
0.162745
-0.405882
0.041176
0.139216
0.041176
0.123529
0.205882
-0.186275
-0.433333
-0.401961
-0.394118
-0.456863
-0.409804
-0.268627
0.201961
0.217647
0.178431
-0.107843
0.092157
0.041176
0.033333
0.115686
-0.088235
-0.413725
-0.421569
-0.394118
-0.374510
-0.421569
-0.111765
0.103922
0.135294
0.178431
0.162745
-0.080392
0.162745
0.013725
0.021569
0.158824
-0.123529
-0.456863
-0.464706
-0.390196
-0.472549
-0.496078
-0.100000
0.170588
0.221569
0.162745
0.158824
0.092157
0.080392
0.029412
0.005882
-0.084314
-0.401961
-0.413725
-0.386275
-0.413725
-0.437255
-0.056863
0.111765
0.115686
0.123529
0.088235
0.166667
0.178431
0.107843
0.037255
0.092157
-0.060784
-0.464706
-0.472549
-0.417647
-0.500000
-0.496078
-0.056863
0.158824
0.158824
0.143137
0.111765
0.237255
-0.029412
-0.405882
-0.413725
-0.374510
-0.417647
-0.378431
0.249020
0.276471
0.303922
0.209804
0.303922
0.276471
-0.166667
-0.405882
-0.429412
-0.413725
0.021569
-0.437255
-0.449020
-0.417647
-0.488235
-0.413725
0.252941
0.343137
0.362745
0.264706
0.382353
0.335294
-0.158824
-0.409804
-0.456863
-0.437255
-0.394118
-0.378431
-0.413725
-0.386275
-0.401961
0.190196
0.307843
0.303922
0.245098
0.300000
0.260784
-0.123529
-0.354902
-0.382353
-0.382353
-0.437255
-0.437255
-0.460784
-0.413725
-0.500000
-0.488235
0.221569
0.358824
0.327451
0.331373
0.425490
0.303922
-0.041176
-0.417647
-0.460784
-0.421569
-0.476471
-0.362745
-0.401961
-0.417647
-0.378431
0.060784
0.252941
0.249020
0.272549
0.315686
0.288235
-0.135294
-0.280392
-0.327451
-0.401961
-0.409804
-0.409804
-0.460784
-0.449020
-0.492157
-0.488235
0.005882
0.256863
0.284314
0.276471
0.437255
0.347059
-0.076471
-0.307843
-0.394118
-0.441176
-0.492157
-0.500000
-0.413725
-0.394118
-0.433333
-0.174510
0.147059
0.209804
0.174510
0.229412
0.237255
-0.123529
-0.276471
-0.323529
-0.409804
-0.405882
-0.413725
-0.405882
-0.456863
-0.456863
-0.500000
-0.249020
0.111765
0.221569
0.205882
0.319608
0.249020
-0.084314
-0.300000
-0.339216
-0.421569
-0.441176
-0.500000
-0.500000
-0.413725
-0.401961
-0.335294
0.111765
0.194118
0.170588
0.166667
0.198039
-0.143137
-0.386275
-0.358824
-0.319608
-0.339216
-0.354902
-0.354902
0.029412
-0.468627
-0.500000
-0.429412
0.135294
0.217647
0.217647
0.272549
0.229412
-0.127451
-0.413725
-0.374510
-0.347059
-0.413725
-0.496078
-0.433333
-0.021569
-0.382353
-0.401961
0.111765
0.131373
0.139216
0.143137
0.150980
-0.154902
-0.405882
-0.386275
-0.327451
-0.319608
-0.300000
-0.347059
0.068627
0.158824
-0.484314
-0.492157
0.080392
0.111765
0.166667
0.217647
0.209804
-0.115686
-0.441176
-0.429412
-0.390196
-0.405882
-0.429412
-0.429412
0.049020
0.194118
-0.409804
-0.045098
0.111765
0.064706
0.111765
0.131373
-0.072549
-0.390196
-0.390196
-0.405882
-0.382353
-0.327451
-0.221569
0.096078
0.135294
0.115686
-0.476471
-0.056863
0.166667
0.096078
0.162745
0.170588
-0.056863
-0.413725
-0.468627
-0.472549
-0.488235
-0.405882
-0.300000
0.064706
0.190196
0.139216
-0.182353
0.123529
0.119608
0.115686
0.080392
-0.088235
-0.382353
-0.417647
-0.386275
-0.433333
-0.405882
-0.143137
0.068627
0.060784
0.162745
0.076471
-0.256863
0.139216
0.123529
0.131373
0.150980
-0.052941
-0.405882
-0.445098
-0.476471
-0.500000
-0.484314
-0.194118
0.076471
0.096078
0.166667
0.107843
0.300000
-0.135294
-0.366667
-0.405882
-0.323529
-0.300000
-0.331373
0.280392
0.229412
0.260784
0.256863
0.303922
0.288235
-0.005882
-0.405882
-0.429412
0.370588
-0.123529
-0.390196
-0.378431
-0.366667
-0.386275
-0.394118
0.300000
0.276471
0.252941
0.229412
0.370588
0.307843
-0.021569
-0.409804
-0.433333
0.139216
-0.421569
-0.382353
-0.413725
-0.350980
-0.307843
0.174510
0.272549
0.245098
0.217647
0.272549
0.284314
-0.025490
-0.405882
-0.374510
-0.405882
0.166667
-0.472549
-0.409804
-0.409804
-0.476471
-0.339216
0.217647
0.272549
0.249020
0.260784
0.358824
0.315686
-0.029412
-0.437255
-0.421569
-0.417647
-0.319608
-0.347059
-0.374510
-0.417647
-0.390196
0.088235
0.225490
0.194118
0.252941
0.237255
0.229412
-0.096078
-0.347059
-0.378431
-0.366667
-0.401961
-0.311765
-0.409804
-0.421569
-0.460784
-0.456863
0.060784
0.245098
0.190196
0.245098
0.331373
0.311765
-0.052941
-0.394118
-0.394118
-0.405882
-0.421569
-0.366667
-0.413725
-0.429412
-0.401961
-0.143137
0.139216
0.150980
0.166667
0.194118
0.190196
-0.076471
-0.347059
-0.362745
-0.413725
-0.421569
-0.449020
-0.413725
-0.390196
-0.476471
-0.441176
-0.182353
0.111765
0.147059
0.147059
0.300000
0.229412
-0.060784
-0.350980
-0.366667
-0.409804
-0.460784
-0.500000
-0.378431
-0.429412
-0.394118
-0.311765
0.150980
0.123529
0.131373
0.150980
0.170588
-0.127451
-0.386275
-0.378431
-0.378431
-0.362745
-0.437255
-0.390196
-0.413725
-0.449020
-0.488235
-0.347059
0.162745
0.170588
0.115686
0.233333
0.209804
-0.088235
-0.394118
-0.347059
-0.386275
-0.441176
-0.500000
-0.456863
-0.413725
-0.413725
-0.378431
0.158824
0.147059
0.107843
0.064706
0.107843
-0.080392
-0.378431
-0.366667
-0.386275
-0.394118
-0.374510
-0.413725
-0.001961
-0.445098
-0.500000
-0.456863
0.150980
0.147059
0.119608
0.162745
0.131373
-0.084314
-0.401961
-0.401961
-0.417647
-0.456863
-0.484314
-0.492157
-0.025490
-0.401961
-0.362745
0.080392
0.103922
0.080392
0.092157
0.092157
-0.056863
-0.374510
-0.382353
-0.421569
-0.339216
-0.394118
-0.362745
0.049020
0.131373
-0.464706
-0.449020
0.111765
0.158824
0.131373
0.158824
0.131373
-0.068627
-0.382353
-0.437255
-0.460784
-0.429412
-0.472549
-0.394118
0.052941
0.166667
-0.401961
-0.076471
0.131373
0.111765
0.123529
0.111765
-0.088235
-0.319608
-0.335294
-0.378431
-0.394118
-0.429412
-0.319608
0.060784
0.135294
0.147059
-0.460784
-0.060784
0.147059
0.170588
0.143137
0.150980
-0.068627
-0.386275
-0.374510
-0.421569
-0.449020
-0.488235
-0.382353
0.080392
0.170588
0.123529
