0.229412
0.205882
-0.268627
-0.049020
-0.060784
0.111765
0.135294
0.111765
0.115686
-0.221569
-0.229412
-0.103922
0.201961
-0.080392
-0.013725
-0.076471
0.264706
0.194118
-0.307843
-0.033333
-0.060784
0.135294
0.209804
0.162745
0.103922
-0.280392
-0.221569
-0.166667
0.221569
-0.096078
-0.049020
-0.100000
-0.045098
0.201961
0.001961
-0.013725
-0.017647
-0.056863
0.217647
0.256863
0.111765
-0.045098
-0.005882
0.162745
0.256863
0.300000
0.272549
0.252941
-0.056863
0.237255
-0.017647
-0.052941
-0.056863
-0.056863
0.272549
0.284314
0.147059
-0.150980
0.005882
0.158824
0.303922
0.303922
0.229412
0.237255
-0.100000
0.229412
-0.103922
-0.143137
-0.005882
0.139216
0.284314
0.303922
0.272549
0.068627
0.080392
0.272549
0.272549
0.221569
0.084314
0.143137
-0.182353
0.284314
-0.068627
-0.158824
0.056863
0.123529
0.300000
0.284314
0.300000
0.001961
0.107843
0.331373
0.339216
0.280392
0.076471
0.147059
-0.135294
0.358824
-0.194118
-0.001961
0.194118
-0.107843
0.272549
0.319608
0.209804
0.041176
-0.088235
0.194118
0.362745
0.229412
0.292157
0.260784
-0.170588
0.362745
-0.182353
0.033333
0.300000
-0.096078
0.311765
0.327451
0.198039
0.025490
-0.076471
0.194118
0.401961
0.264706
0.292157
0.264706
-0.080392
0.307843
0.009804
0.276471
-0.111765
0.115686
0.311765
0.300000
0.092157
-0.100000
-0.103922
-0.045098
0.252941
0.147059
-0.076471
-0.217647
-0.049020
0.437255
-0.013725
0.249020
-0.150980
0.103922
0.343137
0.358824
0.190196
-0.123529
-0.056863
-0.017647
0.327451
0.147059
-0.088235
-0.249020
-0.084314
0.366667
0.021569
0.276471
0.307843
0.245098
0.300000
0.288235
0.256863
0.143137
0.150980
0.249020
0.311765
-0.158824
0.049020
-0.076471
-0.052941
0.464706
-0.001961
0.260784
0.386275
0.252941
0.421569
0.307843
0.335294
0.119608
0.150980
0.280392
0.362745
-0.135294
-0.017647
-0.096078
-0.052941
0.374510
-0.213725
0.037255
0.001961
0.084314
0.284314
0.307843
0.190196
-0.041176
0.052941
0.245098
0.311765
-0.170588
0.064706
0.060784
-0.060784
0.417647
-0.252941
0.076471
0.005882
0.119608
0.390196
0.339216
0.233333
-0.049020
0.060784
0.205882
0.362745
-0.182353
0.041176
0.080392
-0.052941
0.362745
-0.139216
0.280392
0.292157
0.284314
0.347059
0.343137
0.315686
0.272549
0.256863
0.315686
0.264706
-0.049020
0.170588
0.252941
-0.060784
0.429412
-0.174510
0.311765
0.284314
0.343137
0.319608
0.315686
0.284314
0.225490
0.354902
0.382353
0.339216
-0.080392
0.201961
0.252941
0.256863
0.252941
0.088235
-0.182353
-0.162745
-0.194118
0.056863
0.107843
0.225490
-0.013725
-0.190196
-0.041176
0.198039
0.249020
0.001961
-0.088235
0.252941
0.280392
0.068627
-0.190196
-0.209804
-0.256863
0.115686
0.174510
0.225490
-0.056863
-0.264706
-0.049020
0.311765
0.252941
-0.033333
-0.111765
0.170588
0.249020
0.131373
0.041176
-0.256863
0.147059
0.143137
0.194118
0.229412
-0.060784
-0.107843
-0.056863
-0.045098
0.245098
0.009804
-0.076471
0.217647
0.307843
0.111765
0.005882
-0.221569
0.143137
0.209804
0.249020
0.307843
-0.080392
-0.135294
-0.056863
0.013725
0.315686
0.013725
-0.013725
-0.115686
0.205882
0.190196
-0.217647
-0.170588
-0.182353
0.249020
0.237255
0.292157
-0.162745
0.284314
-0.139216
0.300000
0.307843
0.033333
0.131373
-0.107843
0.288235
0.201961
-0.256863
-0.158824
-0.170588
0.292157
0.307843
0.374510
-0.198039
0.374510
-0.170588
0.421569
0.362745
0.037255
0.147059
-0.358824
0.209804
0.315686
0.107843
0.209804
0.139216
0.280392
0.284314
0.303922
0.080392
-0.131373
0.080392
0.260784
0.292157
0.249020
0.178431
-0.429412
0.256863
0.315686
0.088235
0.327451
0.198039
0.409804
0.331373
0.386275
0.096078
-0.166667
0.115686
0.327451
0.288235
0.276471
0.237255
-0.366667
0.264706
0.194118
0.025490
-0.123529
-0.056863
0.201961
0.284314
0.307843
0.021569
-0.076471
0.021569
0.307843
0.300000
0.123529
0.249020
-0.468627
0.272549
0.205882
0.005882
-0.127451
-0.001961
0.217647
0.311765
0.343137
0.001961
-0.080392
0.009804
0.370588
0.331373
0.166667
0.303922
-0.374510
0.264706
0.237255
0.049020
-0.198039
0.001961
0.221569
0.311765
0.307843
-0.139216
0.280392
-0.135294
0.272549
0.331373
0.249020
0.052941
-0.433333
0.347059
0.303922
0.052941
-0.166667
0.068627
0.319608
0.390196
0.374510
-0.143137
0.347059
-0.170588
0.354902
0.327451
0.245098
0.033333
-0.378431
0.303922
0.272549
0.174510
0.256863
0.198039
0.343137
0.339216
0.343137
0.060784
0.103922
0.009804
0.068627
0.260784
-0.162745
0.143137
-0.382353
0.394118
0.284314
0.198039
0.311765
0.198039
0.370588
0.413725
0.335294
0.076471
0.041176
0.096078
0.139216
0.292157
-0.158824
0.217647
-0.405882
0.307843
0.182353
0.103922
0.201961
0.182353
0.264706
0.339216
0.335294
-0.127451
-0.029412
-0.049020
0.292157
0.229412
-0.194118
-0.284314
-0.429412
0.409804
0.201961
0.123529
0.252941
0.249020
0.339216
0.390196
0.358824
-0.150980
-0.076471
-0.021569
0.358824
0.276471
-0.213725
-0.303922
0.221569
0.264706
0.201961
-0.068627
-0.194118
-0.194118
-0.323529
0.178431
0.170588
0.174510
-0.221569
-0.096078
0.049020
0.256863
0.111765
0.143137
0.233333
0.256863
0.229412
-0.123529
-0.252941
-0.229412
-0.354902
0.166667
0.150980
0.233333
-0.225490
-0.096078
0.021569
0.335294
0.123529
0.178431
0.178431
0.170588
0.198039
0.060784
0.041176
0.049020
0.076471
0.221569
0.237255
0.256863
-0.115686
0.049020
-0.001961
0.249020
0.284314
0.119608
0.217647
0.205882
0.225490
0.013725
0.080392
0.084314
0.103922
0.252941
0.229412
0.307843
-0.158824
0.049020
-0.033333
0.256863
0.280392
0.029412
0.205882
0.198039
0.217647
-0.158824
-0.056863
-0.154902
0.013725
0.272549
0.280392
0.319608
0.147059
0.147059
0.205882
0.264706
0.143137
0.025490
0.260784
0.249020
0.288235
-0.201961
-0.033333
-0.292157
-0.017647
0.331373
0.315686
0.303922
0.139216
0.107843
0.209804
0.311765
0.107843
-0.001961
0.056863
0.076471
0.303922
-0.154902
0.107843
-0.131373
0.162745
0.303922
0.300000
0.292157
-0.143137
-0.017647
-0.107843
0.150980
0.119608
-0.025490
0.029412
0.076471
0.417647
-0.154902
0.107843
-0.139216
0.201961
0.398039
0.331373
0.382353
-0.221569
-0.049020
-0.182353
0.170588
0.084314
-0.045098
-0.327451
-0.272549
0.347059
0.229412
0.080392
0.170588
0.080392
0.300000
0.311765
0.276471
-0.158824
0.041176
0.052941
0.264706
0.303922
0.303922
-0.445098
-0.323529
0.390196
0.174510
0.064706
0.123529
0.037255
0.335294
0.374510
0.354902
-0.182353
0.041176
0.037255
0.327451
0.319608
0.343137
-0.409804
-0.252941
0.339216
0.092157
-0.123529
0.194118
0.001961
0.347059
0.311765
0.354902
0.115686
0.041176
0.233333
0.327451
0.217647
0.088235
-0.500000
-0.378431
0.370588
0.013725
-0.170588
0.143137
0.001961
0.358824
0.303922
0.335294
0.068627
-0.021569
0.284314
0.394118
0.252941
0.135294
-0.382353
-0.241176
0.327451
-0.154902
0.225490
0.150980
-0.135294
0.331373
0.311765
0.280392
-0.017647
0.088235
0.088235
0.292157
0.260784
0.327451
-0.441176
-0.276471
0.445098
-0.166667
0.303922
0.162745
-0.143137
0.382353
0.327451
0.319608
-0.049020
0.092157
0.060784
0.386275
0.280392
0.339216
-0.366667
-0.256863
0.362745
0.150980
0.249020
-0.060784
0.119608
0.339216
0.280392
0.288235
-0.186275
-0.096078
-0.103922
0.198039
0.096078
-0.084314
-0.433333
-0.241176
0.456863
0.143137
0.209804
-0.131373
0.076471
0.394118
0.311765
0.249020
-0.280392
-0.111765
-0.150980
0.272549
0.076471
-0.194118
0.205882
0.201961
0.205882
0.052941
-0.052941
0.150980
-0.052941
0.013725
0.198039
0.201961
0.021569
-0.158824
-0.174510
0.272549
0.284314
0.217647
0.225490
0.233333
0.264706
0.049020
-0.056863
0.178431
-0.100000
0.052941
0.174510
0.237255
0.049020
-0.225490
-0.174510
0.319608
0.327451
0.229412
0.209804
0.198039
0.205882
0.123529
-0.135294
0.135294
-0.264706
0.056863
0.256863
0.233333
0.194118
-0.103922
0.076471
0.245098
0.284314
-0.170588
0.205882
0.194118
0.229412
0.111765
-0.143137
0.139216
-0.307843
0.013725
0.276471
0.307843
0.194118
-0.080392
0.064706
0.256863
0.370588
-0.186275
0.178431
0.147059
0.201961
0.229412
0.068627
-0.049020
0.068627
0.143137
0.252941
0.292157
-0.123529
0.315686
-0.111765
0.276471
0.303922
-0.045098
0.252941
0.170588
0.217647
0.233333
0.049020
-0.068627
0.084314
0.150980
0.276471
0.370588
-0.190196
0.370588
-0.186275
0.300000
0.319608
-0.072549
0.205882
0.194118
0.264706
0.221569
-0.154902
-0.088235
-0.060784
0.256863
0.272549
0.256863
0.190196
-0.056863
-0.056863
0.331373
0.256863
0.013725
0.292157
0.225490
0.288235
0.217647
-0.158824
-0.143137
-0.115686
0.205882
0.319608
0.327451
0.166667
-0.162745
-0.096078
0.319608
0.264706
-0.025490
0.190196
0.162745
0.315686
0.209804
0.201961
-0.127451
0.245098
0.288235
0.300000
0.331373
0.009804
-0.052941
-0.041176
-0.017647
0.272549
-0.131373
0.194118
0.103922
0.413725
0.252941
0.252941
-0.068627
0.272549
0.311765
0.362745
0.382353
-0.005882
-0.084314
-0.084314
-0.025490
0.319608
-0.127451
-0.350980
-0.362745
0.221569
0.339216
-0.154902
-0.131373
-0.103922
0.233333
0.343137
0.319608
-0.111765
0.280392
-0.115686
0.256863
0.260784
0.076471
-0.437255
-0.476471
0.237255
0.358824
-0.194118
-0.100000
-0.139216
0.245098
0.370588
0.413725
-0.154902
0.382353
-0.186275
0.307843
0.276471
0.060784
-0.362745
-0.394118
0.245098
0.303922
0.217647
0.249020
0.205882
0.280392
0.339216
0.339216
0.166667
-0.111765
-0.021569
0.276471
0.272549
0.249020
-0.488235
-0.500000
0.182353
0.280392
0.205882
0.288235
0.158824
0.370588
0.339216
0.339216
0.147059
-0.209804
-0.013725
0.319608
0.319608
0.249020
-0.362745
-0.394118
0.260784
0.245098
-0.001961
-0.080392
0.009804
0.178431
0.319608
0.311765
0.092157
-0.045098
-0.033333
0.280392
0.319608
0.107843
-0.409804
-0.464706
0.307843
0.260784
0.009804
-0.182353
0.021569
0.209804
0.339216
0.347059
0.088235
-0.111765
-0.100000
0.292157
0.452941
0.135294
0.194118
0.201961
0.249020
0.292157
0.150980
-0.005882
0.052941
0.158824
0.139216
0.205882
0.225490
-0.284314
-0.158824
0.025490
0.256863
0.205882
0.245098
0.300000
0.307843
0.354902
0.198039
0.009804
0.111765
0.115686
0.178431
0.150980
0.272549
-0.327451
-0.162745
0.037255
0.311765
0.260784
0.174510
0.201961
0.178431
0.225490
-0.060784
-0.131373
-0.084314
-0.135294
0.229412
0.252941
0.260784
-0.154902
0.111765
0.158824
0.300000
0.245098
0.217647
0.225490
0.221569
0.256863
-0.127451
-0.150980
-0.162745
-0.127451
0.272549
0.256863
0.343137
-0.154902
0.162745
0.190196
0.327451
0.284314
0.190196
0.209804
0.194118
0.245098
-0.229412
0.272549
0.256863
-0.198039
0.237255
0.256863
0.319608
0.182353
0.052941
0.174510
0.315686
0.280392
0.194118
0.190196
0.201961
0.292157
-0.256863
0.354902
0.276471
-0.245098
0.264706
0.280392
0.315686
0.217647
0.049020
0.182353
0.362745
0.288235
0.178431
0.162745
0.182353
0.315686
0.147059
-0.080392
-0.096078
-0.221569
0.311765
0.300000
0.280392
-0.170588
-0.045098
0.052941
0.315686
0.147059
0.229412
0.225490
0.174510
0.362745
0.096078
-0.115686
-0.115686
-0.303922
0.303922
0.284314
0.354902
-0.209804
-0.017647
0.096078
0.386275
0.178431
0.174510
0.209804
0.209804
0.303922
0.178431
0.209804
0.217647
0.166667
0.307843
0.276471
0.307843
-0.162745
0.064706
0.052941
0.300000
0.307843
0.284314
0.315686
0.245098
0.354902
0.221569
0.182353
0.288235
0.205882
0.335294
0.300000
0.319608
-0.139216
0.080392
-0.005882
0.264706
0.276471
0.198039
0.209804
0.205882
0.339216
-0.115686
-0.001961
-0.154902
0.049020
0.284314
0.327451
0.307843
0.147059
0.076471
0.229412
0.300000
0.103922
0.249020
0.245098
0.150980
0.429412
-0.123529
-0.017647
-0.264706
-0.001961
0.386275
0.331373
0.292157
0.178431
0.084314
0.190196
0.315686
0.092157
-0.311765
-0.284314
-0.229412
0.335294
-0.045098
0.135294
-0.150980
0.170588
0.354902
0.288235
0.307843
-0.229412
-0.049020
-0.080392
0.150980
0.147059
-0.327451
-0.331373
-0.300000
0.417647
-0.127451
0.201961
-0.107843
0.249020
0.394118
0.311765
0.354902
-0.276471
-0.045098
-0.103922
0.205882
0.190196
-0.347059
-0.350980
-0.249020
0.354902
0.300000
0.088235
0.178431
0.060784
0.284314
0.303922
0.319608
-0.143137
0.037255
0.060784
0.331373
0.311765
-0.417647
-0.441176
-0.323529
0.390196
0.300000
0.080392
0.150980
0.056863
0.288235
0.370588
0.445098
-0.135294
0.052941
0.052941
0.421569
0.370588
-0.013725
0.029412
0.052941
0.198039
0.162745
-0.107843
-0.041176
0.119608
0.182353
0.174510
0.217647
0.049020
-0.166667
-0.162745
0.280392
0.311765
-0.052941
0.037255
0.068627
0.201961
0.174510
-0.162745
0.021569
0.147059
0.249020
0.221569
0.260784
0.041176
-0.213725
-0.166667
0.300000
0.300000
0.147059
0.150980
0.150980
0.201961
0.190196
-0.174510
-0.194118
0.162745
0.245098
0.249020
0.276471
0.111765
0.037255
0.068627
0.300000
0.300000
0.229412
0.217647
0.233333
0.311765
0.225490
-0.229412
-0.174510
0.158824
0.276471
0.260784
0.284314
0.123529
0.056863
0.080392
0.300000
0.362745
0.201961
0.209804
0.205882
0.221569
0.237255
0.041176
-0.076471
0.021569
0.229412
0.249020
0.354902
0.041176
0.123529
0.182353
0.307843
0.288235
0.245098
0.249020
0.252941
0.256863
0.233333
0.052941
-0.021569
-0.021569
0.347059
0.256863
0.382353
-0.001961
0.217647
0.205882
0.327451
0.343137
0.158824
0.174510
0.194118
0.245098
0.276471
-0.056863
0.260784
0.119608
0.088235
0.300000
0.300000
0.158824
-0.162745
-0.162745
0.292157
0.288235
0.143137
0.178431
0.178431
0.233333
0.292157
-0.033333
0.292157
0.111765
0.092157
0.284314
0.339216
0.194118
-0.209804
-0.174510
0.354902
0.327451
0.150980
0.190196
0.174510
0.245098
0.264706
-0.072549
0.272549
-0.088235
0.064706
0.331373
0.300000
0.229412
0.021569
0.060784
0.280392
0.327451
0.190196
0.201961
0.174510
0.233333
0.300000
-0.033333
0.292157
-0.115686
0.049020
0.331373
0.354902
0.249020
0.037255
0.076471
0.358824
0.382353
0.201961
0.237255
0.150980
0.252941
0.280392
0.111765
-0.060784
0.052941
0.150980
0.280392
0.335294
-0.049020
0.300000
-0.001961
0.284314
0.315686
0.252941
0.315686
0.217647
0.256863
0.362745
0.111765
-0.045098
0.115686
0.096078
0.272549
0.398039
-0.088235
0.382353
-0.041176
0.280392
0.315686
0.217647
0.201961
0.158824
0.303922
0.288235
-0.060784
-0.033333
-0.029412
0.205882
0.307843
0.292157
0.245098
-0.115686
-0.056863
0.315686
0.307843
0.264706
0.276471
0.174510
0.339216
0.280392
-0.088235
-0.100000
-0.107843
0.190196
0.347059
0.327451
0.217647
-0.139216
-0.131373
0.343137
0.260784
-0.182353
-0.166667
-0.166667
0.205882
0.311765
0.103922
-0.072549
0.260784
0.252941
0.300000
0.280392
0.103922
-0.017647
-0.029412
0.001961
0.292157
-0.174510
-0.198039
-0.198039
0.249020
0.366667
0.170588
-0.013725
0.284314
0.358824
0.339216
0.347059
0.119608
-0.005882
-0.052941
-0.052941
0.327451
-0.429412
-0.405882
-0.382353
-0.323529
0.205882
0.111765
0.052941
0.021569
0.080392
0.194118
0.198039
0.217647
-0.245098
-0.100000
0.041176
0.284314
-0.464706
-0.445098
-0.441176
-0.394118
0.229412
0.033333
0.103922
0.056863
0.088235
0.245098
0.190196
0.319608
-0.292157
-0.103922
0.049020
0.339216
-0.249020
-0.213725
-0.182353
-0.088235
0.217647
-0.201961
-0.045098
-0.339216
0.001961
0.237255
0.249020
0.276471
-0.100000
0.182353
0.233333
0.280392
-0.284314
-0.229412
-0.186275
-0.131373
0.319608
-0.229412
-0.021569
-0.350980
-0.013725
0.319608
0.280392
0.331373
-0.111765
0.162745
0.233333
0.327451
0.190196
0.201961
0.174510
0.162745
0.272549
-0.088235
0.068627
-0.076471
0.280392
0.284314
0.284314
0.288235
0.005882
0.052941
0.092157
0.303922
0.229412
0.252941
0.221569
0.209804
0.417647
-0.170588
0.041176
-0.041176
0.319608
0.362745
0.335294
0.272549
0.052941
0.107843
0.123529
0.319608
0.182353
0.209804
0.209804
0.182353
0.272549
0.201961
0.131373
0.252941
0.288235
0.288235
0.292157
0.331373
-0.217647
-0.084314
0.033333
0.288235
0.252941
0.303922
0.280392
0.221569
0.354902
0.237255
0.174510
0.260784
0.319608
0.331373
0.288235
0.429412
-0.276471
-0.088235
0.068627
0.307843
0.170588
0.162745
0.182353
0.217647
0.354902
0.107843
-0.096078
-0.049020
0.005882
0.315686
0.288235
0.327451
-0.033333
0.205882
0.256863
0.347059
0.135294
0.139216
0.162745
0.174510
0.366667
0.037255
-0.025490
-0.084314
0.001961
0.339216
0.319608
0.398039
-0.088235
0.209804
0.260784
0.374510
0.201961
0.174510
0.174510
0.182353
0.303922
-0.198039
0.307843
0.264706
-0.229412
0.343137
0.331373
0.249020
0.143137
0.135294
0.205882
0.327451
0.158824
0.182353
0.182353
0.170588
0.382353
-0.213725
0.429412
0.315686
-0.276471
0.347059
0.311765
0.284314
0.190196
0.096078
0.237255
0.354902
0.198039
0.178431
0.190196
0.217647
0.390196
0.033333
-0.001961
-0.033333
-0.264706
0.319608
0.300000
0.307843
-0.123529
-0.080392
0.119608
0.260784
0.276471
0.284314
0.284314
0.252941
0.417647
-0.005882
0.009804
-0.029412
-0.335294
0.354902
0.319608
0.382353
-0.182353
-0.080392
0.115686
0.288235
0.194118
0.190196
0.198039
0.182353
0.300000
0.300000
0.209804
0.198039
0.245098
0.300000
0.280392
0.288235
-0.001961
0.147059
0.049020
0.307843
0.245098
0.264706
0.260784
0.225490
0.354902
0.300000
0.249020
0.245098
0.303922
0.307843
0.280392
0.319608
-0.045098
0.158824
-0.056863
0.311765
-0.390196
-0.405882
-0.405882
-0.390196
0.229412
0.158824
-0.174510
0.056863
-0.115686
0.135294
0.209804
0.190196
-0.025490
-0.080392
-0.076471
0.264706
-0.433333
-0.468627
-0.468627
-0.441176
0.272549
0.256863
-0.213725
0.049020
-0.135294
0.158824
0.272549
0.256863
-0.080392
-0.076471
-0.033333
0.303922
-0.394118
-0.417647
-0.405882
-0.350980
0.150980
0.198039
0.088235
0.033333
0.182353
0.229412
0.288235
0.288235
-0.123529
0.174510
0.209804
0.307843
-0.476471
-0.472549
-0.441176
-0.405882
0.182353
0.198039
0.103922
0.005882
0.198039
0.272549
0.335294
0.335294
-0.174510
0.249020
0.217647
0.343137
-0.296078
-0.276471
-0.241176
-0.186275
0.190196
0.170588
-0.143137
-0.209804
-0.111765
0.260784
0.288235
0.311765
0.021569
0.115686
0.092157
0.307843
-0.335294
-0.319608
-0.280392
-0.217647
0.245098
0.178431
-0.127451
-0.256863
-0.190196
0.264706
0.292157
0.366667
0.005882
0.080392
0.080392
0.339216
0.178431
0.190196
0.194118
0.194118
0.288235
0.178431
0.150980
-0.025490
0.311765
0.347059
0.343137
0.327451
-0.013725
-0.143137
-0.135294
0.311765
0.229412
0.233333
0.233333
0.229412
0.370588
0.198039
0.162745
0.005882
0.319608
0.409804
0.362745
0.335294
-0.041176
-0.131373
-0.209804
0.331373
0.162745
0.174510
0.190196
0.194118
0.343137
0.292157
-0.115686
0.001961
0.276471
0.252941
0.327451
0.327451
0.096078
0.068627
0.041176
0.319608
0.252941
0.260784
0.272549
0.276471
0.394118
0.307843
-0.217647
0.001961
0.303922
0.256863
0.339216
0.307843
0.041176
0.111765
0.052941
0.311765
0.170588
0.166667
0.166667
0.178431
0.264706
0.335294
-0.013725
-0.072549
0.080392
0.327451
0.307843
0.343137
-0.131373
0.272549
0.252941
0.315686
0.170588
0.174510
0.166667
0.182353
0.300000
0.339216
0.025490
-0.005882
0.064706
0.413725
0.311765
0.401961
-0.131373
0.276471
0.217647
0.335294
0.198039
0.201961
0.205882
0.217647
0.327451
0.178431
0.139216
0.311765
0.001961
0.233333
0.280392
0.307843
0.060784
-0.103922
-0.103922
0.307843
0.170588
0.190196
0.217647
0.225490
0.311765
0.221569
0.190196
0.284314
-0.005882
0.256863
0.300000
0.331373
0.041176
-0.131373
-0.127451
0.335294
0.201961
0.205882
0.194118
0.190196
0.319608
0.150980
0.076471
0.229412
-0.225490
0.252941
0.339216
0.284314
0.143137
-0.041176
0.111765
0.307843
0.245098
0.245098
0.237255
0.229412
0.300000
0.174510
0.064706
0.252941
-0.225490
0.229412
0.311765
0.315686
0.119608
-0.017647
0.158824
0.362745
-0.390196
-0.394118
-0.409804
-0.409804
-0.154902
0.249020
-0.166667
-0.041176
-0.107843
-0.127451
0.198039
0.249020
-0.025490
0.005882
0.052941
0.205882
-0.413725
-0.413725
-0.409804
-0.417647
-0.150980
0.307843
-0.264706
-0.072549
-0.115686
-0.198039
0.217647
0.225490
0.049020
-0.033333
0.009804
0.194118
-0.394118
-0.401961
-0.405882
-0.409804
-0.150980
0.256863
-0.268627
0.229412
0.217647
-0.213725
0.288235
0.245098
0.209804
0.178431
0.150980
0.276471
-0.429412
-0.433333
-0.437255
-0.456863
-0.182353
0.311765
-0.284314
0.276471
0.311765
-0.190196
0.354902
0.264706
0.249020
0.190196
0.264706
0.284314
-0.394118
-0.401961
-0.401961
-0.401961
-0.131373
0.311765
-0.013725
-0.088235
-0.107843
0.088235
0.288235
0.276471
0.201961
-0.100000
-0.033333
0.229412
-0.488235
-0.488235
-0.476471
-0.456863
-0.209804
0.374510
-0.013725
-0.158824
-0.201961
0.013725
0.327451
0.300000
0.182353
-0.127451
-0.029412
0.292157
-0.366667
-0.362745
-0.339216
-0.303922
-0.103922
0.292157
0.205882
0.198039
0.245098
0.237255
0.307843
0.292157
0.249020
-0.170588
-0.060784
0.225490
-0.417647
-0.421569
-0.409804
-0.382353
-0.127451
0.343137
0.166667
0.198039
0.229412
0.229412
0.354902
0.225490
0.307843
-0.162745
-0.076471
0.221569
0.166667
0.162745
0.158824
0.162745
0.245098
0.331373
-0.268627
0.052941
-0.045098
0.115686
0.300000
0.288235
0.233333
0.119608
0.217647
0.300000
0.190196
0.190196
0.178431
0.178431
0.276471
0.382353
-0.323529
0.037255
-0.068627
0.111765
0.362745
0.284314
0.260784
0.068627
0.201961
0.280392
0.139216
0.135294
0.158824
0.194118
0.205882
0.307843
-0.201961
0.025490
0.107843
0.264706
0.335294
0.292157
0.280392
0.076471
0.052941
0.252941
0.217647
0.229412
0.252941
0.264706
0.256863
0.413725
-0.296078
0.029412
0.194118
0.264706
0.374510
0.311765
0.264706
0.096078
0.080392
0.276471
0.174510
0.166667
0.190196
0.209804
0.237255
0.347059
0.225490
0.147059
0.315686
0.288235
0.307843
0.303922
0.256863
-0.170588
-0.123529
0.252941
0.201961
0.205882
0.209804
0.217647
0.221569
0.398039
0.225490
0.182353
0.335294
0.307843
0.335294
0.300000
0.300000
-0.221569
-0.174510
0.288235
0.209804
0.209804
0.205882
0.217647
0.264706
0.319608
-0.013725
-0.052941
-0.123529
0.088235
0.307843
0.315686
0.166667
0.056863
0.119608
0.272549
0.182353
0.194118
0.209804
0.225490
0.260784
0.358824
-0.045098
-0.072549
-0.150980
0.150980
0.319608
0.339216
0.182353
0.037255
0.174510
0.300000
-0.413725
-0.417647
-0.413725
-0.409804
-0.339216
0.252941
0.068627
-0.049020
-0.072549
-0.025490
0.190196
0.256863
0.272549
0.033333
-0.154902
0.182353
-0.468627
-0.445098
-0.437255
-0.449020
-0.484314
0.260784
0.056863
-0.068627
-0.076471
-0.076471
0.249020
0.272549
0.260784
0.005882
-0.150980
0.182353
-0.390196
-0.390196
-0.394118
-0.390196
-0.378431
0.249020
0.135294
-0.139216
-0.154902
-0.013725
0.307843
0.252941
0.256863
0.139216
0.276471
0.037255
-0.409804
-0.394118
-0.382353
-0.382353
-0.386275
0.264706
0.115686
-0.127451
-0.127451
-0.103922
0.315686
0.276471
0.288235
0.111765
0.272549
0.056863
-0.390196
-0.382353
-0.378431
-0.374510
-0.429412
0.303922
-0.096078
0.280392
0.272549
-0.084314
0.327451
0.288235
0.005882
-0.080392
-0.013725
-0.001961
-0.429412
-0.429412
-0.421569
-0.437255
-0.449020
0.370588
-0.045098
0.327451
0.327451
-0.049020
0.358824
0.292157
0.013725
-0.107843
-0.033333
-0.025490
-0.405882
-0.409804
-0.409804
-0.405882
-0.382353
0.331373
0.056863
0.076471
0.249020
-0.131373
0.319608
0.335294
0.292157
-0.072549
-0.049020
0.052941
-0.500000
-0.500000
-0.500000
-0.476471
-0.476471
0.394118
0.111765
0.111765
0.256863
-0.139216
0.366667
0.327451
0.343137
-0.115686
-0.017647
0.025490
-0.405882
-0.409804
-0.394118
-0.358824
-0.323529
0.339216
0.284314
0.135294
0.013725
0.249020
0.303922
0.300000
0.343137
-0.135294
0.245098
0.237255
-0.437255
-0.449020
-0.445098
-0.429412
-0.307843
0.370588
0.315686
0.103922
0.005882
0.252941
0.264706
0.327451
0.382353
-0.198039
0.245098
0.264706
0.103922
0.088235
0.080392
0.080392
0.143137
0.311765
0.088235
-0.123529
-0.166667
-0.060784
0.370588
0.331373
0.370588
-0.139216
0.107843
0.166667
0.107843
0.103922
0.092157
0.096078
0.123529
0.374510
0.107843
-0.115686
-0.194118
-0.150980
0.464706
0.311765
0.429412
-0.194118
0.123529
0.201961
0.170588
0.170588
0.178431
0.201961
0.158824
0.347059
0.033333
0.327451
-0.182353
0.307843
0.311765
0.303922
0.292157
-0.186275
-0.096078
0.037255
0.217647
0.221569
0.260784
0.292157
0.260784
0.409804
-0.001961
0.394118
-0.182353
0.331373
0.362745
0.331373
0.354902
-0.237255
-0.186275
-0.017647
0.174510
0.174510
0.190196
0.198039
0.217647
0.315686
0.249020
-0.115686
0.037255
0.303922
0.339216
0.319608
0.292157
0.076471
0.096078
0.162745
0.237255
0.249020
0.260784
0.276471
0.284314
0.386275
0.233333
-0.190196
0.080392
0.307843
0.339216
0.331373
0.354902
0.049020
0.092157
0.174510
-0.382353
-0.378431
-0.366667
-0.362745
-0.401961
0.068627
0.225490
0.084314
-0.143137
0.033333
0.198039
0.252941
0.198039
0.135294
0.060784
0.103922
-0.441176
-0.421569
-0.409804
-0.409804
-0.460784
0.084314
0.256863
0.150980
-0.139216
0.119608
0.233333
0.303922
0.205882
0.150980
0.096078
0.115686
-0.386275
-0.394118
-0.394118
-0.390196
-0.401961
0.096078
0.221569
-0.150980
-0.135294
-0.268627
0.080392
0.292157
0.178431
0.025490
-0.307843
-0.072549
-0.476471
-0.460784
-0.449020
-0.456863
-0.476471
0.033333
0.280392
-0.217647
-0.249020
-0.303922
0.107843
0.307843
0.147059
0.013725
-0.307843
-0.127451
-0.405882
-0.401961
-0.405882
-0.409804
-0.374510
0.096078
0.272549
0.272549
0.143137
0.249020
0.327451
0.331373
0.276471
0.068627
0.143137
-0.131373
-0.413725
-0.409804
-0.394118
-0.390196
-0.401961
0.123529
0.319608
0.413725
0.272549
0.272549
0.362745
0.347059
0.276471
0.111765
0.150980
-0.166667
-0.401961
-0.401961
-0.390196
-0.386275
-0.362745
0.092157
0.319608
-0.194118
0.119608
-0.080392
0.150980
0.319608
0.209804
-0.001961
0.068627
0.056863
-0.409804
-0.405882
-0.394118
-0.394118
-0.421569
0.162745
0.370588
-0.213725
0.139216
-0.131373
0.123529
0.354902
0.170588
0.021569
0.013725
0.049020
-0.394118
-0.409804
-0.417647
-0.413725
-0.421569
0.131373
0.252941
0.088235
0.272549
0.288235
-0.025490
0.327451
0.280392
0.147059
0.174510
0.198039
-0.476471
-0.492157
-0.496078
-0.476471
-0.472549
0.150980
0.390196
0.135294
0.331373
0.374510
0.021569
0.354902
0.339216
0.221569
0.249020
0.245098
-0.390196
-0.394118
-0.394118
-0.374510
-0.350980
0.139216
0.366667
-0.115686
-0.080392
-0.103922
0.252941
0.303922
0.311765
-0.017647
-0.029412
-0.005882
-0.449020
-0.445098
-0.445098
-0.433333
-0.390196
0.190196
0.429412
-0.107843
-0.135294
-0.182353
0.249020
0.307843
0.331373
-0.068627
-0.013725
0.001961
-0.021569
-0.021569
-0.025490
-0.025490
-0.005882
0.260784
0.307843
0.221569
0.182353
0.252941
0.237255
0.319608
0.300000
-0.021569
-0.127451
-0.060784
-0.017647
-0.013725
-0.017647
-0.013725
-0.045098
0.284314
0.327451
0.205882
0.178431
0.292157
0.272549
0.319608
0.319608
0.009804
-0.111765
-0.143137
0.182353
0.194118
0.201961
0.221569
0.217647
0.292157
0.319608
-0.111765
-0.107843
0.009804
0.217647
0.276471
0.335294
-0.041176
0.194118
0.201961
0.225490
0.217647
0.221569
0.249020
0.260784
0.358824
0.354902
-0.080392
-0.131373
-0.041176
0.280392
0.311765
0.354902
-0.029412
0.174510
0.221569
0.190196
0.150980
0.135294
0.107843
0.103922
0.084314
0.198039
0.025490
-0.001961
0.001961
0.084314
0.217647
0.209804
0.174510
-0.005882
-0.045098
0.217647
0.174510
0.143137
0.096078
0.103922
0.096078
0.229412
0.013725
-0.005882
0.033333
0.064706
0.233333
0.205882
0.217647
0.033333
-0.060784
-0.362745
-0.366667
-0.366667
-0.378431
-0.394118
-0.068627
0.256863
-0.166667
-0.307843
0.076471
0.158824
0.327451
0.221569
0.088235
-0.131373
-0.154902
-0.437255
-0.421569
-0.417647
-0.421569
-0.472549
-0.072549
0.272549
-0.201961
-0.347059
0.084314
0.178431
0.319608
0.209804
0.056863
-0.194118
-0.166667
-0.374510
-0.378431
-0.382353
-0.401961
-0.390196
-0.076471
0.303922
0.198039
0.060784
-0.198039
0.135294
0.300000
0.276471
0.029412
0.052941
0.029412
-0.476471
-0.472549
-0.476471
-0.496078
-0.496078
-0.166667
0.339216
0.229412
0.088235
-0.150980
0.150980
0.327451
0.358824
0.076471
0.080392
0.049020
-0.413725
-0.394118
-0.378431
-0.366667
-0.378431
-0.056863
0.315686
0.033333
-0.076471
-0.013725
0.088235
0.288235
0.272549
0.272549
-0.198039
-0.072549
-0.413725
-0.417647
-0.405882
-0.378431
-0.401961
-0.049020
0.366667
-0.013725
-0.135294
-0.001961
0.056863
0.284314
0.284314
0.303922
-0.213725
-0.033333
-0.405882
-0.401961
-0.390196
-0.382353
-0.405882
-0.021569
0.382353
0.249020
0.013725
-0.049020
0.272549
0.284314
0.335294
0.201961
0.249020
0.131373
-0.405882
-0.401961
-0.386275
-0.378431
-0.382353
-0.056863
0.362745
0.276471
0.115686
-0.017647
0.249020
0.335294
0.354902
0.272549
0.249020
0.150980
-0.390196
-0.394118
-0.401961
-0.401961
-0.390196
-0.017647
0.358824
-0.143137
0.292157
0.256863
-0.072549
0.300000
0.256863
-0.068627
-0.123529
-0.115686
-0.445098
-0.449020
-0.456863
-0.445098
-0.456863
-0.001961
0.417647
-0.190196
0.319608
0.307843
-0.143137
0.327451
0.260784
-0.060784
-0.190196
-0.186275
-0.374510
-0.374510
-0.378431
-0.366667
-0.401961
-0.001961
0.366667
-0.182353
0.280392
0.225490
-0.049020
0.311765
0.327451
0.237255
0.060784
0.033333
-0.445098
-0.441176
-0.445098
-0.449020
-0.445098
-0.013725
0.401961
-0.194118
0.366667
0.264706
-0.052941
0.327451
0.327451
0.260784
0.056863
0.119608
-0.213725
-0.229412
-0.249020
-0.264706
-0.249020
0.037255
0.327451
0.174510
-0.056863
0.005882
0.249020
0.300000
0.354902
0.221569
0.096078
0.245098
-0.237255
-0.252941
-0.276471
-0.292157
-0.319608
0.049020
0.386275
0.131373
-0.107843
-0.005882
0.225490
0.311765
0.366667
0.182353
0.158824
0.284314
0.201961
0.190196
0.178431
0.170588
0.190196
0.170588
0.205882
-0.186275
-0.292157
-0.182353
0.013725
0.260784
0.237255
0.280392
-0.107843
-0.154902
0.276471
0.260784
0.252941
0.249020
0.233333
0.221569
0.194118
-0.272549
-0.386275
-0.229412
-0.029412
0.245098
0.221569
0.229412
-0.162745
-0.170588
0.166667
0.166667
0.162745
0.162745
0.150980
0.139216
0.221569
0.060784
0.021569
0.064706
0.029412
0.288235
0.284314
0.029412
-0.103922
-0.049020
0.201961
0.198039
0.198039
0.198039
0.150980
0.162745
0.190196
0.064706
0.064706
0.119608
0.041176
0.300000
0.315686
0.092157
-0.088235
-0.056863
-0.323529
-0.339216
-0.350980
-0.358824
-0.382353
-0.268627
0.292157
-0.080392
-0.150980
-0.150980
-0.107843
0.292157
0.300000
0.221569
0.194118
0.135294
-0.366667
-0.382353
-0.394118
-0.405882
-0.433333
-0.331373
0.288235
-0.154902
-0.272549
-0.237255
-0.143137
0.319608
0.358824
0.221569
0.217647
0.194118
-0.362745
-0.374510
-0.378431
-0.382353
-0.374510
-0.264706
0.319608
0.272549
-0.131373
0.119608
0.315686
0.284314
0.300000
0.162745
0.041176
0.029412
-0.441176
-0.445098
-0.449020
-0.456863
-0.449020
-0.347059
0.374510
0.272549
-0.123529
0.182353
0.358824
0.307843
0.335294
0.135294
0.029412
0.119608
-0.394118
-0.394118
-0.390196
-0.390196
-0.374510
-0.272549
0.370588
0.041176
0.013725
-0.347059
-0.182353
0.307843
0.311765
-0.068627
-0.229412
-0.209804
-0.460784
-0.456863
-0.456863
-0.456863
-0.464706
-0.350980
0.362745
0.041176
-0.049020
-0.390196
-0.127451
0.327451
0.335294
-0.049020
-0.296078
-0.284314
-0.394118
-0.394118
-0.394118
-0.394118
-0.401961
-0.245098
0.366667
0.225490
0.217647
0.217647
0.300000
0.307843
0.307843
0.331373
-0.060784
-0.076471
-0.390196
-0.390196
-0.386275
-0.386275
-0.421569
-0.272549
0.354902
0.233333
0.331373
0.280392
0.311765
0.292157
0.319608
0.303922
-0.131373
-0.103922
-0.405882
-0.401961
-0.394118
-0.390196
-0.386275
-0.252941
0.347059
0.021569
-0.068627
-0.100000
-0.049020
0.331373
0.319608
0.158824
0.178431
0.182353
-0.449020
-0.449020
-0.445098
-0.445098
-0.445098
-0.284314
0.366667
-0.060784
-0.045098
-0.115686
-0.135294
0.366667
0.362745
0.162745
0.178431
0.225490
-0.386275
-0.390196
-0.390196
-0.394118
-0.409804
-0.221569
0.366667
-0.268627
0.331373
0.327451
-0.245098
0.343137
0.300000
0.119608
0.107843
0.103922
-0.460784
-0.472549
-0.476471
-0.484314
-0.441176
-0.272549
0.382353
-0.284314
0.354902
0.382353
-0.221569
0.343137
0.292157
0.147059
0.131373
0.147059
0.209804
0.198039
0.194118
0.194118
0.205882
0.217647
0.225490
-0.045098
-0.327451
-0.213725
-0.088235
0.221569
0.252941
-0.103922
-0.268627
-0.139216
0.233333
0.229412
0.229412
0.229412
0.225490
0.292157
0.209804
-0.135294
-0.374510
-0.241176
-0.060784
0.252941
0.284314
-0.123529
-0.319608
-0.158824
0.166667
0.166667
0.166667
0.166667
0.182353
0.162745
0.221569
0.229412
0.060784
-0.158824
-0.280392
0.260784
0.315686
0.319608
-0.182353
0.190196
0.245098
0.245098
0.237255
0.233333
0.292157
0.245098
0.225490
0.249020
0.123529
-0.209804
-0.362745
0.264706
0.370588
0.319608
-0.174510
0.233333
0.170588
0.174510
0.178431
0.178431
0.194118
0.190196
0.272549
0.009804
-0.327451
-0.182353
-0.052941
0.264706
0.264706
0.284314
0.123529
0.107843
0.225490
0.225490
0.221569
0.221569
0.229412
0.178431
0.272549
-0.076471
-0.413725
-0.221569
-0.072549
0.303922
0.276471
0.315686
0.135294
0.135294
-0.150980
-0.158824
-0.182353
-0.198039
-0.174510
-0.182353
0.335294
0.264706
0.201961
0.198039
0.194118
0.303922
0.276471
-0.005882
-0.068627
-0.100000
-0.158824
-0.174510
-0.198039
-0.217647
-0.170588
-0.213725
0.339216
0.311765
0.288235
0.245098
0.233333
0.311765
0.311765
-0.001961
-0.029412
-0.100000
-0.374510
-0.374510
-0.366667
-0.366667
-0.354902
-0.335294
0.300000
0.092157
-0.350980
-0.107843
-0.052941
0.300000
0.331373
0.001961
-0.029412
-0.041176
-0.445098
-0.441176
-0.441176
-0.441176
-0.437255
-0.472549
0.339216
0.009804
-0.417647
-0.143137
-0.084314
0.303922
0.335294
0.001961
-0.060784
-0.056863
-0.409804
-0.401961
-0.390196
-0.386275
-0.378431
-0.386275
0.327451
0.366667
0.217647
-0.174510
0.190196
0.315686
0.307843
0.131373
0.119608
0.147059
-0.464706
-0.464706
-0.464706
-0.456863
-0.445098
-0.500000
0.335294
0.413725
0.221569
-0.127451
0.249020
0.331373
0.335294
0.182353
0.150980
0.190196
-0.405882
-0.405882
-0.405882
-0.409804
-0.394118
-0.366667
0.374510
0.139216
-0.103922
-0.139216
-0.217647
0.307843
0.354902
0.150980
-0.013725
-0.327451
-0.394118
-0.401961
-0.401961
-0.405882
-0.437255
-0.441176
0.339216
0.162745
-0.217647
-0.229412
-0.186275
0.354902
0.366667
0.170588
-0.033333
-0.323529
-0.394118
-0.401961
-0.405882
-0.405882
-0.401961
-0.354902
0.343137
0.362745
0.190196
0.107843
0.272549
0.335294
0.311765
0.284314
-0.029412
0.162745
-0.429412
-0.433333
-0.437255
-0.445098
-0.413725
-0.413725
0.398039
0.339216
0.311765
0.190196
0.245098
0.335294
0.327451
0.284314
-0.100000
0.135294
0.217647
0.217647
0.217647
0.205882
0.209804
0.182353
0.233333
0.178431
0.150980
0.209804
0.060784
0.139216
0.221569
0.245098
-0.139216
-0.084314
0.237255
0.249020
0.249020
0.229412
0.225490
0.233333
0.272549
0.233333
0.174510
0.178431
0.056863
0.123529
0.292157
0.264706
-0.123529
-0.107843
0.166667
0.166667
0.166667
0.166667
0.178431
0.182353
0.209804
0.162745
-0.190196
-0.166667
-0.096078
0.158824
0.284314
0.217647
0.103922
0.115686
0.209804
0.229412
0.225490
0.201961
0.190196
0.225490
0.256863
0.225490
-0.198039
-0.182353
-0.115686
0.205882
0.315686
0.237255
0.080392
0.209804
0.174510
0.174510
0.182353
0.190196
0.178431
0.209804
0.229412
0.237255
-0.056863
-0.072549
-0.080392
0.256863
0.303922
0.182353
-0.229412
0.103922
0.264706
0.276471
0.272549
0.264706
0.288235
0.264706
0.303922
0.307843
-0.001961
-0.021569
0.005882
0.335294
0.366667
0.229412
-0.249020
0.119608
0.139216
0.143137
0.158824
0.178431
0.182353
0.143137
0.256863
0.264706
-0.052941
-0.111765
-0.080392
0.264706
0.300000
0.311765
-0.100000
-0.115686
0.217647
0.217647
0.229412
0.245098
0.256863
0.225490
0.362745
0.311765
-0.045098
-0.166667
-0.088235
0.327451
0.358824
0.300000
-0.107843
-0.150980
-0.013725
-0.001961
-0.005882
-0.021569
0.049020
-0.025490
0.276471
0.245098
-0.100000
-0.017647
-0.131373
0.264706
0.280392
0.162745
0.092157
0.119608
0.013725
0.021569
0.005882
-0.013725
0.029412
0.009804
0.374510
0.303922
-0.060784
0.025490
-0.107843
0.276471
0.362745
0.190196
0.162745
0.147059
-0.382353
-0.390196
-0.394118
-0.390196
-0.405882
-0.374510
0.272549
0.280392
0.052941
0.056863
0.025490
0.245098
0.307843
0.158824
0.166667
0.147059
-0.413725
-0.421569
-0.421569
-0.429412
-0.390196
-0.401961
0.362745
0.343137
0.025490
-0.052941
0.033333
0.284314
0.398039
0.178431
0.229412
0.198039
-0.405882
-0.394118
-0.390196
-0.382353
-0.382353
-0.401961
0.311765
0.335294
-0.107843
-0.021569
0.198039
0.307843
0.288235
0.080392
0.064706
-0.060784
-0.464706
-0.456863
-0.449020
-0.449020
-0.437255
-0.449020
0.331373
0.394118
-0.100000
-0.001961
0.252941
0.343137
0.354902
0.107843
0.037255
-0.111765
-0.401961
-0.401961
-0.405882
-0.405882
-0.401961
-0.394118
0.319608
0.339216
0.131373
-0.080392
-0.190196
0.233333
0.339216
0.084314
-0.080392
-0.158824
-0.441176
-0.445098
-0.445098
-0.456863
-0.441176
-0.472549
0.354902
0.449020
0.076471
-0.127451
-0.154902
0.300000
0.390196
0.103922
-0.100000
-0.162745
0.174510
0.170588
0.182353
0.201961
0.217647
0.178431
0.201961
0.166667
-0.107843
-0.131373
-0.229412
0.021569
0.276471
0.249020
0.107843
-0.080392
0.205882
0.198039
0.201961
0.205882
0.221569
0.182353
0.233333
0.229412
-0.049020
-0.068627
-0.174510
0.013725
0.256863
0.292157
0.178431
-0.060784
0.190196
0.190196
0.178431
0.178431
0.178431
0.225490
0.225490
0.205882
0.249020
0.229412
0.178431
0.096078
0.272549
0.300000
-0.068627
0.264706
0.178431
0.190196
0.182353
0.182353
0.174510
0.229412
0.245098
0.225490
0.225490
0.276471
0.221569
0.107843
0.311765
0.284314
-0.013725
0.315686
0.166667
0.162745
0.158824
0.170588
0.194118
0.229412
0.237255
0.264706
0.221569
0.225490
0.209804
0.264706
0.288235
0.280392
0.088235
-0.049020
0.190196
0.194118
0.178431
0.170588
0.198039
0.233333
0.237255
0.358824
0.252941
0.229412
0.225490
0.300000
0.280392
0.249020
0.049020
-0.060784
0.158824
0.170588
0.170588
0.162745
0.170588
0.194118
0.229412
0.256863
-0.323529
-0.221569
-0.060784
0.201961
0.272549
0.170588
-0.111765
-0.080392
0.221569
0.221569
0.221569
0.249020
0.229412
0.249020
0.272549
0.311765
-0.347059
-0.319608
-0.096078
0.245098
0.288235
0.178431
-0.143137
-0.080392
0.150980
0.166667
0.182353
0.182353
0.201961
0.205882
0.272549
0.303922
0.221569
0.052941
-0.245098
0.194118
0.300000
0.319608
-0.060784
0.221569
0.217647
0.233333
0.256863
0.276471
0.256863
0.237255
0.315686
0.331373
0.276471
0.060784
-0.237255
0.198039
0.300000
0.335294
-0.021569
0.233333
0.111765
0.103922
0.084314
0.150980
0.166667
0.107843
0.237255
0.284314
-0.303922
-0.182353
0.001961
0.249020
0.307843
0.331373
0.150980
0.005882
0.111765
0.107843
0.096078
0.143137
0.147059
0.123529
0.303922
0.292157
-0.335294
-0.190196
0.025490
0.280392
0.335294
0.319608
0.182353
0.021569
-0.394118
-0.390196
-0.378431
-0.386275
-0.347059
-0.350980
0.225490
0.303922
0.194118
0.178431
0.139216
0.264706
0.260784
0.096078
0.103922
-0.052941
-0.429412
-0.429412
-0.437255
-0.405882
-0.409804
-0.405882
0.245098
0.339216
0.264706
0.217647
0.174510
0.343137
0.335294
0.123529
0.064706
-0.045098
-0.386275
-0.378431
-0.358824
-0.354902
-0.405882
-0.366667
0.260784
0.276471
-0.225490
-0.135294
-0.072549
0.190196
0.288235
0.201961
0.115686
0.064706
-0.394118
-0.394118
-0.401961
-0.386275
-0.394118
-0.382353
0.288235
0.327451
-0.292157
-0.194118
-0.166667
0.205882
0.343137
0.135294
0.123529
0.049020
