0.064706
0.052941
0.037255
-0.080392
-0.311765
-0.456863
-0.441176
-0.413725
-0.429412
-0.429412
-0.429412
-0.429412
-0.429412
-0.429412
-0.429412
-0.429412
0.068627
0.041176
0.029412
-0.135294
-0.327451
-0.417647
-0.464706
-0.437255
-0.445098
-0.445098
-0.445098
-0.445098
-0.445098
-0.445098
-0.445098
-0.445098
0.080392
0.009804
-0.068627
-0.300000
-0.405882
-0.378431
-0.429412
-0.366667
-0.413725
-0.413725
-0.413725
-0.413725
-0.413725
-0.413725
-0.413725
-0.413725
0.076471
0.005882
-0.139216
-0.374510
-0.421569
-0.378431
-0.445098
-0.429412
-0.456863
-0.456863
-0.456863
-0.456863
-0.456863
-0.456863
-0.456863
-0.456863
0.001961
-0.076471
-0.272549
-0.441176
-0.429412
-0.378431
-0.394118
-0.409804
-0.409804
-0.409804
-0.409804
-0.409804
-0.409804
-0.409804
-0.409804
-0.409804
0.021569
-0.127451
-0.350980
-0.460784
-0.449020
-0.429412
-0.421569
-0.437255
-0.449020
-0.449020
-0.449020
-0.449020
-0.449020
-0.449020
-0.449020
-0.449020
-0.076471
-0.268627
-0.386275
-0.413725
-0.405882
-0.405882
-0.449020
-0.456863
-0.417647
-0.417647
-0.417647
-0.417647
-0.417647
-0.417647
-0.417647
-0.417647
-0.052941
-0.323529
-0.394118
-0.417647
-0.421569
-0.417647
-0.488235
-0.449020
-0.437255
-0.437255
-0.437255
-0.437255
-0.437255
-0.437255
-0.437255
-0.437255
0.092157
-0.449020
-0.378431
-0.374510
-0.437255
-0.437255
-0.429412
-0.409804
-0.429412
-0.429412
-0.429412
-0.429412
-0.429412
-0.429412
-0.429412
-0.429412
0.096078
-0.464706
-0.409804
-0.394118
-0.445098
-0.441176
-0.445098
-0.433333
-0.445098
-0.445098
-0.445098
-0.445098
-0.445098
-0.445098
-0.445098
-0.445098
0.170588
-0.429412
-0.401961
-0.374510
-0.405882
-0.394118
-0.409804
-0.405882
-0.413725
-0.413725
-0.413725
-0.413725
-0.413725
-0.413725
-0.413725
-0.413725
0.170588
-0.464706
-0.460784
-0.429412
-0.441176
-0.433333
-0.449020
-0.449020
-0.456863
-0.456863
-0.456863
-0.456863
-0.456863
-0.456863
-0.456863
-0.456863
0.252941
-0.409804
-0.417647
-0.386275
-0.390196
-0.386275
-0.405882
-0.394118
-0.409804
-0.409804
-0.409804
-0.409804
-0.409804
-0.409804
-0.409804
-0.409804
0.233333
-0.441176
-0.460784
-0.421569
-0.441176
-0.441176
-0.449020
-0.417647
-0.449020
-0.449020
-0.449020
-0.449020
-0.449020
-0.449020
-0.449020
-0.449020
0.280392
-0.401961
-0.417647
-0.386275
-0.413725
-0.421569
-0.417647
-0.366667
-0.417647
-0.417647
-0.417647
-0.417647
-0.417647
-0.417647
-0.417647
-0.417647
0.264706
-0.409804
-0.429412
-0.401961
-0.437255
-0.456863
-0.437255
-0.374510
-0.437255
-0.437255
-0.437255
-0.437255
-0.437255
-0.437255
-0.437255
-0.437255
0.076471
0.029412
0.049020
-0.045098
-0.303922
-0.437255
-0.413725
-0.413725
-0.413725
-0.417647
-0.417647
-0.417647
-0.417647
-0.417647
-0.417647
-0.417647
0.064706
0.029412
0.025490
-0.100000
-0.362745
-0.464706
-0.441176
-0.456863
-0.484314
-0.488235
-0.488235
-0.488235
-0.488235
-0.488235
-0.488235
-0.488235
0.056863
0.033333
-0.107843
-0.284314
-0.382353
-0.401961
-0.437255
-0.401961
-0.390196
-0.413725
-0.413725
-0.413725
-0.413725
-0.413725
-0.413725
-0.413725
0.056863
0.041176
-0.135294
-0.350980
-0.449020
-0.445098
-0.456863
-0.456863
-0.468627
-0.484314
-0.484314
-0.484314
-0.484314
-0.484314
-0.484314
-0.484314
-0.005882
-0.072549
-0.241176
-0.390196
-0.433333
-0.394118
-0.358824
-0.401961
-0.417647
-0.417647
-0.417647
-0.417647
-0.417647
-0.417647
-0.417647
-0.417647
0.009804
-0.107843
-0.335294
-0.456863
-0.492157
-0.460784
-0.413725
-0.492157
-0.484314
-0.488235
-0.488235
-0.488235
-0.488235
-0.488235
-0.488235
-0.488235
-0.096078
-0.182353
-0.378431
-0.413725
-0.378431
-0.405882
-0.417647
-0.417647
-0.433333
-0.413725
-0.413725
-0.413725
-0.413725
-0.413725
-0.413725
-0.413725
-0.088235
-0.237255
-0.464706
-0.472549
-0.429412
-0.464706
-0.492157
-0.492157
-0.492157
-0.484314
-0.484314
-0.484314
-0.484314
-0.484314
-0.484314
-0.484314
0.131373
-0.143137
-0.421569
-0.409804
-0.405882
-0.378431
-0.401961
-0.441176
-0.413725
-0.421569
-0.421569
-0.421569
-0.421569
-0.421569
-0.421569
-0.421569
0.158824
-0.186275
-0.492157
-0.437255
-0.445098
-0.460784
-0.484314
-0.496078
-0.476471
-0.484314
-0.484314
-0.484314
-0.484314
-0.484314
-0.484314
-0.484314
0.088235
-0.107843
-0.409804
-0.401961
-0.401961
-0.386275
-0.401961
-0.409804
-0.409804
-0.413725
-0.413725
-0.413725
-0.413725
-0.413725
-0.413725
-0.413725
0.139216
-0.158824
-0.500000
-0.460784
-0.468627
-0.472549
-0.464706
-0.488235
-0.488235
-0.488235
-0.488235
-0.488235
-0.488235
-0.488235
-0.488235
-0.488235
0.143137
-0.052941
-0.405882
-0.390196
-0.394118
-0.417647
-0.413725
-0.394118
-0.409804
-0.413725
-0.413725
-0.413725
-0.413725
-0.413725
-0.413725
-0.413725
0.205882
-0.103922
-0.500000
-0.445098
-0.456863
-0.492157
-0.476471
-0.492157
-0.472549
-0.488235
-0.488235
-0.488235
-0.488235
-0.488235
-0.488235
-0.488235
0.225490
-0.029412
-0.417647
-0.417647
-0.409804
-0.409804
-0.401961
-0.429412
-0.394118
-0.417647
-0.417647
-0.417647
-0.417647
-0.417647
-0.417647
-0.417647
0.264706
-0.072549
-0.476471
-0.445098
-0.445098
-0.484314
-0.476471
-0.492157
-0.445098
-0.476471
-0.476471
-0.476471
-0.476471
-0.476471
-0.476471
-0.476471
0.037255
0.025490
0.001961
0.013725
-0.292157
-0.417647
-0.441176
-0.421569
-0.413725
-0.421569
-0.421569
-0.421569
-0.421569
-0.421569
-0.421569
-0.421569
0.103922
0.049020
-0.005882
-0.060784
-0.300000
-0.382353
-0.413725
-0.394118
-0.409804
-0.417647
-0.429412
-0.429412
-0.429412
-0.429412
-0.429412
-0.429412
0.037255
0.029412
-0.084314
-0.272549
-0.390196
-0.405882
-0.449020
-0.433333
-0.394118
-0.405882
-0.413725
-0.413725
-0.413725
-0.413725
-0.413725
-0.413725
0.037255
0.037255
-0.076471
-0.307843
-0.409804
-0.417647
-0.409804
-0.405882
-0.417647
-0.429412
-0.433333
-0.433333
-0.433333
-0.433333
-0.433333
-0.433333
0.009804
-0.017647
-0.252941
-0.429412
-0.390196
-0.413725
-0.413725
-0.401961
-0.413725
-0.417647
-0.417647
-0.417647
-0.417647
-0.417647
-0.417647
-0.417647
-0.021569
-0.033333
-0.284314
-0.413725
-0.421569
-0.456863
-0.417647
-0.421569
-0.437255
-0.437255
-0.433333
-0.433333
-0.433333
-0.433333
-0.433333
-0.433333
-0.068627
-0.041176
-0.354902
-0.409804
-0.390196
-0.421569
-0.401961
-0.401961
-0.429412
-0.421569
-0.413725
-0.413725
-0.413725
-0.413725
-0.413725
-0.413725
-0.045098
-0.005882
-0.413725
-0.401961
-0.429412
-0.476471
-0.413725
-0.429412
-0.437255
-0.429412
-0.429412
-0.429412
-0.429412
-0.429412
-0.429412
-0.429412
0.064706
0.209804
-0.366667
-0.386275
-0.405882
-0.429412
-0.409804
-0.409804
-0.429412
-0.421569
-0.421569
-0.421569
-0.421569
-0.421569
-0.421569
-0.421569
0.103922
0.252941
-0.390196
-0.386275
-0.409804
-0.433333
-0.405882
-0.409804
-0.429412
-0.429412
-0.429412
-0.429412
-0.429412
-0.429412
-0.429412
-0.429412
0.170588
0.190196
-0.358824
-0.409804
-0.421569
-0.394118
-0.405882
-0.413725
-0.409804
-0.413725
-0.413725
-0.413725
-0.413725
-0.413725
-0.413725
-0.413725
0.221569
0.264706
-0.390196
-0.409804
-0.437255
-0.405882
-0.441176
-0.409804
-0.433333
-0.437255
-0.437255
-0.437255
-0.437255
-0.437255
-0.437255
-0.437255
0.178431
0.225490
-0.374510
-0.390196
-0.401961
-0.413725
-0.417647
-0.421569
-0.405882
-0.409804
-0.413725
-0.413725
-0.413725
-0.413725
-0.413725
-0.413725
0.201961
0.315686
-0.409804
-0.401961
-0.429412
-0.437255
-0.433333
-0.417647
-0.433333
-0.429412
-0.437255
-0.437255
-0.437255
-0.437255
-0.437255
-0.437255
0.162745
0.292157
-0.354902
-0.401961
-0.417647
-0.413725
-0.401961
-0.429412
-0.409804
-0.401961
-0.413725
-0.413725
-0.413725
-0.413725
-0.413725
-0.413725
0.150980
0.366667
-0.374510
-0.394118
-0.429412
-0.433333
-0.382353
-0.433333
-0.413725
-0.413725
-0.421569
-0.421569
-0.421569
-0.421569
-0.421569
-0.421569
0.037255
0.033333
0.029412
0.009804
-0.276471
-0.409804
-0.433333
-0.354902
-0.405882
-0.413725
-0.417647
-0.421569
-0.421569
-0.421569
-0.421569
-0.421569
0.076471
0.005882
0.021569
-0.045098
-0.276471
-0.429412
-0.433333
-0.405882
-0.405882
-0.405882
-0.413725
-0.417647
-0.417647
-0.417647
-0.417647
-0.417647
0.076471
0.021569
-0.005882
-0.300000
-0.405882
-0.409804
-0.405882
-0.409804
-0.409804
-0.409804
-0.413725
-0.417647
-0.417647
-0.417647
-0.417647
-0.417647
0.009804
0.009804
0.013725
-0.311765
-0.394118
-0.401961
-0.417647
-0.445098
-0.405882
-0.413725
-0.417647
-0.421569
-0.421569
-0.421569
-0.421569
-0.421569
0.005882
-0.021569
-0.139216
-0.390196
-0.386275
-0.405882
-0.409804
-0.429412
-0.413725
-0.421569
-0.421569
-0.421569
-0.421569
-0.421569
-0.421569
-0.421569
-0.029412
-0.005882
-0.127451
-0.464706
-0.413725
-0.390196
-0.421569
-0.456863
-0.417647
-0.429412
-0.421569
-0.417647
-0.417647
-0.417647
-0.417647
-0.417647
-0.123529
-0.052941
0.009804
-0.433333
-0.433333
-0.413725
-0.409804
-0.417647
-0.417647
-0.421569
-0.417647
-0.417647
-0.417647
-0.417647
-0.417647
-0.417647
-0.076471
0.037255
0.052941
-0.500000
-0.409804
-0.417647
-0.413725
-0.445098
-0.421569
-0.421569
-0.421569
-0.421569
-0.421569
-0.421569
-0.421569
-0.421569
-0.292157
0.221569
0.029412
-0.413725
-0.374510
-0.429412
-0.417647
-0.390196
-0.413725
-0.421569
-0.421569
-0.421569
-0.421569
-0.421569
-0.421569
-0.421569
-0.319608
0.288235
0.080392
-0.460784
-0.386275
-0.429412
-0.460784
-0.417647
-0.409804
-0.413725
-0.417647
-0.417647
-0.417647
-0.417647
-0.417647
-0.417647
0.119608
0.252941
0.076471
-0.390196
-0.437255
-0.429412
-0.417647
-0.445098
-0.413725
-0.417647
-0.421569
-0.421569
-0.421569
-0.421569
-0.421569
-0.421569
0.135294
0.335294
0.096078
-0.445098
-0.429412
-0.413725
-0.401961
-0.417647
-0.413725
-0.417647
-0.417647
-0.421569
-0.421569
-0.421569
-0.421569
-0.421569
0.123529
0.245098
0.107843
-0.417647
-0.417647
-0.413725
-0.429412
-0.413725
-0.413725
-0.413725
-0.417647
-0.421569
-0.421569
-0.421569
-0.421569
-0.421569
0.205882
0.370588
0.131373
-0.460784
-0.390196
-0.401961
-0.441176
-0.500000
-0.417647
-0.413725
-0.413725
-0.421569
-0.421569
-0.421569
-0.421569
-0.421569
0.229412
0.288235
0.119608
-0.409804
-0.366667
-0.429412
-0.417647
-0.394118
-0.417647
-0.405882
-0.409804
-0.413725
-0.413725
-0.413725
-0.413725
-0.413725
0.272549
0.382353
0.158824
-0.500000
-0.390196
-0.413725
-0.429412
-0.413725
-0.409804
-0.409804
-0.413725
-0.417647
-0.417647
-0.417647
-0.417647
-0.417647
0.068627
0.064706
0.033333
-0.025490
-0.284314
-0.441176
-0.409804
-0.433333
-0.405882
-0.413725
-0.417647
-0.421569
-0.421569
-0.421569
-0.421569
-0.421569
0.068627
0.009804
0.041176
-0.041176
-0.323529
-0.421569
-0.417647
-0.449020
-0.429412
-0.429412
-0.437255
-0.441176
-0.441176
-0.441176
-0.441176
-0.441176
0.076471
0.049020
-0.001961
-0.292157
-0.413725
-0.382353
-0.390196
-0.409804
-0.401961
-0.401961
-0.405882
-0.409804
-0.409804
-0.409804
-0.409804
-0.409804
0.033333
0.021569
0.013725
-0.350980
-0.401961
-0.421569
-0.421569
-0.437255
-0.417647
-0.429412
-0.433333
-0.437255
-0.437255
-0.437255
-0.437255
-0.437255
0.068627
-0.021569
-0.021569
-0.390196
-0.405882
-0.417647
-0.394118
-0.405882
-0.409804
-0.417647
-0.417647
-0.417647
-0.417647
-0.417647
-0.417647
-0.417647
0.052941
-0.049020
-0.017647
-0.394118
-0.401961
-0.421569
-0.449020
-0.433333
-0.441176
-0.449020
-0.445098
-0.441176
-0.441176
-0.441176
-0.441176
-0.441176
-0.072549
-0.096078
0.123529
-0.362745
-0.429412
-0.405882
-0.401961
-0.417647
-0.409804
-0.413725
-0.409804
-0.409804
-0.409804
-0.409804
-0.409804
-0.409804
-0.033333
-0.103922
0.158824
-0.433333
-0.456863
-0.456863
-0.417647
-0.421569
-0.437255
-0.437255
-0.437255
-0.437255
-0.437255
-0.437255
-0.437255
-0.437255
-0.354902
0.029412
0.209804
-0.390196
-0.405882
-0.437255
-0.394118
-0.409804
-0.413725
-0.421569
-0.421569
-0.421569
-0.421569
-0.421569
-0.421569
-0.421569
-0.456863
-0.017647
0.264706
-0.433333
-0.441176
-0.468627
-0.464706
-0.460784
-0.437255
-0.441176
-0.445098
-0.445098
-0.445098
-0.445098
-0.445098
-0.445098
-0.350980
0.111765
0.245098
-0.362745
-0.386275
-0.437255
-0.429412
-0.421569
-0.405882
-0.409804
-0.413725
-0.413725
-0.413725
-0.413725
-0.413725
-0.413725
-0.386275
0.123529
0.315686
-0.429412
-0.409804
-0.472549
-0.421569
-0.464706
-0.437255
-0.441176
-0.441176
-0.445098
-0.445098
-0.445098
-0.445098
-0.445098
-0.143137
0.162745
0.292157
-0.382353
-0.445098
-0.413725
-0.429412
-0.405882
-0.409804
-0.409804
-0.413725
-0.417647
-0.417647
-0.417647
-0.417647
-0.417647
-0.100000
0.198039
0.374510
-0.429412
-0.429412
-0.401961
-0.413725
-0.445098
-0.445098
-0.441176
-0.441176
-0.449020
-0.449020
-0.449020
-0.449020
-0.449020
0.252941
0.303922
0.260784
-0.374510
-0.386275
-0.429412
-0.409804
-0.421569
-0.409804
-0.394118
-0.401961
-0.405882
-0.405882
-0.405882
-0.405882
-0.405882
0.288235
0.307843
0.343137
-0.441176
-0.421569
-0.433333
-0.445098
-0.405882
-0.429412
-0.429412
-0.433333
-0.437255
-0.437255
-0.437255
-0.437255
-0.437255
0.080392
0.084314
0.029412
0.029412
-0.264706
-0.405882
-0.405882
-0.401961
-0.417647
-0.409804
-0.417647
-0.421569
-0.421569
-0.421569
-0.421569
-0.421569
0.088235
0.029412
0.037255
0.021569
-0.292157
-0.394118
-0.421569
-0.437255
-0.441176
-0.429412
-0.433333
-0.441176
-0.441176
-0.441176
-0.441176
-0.441176
0.021569
0.049020
0.060784
-0.225490
-0.409804
-0.421569
-0.390196
-0.449020
-0.405882
-0.401961
-0.405882
-0.409804
-0.409804
-0.409804
-0.409804
-0.409804
0.041176
0.009804
0.049020
-0.237255
-0.437255
-0.464706
-0.445098
-0.468627
-0.429412
-0.421569
-0.433333
-0.437255
-0.437255
-0.437255
-0.437255
-0.437255
0.013725
-0.005882
-0.131373
0.080392
-0.433333
-0.441176
-0.401961
-0.429412
-0.409804
-0.413725
-0.417647
-0.417647
-0.417647
-0.417647
-0.417647
-0.417647
0.052941
-0.045098
-0.127451
0.131373
-0.449020
-0.468627
-0.409804
-0.445098
-0.437255
-0.445098
-0.449020
-0.445098
-0.441176
-0.441176
-0.441176
-0.441176
-0.017647
-0.307843
0.174510
0.056863
-0.390196
-0.417647
-0.409804
-0.413725
-0.413725
-0.413725
-0.413725
-0.409804
-0.409804
-0.409804
-0.409804
-0.409804
0.025490
-0.335294
0.249020
0.068627
-0.460784
-0.437255
-0.433333
-0.445098
-0.433333
-0.437255
-0.437255
-0.437255
-0.437255
-0.437255
-0.437255
-0.437255
-0.323529
-0.409804
0.162745
0.056863
-0.441176
-0.445098
-0.394118
-0.394118
-0.413725
-0.417647
-0.421569
-0.421569
-0.421569
-0.421569
-0.421569
-0.421569
-0.362745
-0.496078
0.162745
0.041176
-0.488235
-0.460784
-0.449020
-0.464706
-0.449020
-0.441176
-0.445098
-0.445098
-0.445098
-0.445098
-0.445098
-0.445098
-0.429412
-0.378431
0.198039
0.068627
-0.409804
-0.405882
-0.386275
-0.429412
-0.413725
-0.409804
-0.413725
-0.413725
-0.413725
-0.413725
-0.413725
-0.413725
-0.500000
-0.468627
0.229412
0.064706
-0.464706
-0.429412
-0.441176
-0.445098
-0.449020
-0.441176
-0.441176
-0.445098
-0.445098
-0.445098
-0.445098
-0.445098
-0.358824
-0.382353
0.221569
0.123529
-0.429412
-0.429412
-0.401961
-0.405882
-0.409804
-0.409804
-0.413725
-0.417647
-0.417647
-0.417647
-0.417647
-0.417647
-0.472549
-0.460784
0.288235
0.150980
-0.460784
-0.417647
-0.433333
-0.421569
-0.445098
-0.445098
-0.441176
-0.445098
-0.449020
-0.449020
-0.449020
-0.449020
-0.307843
-0.284314
0.300000
0.150980
-0.409804
-0.421569
-0.421569
-0.413725
-0.417647
-0.405882
-0.401961
-0.405882
-0.405882
-0.405882
-0.405882
-0.405882
-0.347059
-0.311765
0.362745
0.162745
-0.476471
-0.441176
-0.460784
-0.433333
-0.417647
-0.429412
-0.433333
-0.437255
-0.437255
-0.437255
-0.437255
-0.437255
0.111765
0.076471
0.025490
0.029412
-0.213725
-0.382353
-0.449020
-0.382353
-0.413725
-0.405882
-0.413725
-0.417647
-0.417647
-0.417647
-0.417647
-0.417647
0.096078
0.041176
0.037255
0.080392
-0.245098
-0.390196
-0.464706
-0.413725
-0.437255
-0.421569
-0.429412
-0.437255
-0.437255
-0.437255
-0.437255
-0.437255
0.013725
0.041176
0.013725
-0.111765
-0.339216
-0.401961
-0.401961
-0.401961
-0.401961
-0.394118
-0.401961
-0.405882
-0.405882
-0.405882
-0.405882
-0.405882
0.041176
0.049020
0.029412
-0.115686
-0.401961
-0.429412
-0.433333
-0.460784
-0.421569
-0.417647
-0.429412
-0.433333
-0.433333
-0.433333
-0.433333
-0.433333
0.021569
0.041176
-0.131373
0.205882
-0.417647
-0.433333
-0.390196
-0.409804
-0.405882
-0.409804
-0.413725
-0.413725
-0.413725
-0.413725
-0.413725
-0.413725
0.033333
0.013725
-0.150980
0.233333
-0.449020
-0.433333
-0.382353
-0.449020
-0.433333
-0.441176
-0.445098
-0.441176
-0.437255
-0.437255
-0.437255
-0.437255
-0.013725
-0.252941
0.080392
0.198039
-0.362745
-0.401961
-0.421569
-0.437255
-0.409804
-0.409804
-0.409804
-0.405882
-0.405882
-0.405882
-0.405882
-0.405882
-0.021569
-0.296078
0.111765
0.249020
-0.421569
-0.429412
-0.449020
-0.445098
-0.429412
-0.433333
-0.433333
-0.433333
-0.433333
-0.433333
-0.433333
-0.433333
-0.303922
-0.366667
0.088235
0.150980
-0.382353
-0.445098
-0.390196
-0.394118
-0.409804
-0.413725
-0.417647
-0.417647
-0.417647
-0.417647
-0.417647
-0.417647
-0.319608
-0.441176
0.096078
0.252941
-0.429412
-0.456863
-0.441176
-0.441176
-0.441176
-0.433333
-0.437255
-0.437255
-0.437255
-0.437255
-0.437255
-0.437255
-0.405882
-0.378431
0.084314
0.225490
-0.409804
-0.413725
-0.429412
-0.433333
-0.413725
-0.409804
-0.413725
-0.413725
-0.413725
-0.413725
-0.413725
-0.413725
-0.441176
-0.449020
0.092157
0.311765
-0.445098
-0.413725
-0.429412
-0.409804
-0.437255
-0.429412
-0.429412
-0.433333
-0.433333
-0.433333
-0.433333
-0.433333
-0.394118
-0.401961
0.143137
0.292157
-0.409804
-0.437255
-0.437255
-0.417647
-0.409804
-0.409804
-0.413725
-0.417647
-0.417647
-0.417647
-0.417647
-0.417647
-0.500000
-0.496078
0.178431
0.358824
-0.449020
-0.449020
-0.445098
-0.464706
-0.437255
-0.437255
-0.433333
-0.437255
-0.441176
-0.441176
-0.441176
-0.441176
-0.382353
-0.374510
0.198039
0.311765
-0.386275
-0.433333
-0.413725
-0.456863
-0.417647
-0.405882
-0.401961
-0.405882
-0.405882
-0.405882
-0.405882
-0.405882
-0.496078
-0.472549
0.233333
0.370588
-0.464706
-0.460784
-0.433333
-0.464706
-0.413725
-0.421569
-0.429412
-0.433333
-0.433333
-0.433333
-0.433333
-0.433333
0.068627
0.041176
0.009804
0.041176
-0.249020
-0.401961
-0.445098
-0.417647
-0.409804
-0.413725
-0.413725
-0.417647
-0.421569
-0.421569
-0.421569
-0.421569
0.060784
0.056863
0.001961
0.029412
-0.264706
-0.413725
-0.464706
-0.456863
-0.417647
-0.417647
-0.417647
-0.421569
-0.429412
-0.429412
-0.429412
-0.429412
0.009804
0.076471
-0.041176
-0.084314
-0.096078
-0.390196
-0.445098
-0.417647
-0.413725
-0.401961
-0.401961
-0.409804
-0.409804
-0.409804
-0.409804
-0.409804
0.049020
0.064706
-0.076471
-0.041176
-0.076471
-0.445098
-0.409804
-0.441176
-0.437255
-0.429412
-0.433333
-0.437255
-0.437255
-0.437255
-0.437255
-0.437255
0.037255
-0.029412
-0.194118
0.135294
-0.103922
-0.390196
-0.429412
-0.401961
-0.409804
-0.409804
-0.413725
-0.413725
-0.413725
-0.413725
-0.413725
-0.413725
0.033333
-0.041176
-0.245098
0.170588
-0.107843
-0.386275
-0.433333
-0.429412
-0.441176
-0.433333
-0.437255
-0.437255
-0.433333
-0.433333
-0.433333
-0.433333
-0.041176
-0.249020
-0.237255
0.225490
-0.103922
-0.409804
-0.464706
-0.405882
-0.429412
-0.413725
-0.417647
-0.413725
-0.413725
-0.413725
-0.413725
-0.413725
-0.088235
-0.264706
-0.307843
0.225490
-0.139216
-0.429412
-0.468627
-0.401961
-0.421569
-0.429412
-0.429412
-0.433333
-0.433333
-0.433333
-0.433333
-0.433333
-0.284314
-0.366667
-0.256863
0.194118
-0.080392
-0.409804
-0.390196
-0.413725
-0.421569
-0.421569
-0.429412
-0.429412
-0.429412
-0.429412
-0.429412
-0.429412
-0.292157
-0.327451
-0.245098
0.225490
-0.100000
-0.417647
-0.409804
-0.429412
-0.437255
-0.429412
-0.429412
-0.433333
-0.433333
-0.433333
-0.433333
-0.433333
-0.421569
-0.374510
-0.256863
0.264706
-0.072549
-0.378431
-0.386275
-0.394118
-0.417647
-0.417647
-0.413725
-0.417647
-0.417647
-0.417647
-0.417647
-0.417647
-0.378431
-0.366667
-0.249020
0.300000
-0.068627
-0.401961
-0.417647
-0.429412
-0.429412
-0.433333
-0.429412
-0.433333
-0.437255
-0.437255
-0.437255
-0.437255
-0.405882
-0.417647
-0.249020
0.315686
-0.056863
-0.405882
-0.417647
-0.433333
-0.421569
-0.413725
-0.413725
-0.417647
-0.417647
-0.421569
-0.421569
-0.421569
-0.390196
-0.394118
-0.221569
0.339216
-0.052941
-0.409804
-0.421569
-0.449020
-0.449020
-0.429412
-0.421569
-0.421569
-0.429412
-0.429412
-0.429412
-0.429412
-0.394118
-0.390196
-0.237255
0.339216
-0.096078
-0.421569
-0.437255
-0.437255
-0.433333
-0.409804
-0.409804
-0.413725
-0.413725
-0.413725
-0.413725
-0.413725
-0.449020
-0.421569
-0.264706
0.354902
-0.088235
-0.394118
-0.445098
-0.437255
-0.429412
-0.417647
-0.417647
-0.421569
-0.421569
-0.421569
-0.421569
-0.421569
0.111765
0.052941
0.005882
0.013725
-0.186275
-0.441176
-0.390196
-0.405882
-0.417647
-0.421569
-0.417647
-0.417647
-0.421569
-0.417647
-0.413725
-0.413725
0.088235
0.068627
0.001961
0.025490
-0.154902
-0.433333
-0.460784
-0.433333
-0.429412
-0.429412
-0.421569
-0.421569
-0.429412
-0.421569
-0.417647
-0.417647
0.025490
0.001961
-0.013725
-0.166667
0.107843
-0.460784
-0.421569
-0.390196
-0.417647
-0.405882
-0.405882
-0.409804
-0.409804
-0.405882
-0.405882
-0.405882
0.021569
0.021569
-0.052941
-0.107843
0.225490
-0.484314
-0.405882
-0.413725
-0.437255
-0.429412
-0.433333
-0.437255
-0.437255
-0.437255
-0.437255
-0.437255
0.029412
-0.013725
-0.276471
0.119608
0.107843
-0.405882
-0.460784
-0.409804
-0.409804
-0.409804
-0.413725
-0.413725
-0.413725
-0.413725
-0.413725
-0.413725
0.025490
-0.005882
-0.335294
0.135294
0.201961
-0.401961
-0.433333
-0.441176
-0.437255
-0.429412
-0.433333
-0.437255
-0.433333
-0.437255
-0.437255
-0.437255
-0.021569
-0.252941
-0.413725
0.182353
0.166667
-0.417647
-0.437255
-0.390196
-0.417647
-0.405882
-0.413725
-0.413725
-0.413725
-0.417647
-0.421569
-0.421569
-0.041176
-0.280392
-0.492157
0.170588
0.170588
-0.445098
-0.437255
-0.382353
-0.413725
-0.417647
-0.421569
-0.433333
-0.433333
-0.437255
-0.441176
-0.441176
-0.256863
-0.374510
-0.394118
0.174510
0.201961
-0.413725
-0.405882
-0.433333
-0.413725
-0.413725
-0.417647
-0.417647
-0.417647
-0.417647
-0.417647
-0.417647
-0.276471
-0.456863
-0.500000
0.190196
0.245098
-0.476471
-0.449020
-0.429412
-0.433333
-0.421569
-0.421569
-0.429412
-0.429412
-0.429412
-0.429412
-0.429412
-0.292157
-0.405882
-0.421569
0.209804
0.272549
-0.421569
-0.429412
-0.441176
-0.413725
-0.413725
-0.409804
-0.413725
-0.413725
-0.413725
-0.413725
-0.413725
-0.276471
-0.417647
-0.445098
0.288235
0.311765
-0.488235
-0.445098
-0.441176
-0.429412
-0.433333
-0.429412
-0.433333
-0.437255
-0.437255
-0.437255
-0.437255
-0.292157
-0.421569
-0.401961
0.280392
0.264706
-0.437255
-0.413725
-0.409804
-0.421569
-0.413725
-0.413725
-0.417647
-0.417647
-0.421569
-0.421569
-0.421569
-0.201961
-0.362745
-0.401961
0.390196
0.339216
-0.460784
-0.437255
-0.433333
-0.456863
-0.433333
-0.429412
-0.429412
-0.433333
-0.433333
-0.433333
-0.433333
-0.276471
-0.401961
-0.445098
0.292157
0.229412
-0.437255
-0.417647
-0.421569
-0.437255
-0.413725
-0.413725
-0.417647
-0.417647
-0.417647
-0.417647
-0.417647
-0.225490
-0.358824
-0.421569
0.370588
0.280392
-0.449020
-0.464706
-0.449020
-0.437255
-0.429412
-0.429412
-0.433333
-0.433333
-0.433333
-0.433333
-0.433333
0.084314
0.080392
0.037255
-0.005882
-0.225490
-0.386275
-0.401961
-0.417647
-0.417647
-0.421569
-0.417647
-0.417647
-0.421569
-0.417647
-0.413725
-0.413725
0.088235
0.103922
0.021569
0.025490
-0.213725
-0.429412
-0.445098
-0.421569
-0.429412
-0.429412
-0.421569
-0.421569
-0.429412
-0.421569
-0.417647
-0.417647
0.041176
0.068627
0.013725
-0.170588
0.139216
-0.354902
-0.429412
-0.433333
-0.417647
-0.405882
-0.405882
-0.409804
-0.409804
-0.405882
-0.405882
-0.405882
0.033333
0.056863
0.021569
-0.162745
0.217647
-0.386275
-0.449020
-0.429412
-0.437255
-0.429412
-0.433333
-0.437255
-0.437255
-0.437255
-0.437255
-0.437255
0.021569
0.001961
-0.198039
0.147059
0.115686
-0.374510
-0.394118
-0.386275
-0.409804
-0.409804
-0.413725
-0.413725
-0.413725
-0.413725
-0.413725
-0.413725
0.029412
-0.001961
-0.162745
0.166667
0.249020
-0.347059
-0.417647
-0.441176
-0.437255
-0.429412
-0.433333
-0.437255
-0.433333
-0.437255
-0.437255
-0.437255
-0.013725
-0.292157
-0.331373
0.064706
0.221569
-0.323529
-0.433333
-0.421569
-0.417647
-0.405882
-0.413725
-0.413725
-0.413725
-0.417647
-0.421569
-0.421569
0.013725
-0.292157
-0.366667
0.123529
0.280392
-0.374510
-0.417647
-0.445098
-0.413725
-0.417647
-0.421569
-0.433333
-0.433333
-0.437255
-0.441176
-0.441176
-0.347059
-0.409804
-0.354902
0.029412
0.205882
-0.327451
-0.417647
-0.386275
-0.413725
-0.413725
-0.417647
-0.417647
-0.417647
-0.417647
-0.417647
-0.417647
-0.378431
-0.500000
-0.456863
0.013725
0.303922
-0.390196
-0.449020
-0.421569
-0.433333
-0.421569
-0.421569
-0.429412
-0.429412
-0.429412
-0.429412
-0.429412
-0.386275
-0.405882
-0.386275
0.025490
0.288235
-0.335294
-0.441176
-0.421569
-0.413725
-0.413725
-0.409804
-0.413725
-0.413725
-0.413725
-0.413725
-0.413725
-0.484314
-0.496078
-0.484314
-0.017647
0.319608
-0.405882
-0.460784
-0.449020
-0.429412
-0.433333
-0.429412
-0.433333
-0.437255
-0.437255
-0.437255
-0.437255
-0.076471
-0.390196
-0.386275
0.052941
0.272549
-0.390196
-0.401961
-0.421569
-0.421569
-0.413725
-0.413725
-0.417647
-0.417647
-0.421569
-0.421569
-0.421569
-0.049020
-0.441176
-0.468627
0.049020
0.311765
-0.433333
-0.405882
-0.429412
-0.456863
-0.433333
-0.429412
-0.429412
-0.433333
-0.433333
-0.433333
-0.433333
0.009804
-0.390196
-0.421569
0.080392
0.229412
-0.378431
-0.413725
-0.433333
-0.437255
-0.413725
-0.413725
-0.417647
-0.417647
-0.417647
-0.417647
-0.417647
0.096078
-0.394118
-0.390196
0.131373
0.311765
-0.394118
-0.433333
-0.456863
-0.437255
-0.429412
-0.429412
-0.433333
-0.433333
-0.433333
-0.433333
-0.433333
0.103922
0.052941
0.056863
0.025490
-0.249020
-0.366667
-0.374510
-0.374510
-0.433333
-0.441176
-0.433333
-0.437255
-0.429412
-0.417647
-0.409804
-0.409804
0.060784
0.084314
0.037255
0.001961
-0.241176
-0.405882
-0.390196
-0.445098
-0.429412
-0.437255
-0.449020
-0.449020
-0.460784
-0.460784
-0.437255
-0.437255
0.049020
0.060784
0.033333
-0.252941
-0.354902
-0.433333
-0.366667
-0.374510
-0.421569
-0.421569
-0.421569
-0.421569
-0.421569
-0.421569
-0.417647
-0.417647
0.033333
0.068627
0.052941
-0.300000
-0.386275
-0.409804
-0.429412
-0.441176
-0.437255
-0.441176
-0.437255
-0.437255
-0.437255
-0.437255
-0.433333
-0.433333
0.025490
0.033333
-0.217647
-0.154902
-0.194118
-0.319608
-0.366667
-0.409804
-0.421569
-0.409804
-0.405882
-0.405882
-0.409804
-0.405882
-0.405882
-0.405882
0.009804
0.033333
-0.170588
-0.143137
-0.221569
-0.335294
-0.405882
-0.433333
-0.445098
-0.445098
-0.441176
-0.445098
-0.449020
-0.449020
-0.449020
-0.449020
-0.001961
-0.096078
0.139216
0.139216
0.119608
-0.068627
-0.374510
-0.472549
-0.401961
-0.413725
-0.413725
-0.417647
-0.417647
-0.417647
-0.417647
-0.417647
0.001961
-0.096078
0.201961
0.194118
0.170588
-0.072549
-0.441176
-0.500000
-0.445098
-0.441176
-0.437255
-0.441176
-0.441176
-0.441176
-0.445098
-0.445098
-0.256863
-0.017647
-0.049020
0.009804
0.249020
-0.041176
-0.401961
-0.413725
-0.417647
-0.409804
-0.409804
-0.413725
-0.413725
-0.413725
-0.417647
-0.421569
-0.272549
0.001961
0.029412
0.049020
0.307843
-0.013725
-0.437255
-0.429412
-0.433333
-0.417647
-0.421569
-0.433333
-0.437255
-0.437255
-0.441176
-0.445098
-0.394118
-0.409804
-0.366667
-0.221569
0.178431
-0.049020
-0.405882
-0.390196
-0.394118
-0.409804
-0.409804
-0.413725
-0.413725
-0.413725
-0.413725
-0.413725
-0.386275
-0.421569
-0.366667
-0.237255
0.256863
-0.005882
-0.437255
-0.437255
-0.437255
-0.437255
-0.433333
-0.433333
-0.437255
-0.437255
-0.437255
-0.437255
-0.390196
-0.413725
-0.386275
-0.221569
0.288235
-0.033333
-0.413725
-0.401961
-0.409804
-0.405882
-0.401961
-0.401961
-0.405882
-0.405882
-0.405882
-0.405882
-0.492157
-0.500000
-0.500000
-0.331373
0.272549
-0.084314
-0.429412
-0.433333
-0.441176
-0.433333
-0.433333
-0.433333
-0.437255
-0.441176
-0.441176
-0.441176
-0.209804
-0.382353
-0.386275
-0.225490
0.307843
-0.088235
-0.441176
-0.417647
-0.417647
-0.413725
-0.409804
-0.409804
-0.413725
-0.413725
-0.417647
-0.417647
-0.276471
-0.449020
-0.492157
-0.323529
0.276471
-0.131373
-0.468627
-0.437255
-0.441176
-0.441176
-0.429412
-0.429412
-0.429412
-0.433333
-0.433333
-0.433333
0.096078
0.139216
0.088235
0.029412
-0.237255
-0.394118
-0.394118
-0.421569
-0.445098
-0.409804
-0.437255
-0.429412
-0.413725
-0.429412
-0.401961
-0.421569
0.103922
0.107843
0.080392
0.013725
-0.268627
-0.394118
-0.476471
-0.484314
-0.413725
-0.421569
-0.449020
-0.437255
-0.464706
-0.456863
-0.417647
-0.449020
0.041176
0.092157
0.021569
-0.229412
-0.382353
-0.409804
-0.421569
-0.421569
-0.433333
-0.441176
-0.433333
-0.437255
-0.429412
-0.417647
-0.409804
-0.409804
0.080392
0.064706
-0.001961
-0.264706
-0.456863
-0.488235
-0.449020
-0.437255
-0.429412
-0.437255
-0.449020
-0.449020
-0.460784
-0.460784
-0.437255
-0.437255
0.049020
-0.029412
-0.280392
-0.401961
-0.421569
-0.429412
-0.386275
-0.417647
-0.421569
-0.421569
-0.421569
-0.421569
-0.421569
-0.421569
-0.417647
-0.417647
0.056863
-0.013725
-0.284314
-0.500000
-0.500000
-0.456863
-0.421569
-0.445098
-0.437255
-0.441176
-0.437255
-0.437255
-0.437255
-0.437255
-0.433333
-0.433333
0.029412
-0.268627
-0.358824
-0.386275
-0.386275
-0.358824
-0.409804
-0.394118
-0.421569
-0.409804
-0.405882
-0.405882
-0.409804
-0.405882
-0.405882
-0.405882
-0.005882
-0.268627
-0.354902
-0.405882
-0.413725
-0.405882
-0.437255
-0.445098
-0.445098
-0.445098
-0.441176
-0.445098
-0.449020
-0.449020
-0.449020
-0.449020
-0.096078
0.096078
0.103922
0.103922
0.111765
0.080392
-0.413725
-0.413725
-0.401961
-0.413725
-0.413725
-0.417647
-0.417647
-0.417647
-0.417647
-0.417647
-0.056863
0.178431
0.201961
0.115686
0.111765
0.123529
-0.429412
-0.476471
-0.445098
-0.441176
-0.437255
-0.441176
-0.441176
-0.441176
-0.445098
-0.445098
0.158824
0.182353
0.178431
0.166667
0.252941
0.170588
-0.409804
-0.394118
-0.417647
-0.409804
-0.409804
-0.413725
-0.413725
-0.413725
-0.417647
-0.421569
0.205882
0.229412
0.233333
0.225490
0.284314
0.209804
-0.437255
-0.441176
-0.433333
-0.417647
-0.421569
-0.433333
-0.437255
-0.437255
-0.441176
-0.445098
-0.303922
-0.300000
-0.331373
-0.241176
0.280392
0.150980
-0.390196
-0.421569
-0.394118
-0.409804
-0.409804
-0.413725
-0.413725
-0.413725
-0.413725
-0.413725
-0.280392
-0.280392
-0.276471
-0.186275
0.401961
0.260784
-0.449020
-0.449020
-0.437255
-0.437255
-0.433333
-0.433333
-0.437255
-0.437255
-0.437255
-0.437255
-0.358824
-0.390196
-0.378431
-0.354902
0.311765
0.131373
-0.409804
-0.378431
-0.409804
-0.405882
-0.401961
-0.401961
-0.405882
-0.405882
-0.405882
-0.405882
-0.476471
-0.405882
-0.401961
-0.456863
0.315686
0.182353
-0.401961
-0.394118
-0.441176
-0.433333
-0.433333
-0.433333
-0.437255
-0.441176
-0.441176
-0.441176
0.052941
0.049020
0.056863
-0.021569
-0.319608
-0.409804
-0.382353
-0.401961
-0.413725
-0.413725
-0.413725
-0.413725
-0.413725
-0.413725
-0.413725
-0.413725
0.076471
0.041176
0.037255
-0.045098
-0.339216
-0.417647
-0.417647
-0.421569
-0.413725
-0.413725
-0.413725
-0.413725
-0.413725
-0.413725
-0.413725
-0.413725
0.029412
0.060784
-0.029412
-0.276471
-0.378431
-0.413725
-0.429412
-0.362745
-0.413725
-0.413725
-0.413725
-0.413725
-0.413725
-0.413725
-0.413725
-0.413725
0.060784
0.041176
-0.049020
-0.303922
-0.378431
-0.421569
-0.472549
-0.413725
-0.413725
-0.413725
-0.413725
-0.413725
-0.413725
-0.413725
-0.413725
-0.413725
0.033333
-0.017647
-0.327451
-0.409804
-0.390196
-0.390196
-0.386275
-0.421569
-0.413725
-0.413725
-0.413725
-0.413725
-0.413725
-0.413725
-0.413725
-0.413725
0.056863
-0.045098
-0.390196
-0.464706
-0.429412
-0.441176
-0.390196
-0.413725
-0.413725
-0.413725
-0.413725
-0.413725
-0.413725
-0.413725
-0.413725
-0.413725
-0.013725
-0.354902
-0.413725
-0.441176
-0.433333
-0.429412
-0.417647
-0.421569
-0.413725
-0.413725
-0.413725
-0.413725
-0.413725
-0.413725
-0.413725
-0.413725
0.001961
-0.358824
-0.472549
-0.492157
-0.488235
-0.476471
-0.413725
-0.390196
-0.413725
-0.413725
-0.413725
-0.413725
-0.413725
-0.413725
-0.413725
-0.413725
-0.362745
-0.374510
-0.390196
-0.401961
-0.409804
-0.350980
-0.401961
-0.429412
-0.413725
-0.413725
-0.413725
-0.413725
-0.413725
-0.413725
-0.413725
-0.413725
-0.358824
-0.366667
-0.413725
-0.374510
-0.456863
-0.358824
-0.433333
-0.460784
-0.413725
-0.413725
-0.413725
-0.413725
-0.413725
-0.413725
-0.413725
-0.413725
-0.166667
-0.237255
-0.217647
-0.209804
-0.190196
-0.194118
-0.437255
-0.417647
-0.413725
-0.413725
-0.413725
-0.413725
-0.413725
-0.413725
-0.413725
-0.413725
-0.084314
-0.162745
-0.143137
-0.150980
-0.170588
-0.229412
-0.417647
-0.409804
-0.413725
-0.413725
-0.413725
-0.413725
-0.413725
-0.413725
-0.413725
-0.413725
0.198039
0.209804
0.280392
0.237255
0.260784
0.256863
-0.405882
-0.401961
-0.413725
-0.413725
-0.413725
-0.413725
-0.413725
-0.413725
-0.413725
-0.413725
0.280392
0.303922
0.358824
0.300000
0.331373
0.327451
-0.401961
-0.433333
-0.413725
-0.413725
-0.413725
-0.413725
-0.413725
-0.413725
-0.413725
-0.413725
0.025490
0.150980
0.131373
0.092157
0.284314
0.252941
-0.468627
-0.417647
-0.413725
-0.413725
-0.413725
-0.413725
-0.413725
-0.413725
-0.413725
-0.413725
0.092157
0.245098
0.178431
0.190196
0.362745
0.417647
-0.445098
-0.421569
-0.413725
-0.413725
-0.413725
-0.413725
-0.413725
-0.413725
-0.413725
-0.413725
0.041176
0.060784
0.041176
0.033333
-0.237255
-0.413725
-0.409804
-0.362745
-0.433333
-0.433333
-0.413725
-0.421569
-0.464706
-0.433333
-0.433333
-0.421569
0.092157
0.041176
0.033333
0.009804
-0.268627
-0.456863
-0.441176
-0.413725
-0.433333
-0.441176
-0.421569
-0.456863
-0.464706
-0.437255
-0.441176
-0.433333
0.041176
0.025490
-0.017647
-0.272549
-0.362745
-0.390196
-0.405882
-0.401961
-0.409804
-0.417647
-0.409804
-0.429412
-0.429412
-0.413725
-0.417647
-0.413725
0.068627
0.029412
-0.013725
-0.319608
-0.401961
-0.421569
-0.437255
-0.429412
-0.433333
-0.433333
-0.433333
-0.433333
-0.433333
-0.433333
-0.433333
-0.433333
0.060784
-0.025490
-0.249020
-0.382353
-0.421569
-0.421569
-0.413725
-0.449020
-0.409804
-0.409804
-0.409804
-0.409804
-0.409804
-0.409804
-0.409804
-0.409804
0.056863
-0.033333
-0.296078
-0.378431
-0.441176
-0.413725
-0.409804
-0.421569
-0.429412
-0.429412
-0.429412
-0.429412
-0.429412
-0.429412
-0.429412
-0.429412
-0.013725
-0.296078
-0.382353
-0.378431
-0.437255
-0.433333
-0.429412
-0.382353
-0.413725
-0.413725
-0.413725
-0.413725
-0.413725
-0.413725
-0.413725
-0.413725
-0.056863
-0.339216
-0.417647
-0.437255
-0.417647
-0.445098
-0.441176
-0.394118
-0.421569
-0.421569
-0.421569
-0.421569
-0.421569
-0.421569
-0.421569
-0.421569
-0.303922
-0.347059
-0.417647
-0.409804
-0.433333
-0.413725
-0.394118
-0.409804
-0.417647
-0.417647
-0.417647
-0.417647
-0.417647
-0.417647
-0.417647
-0.417647
-0.335294
-0.437255
-0.500000
-0.468627
-0.500000
-0.500000
-0.417647
-0.441176
-0.421569
-0.421569
-0.421569
-0.421569
-0.421569
-0.421569
-0.421569
-0.421569
-0.417647
-0.405882
-0.401961
-0.413725
-0.417647
-0.417647
-0.421569
-0.378431
-0.413725
-0.413725
-0.413725
-0.413725
-0.413725
-0.413725
-0.413725
-0.413725
-0.496078
-0.484314
-0.492157
-0.500000
-0.500000
-0.464706
-0.441176
-0.409804
-0.429412
-0.429412
-0.429412
-0.429412
-0.429412
-0.429412
-0.429412
-0.429412
-0.386275
-0.382353
-0.374510
-0.405882
-0.390196
-0.354902
-0.449020
-0.417647
-0.413725
-0.413725
-0.413725
-0.413725
-0.413725
-0.413725
-0.413725
-0.413725
-0.347059
-0.350980
-0.347059
-0.366667
-0.472549
-0.401961
-0.460784
-0.445098
-0.421569
-0.421569
-0.421569
-0.421569
-0.421569
-0.421569
-0.421569
-0.421569
0.103922
0.080392
0.064706
0.103922
0.119608
0.076471
-0.394118
-0.417647
-0.413725
-0.413725
-0.413725
-0.413725
-0.413725
-0.413725
-0.413725
-0.413725
0.194118
0.205882
0.166667
0.209804
0.170588
0.107843
-0.417647
-0.437255
-0.417647
-0.417647
-0.417647
-0.417647
-0.417647
-0.417647
-0.417647
-0.417647
0.084314
0.076471
0.052941
-0.033333
-0.249020
-0.374510
-0.409804
-0.417647
-0.405882
-0.417647
-0.401961
-0.409804
-0.437255
-0.413725
-0.417647
-0.405882
0.088235
0.092157
0.052941
-0.045098
-0.300000
-0.421569
-0.496078
-0.468627
-0.449020
-0.476471
-0.460784
-0.492157
-0.488235
-0.468627
-0.476471
-0.464706
0.056863
0.103922
-0.005882
-0.217647
-0.374510
-0.413725
-0.401961
-0.401961
-0.417647
-0.409804
-0.417647
-0.449020
-0.417647
-0.429412
-0.417647
-0.401961
0.056863
0.107843
0.005882
-0.264706
-0.456863
-0.464706
-0.449020
-0.468627
-0.488235
-0.476471
-0.500000
-0.500000
-0.484314
-0.496078
-0.488235
-0.476471
0.037255
-0.045098
-0.249020
-0.378431
-0.394118
-0.405882
-0.417647
-0.409804
-0.409804
-0.409804
-0.429412
-0.417647
-0.405882
-0.417647
-0.413725
-0.405882
0.056863
-0.033333
-0.268627
-0.433333
-0.472549
-0.464706
-0.456863
-0.500000
-0.484314
-0.492157
-0.492157
-0.484314
-0.484314
-0.492157
-0.492157
-0.484314
-0.033333
-0.284314
-0.401961
-0.417647
-0.441176
-0.433333
-0.429412
-0.421569
-0.405882
-0.413725
-0.413725
-0.405882
-0.405882
-0.413725
-0.413725
-0.409804
-0.041176
-0.311765
-0.417647
-0.437255
-0.468627
-0.460784
-0.464706
-0.488235
-0.476471
-0.488235
-0.488235
-0.476471
-0.476471
-0.488235
-0.488235
-0.472549
-0.303922
-0.386275
-0.382353
-0.378431
-0.413725
-0.433333
-0.421569
-0.374510
-0.417647
-0.417647
-0.417647
-0.417647
-0.417647
-0.417647
-0.417647
-0.417647
-0.378431
-0.464706
-0.500000
-0.464706
-0.488235
-0.468627
-0.468627
-0.460784
-0.476471
-0.476471
-0.476471
-0.476471
-0.476471
-0.476471
-0.476471
-0.472549
-0.390196
-0.386275
-0.413725
-0.417647
-0.413725
-0.437255
-0.409804
-0.390196
-0.421569
-0.421569
-0.421569
-0.421569
-0.421569
-0.421569
-0.421569
-0.421569
-0.500000
-0.500000
-0.484314
-0.500000
-0.500000
-0.468627
-0.488235
-0.421569
-0.472549
-0.472549
-0.472549
-0.472549
-0.472549
-0.472549
-0.472549
-0.472549
-0.405882
-0.409804
-0.401961
-0.409804
-0.401961
-0.429412
-0.417647
-0.429412
-0.417647
-0.417647
-0.417647
-0.417647
-0.417647
-0.417647
-0.417647
-0.417647
-0.496078
-0.500000
-0.500000
-0.500000
-0.500000
-0.500000
-0.468627
-0.484314
-0.484314
-0.484314
-0.484314
-0.484314
-0.484314
-0.484314
-0.484314
-0.484314
-0.358824
-0.401961
-0.409804
-0.366667
-0.382353
-0.441176
-0.433333
-0.429412
-0.417647
-0.417647
-0.417647
-0.417647
-0.417647
-0.417647
-0.417647
-0.417647
-0.417647
-0.468627
-0.500000
-0.472549
-0.449020
-0.500000
-0.476471
-0.476471
-0.476471
-0.476471
-0.476471
-0.476471
-0.476471
-0.476471
-0.476471
-0.476471
0.056863
0.049020
0.056863
-0.005882
-0.237255
-0.409804
-0.433333
-0.366667
-0.405882
-0.409804
-0.409804
-0.409804
-0.441176
-0.433333
-0.421569
-0.409804
0.064706
0.052941
0.064706
0.009804
-0.276471
-0.445098
-0.441176
-0.413725
-0.433333
-0.449020
-0.441176
-0.468627
-0.460784
-0.445098
-0.445098
-0.441176
0.084314
0.052941
-0.041176
-0.252941
-0.401961
-0.417647
-0.421569
-0.417647
-0.417647
-0.413725
-0.413725
-0.437255
-0.413725
-0.421569
-0.417647
-0.417647
0.092157
0.084314
-0.025490
-0.272549
-0.409804
-0.456863
-0.449020
-0.437255
-0.437255
-0.441176
-0.456863
-0.449020
-0.433333
-0.441176
-0.445098
-0.445098
0.052941
-0.025490
-0.245098
-0.390196
-0.437255
-0.394118
-0.417647
-0.437255
-0.394118
-0.429412
-0.441176
-0.413725
-0.421569
-0.409804
-0.409804
-0.405882
0.092157
-0.021569
-0.276471
-0.449020
-0.472549
-0.421569
-0.417647
-0.449020
-0.429412
-0.476471
-0.468627
-0.437255
-0.449020
-0.445098
-0.445098
-0.429412
-0.049020
-0.276471
-0.390196
-0.409804
-0.421569
-0.437255
-0.405882
-0.409804
-0.401961
-0.421569
-0.421569
-0.390196
-0.405882
-0.417647
-0.401961
-0.401961
-0.029412
-0.331373
-0.429412
-0.437255
-0.456863
-0.449020
-0.445098
-0.468627
-0.456863
-0.456863
-0.464706
-0.441176
-0.449020
-0.472549
-0.445098
-0.445098
-0.272549
-0.401961
-0.417647
-0.433333
-0.421569
-0.429412
-0.421569
-0.394118
-0.417647
-0.417647
-0.409804
-0.409804
-0.417647
-0.417647
-0.413725
-0.409804
-0.284314
-0.401961
-0.413725
-0.433333
-0.417647
-0.433333
-0.449020
-0.429412
-0.456863
-0.456863
-0.445098
-0.445098
-0.456863
-0.456863
-0.441176
-0.445098
-0.390196
-0.394118
-0.390196
-0.413725
-0.433333
-0.429412
-0.378431
-0.413725
-0.413725
-0.413725
-0.413725
-0.413725
-0.413725
-0.413725
-0.413725
-0.417647
-0.390196
-0.441176
-0.409804
-0.421569
-0.409804
-0.421569
-0.417647
-0.429412
-0.441176
-0.441176
-0.441176
-0.441176
-0.441176
-0.441176
-0.437255
-0.449020
-0.386275
-0.421569
-0.429412
-0.413725
-0.437255
-0.417647
-0.405882
-0.421569
-0.421569
-0.421569
-0.421569
-0.421569
-0.421569
-0.421569
-0.421569
-0.413725
-0.445098
-0.413725
-0.464706
-0.456863
-0.421569
-0.464706
-0.405882
-0.449020
-0.437255
-0.437255
-0.437255
-0.437255
-0.437255
-0.437255
-0.437255
-0.445098
-0.421569
-0.421569
-0.429412
-0.401961
-0.417647
-0.413725
-0.417647
-0.401961
-0.413725
-0.413725
-0.413725
-0.413725
-0.413725
-0.413725
-0.413725
-0.409804
-0.492157
-0.500000
-0.500000
-0.496078
-0.476471
-0.449020
-0.460784
-0.445098
-0.441176
-0.441176
-0.441176
-0.441176
-0.441176
-0.441176
-0.441176
-0.441176
