-0.382353
-0.378431
-0.378431
-0.374510
-0.362745
-0.358824
-0.354902
-0.354902
-0.374510
-0.366667
-0.362745
-0.358824
-0.354902
-0.350980
-0.347059
-0.347059
-0.421569
-0.421569
-0.417647
-0.413725
-0.409804
-0.405882
-0.401961
-0.394118
-0.394118
-0.394118
-0.390196
-0.386275
-0.378431
-0.374510
-0.374510
-0.366667
-0.390196
-0.390196
-0.386275
-0.382353
-0.378431
-0.366667
-0.366667
-0.362745
-0.378431
-0.374510
-0.374510
-0.362745
-0.358824
-0.354902
-0.350980
-0.350980
-0.409804
-0.409804
-0.405882
-0.401961
-0.390196
-0.386275
-0.386275
-0.382353
-0.386275
-0.386275
-0.382353
-0.378431
-0.374510
-0.362745
-0.362745
-0.358824
-0.390196
-0.382353
-0.366667
-0.358824
-0.358824
-0.366667
-0.382353
-0.390196
-0.382353
-0.339216
-0.347059
-0.362745
-0.354902
-0.358824
-0.358824
-0.323529
-0.401961
-0.390196
-0.378431
-0.366667
-0.366667
-0.378431
-0.390196
-0.401961
-0.417647
-0.358824
-0.350980
-0.362745
-0.354902
-0.366667
-0.394118
-0.386275
-0.378431
-0.366667
-0.362745
-0.354902
-0.354902
-0.362745
-0.366667
-0.378431
-0.405882
-0.354902
-0.350980
-0.366667
-0.350980
-0.347059
-0.354902
-0.339216
-0.394118
-0.390196
-0.390196
-0.386275
-0.386275
-0.390196
-0.390196
-0.394118
-0.445098
-0.382353
-0.354902
-0.350980
-0.335294
-0.358824
-0.386275
-0.374510
-0.358824
-0.362745
-0.362745
-0.366667
-0.366667
-0.362745
-0.362745
-0.358824
-0.335294
-0.319608
-0.323529
-0.331373
-0.335294
-0.347059
-0.300000
-0.194118
-0.378431
-0.386275
-0.390196
-0.401961
-0.401961
-0.390196
-0.386275
-0.378431
-0.374510
-0.374510
-0.378431
-0.366667
-0.401961
-0.449020
-0.362745
-0.186275
-0.354902
-0.362745
-0.378431
-0.386275
-0.386275
-0.378431
-0.362745
-0.354902
-0.311765
-0.350980
-0.354902
-0.307843
-0.307843
-0.303922
-0.084314
0.233333
-0.362745
-0.374510
-0.386275
-0.394118
-0.394118
-0.386275
-0.374510
-0.362745
-0.339216
-0.394118
-0.405882
-0.362745
-0.386275
-0.405882
-0.158824
0.217647
-0.382353
-0.374510
-0.358824
-0.350980
-0.350980
-0.358824
-0.374510
-0.382353
-0.382353
-0.433333
-0.327451
-0.296078
-0.327451
-0.033333
0.300000
0.303922
-0.401961
-0.390196
-0.378431
-0.366667
-0.366667
-0.378431
-0.390196
-0.401961
-0.366667
-0.488235
-0.409804
-0.354902
-0.354902
-0.033333
0.307843
0.300000
-0.358824
-0.354902
-0.347059
-0.339216
-0.339216
-0.347059
-0.354902
-0.358824
-0.378431
-0.331373
-0.319608
-0.186275
0.088235
0.260784
0.303922
0.335294
-0.394118
-0.394118
-0.390196
-0.390196
-0.390196
-0.390196
-0.394118
-0.394118
-0.374510
-0.405882
-0.405882
-0.186275
0.178431
0.358824
0.347059
0.335294
-0.382353
-0.382353
-0.382353
-0.382353
-0.378431
-0.374510
-0.374510
-0.362745
-0.366667
-0.358824
-0.354902
-0.347059
-0.339216
-0.358824
-0.350980
-0.347059
-0.441176
-0.441176
-0.441176
-0.437255
-0.433333
-0.433333
-0.429412
-0.421569
-0.433333
-0.421569
-0.417647
-0.409804
-0.405882
-0.401961
-0.401961
-0.390196
-0.374510
-0.374510
-0.374510
-0.366667
-0.362745
-0.362745
-0.358824
-0.354902
-0.366667
-0.358824
-0.350980
-0.347059
-0.339216
-0.350980
-0.347059
-0.339216
-0.437255
-0.437255
-0.437255
-0.433333
-0.429412
-0.429412
-0.421569
-0.413725
-0.421569
-0.413725
-0.405882
-0.405882
-0.394118
-0.401961
-0.394118
-0.390196
-0.390196
-0.378431
-0.390196
-0.378431
-0.378431
-0.390196
-0.358824
-0.358824
-0.327451
-0.366667
-0.339216
-0.347059
-0.347059
-0.331373
-0.335294
-0.300000
-0.437255
-0.437255
-0.433333
-0.437255
-0.437255
-0.433333
-0.421569
-0.413725
-0.433333
-0.433333
-0.401961
-0.409804
-0.429412
-0.409804
-0.433333
-0.386275
-0.382353
-0.386275
-0.362745
-0.378431
-0.374510
-0.358824
-0.362745
-0.339216
-0.386275
-0.347059
-0.335294
-0.335294
-0.323529
-0.307843
-0.347059
-0.201961
-0.441176
-0.445098
-0.433333
-0.433333
-0.429412
-0.421569
-0.433333
-0.417647
-0.409804
-0.409804
-0.401961
-0.401961
-0.417647
-0.390196
-0.413725
-0.300000
-0.390196
-0.374510
-0.378431
-0.358824
-0.354902
-0.362745
-0.350980
-0.350980
-0.358824
-0.382353
-0.366667
-0.303922
-0.323529
-0.292157
-0.115686
0.264706
-0.449020
-0.433333
-0.445098
-0.413725
-0.405882
-0.433333
-0.413725
-0.429412
-0.417647
-0.417647
-0.441176
-0.405882
-0.401961
-0.378431
-0.084314
0.280392
-0.394118
-0.382353
-0.378431
-0.354902
-0.339216
-0.358824
-0.354902
-0.354902
-0.382353
-0.331373
-0.335294
-0.307843
-0.213725
-0.001961
0.335294
0.319608
-0.445098
-0.445098
-0.429412
-0.413725
-0.394118
-0.405882
-0.421569
-0.409804
-0.417647
-0.362745
-0.405882
-0.417647
-0.245098
0.013725
0.370588
0.382353
-0.378431
-0.362745
-0.378431
-0.366667
-0.339216
-0.347059
-0.354902
-0.339216
-0.362745
-0.323529
-0.386275
-0.331373
0.056863
0.260784
0.370588
0.311765
-0.437255
-0.437255
-0.429412
-0.413725
-0.409804
-0.413725
-0.417647
-0.429412
-0.401961
-0.374510
-0.429412
-0.382353
0.064706
0.370588
0.449020
0.401961
-0.350980
-0.366667
-0.362745
-0.354902
-0.354902
-0.335294
-0.319608
-0.327451
-0.307843
-0.158824
-0.296078
-0.158824
0.284314
0.343137
0.315686
0.331373
-0.429412
-0.437255
-0.441176
-0.429412
-0.421569
-0.433333
-0.429412
-0.441176
-0.437255
-0.186275
-0.307843
-0.186275
0.272549
0.413725
0.382353
0.398039
-0.394118
-0.386275
-0.374510
-0.362745
-0.362745
-0.366667
-0.366667
-0.362745
-0.374510
-0.366667
-0.362745
-0.362745
-0.358824
-0.350980
-0.347059
-0.331373
-0.409804
-0.394118
-0.386275
-0.374510
-0.378431
-0.382353
-0.382353
-0.382353
-0.374510
-0.366667
-0.362745
-0.358824
-0.358824
-0.358824
-0.382353
-0.401961
-0.401961
-0.386275
-0.378431
-0.362745
-0.362745
-0.366667
-0.366667
-0.366667
-0.350980
-0.335294
-0.339216
-0.319608
-0.307843
-0.311765
-0.303922
-0.264706
-0.401961
-0.386275
-0.378431
-0.366667
-0.366667
-0.374510
-0.374510
-0.378431
-0.382353
-0.382353
-0.390196
-0.366667
-0.354902
-0.374510
-0.366667
-0.327451
-0.390196
-0.374510
-0.378431
-0.374510
-0.354902
-0.358824
-0.374510
-0.358824
-0.354902
-0.362745
-0.347059
-0.323529
-0.307843
-0.311765
-0.300000
-0.170588
-0.401961
-0.394118
-0.386275
-0.378431
-0.374510
-0.374510
-0.374510
-0.378431
-0.386275
-0.405882
-0.382353
-0.413725
-0.405882
-0.350980
-0.327451
-0.154902
-0.374510
-0.382353
-0.358824
-0.347059
-0.358824
-0.350980
-0.339216
-0.358824
-0.366667
-0.347059
-0.350980
-0.362745
-0.347059
-0.264706
-0.060784
0.288235
-0.378431
-0.382353
-0.362745
-0.354902
-0.358824
-0.354902
-0.350980
-0.358824
-0.394118
-0.358824
-0.339216
-0.394118
-0.362745
-0.284314
-0.045098
0.386275
-0.382353
-0.366667
-0.362745
-0.358824
-0.347059
-0.350980
-0.358824
-0.350980
-0.339216
-0.390196
-0.327451
-0.366667
-0.280392
0.025490
0.260784
0.307843
-0.394118
-0.378431
-0.378431
-0.378431
-0.354902
-0.362745
-0.378431
-0.362745
-0.347059
-0.386275
-0.327451
-0.394118
-0.319608
0.080392
0.401961
0.445098
-0.378431
-0.374510
-0.362745
-0.358824
-0.350980
-0.350980
-0.354902
-0.354902
-0.358824
-0.300000
-0.245098
-0.339216
-0.096078
0.284314
0.327451
0.335294
-0.394118
-0.401961
-0.382353
-0.366667
-0.378431
-0.374510
-0.362745
-0.382353
-0.327451
-0.300000
-0.221569
-0.300000
-0.103922
0.319608
0.437255
0.370588
-0.339216
-0.354902
-0.350980
-0.319608
-0.362745
-0.350980
-0.347059
-0.347059
-0.303922
0.060784
-0.111765
-0.237255
0.158824
0.335294
0.354902
0.307843
-0.421569
-0.378431
-0.390196
-0.405882
-0.409804
-0.362745
-0.374510
-0.366667
-0.339216
0.111765
-0.045098
-0.186275
0.182353
0.307843
0.354902
0.354902
-0.374510
-0.362745
-0.358824
-0.335294
-0.347059
-0.339216
-0.354902
-0.350980
-0.362745
-0.198039
-0.209804
-0.272549
-0.005882
0.311765
0.319608
0.335294
-0.378431
-0.441176
-0.456863
-0.405882
-0.382353
-0.390196
-0.405882
-0.409804
-0.362745
-0.217647
-0.198039
-0.280392
-0.013725
0.256863
0.358824
0.390196
-0.394118
-0.390196
-0.382353
-0.362745
-0.354902
-0.350980
-0.354902
-0.354902
-0.362745
-0.350980
-0.362745
-0.354902
-0.347059
-0.347059
-0.331373
-0.284314
-0.413725
-0.405882
-0.390196
-0.378431
-0.362745
-0.362745
-0.366667
-0.366667
-0.366667
-0.362745
-0.378431
-0.366667
-0.354902
-0.366667
-0.358824
-0.327451
-0.405882
-0.394118
-0.382353
-0.366667
-0.354902
-0.350980
-0.354902
-0.354902
-0.378431
-0.366667
-0.350980
-0.335294
-0.323529
-0.319608
-0.307843
-0.194118
-0.405882
-0.394118
-0.382353
-0.366667
-0.358824
-0.354902
-0.358824
-0.358824
-0.362745
-0.362745
-0.339216
-0.390196
-0.390196
-0.331373
-0.323529
-0.170588
-0.386275
-0.386275
-0.347059
-0.354902
-0.382353
-0.350980
-0.354902
-0.358824
-0.347059
-0.350980
-0.350980
-0.362745
-0.347059
-0.331373
-0.068627
0.178431
-0.390196
-0.405882
-0.362745
-0.374510
-0.358824
-0.335294
-0.366667
-0.339216
-0.354902
-0.350980
-0.366667
-0.307843
-0.358824
-0.335294
-0.045098
0.292157
-0.378431
-0.366667
-0.394118
-0.374510
-0.335294
-0.362745
-0.382353
-0.374510
-0.374510
-0.378431
-0.350980
-0.268627
-0.339216
-0.217647
0.225490
0.300000
-0.409804
-0.390196
-0.413725
-0.386275
-0.358824
-0.378431
-0.374510
-0.378431
-0.362745
-0.358824
-0.386275
-0.284314
-0.350980
-0.241176
0.288235
0.476471
-0.390196
-0.394118
-0.358824
-0.362745
-0.374510
-0.350980
-0.354902
-0.354902
-0.327451
-0.319608
0.064706
-0.111765
-0.225490
0.049020
0.303922
0.347059
-0.405882
-0.401961
-0.374510
-0.378431
-0.413725
-0.401961
-0.386275
-0.401961
-0.347059
-0.347059
0.158824
-0.052941
-0.174510
0.123529
0.339216
0.382353
-0.401961
-0.366667
-0.386275
-0.362745
-0.366667
-0.386275
-0.331373
-0.358824
-0.354902
-0.401961
-0.158824
-0.170588
-0.256863
0.147059
0.347059
0.335294
-0.401961
-0.390196
-0.417647
-0.394118
-0.374510
-0.394118
-0.382353
-0.390196
-0.386275
-0.350980
-0.139216
-0.127451
-0.252941
0.221569
0.315686
0.362745
-0.362745
-0.354902
-0.331373
-0.350980
-0.264706
-0.241176
-0.374510
-0.307843
-0.307843
-0.213725
-0.139216
-0.229412
-0.131373
-0.131373
0.041176
0.311765
-0.378431
-0.350980
-0.382353
-0.366667
-0.307843
-0.268627
-0.358824
-0.339216
-0.296078
-0.162745
-0.076471
-0.194118
-0.080392
-0.115686
-0.033333
0.370588
-0.358824
-0.350980
-0.252941
-0.033333
-0.100000
-0.213725
-0.264706
-0.201961
-0.072549
-0.280392
-0.362745
-0.170588
0.225490
0.335294
0.311765
0.335294
-0.354902
-0.366667
-0.245098
-0.005882
-0.068627
-0.237255
-0.284314
-0.198039
-0.049020
-0.327451
-0.331373
-0.158824
0.252941
0.327451
0.315686
0.327451
-0.405882
-0.401961
-0.390196
-0.374510
-0.362745
-0.358824
-0.362745
-0.362745
-0.378431
-0.350980
-0.362745
-0.350980
-0.362745
-0.362745
-0.335294
-0.111765
-0.433333
-0.421569
-0.409804
-0.394118
-0.382353
-0.382353
-0.386275
-0.386275
-0.390196
-0.362745
-0.390196
-0.390196
-0.362745
-0.366667
-0.339216
-0.068627
-0.401961
-0.390196
-0.378431
-0.362745
-0.350980
-0.347059
-0.350980
-0.350980
-0.386275
-0.374510
-0.390196
-0.386275
-0.307843
-0.327451
-0.225490
0.198039
-0.417647
-0.409804
-0.394118
-0.382353
-0.374510
-0.366667
-0.374510
-0.374510
-0.382353
-0.378431
-0.382353
-0.413725
-0.339216
-0.347059
-0.237255
0.245098
-0.366667
-0.429412
-0.394118
-0.354902
-0.358824
-0.350980
-0.354902
-0.350980
-0.358824
-0.319608
-0.347059
0.056863
-0.150980
-0.237255
0.096078
0.315686
-0.409804
-0.441176
-0.417647
-0.401961
-0.405882
-0.413725
-0.433333
-0.390196
-0.390196
-0.362745
-0.354902
0.037255
-0.115686
-0.229412
0.143137
0.343137
-0.394118
-0.401961
-0.366667
-0.382353
-0.362745
-0.366667
-0.382353
-0.319608
-0.362745
-0.386275
-0.323529
-0.103922
-0.276471
-0.182353
0.280392
0.343137
-0.417647
-0.445098
-0.401961
-0.429412
-0.421569
-0.390196
-0.413725
-0.390196
-0.409804
-0.405882
-0.374510
-0.080392
-0.292157
-0.143137
0.284314
0.272549
-0.401961
-0.390196
-0.331373
-0.362745
-0.339216
-0.245098
-0.311765
-0.350980
-0.354902
-0.335294
-0.241176
-0.096078
-0.252941
-0.201961
-0.123529
0.139216
-0.437255
-0.390196
-0.390196
-0.437255
-0.378431
-0.292157
-0.339216
-0.394118
-0.358824
-0.303922
-0.201961
-0.084314
-0.229412
-0.213725
-0.139216
0.131373
-0.394118
-0.350980
-0.327451
-0.194118
-0.080392
-0.127451
-0.221569
-0.276471
-0.217647
-0.182353
-0.280392
-0.268627
-0.052941
0.276471
0.264706
0.300000
-0.413725
-0.382353
-0.366667
-0.194118
-0.076471
-0.139216
-0.245098
-0.327451
-0.245098
-0.170588
-0.296078
-0.264706
-0.045098
0.252941
0.225490
0.311765
-0.378431
-0.358824
-0.131373
0.080392
0.001961
-0.127451
-0.209804
-0.150980
-0.049020
-0.201961
-0.307843
-0.331373
-0.080392
0.335294
0.303922
0.319608
-0.429412
-0.401961
-0.139216
0.064706
0.009804
-0.166667
-0.252941
-0.131373
-0.052941
-0.268627
-0.358824
-0.347059
-0.103922
0.343137
0.256863
0.327451
-0.366667
-0.154902
0.119608
0.115686
0.005882
-0.103922
-0.017647
-0.001961
0.013725
-0.327451
-0.327451
-0.354902
0.005882
0.347059
0.311765
0.311765
-0.405882
-0.143137
0.143137
0.158824
0.076471
-0.084314
-0.033333
-0.005882
0.005882
-0.347059
-0.386275
-0.327451
0.064706
0.417647
0.307843
0.300000
-0.382353
-0.401961
-0.394118
-0.390196
-0.378431
-0.374510
-0.366667
-0.378431
-0.354902
-0.382353
-0.350980
-0.347059
-0.186275
-0.229412
-0.331373
-0.056863
-0.413725
-0.429412
-0.421569
-0.413725
-0.405882
-0.394118
-0.401961
-0.405882
-0.374510
-0.413725
-0.350980
-0.382353
-0.166667
-0.201961
-0.307843
-0.029412
-0.390196
-0.394118
-0.390196
-0.386275
-0.378431
-0.366667
-0.366667
-0.378431
-0.323529
-0.358824
-0.339216
-0.292157
-0.045098
-0.268627
-0.225490
0.209804
-0.394118
-0.413725
-0.409804
-0.405882
-0.394118
-0.394118
-0.394118
-0.401961
-0.366667
-0.429412
-0.390196
-0.358824
-0.013725
-0.225490
-0.198039
0.233333
-0.413725
-0.362745
-0.378431
-0.350980
-0.382353
-0.382353
-0.335294
-0.350980
-0.354902
-0.362745
-0.347059
-0.327451
0.009804
-0.272549
-0.280392
0.147059
-0.433333
-0.429412
-0.433333
-0.382353
-0.433333
-0.405882
-0.354902
-0.354902
-0.421569
-0.390196
-0.339216
-0.347059
0.013725
-0.221569
-0.221569
0.119608
-0.401961
-0.417647
-0.335294
-0.323529
-0.292157
-0.135294
-0.150980
-0.190196
-0.296078
-0.300000
-0.182353
-0.237255
-0.139216
-0.131373
0.115686
-0.017647
-0.413725
-0.433333
-0.354902
-0.421569
-0.327451
-0.158824
-0.201961
-0.245098
-0.303922
-0.319608
-0.201961
-0.252941
-0.194118
-0.127451
0.135294
-0.049020
-0.354902
-0.405882
-0.335294
-0.182353
0.060784
0.013725
-0.143137
-0.280392
-0.217647
-0.084314
-0.209804
-0.362745
-0.331373
-0.029412
0.335294
0.292157
-0.413725
-0.339216
-0.374510
-0.252941
0.056863
0.005882
-0.186275
-0.264706
-0.252941
-0.103922
-0.276471
-0.386275
-0.378431
-0.111765
0.354902
0.256863
-0.378431
-0.339216
-0.190196
0.111765
0.143137
0.029412
-0.154902
-0.103922
-0.052941
0.025490
-0.327451
-0.331373
-0.339216
0.005882
0.362745
0.327451
-0.421569
-0.394118
-0.194118
0.201961
0.139216
0.115686
-0.158824
-0.143137
-0.033333
0.033333
-0.347059
-0.374510
-0.347059
0.096078
0.456863
0.362745
-0.362745
-0.303922
0.147059
0.088235
0.131373
-0.017647
-0.052941
0.009804
0.037255
-0.072549
-0.339216
-0.331373
-0.284314
0.143137
0.386275
0.354902
-0.374510
-0.307843
0.139216
0.158824
0.194118
0.005882
-0.001961
0.029412
0.076471
-0.068627
-0.394118
-0.394118
-0.303922
0.229412
0.449020
0.386275
-0.354902
0.076471
0.131373
0.107843
0.115686
0.052941
-0.052941
0.049020
0.021569
-0.268627
-0.358824
-0.323529
-0.272549
0.245098
0.335294
0.319608
-0.382353
0.119608
0.209804
0.139216
0.131373
0.041176
-0.052941
0.080392
0.041176
-0.252941
-0.409804
-0.366667
-0.323529
0.300000
0.417647
0.370588
-0.378431
-0.358824
-0.366667
-0.382353
-0.350980
-0.354902
-0.374510
-0.319608
-0.327451
-0.354902
-0.378431
-0.378431
-0.335294
0.013725
-0.264706
-0.241176
-0.409804
-0.409804
-0.405882
-0.417647
-0.409804
-0.405882
-0.413725
-0.374510
-0.382353
-0.456863
-0.401961
-0.390196
-0.378431
0.056863
-0.276471
-0.213725
-0.386275
-0.409804
-0.394118
-0.362745
-0.350980
-0.280392
-0.186275
-0.150980
-0.241176
-0.296078
-0.311765
-0.217647
-0.249020
-0.123529
-0.198039
-0.076471
-0.394118
-0.445098
-0.433333
-0.374510
-0.401961
-0.335294
-0.174510
-0.194118
-0.268627
-0.331373
-0.350980
-0.198039
-0.213725
-0.150980
-0.217647
-0.049020
-0.394118
-0.382353
-0.386275
-0.354902
-0.201961
0.084314
0.009804
-0.135294
-0.280392
-0.237255
-0.100000
-0.229412
-0.386275
-0.323529
-0.017647
0.331373
-0.429412
-0.433333
-0.374510
-0.390196
-0.249020
0.060784
0.005882
-0.190196
-0.268627
-0.256863
-0.127451
-0.268627
-0.374510
-0.362745
-0.060784
0.374510
-0.350980
-0.358824
-0.347059
-0.170588
0.119608
0.115686
0.025490
-0.162745
-0.127451
-0.100000
-0.013725
-0.323529
-0.319608
-0.331373
0.033333
0.382353
-0.401961
-0.401961
-0.374510
-0.198039
0.170588
0.115686
0.107843
-0.198039
-0.158824
-0.072549
0.005882
-0.354902
-0.386275
-0.366667
0.076471
0.417647
-0.390196
-0.354902
-0.319608
0.147059
0.123529
0.143137
-0.025490
-0.029412
-0.025490
0.029412
-0.107843
-0.339216
-0.327451
-0.296078
0.174510
0.358824
-0.405882
-0.421569
-0.335294
0.170588
0.166667
0.170588
0.005882
0.013725
-0.017647
0.060784
-0.103922
-0.394118
-0.386275
-0.292157
0.288235
0.452941
-0.409804
-0.327451
0.115686
0.115686
0.107843
0.139216
0.037255
-0.033333
0.049020
0.013725
-0.292157
-0.362745
-0.327451
-0.276471
0.264706
0.319608
-0.417647
-0.413725
0.166667
0.194118
0.115686
0.194118
0.033333
-0.045098
0.076471
0.041176
-0.303922
-0.405882
-0.358824
-0.339216
0.347059
0.429412
-0.386275
-0.103922
0.158824
0.174510
0.084314
0.162745
0.084314
0.009804
0.021569
-0.025490
-0.362745
-0.354902
-0.327451
-0.350980
0.276471
0.370588
-0.394118
-0.096078
0.194118
0.170588
0.131373
0.178431
0.103922
0.025490
0.076471
0.033333
-0.339216
-0.347059
-0.347059
-0.378431
0.366667
0.464706
-0.331373
0.190196
0.217647
0.190196
0.115686
0.139216
0.049020
0.068627
0.013725
-0.264706
-0.323529
-0.327451
-0.374510
-0.276471
0.276471
0.362745
-0.284314
0.221569
0.201961
0.150980
0.115686
0.139216
0.056863
0.123529
0.052941
-0.284314
-0.323529
-0.354902
-0.417647
-0.327451
0.331373
0.449020
-0.382353
-0.390196
-0.382353
-0.390196
-0.347059
-0.217647
0.092157
0.005882
-0.150980
-0.284314
-0.221569
-0.111765
-0.237255
-0.366667
-0.311765
-0.017647
-0.421569
-0.433333
-0.433333
-0.366667
-0.401961
-0.237255
0.052941
0.009804
-0.213725
-0.264706
-0.241176
-0.127451
-0.256863
-0.362745
-0.331373
-0.045098
-0.378431
-0.354902
-0.358824
-0.339216
-0.182353
0.135294
0.107843
0.029412
-0.209804
-0.107843
-0.072549
0.009804
-0.311765
-0.354902
-0.300000
0.056863
-0.405882
-0.394118
-0.401961
-0.378431
-0.190196
0.158824
0.123529
0.103922
-0.241176
-0.150980
-0.045098
-0.013725
-0.358824
-0.382353
-0.347059
0.041176
-0.390196
-0.390196
-0.386275
-0.331373
0.147059
0.147059
0.135294
-0.005882
0.013725
-0.017647
0.029412
-0.139216
-0.374510
-0.374510
-0.272549
0.209804
-0.409804
-0.413725
-0.405882
-0.358824
0.166667
0.170588
0.217647
-0.025490
0.056863
-0.001961
0.052941
-0.096078
-0.441176
-0.378431
-0.276471
0.315686
-0.394118
-0.350980
-0.347059
0.131373
0.139216
0.084314
0.150980
0.021569
0.037255
0.041176
0.013725
-0.303922
-0.390196
-0.311765
-0.225490
0.303922
-0.421569
-0.362745
-0.409804
0.225490
0.194118
0.088235
0.190196
0.021569
0.052941
0.064706
0.013725
-0.307843
-0.417647
-0.339216
-0.264706
0.398039
-0.409804
-0.354902
0.013725
0.147059
0.158824
0.096078
0.158824
0.068627
0.088235
0.005882
-0.080392
-0.347059
-0.331373
-0.319608
-0.264706
0.311765
-0.409804
-0.405882
-0.013725
0.221569
0.162745
0.147059
0.166667
0.123529
0.084314
0.064706
-0.049020
-0.335294
-0.327451
-0.347059
-0.280392
0.413725
-0.401961
-0.268627
0.205882
0.217647
0.190196
0.178431
0.150980
0.060784
0.103922
0.025490
-0.362745
-0.339216
-0.354902
-0.354902
-0.190196
0.331373
-0.366667
-0.264706
0.225490
0.182353
0.174510
0.174510
0.209804
0.049020
0.123529
0.037255
-0.347059
-0.378431
-0.354902
-0.405882
-0.237255
0.358824
-0.335294
0.135294
0.198039
0.162745
0.150980
0.162745
0.190196
0.115686
0.033333
-0.225490
-0.347059
-0.300000
-0.382353
-0.323529
-0.174510
0.245098
-0.358824
0.158824
0.221569
0.150980
0.135294
0.182353
0.205882
0.198039
0.056863
-0.268627
-0.374510
-0.354902
-0.386275
-0.433333
-0.229412
0.288235
-0.201961
0.245098
0.178431
0.174510
0.150980
0.178431
0.096078
0.068627
-0.241176
-0.347059
-0.358824
-0.307843
-0.354902
-0.327451
-0.249020
0.115686
-0.190196
0.256863
0.123529
0.190196
0.166667
0.233333
0.158824
0.088235
-0.237255
-0.362745
-0.354902
-0.354902
-0.358824
-0.409804
-0.311765
0.170588
-0.366667
-0.413725
-0.386275
-0.382353
-0.319608
0.158824
0.111765
0.111765
0.005882
-0.111765
-0.076471
0.013725
-0.052941
-0.307843
-0.347059
-0.300000
-0.413725
-0.417647
-0.413725
-0.429412
-0.354902
0.205882
0.147059
0.150980
0.041176
-0.056863
-0.033333
0.029412
-0.052941
-0.390196
-0.378431
-0.303922
-0.390196
-0.382353
-0.354902
-0.347059
0.139216
0.143137
0.084314
0.111765
-0.052941
0.029412
0.033333
0.037255
-0.252941
-0.405882
-0.335294
-0.229412
-0.401961
-0.394118
-0.366667
-0.445098
0.209804
0.225490
0.107843
0.131373
-0.041176
0.029412
0.029412
0.060784
-0.249020
-0.441176
-0.374510
-0.245098
-0.382353
-0.390196
-0.350980
0.037255
0.143137
0.178431
0.115686
0.123529
0.037255
0.076471
0.025490
-0.041176
-0.335294
-0.362745
-0.350980
-0.225490
-0.417647
-0.405882
-0.405882
0.025490
0.229412
0.143137
0.143137
0.162745
0.049020
0.076471
0.115686
0.025490
-0.323529
-0.354902
-0.362745
-0.276471
-0.405882
-0.405882
-0.256863
0.217647
0.217647
0.170588
0.178431
0.139216
0.080392
0.092157
0.033333
-0.303922
-0.335294
-0.327451
-0.335294
-0.213725
-0.405882
-0.405882
-0.256863
0.221569
0.182353
0.166667
0.166667
0.194118
0.068627
0.147059
0.107843
-0.323529
-0.350980
-0.378431
-0.405882
-0.225490
-0.378431
-0.378431
0.158824
0.182353
0.139216
0.158824
0.158824
0.166667
0.076471
0.033333
-0.186275
-0.378431
-0.362745
-0.323529
-0.350980
-0.154902
-0.405882
-0.362745
0.198039
0.198039
0.115686
0.143137
0.182353
0.198039
0.174510
0.107843
-0.201961
-0.362745
-0.339216
-0.401961
-0.417647
-0.162745
-0.386275
-0.170588
0.237255
0.174510
0.182353
0.139216
0.158824
0.119608
0.068627
-0.174510
-0.311765
-0.378431
-0.327451
-0.378431
-0.335294
-0.166667
-0.433333
-0.107843
0.217647
0.107843
0.225490
0.162745
0.217647
0.178431
0.060784
-0.221569
-0.358824
-0.401961
-0.374510
-0.347059
-0.347059
-0.201961
-0.366667
0.182353
0.190196
0.092157
0.123529
0.147059
0.119608
0.119608
-0.217647
-0.331373
-0.378431
-0.354902
-0.366667
-0.311765
-0.358824
-0.264706
-0.366667
0.237255
0.190196
0.103922
0.147059
0.229412
0.178431
0.147059
-0.311765
-0.358824
-0.366667
-0.366667
-0.390196
-0.319608
-0.390196
-0.327451
-0.327451
0.225490
0.182353
0.103922
0.198039
0.135294
0.029412
-0.327451
-0.358824
-0.366667
-0.362745
-0.366667
-0.350980
-0.331373
-0.339216
-0.292157
-0.339216
0.245098
0.272549
0.162745
0.303922
0.150980
0.029412
-0.366667
-0.441176
-0.417647
-0.358824
-0.374510
-0.347059
-0.347059
-0.401961
-0.358824
-0.386275
-0.386275
-0.394118
-0.350980
0.037255
0.147059
0.182353
0.123529
0.162745
0.021569
0.068627
0.009804
-0.021569
-0.335294
-0.347059
-0.366667
-0.421569
-0.417647
-0.405882
-0.405882
0.025490
0.229412
0.143137
0.143137
0.162745
0.025490
0.068627
0.084314
0.033333
-0.319608
-0.354902
-0.413725
-0.390196
-0.394118
-0.394118
-0.252941
0.209804
0.205882
0.162745
0.166667
0.139216
0.076471
0.080392
0.037255
-0.323529
-0.335294
-0.347059
-0.303922
-0.421569
-0.386275
-0.394118
-0.252941
0.217647
0.174510
0.147059
0.147059
0.143137
0.076471
0.131373
0.096078
-0.311765
-0.362745
-0.362745
-0.390196
-0.386275
-0.366667
-0.335294
0.217647
0.201961
0.147059
0.150980
0.147059
0.170588
0.088235
0.049020
-0.194118
-0.382353
-0.358824
-0.339216
-0.354902
-0.405882
-0.413725
-0.354902
0.229412
0.182353
0.107843
0.119608
0.182353
0.174510
0.194118
0.103922
-0.221569
-0.362745
-0.323529
-0.382353
-0.429412
-0.362745
-0.386275
-0.033333
0.162745
0.190196
0.209804
0.166667
0.162745
0.092157
0.064706
-0.190196
-0.307843
-0.362745
-0.335294
-0.366667
-0.303922
-0.386275
-0.401961
-0.001961
0.131373
0.158824
0.229412
0.170588
0.225490
0.201961
0.103922
-0.190196
-0.382353
-0.413725
-0.354902
-0.366667
-0.394118
-0.350980
-0.339216
0.237255
0.205882
0.135294
0.107843
0.162745
0.123529
0.096078
-0.237255
-0.331373
-0.378431
-0.347059
-0.366667
-0.323529
-0.319608
-0.374510
-0.300000
0.288235
0.201961
0.135294
0.115686
0.252941
0.174510
0.139216
-0.280392
-0.358824
-0.390196
-0.374510
-0.378431
-0.303922
-0.417647
-0.413725
-0.103922
0.237255
0.194118
0.170588
0.174510
0.147059
0.084314
-0.347059
-0.350980
-0.378431
-0.362745
-0.358824
-0.358824
-0.327451
-0.327451
-0.445098
-0.131373
0.252941
0.260784
0.150980
0.272549
0.174510
0.076471
-0.366667
-0.429412
-0.405882
-0.378431
-0.378431
-0.331373
-0.354902
-0.409804
-0.378431
-0.013725
0.252941
0.205882
0.162745
0.182353
-0.154902
-0.382353
-0.307843
-0.335294
-0.347059
-0.362745
-0.382353
-0.327451
-0.331373
-0.347059
-0.390196
-0.033333
0.335294
0.249020
0.205882
0.217647
-0.174510
-0.417647
-0.366667
-0.362745
-0.386275
-0.362745
-0.378431
-0.335294
-0.354902
-0.449020
-0.354902
-0.056863
0.276471
0.174510
0.143137
-0.296078
-0.339216
-0.366667
-0.327451
-0.386275
-0.347059
-0.323529
-0.327451
-0.323529
-0.331373
-0.354902
-0.401961
-0.056863
0.331373
0.201961
0.170588
-0.311765
-0.386275
-0.429412
-0.354902
-0.378431
-0.362745
-0.339216
-0.378431
-0.350980
-0.347059
-0.401961
-0.401961
-0.401961
-0.386275
-0.350980
0.209804
0.201961
0.143137
0.143137
0.111765
0.096078
0.096078
0.041176
-0.103922
-0.362745
-0.331373
-0.323529
-0.441176
-0.421569
-0.437255
-0.374510
0.229412
0.190196
0.107843
0.111765
0.115686
0.111765
0.150980
0.052941
-0.150980
-0.362745
-0.354902
-0.366667
-0.413725
-0.386275
-0.405882
-0.049020
0.158824
0.190196
0.217647
0.170588
0.174510
0.147059
0.060784
-0.068627
-0.362745
-0.339216
-0.331373
-0.382353
-0.456863
-0.409804
-0.409804
-0.013725
0.119608
0.147059
0.233333
0.182353
0.194118
0.194118
0.052941
-0.088235
-0.366667
-0.382353
-0.374510
-0.374510
-0.417647
-0.358824
-0.335294
0.190196
0.198039
0.139216
0.107843
0.135294
0.119608
0.111765
-0.170588
-0.350980
-0.386275
-0.386275
-0.339216
-0.347059
-0.437255
-0.394118
-0.300000
0.264706
0.198039
0.123529
0.131373
0.225490
0.190196
0.096078
-0.209804
-0.405882
-0.409804
-0.362745
-0.347059
-0.378431
-0.405882
-0.386275
-0.049020
0.237255
0.174510
0.119608
0.158824
0.135294
0.076471
-0.303922
-0.323529
-0.335294
-0.378431
-0.358824
-0.350980
-0.354902
-0.437255
-0.409804
-0.041176
0.233333
0.237255
0.139216
0.252941
0.170588
0.080392
-0.354902
-0.382353
-0.366667
-0.394118
-0.358824
-0.335294
-0.335294
-0.401961
-0.394118
0.103922
0.245098
0.170588
0.190196
0.201961
-0.111765
-0.339216
-0.296078
-0.339216
-0.390196
-0.362745
-0.347059
-0.362745
-0.307843
-0.409804
-0.413725
0.103922
0.335294
0.221569
0.245098
0.209804
-0.103922
-0.386275
-0.350980
-0.394118
-0.390196
-0.354902
-0.366667
-0.354902
-0.339216
-0.378431
-0.339216
0.068627
0.256863
0.170588
0.201961
-0.323529
-0.303922
-0.358824
-0.347059
-0.362745
-0.319608
-0.327451
-0.382353
-0.350980
-0.296078
-0.390196
-0.382353
0.092157
0.327451
0.174510
0.225490
-0.303922
-0.362745
-0.405882
-0.378431
-0.386275
-0.339216
-0.358824
-0.401961
-0.358824
-0.358824
-0.350980
-0.358824
-0.166667
0.178431
-0.068627
-0.366667
-0.319608
-0.362745
-0.331373
-0.327451
-0.350980
-0.319608
-0.347059
-0.350980
-0.319608
-0.296078
-0.401961
-0.441176
-0.166667
0.205882
-0.021569
-0.382353
-0.362745
-0.394118
-0.335294
-0.350980
-0.374510
-0.390196
-0.374510
-0.378431
-0.311765
-0.331373
-0.382353
-0.374510
-0.284314
-0.292157
-0.366667
-0.350980
-0.339216
-0.362745
-0.347059
-0.354902
-0.358824
-0.354902
-0.335294
-0.311765
-0.327451
-0.335294
-0.413725
-0.449020
-0.386275
-0.272549
-0.409804
-0.429412
-0.460784
-0.382353
-0.374510
-0.394118
-0.382353
-0.382353
-0.386275
-0.335294
-0.350980
-0.339216
-0.394118
-0.409804
-0.374510
-0.366667
0.174510
0.198039
0.182353
0.123529
0.162745
0.135294
0.119608
-0.072549
-0.300000
-0.354902
-0.362745
-0.319608
-0.394118
-0.433333
-0.390196
-0.335294
0.260784
0.170588
0.182353
0.158824
0.209804
0.190196
0.174510
-0.080392
-0.394118
-0.366667
-0.374510
-0.339216
-0.362745
-0.374510
-0.386275
0.005882
0.209804
0.170588
0.135294
0.162745
0.143137
0.088235
-0.170588
-0.272549
-0.378431
-0.374510
-0.319608
-0.327451
-0.409804
-0.401961
-0.382353
0.025490
0.221569
0.205882
0.139216
0.245098
0.174510
0.158824
-0.209804
-0.335294
-0.374510
-0.390196
-0.358824
-0.350980
-0.366667
-0.394118
-0.362745
0.182353
0.256863
0.162745
0.217647
0.201961
-0.021569
-0.213725
-0.303922
-0.347059
-0.374510
-0.335294
-0.350980
-0.331373
-0.405882
-0.405882
-0.366667
0.178431
0.347059
0.221569
0.284314
0.182353
-0.017647
-0.268627
-0.362745
-0.382353
-0.401961
-0.362745
-0.347059
-0.335294
-0.394118
-0.362745
-0.358824
0.209804
0.249020
0.217647
0.194118
-0.300000
-0.268627
-0.319608
-0.374510
-0.374510
-0.335294
-0.327451
-0.354902
-0.323529
-0.394118
-0.382353
-0.362745
0.249020
0.300000
0.209804
0.225490
-0.319608
-0.331373
-0.382353
-0.405882
-0.386275
-0.374510
-0.382353
-0.374510
-0.354902
-0.382353
-0.354902
-0.378431
-0.045098
0.190196
0.005882
-0.374510
-0.307843
-0.374510
-0.335294
-0.347059
-0.366667
-0.350980
-0.335294
-0.323529
-0.335294
-0.421569
-0.413725
-0.433333
0.001961
0.178431
0.001961
-0.405882
-0.331373
-0.456863
-0.390196
-0.382353
-0.394118
-0.347059
-0.366667
-0.362745
-0.335294
-0.366667
-0.421569
-0.350980
-0.221569
-0.249020
-0.335294
-0.323529
-0.327451
-0.354902
-0.335294
-0.331373
-0.374510
-0.354902
-0.339216
-0.319608
-0.339216
-0.374510
-0.460784
-0.417647
-0.296078
-0.252941
-0.409804
-0.413725
-0.417647
-0.409804
-0.386275
-0.378431
-0.394118
-0.366667
-0.382353
-0.358824
-0.335294
-0.362745
-0.366667
-0.362745
-0.339216
-0.319608
-0.358824
-0.354902
-0.362745
-0.339216
-0.335294
-0.354902
-0.347059
-0.323529
-0.331373
-0.354902
-0.347059
-0.382353
-0.417647
-0.433333
-0.413725
-0.386275
-0.449020
-0.437255
-0.378431
-0.362745
-0.362745
-0.374510
-0.366667
-0.358824
-0.366667
-0.362745
-0.331373
-0.366667
-0.374510
-0.331373
-0.327451
-0.358824
-0.354902
-0.366667
-0.347059
-0.358824
-0.362745
-0.366667
-0.362745
-0.347059
-0.354902
-0.347059
-0.327451
-0.390196
-0.413725
-0.441176
-0.413725
-0.445098
-0.401961
-0.394118
-0.339216
-0.378431
-0.386275
-0.382353
-0.366667
-0.358824
-0.374510
-0.358824
-0.319608
-0.386275
-0.401961
-0.366667
-0.358824
0.264706
0.198039
0.107843
0.166667
0.119608
0.096078
-0.249020
-0.366667
-0.354902
-0.339216
-0.307843
-0.335294
-0.433333
-0.390196
-0.386275
-0.374510
0.339216
0.327451
0.209804
0.256863
0.190196
0.115686
-0.272549
-0.394118
-0.401961
-0.339216
-0.331373
-0.358824
-0.394118
-0.394118
-0.350980
-0.378431
0.233333
0.182353
0.245098
0.205882
-0.150980
-0.347059
-0.331373
-0.311765
-0.347059
-0.362745
-0.374510
-0.323529
-0.401961
-0.382353
-0.362745
-0.382353
0.280392
0.245098
0.303922
0.233333
-0.158824
-0.374510
-0.327451
-0.378431
-0.358824
-0.362745
-0.366667
-0.323529
-0.378431
-0.339216
-0.347059
-0.378431
0.178431
0.190196
0.088235
-0.319608
-0.350980
-0.350980
-0.347059
-0.339216
-0.335294
-0.331373
-0.331373
-0.327451
-0.409804
-0.366667
-0.366667
-0.413725
0.217647
0.260784
0.115686
-0.374510
-0.362745
-0.362745
-0.358824
-0.354902
-0.350980
-0.347059
-0.347059
-0.339216
-0.378431
-0.405882
-0.386275
-0.378431
-0.135294
-0.194118
-0.366667
-0.374510
-0.362745
-0.362745
-0.358824
-0.354902
-0.350980
-0.347059
-0.339216
-0.339216
-0.358824
-0.394118
-0.456863
-0.394118
-0.139216
-0.166667
-0.417647
-0.374510
-0.378431
-0.374510
-0.374510
-0.366667
-0.362745
-0.358824
-0.354902
-0.354902
-0.409804
-0.366667
-0.327451
-0.394118
-0.354902
-0.335294
-0.401961
-0.335294
-0.354902
-0.354902
-0.350980
-0.347059
-0.339216
-0.335294
-0.335294
-0.331373
-0.390196
-0.378431
-0.433333
-0.437255
-0.366667
-0.378431
-0.500000
-0.358824
-0.366667
-0.366667
-0.362745
-0.358824
-0.354902
-0.350980
-0.347059
-0.347059
-0.366667
-0.382353
-0.413725
-0.378431
-0.354902
-0.378431
-0.327451
-0.382353
-0.366667
-0.362745
-0.362745
-0.358824
-0.354902
-0.350980
-0.347059
-0.347059
-0.394118
-0.390196
-0.433333
-0.456863
-0.405882
-0.449020
-0.347059
-0.354902
-0.382353
-0.378431
-0.378431
-0.374510
-0.366667
-0.362745
-0.358824
-0.358824
-0.350980
-0.362745
-0.382353
-0.374510
-0.350980
-0.362745
-0.386275
-0.382353
-0.362745
-0.362745
-0.358824
-0.354902
-0.350980
-0.347059
-0.339216
-0.339216
-0.350980
-0.358824
-0.409804
-0.441176
-0.401961
-0.358824
-0.366667
-0.394118
-0.374510
-0.374510
-0.366667
-0.362745
-0.358824
-0.354902
-0.354902
-0.350980
-0.335294
-0.358824
-0.382353
-0.374510
-0.347059
-0.354902
-0.362745
-0.339216
-0.362745
-0.362745
-0.358824
-0.354902
-0.350980
-0.347059
-0.339216
-0.339216
-0.386275
-0.362745
-0.358824
-0.354902
-0.335294
-0.347059
-0.362745
-0.358824
-0.358824
-0.354902
-0.350980
-0.350980
-0.339216
-0.339216
-0.335294
-0.331373
-0.390196
-0.366667
-0.347059
-0.362745
-0.347059
0.221569
0.233333
0.076471
-0.268627
-0.307843
-0.331373
-0.335294
-0.335294
-0.347059
-0.362745
-0.347059
-0.390196
-0.405882
-0.362745
-0.382353
-0.386275
0.284314
0.307843
0.115686
-0.303922
-0.347059
-0.366667
-0.386275
-0.354902
-0.374510
-0.378431
-0.354902
-0.401961
-0.382353
-0.382353
-0.386275
-0.350980
-0.041176
-0.158824
-0.362745
-0.339216
-0.401961
-0.362745
-0.378431
-0.374510
-0.374510
-0.350980
-0.374510
-0.413725
-0.374510
-0.358824
-0.437255
-0.366667
-0.025490
-0.143137
-0.413725
-0.390196
-0.441176
-0.378431
-0.382353
-0.347059
-0.386275
-0.386275
-0.374510
-0.401961
-0.409804
-0.366667
-0.327451
-0.394118
-0.354902
-0.335294
-0.401961
-0.347059
-0.354902
-0.354902
-0.350980
-0.347059
-0.339216
-0.335294
-0.335294
-0.405882
-0.386275
-0.374510
-0.437255
-0.441176
-0.362745
-0.374510
-0.500000
-0.362745
-0.366667
-0.366667
-0.362745
-0.358824
-0.354902
-0.350980
-0.347059
-0.394118
-0.374510
-0.386275
-0.409804
-0.374510
-0.358824
-0.382353
-0.323529
-0.378431
-0.366667
-0.362745
-0.362745
-0.358824
-0.354902
-0.350980
-0.347059
-0.409804
-0.386275
-0.382353
-0.441176
-0.464706
-0.394118
-0.441176
-0.354902
-0.366667
-0.382353
-0.378431
-0.378431
-0.374510
-0.366667
-0.362745
-0.358824
-0.382353
-0.358824
-0.374510
-0.374510
-0.362745
-0.358824
-0.374510
-0.378431
-0.374510
-0.362745
-0.362745
-0.358824
-0.354902
-0.350980
-0.347059
-0.339216
-0.401961
-0.347059
-0.354902
-0.413725
-0.445098
-0.394118
-0.354902
-0.374510
-0.386275
-0.374510
-0.374510
-0.366667
-0.362745
-0.358824
-0.354902
-0.354902
-0.382353
-0.339216
-0.362745
-0.378431
-0.366667
-0.350980
-0.358824
-0.358824
-0.354902
-0.362745
-0.362745
-0.358824
-0.354902
-0.350980
-0.347059
-0.339216
-0.401961
-0.386275
-0.362745
-0.358824
-0.354902
-0.335294
-0.347059
-0.362745
-0.358824
-0.358824
-0.354902
-0.350980
-0.347059
-0.339216
-0.339216
-0.335294
-0.382353
-0.374510
-0.378431
-0.390196
-0.386275
-0.354902
-0.350980
-0.366667
-0.366667
-0.366667
-0.362745
-0.358824
-0.358824
-0.354902
-0.350980
-0.347059
-0.394118
-0.366667
-0.350980
-0.358824
-0.382353
-0.362745
-0.347059
-0.354902
-0.358824
-0.358824
-0.358824
-0.354902
-0.350980
-0.347059
-0.339216
-0.335294
-0.386275
-0.382353
-0.374510
-0.362745
-0.350980
-0.350980
-0.390196
-0.401961
-0.354902
-0.350980
-0.347059
-0.347059
-0.339216
-0.335294
-0.331373
-0.327451
-0.390196
-0.386275
-0.358824
-0.362745
-0.378431
-0.362745
-0.366667
-0.390196
-0.382353
-0.358824
-0.358824
-0.354902
-0.350980
-0.347059
-0.339216
-0.335294
-0.405882
-0.386275
-0.378431
-0.347059
-0.300000
-0.339216
-0.280392
-0.245098
-0.350980
-0.347059
-0.409804
-0.362745
-0.382353
-0.366667
-0.323529
-0.358824
-0.449020
-0.433333
-0.417647
-0.401961
-0.456863
-0.445098
-0.335294
-0.347059
-0.484314
-0.472549
-0.472549
-0.405882
-0.417647
-0.429412
-0.366667
-0.405882
-0.394118
-0.378431
-0.405882
-0.386275
-0.386275
-0.354902
-0.292157
-0.339216
-0.386275
-0.358824
-0.350980
-0.366667
-0.386275
-0.390196
-0.362745
-0.350980
-0.468627
-0.441176
-0.394118
-0.437255
-0.500000
-0.476471
-0.421569
-0.484314
-0.441176
-0.374510
-0.437255
-0.409804
-0.405882
-0.382353
-0.413725
-0.394118
-0.394118
-0.390196
-0.382353
-0.382353
-0.382353
-0.382353
-0.374510
-0.362745
-0.378431
-0.374510
-0.362745
-0.362745
-0.358824
-0.354902
-0.350980
-0.347059
-0.460784
-0.445098
-0.437255
-0.445098
-0.460784
-0.464706
-0.456863
-0.441176
-0.421569
-0.437255
-0.421569
-0.421569
-0.417647
-0.413725
-0.409804
-0.405882
-0.386275
-0.386275
-0.382353
-0.378431
-0.366667
-0.358824
-0.358824
-0.354902
-0.354902
-0.350980
-0.358824
-0.358824
-0.354902
-0.350980
-0.347059
-0.339216
-0.456863
-0.437255
-0.421569
-0.429412
-0.445098
-0.456863
-0.437255
-0.417647
-0.429412
-0.421569
-0.421569
-0.417647
-0.413725
-0.409804
-0.405882
-0.405882
-0.378431
-0.374510
-0.374510
-0.374510
-0.366667
-0.362745
-0.362745
-0.366667
-0.358824
-0.358824
-0.358824
-0.354902
-0.350980
-0.350980
-0.347059
-0.339216
-0.456863
-0.433333
-0.413725
-0.413725
-0.429412
-0.429412
-0.409804
-0.390196
-0.413725
-0.417647
-0.417647
-0.417647
-0.413725
-0.409804
-0.405882
-0.401961
-0.374510
-0.354902
-0.354902
-0.358824
-0.358824
-0.358824
-0.358824
-0.358824
-0.401961
-0.354902
-0.350980
-0.347059
-0.347059
-0.339216
-0.335294
-0.331373
-0.441176
-0.433333
-0.421569
-0.421569
-0.429412
-0.429412
-0.417647
-0.405882
-0.441176
-0.433333
-0.409804
-0.409804
-0.405882
-0.401961
-0.394118
-0.390196
-0.386275
-0.366667
-0.366667
-0.362745
-0.362745
-0.358824
-0.358824
-0.354902
-0.362745
-0.362745
-0.358824
-0.354902
-0.350980
-0.339216
-0.335294
-0.331373
-0.433333
-0.429412
-0.429412
-0.421569
-0.417647
-0.417647
-0.413725
-0.413725
-0.417647
-0.417647
-0.413725
-0.409804
-0.405882
-0.394118
-0.390196
-0.386275
-0.386275
-0.374510
-0.374510
-0.366667
-0.362745
-0.362745
-0.358824
-0.358824
-0.362745
-0.358824
-0.354902
-0.350980
-0.347059
-0.335294
-0.331373
-0.327451
-0.445098
-0.437255
-0.437255
-0.433333
-0.429412
-0.429412
-0.421569
-0.421569
-0.417647
-0.413725
-0.409804
-0.405882
-0.401961
-0.390196
-0.386275
-0.382353
-0.378431
-0.347059
-0.382353
-0.386275
-0.374510
-0.378431
-0.366667
-0.378431
-0.378431
-0.390196
-0.374510
-0.386275
-0.354902
-0.347059
-0.339216
-0.366667
-0.441176
-0.390196
-0.394118
-0.401961
-0.417647
-0.476471
-0.472549
-0.437255
-0.401961
-0.378431
-0.394118
-0.405882
-0.413725
-0.401961
-0.374510
-0.366667
-0.378431
-0.378431
-0.409804
-0.374510
-0.335294
-0.366667
-0.382353
-0.354902
-0.374510
-0.378431
-0.382353
-0.362745
-0.354902
-0.358824
-0.354902
-0.335294
-0.413725
-0.378431
-0.405882
-0.401961
-0.378431
-0.405882
-0.409804
-0.382353
-0.374510
-0.394118
-0.382353
-0.401961
-0.386275
-0.362745
-0.382353
-0.382353
-0.401961
-0.390196
-0.386275
-0.386275
-0.386275
-0.378431
-0.362745
-0.354902
-0.362745
-0.366667
-0.362745
-0.366667
-0.366667
-0.362745
-0.358824
-0.354902
-0.409804
-0.401961
-0.390196
-0.394118
-0.386275
-0.382353
-0.374510
-0.358824
-0.382353
-0.382353
-0.378431
-0.378431
-0.374510
-0.366667
-0.366667
-0.362745
-0.394118
-0.386275
-0.378431
-0.374510
-0.374510
-0.362745
-0.347059
-0.347059
-0.354902
-0.358824
-0.362745
-0.362745
-0.358824
-0.354902
-0.354902
-0.350980
-0.413725
-0.405882
-0.401961
-0.401961
-0.401961
-0.390196
-0.378431
-0.378431
-0.366667
-0.401961
-0.378431
-0.378431
-0.374510
-0.374510
-0.366667
-0.362745
-0.394118
-0.386275
-0.378431
-0.374510
-0.366667
-0.358824
-0.350980
-0.347059
-0.350980
-0.390196
-0.362745
-0.350980
-0.347059
-0.347059
-0.339216
-0.335294
-0.417647
-0.405882
-0.394118
-0.394118
-0.394118
-0.386275
-0.378431
-0.382353
-0.374510
-0.394118
-0.390196
-0.378431
-0.374510
-0.366667
-0.362745
-0.358824
-0.405882
-0.390196
-0.390196
-0.386275
-0.386275
-0.378431
-0.366667
-0.382353
-0.358824
-0.362745
-0.362745
-0.358824
-0.354902
-0.350980
-0.339216
-0.335294
-0.421569
-0.413725
-0.405882
-0.401961
-0.394118
-0.386275
-0.382353
-0.382353
-0.366667
-0.374510
-0.374510
-0.366667
-0.362745
-0.358824
-0.350980
-0.347059
-0.394118
-0.390196
-0.386275
-0.382353
-0.382353
-0.378431
-0.378431
-0.378431
-0.374510
-0.374510
-0.366667
-0.362745
-0.358824
-0.354902
-0.347059
-0.339216
-0.409804
-0.405882
-0.405882
-0.401961
-0.394118
-0.394118
-0.390196
-0.394118
-0.382353
-0.378431
-0.378431
-0.366667
-0.362745
-0.358824
-0.350980
-0.347059
-0.390196
-0.386275
-0.386275
-0.382353
-0.378431
-0.378431
-0.374510
-0.374510
-0.378431
-0.374510
-0.366667
-0.354902
-0.350980
-0.347059
-0.339216
-0.331373
-0.429412
-0.421569
-0.417647
-0.413725
-0.413725
-0.409804
-0.409804
-0.409804
-0.386275
-0.382353
-0.378431
-0.362745
-0.358824
-0.354902
-0.350980
-0.339216
