-0.374510
-0.374510
-0.366667
-0.362745
-0.354902
-0.350980
-0.350980
-0.347059
-0.319608
-0.323529
-0.327451
-0.331373
-0.335294
-0.339216
-0.347059
-0.347059
-0.390196
-0.386275
-0.386275
-0.378431
-0.374510
-0.366667
-0.362745
-0.362745
-0.331373
-0.331373
-0.335294
-0.339216
-0.347059
-0.350980
-0.354902
-0.358824
-0.358824
-0.354902
-0.350980
-0.347059
-0.339216
-0.335294
-0.331373
-0.331373
-0.311765
-0.311765
-0.319608
-0.323529
-0.327451
-0.331373
-0.335294
-0.335294
-0.401961
-0.401961
-0.394118
-0.390196
-0.382353
-0.378431
-0.378431
-0.374510
-0.335294
-0.335294
-0.339216
-0.347059
-0.354902
-0.358824
-0.358824
-0.362745
-0.354902
-0.350980
-0.350980
-0.347059
-0.335294
-0.331373
-0.327451
-0.327451
-0.307843
-0.311765
-0.311765
-0.319608
-0.327451
-0.331373
-0.335294
-0.335294
-0.394118
-0.394118
-0.390196
-0.386275
-0.382353
-0.378431
-0.374510
-0.366667
-0.335294
-0.335294
-0.339216
-0.347059
-0.350980
-0.354902
-0.358824
-0.358824
-0.362745
-0.362745
-0.358824
-0.354902
-0.350980
-0.339216
-0.339216
-0.335294
-0.311765
-0.319608
-0.323529
-0.327451
-0.331373
-0.335294
-0.339216
-0.339216
-0.382353
-0.382353
-0.378431
-0.374510
-0.362745
-0.358824
-0.358824
-0.354902
-0.327451
-0.327451
-0.331373
-0.335294
-0.339216
-0.347059
-0.350980
-0.354902
-0.358824
-0.358824
-0.354902
-0.350980
-0.347059
-0.339216
-0.335294
-0.331373
-0.339216
-0.339216
-0.335294
-0.323529
-0.323529
-0.347059
-0.390196
-0.429412
-0.374510
-0.366667
-0.362745
-0.358824
-0.354902
-0.350980
-0.347059
-0.347059
-0.350980
-0.350980
-0.347059
-0.331373
-0.331373
-0.354902
-0.401961
-0.437255
-0.350980
-0.350980
-0.347059
-0.339216
-0.335294
-0.331373
-0.327451
-0.327451
-0.327451
-0.327451
-0.323529
-0.307843
-0.307843
-0.331373
-0.378431
-0.413725
-0.378431
-0.374510
-0.374510
-0.366667
-0.358824
-0.354902
-0.350980
-0.350980
-0.347059
-0.347059
-0.339216
-0.331373
-0.327451
-0.350980
-0.394118
-0.433333
-0.350980
-0.350980
-0.347059
-0.339216
-0.331373
-0.327451
-0.327451
-0.323529
-0.311765
-0.311765
-0.307843
-0.300000
-0.296078
-0.319608
-0.362745
-0.401961
-0.374510
-0.374510
-0.366667
-0.362745
-0.358824
-0.354902
-0.350980
-0.350980
-0.331373
-0.335294
-0.327451
-0.319608
-0.311765
-0.339216
-0.386275
-0.421569
-0.354902
-0.354902
-0.350980
-0.347059
-0.339216
-0.335294
-0.331373
-0.327451
-0.307843
-0.311765
-0.303922
-0.296078
-0.292157
-0.319608
-0.362745
-0.401961
-0.366667
-0.362745
-0.358824
-0.354902
-0.350980
-0.347059
-0.339216
-0.339216
-0.319608
-0.319608
-0.311765
-0.303922
-0.300000
-0.323529
-0.366667
-0.405882
-0.350980
-0.354902
-0.354902
-0.350980
-0.347059
-0.339216
-0.335294
-0.331373
-0.323529
-0.323529
-0.331373
-0.339216
-0.339216
-0.331373
-0.339216
-0.358824
-0.390196
-0.405882
-0.413725
-0.413725
-0.409804
-0.401961
-0.394118
-0.390196
-0.374510
-0.366667
-0.378431
-0.390196
-0.390196
-0.382353
-0.386275
-0.409804
-0.339216
-0.339216
-0.339216
-0.335294
-0.335294
-0.327451
-0.323529
-0.319608
-0.311765
-0.311765
-0.323529
-0.331373
-0.331373
-0.323529
-0.335294
-0.354902
-0.390196
-0.401961
-0.409804
-0.409804
-0.405882
-0.401961
-0.394118
-0.390196
-0.362745
-0.358824
-0.366667
-0.382353
-0.378431
-0.366667
-0.382353
-0.394118
-0.339216
-0.339216
-0.347059
-0.347059
-0.339216
-0.335294
-0.327451
-0.323529
-0.319608
-0.319608
-0.327451
-0.339216
-0.335294
-0.327451
-0.339216
-0.354902
-0.394118
-0.405882
-0.409804
-0.409804
-0.405882
-0.394118
-0.390196
-0.386275
-0.374510
-0.366667
-0.382353
-0.390196
-0.386275
-0.378431
-0.390196
-0.413725
-0.358824
-0.347059
-0.331373
-0.331373
-0.327451
-0.323529
-0.319608
-0.311765
-0.327451
-0.327451
-0.327451
-0.319608
-0.311765
-0.323529
-0.374510
-0.429412
-0.413725
-0.401961
-0.382353
-0.378431
-0.374510
-0.366667
-0.362745
-0.358824
-0.382353
-0.378431
-0.382353
-0.374510
-0.362745
-0.374510
-0.429412
-0.484314
-0.350980
-0.350980
-0.350980
-0.350980
-0.339216
-0.327451
-0.327451
-0.323529
-0.327451
-0.323529
-0.323529
-0.307843
-0.300000
-0.307843
-0.366667
-0.433333
-0.409804
-0.409804
-0.409804
-0.409804
-0.390196
-0.374510
-0.366667
-0.366667
-0.374510
-0.366667
-0.362745
-0.354902
-0.339216
-0.354902
-0.413725
-0.472549
-0.350980
-0.350980
-0.350980
-0.350980
-0.339216
-0.331373
-0.331373
-0.327451
-0.311765
-0.303922
-0.300000
-0.296078
-0.280392
-0.300000
-0.354902
-0.409804
-0.413725
-0.413725
-0.413725
-0.413725
-0.394118
-0.378431
-0.378431
-0.374510
-0.362745
-0.358824
-0.347059
-0.339216
-0.335294
-0.354902
-0.409804
-0.460784
-0.366667
-0.366667
-0.366667
-0.366667
-0.358824
-0.347059
-0.347059
-0.339216
-0.331373
-0.319608
-0.300000
-0.300000
-0.296078
-0.319608
-0.366667
-0.417647
-0.429412
-0.429412
-0.429412
-0.429412
-0.413725
-0.401961
-0.394118
-0.390196
-0.374510
-0.350980
-0.335294
-0.335294
-0.339216
-0.358824
-0.405882
-0.449020
-0.390196
-0.390196
-0.390196
-0.390196
-0.382353
-0.366667
-0.362745
-0.358824
-0.358824
-0.331373
-0.303922
-0.300000
-0.307843
-0.331373
-0.386275
-0.433333
-0.445098
-0.445098
-0.445098
-0.445098
-0.433333
-0.417647
-0.417647
-0.413725
-0.401961
-0.378431
-0.350980
-0.347059
-0.350980
-0.378431
-0.417647
-0.464706
-0.358824
-0.354902
-0.350980
-0.339216
-0.331373
-0.335294
-0.347059
-0.350980
-0.327451
-0.327451
-0.335294
-0.347059
-0.347059
-0.335294
-0.347059
-0.366667
-0.362745
-0.354902
-0.350980
-0.347059
-0.331373
-0.335294
-0.347059
-0.350980
-0.327451
-0.327451
-0.335294
-0.347059
-0.347059
-0.335294
-0.350980
-0.362745
-0.358824
-0.350980
-0.339216
-0.331373
-0.319608
-0.323529
-0.331373
-0.331373
-0.319608
-0.311765
-0.323529
-0.335294
-0.331373
-0.323529
-0.335294
-0.350980
-0.378431
-0.374510
-0.362745
-0.354902
-0.339216
-0.335294
-0.347059
-0.350980
-0.335294
-0.331373
-0.347059
-0.354902
-0.350980
-0.339216
-0.354902
-0.374510
-0.374510
-0.362745
-0.350980
-0.339216
-0.331373
-0.331373
-0.335294
-0.339216
-0.323529
-0.319608
-0.327451
-0.327451
-0.323529
-0.323529
-0.354902
-0.390196
-0.386275
-0.374510
-0.362745
-0.358824
-0.350980
-0.347059
-0.347059
-0.335294
-0.335294
-0.331373
-0.335294
-0.327451
-0.319608
-0.327451
-0.382353
-0.437255
-0.362745
-0.354902
-0.347059
-0.347059
-0.347059
-0.339216
-0.331373
-0.319608
-0.327451
-0.323529
-0.323529
-0.311765
-0.303922
-0.311765
-0.366667
-0.429412
-0.378431
-0.366667
-0.354902
-0.354902
-0.350980
-0.339216
-0.331373
-0.319608
-0.327451
-0.323529
-0.319608
-0.307843
-0.296078
-0.307843
-0.366667
-0.429412
-0.378431
-0.374510
-0.366667
-0.362745
-0.354902
-0.350980
-0.347059
-0.339216
-0.339216
-0.331373
-0.311765
-0.300000
-0.284314
-0.300000
-0.354902
-0.405882
-0.386275
-0.382353
-0.378431
-0.374510
-0.362745
-0.358824
-0.354902
-0.354902
-0.339216
-0.327451
-0.303922
-0.296078
-0.280392
-0.300000
-0.350980
-0.394118
-0.382353
-0.382353
-0.378431
-0.374510
-0.362745
-0.358824
-0.354902
-0.350980
-0.354902
-0.335294
-0.319608
-0.311765
-0.307843
-0.319608
-0.362745
-0.405882
-0.409804
-0.405882
-0.401961
-0.394118
-0.386275
-0.382353
-0.378431
-0.378431
-0.354902
-0.335294
-0.311765
-0.311765
-0.311765
-0.323529
-0.362745
-0.401961
-0.405882
-0.405882
-0.401961
-0.394118
-0.386275
-0.382353
-0.378431
-0.374510
-0.366667
-0.350980
-0.327451
-0.327451
-0.323529
-0.335294
-0.366667
-0.401961
-0.433333
-0.429412
-0.421569
-0.417647
-0.409804
-0.405882
-0.401961
-0.401961
-0.378431
-0.378431
-0.374510
-0.362745
-0.350980
-0.358824
-0.382353
-0.405882
-0.429412
-0.429412
-0.421569
-0.417647
-0.409804
-0.405882
-0.401961
-0.394118
-0.378431
-0.394118
-0.405882
-0.378431
-0.362745
-0.366667
-0.386275
-0.390196
-0.441176
-0.437255
-0.433333
-0.429412
-0.417647
-0.413725
-0.409804
-0.405882
-0.382353
-0.409804
-0.421569
-0.405882
-0.390196
-0.386275
-0.386275
-0.386275
-0.374510
-0.362745
-0.350980
-0.339216
-0.335294
-0.339216
-0.347059
-0.335294
-0.347059
-0.335294
-0.331373
-0.331373
-0.323529
-0.311765
-0.331373
-0.347059
-0.374510
-0.358824
-0.354902
-0.347059
-0.339216
-0.335294
-0.331373
-0.327451
-0.339216
-0.327451
-0.331373
-0.331373
-0.319608
-0.307843
-0.323529
-0.347059
-0.358824
-0.350980
-0.347059
-0.347059
-0.347059
-0.335294
-0.327451
-0.323529
-0.331373
-0.323529
-0.323529
-0.319608
-0.307843
-0.300000
-0.323529
-0.350980
-0.378431
-0.366667
-0.358824
-0.358824
-0.350980
-0.339216
-0.331373
-0.327451
-0.323529
-0.311765
-0.311765
-0.300000
-0.292157
-0.292157
-0.327451
-0.374510
-0.374510
-0.366667
-0.362745
-0.354902
-0.350980
-0.347059
-0.339216
-0.335294
-0.319608
-0.311765
-0.311765
-0.300000
-0.284314
-0.284314
-0.335294
-0.386275
-0.386275
-0.382353
-0.378431
-0.366667
-0.362745
-0.358824
-0.354902
-0.350980
-0.319608
-0.311765
-0.311765
-0.300000
-0.280392
-0.284314
-0.331373
-0.386275
-0.390196
-0.390196
-0.386275
-0.378431
-0.374510
-0.366667
-0.362745
-0.362745
-0.335294
-0.327451
-0.319608
-0.303922
-0.284314
-0.284314
-0.335294
-0.382353
-0.405882
-0.401961
-0.394118
-0.386275
-0.382353
-0.378431
-0.374510
-0.362745
-0.347059
-0.335294
-0.319608
-0.307843
-0.284314
-0.292157
-0.331373
-0.366667
-0.394118
-0.401961
-0.401961
-0.394118
-0.386275
-0.382353
-0.378431
-0.374510
-0.366667
-0.354902
-0.331373
-0.323529
-0.319608
-0.323529
-0.350980
-0.382353
-0.417647
-0.429412
-0.421569
-0.417647
-0.409804
-0.405882
-0.401961
-0.394118
-0.382353
-0.366667
-0.358824
-0.350980
-0.339216
-0.339216
-0.362745
-0.390196
-0.405882
-0.421569
-0.421569
-0.417647
-0.409804
-0.405882
-0.401961
-0.394118
-0.386275
-0.382353
-0.386275
-0.382353
-0.362745
-0.358824
-0.374510
-0.390196
-0.421569
-0.437255
-0.433333
-0.429412
-0.417647
-0.413725
-0.409804
-0.405882
-0.390196
-0.390196
-0.409804
-0.405882
-0.386275
-0.378431
-0.382353
-0.386275
-0.394118
-0.394118
-0.394118
-0.394118
-0.394118
-0.394118
-0.394118
-0.394118
-0.394118
-0.394118
-0.409804
-0.405882
-0.386275
-0.382353
-0.390196
-0.401961
-0.405882
-0.413725
-0.413725
-0.413725
-0.413725
-0.413725
-0.413725
-0.413725
-0.405882
-0.409804
-0.417647
-0.409804
-0.390196
-0.386275
-0.405882
-0.421569
-0.386275
-0.386275
-0.386275
-0.386275
-0.386275
-0.386275
-0.386275
-0.386275
-0.401961
-0.409804
-0.417647
-0.409804
-0.394118
-0.390196
-0.405882
-0.413725
-0.405882
-0.405882
-0.405882
-0.405882
-0.405882
-0.405882
-0.405882
-0.405882
-0.394118
-0.401961
-0.413725
-0.405882
-0.394118
-0.390196
-0.405882
-0.409804
-0.394118
-0.394118
-0.394118
-0.378431
-0.374510
-0.366667
-0.358824
-0.354902
-0.350980
-0.339216
-0.335294
-0.331373
-0.319608
-0.307843
-0.327451
-0.354902
-0.405882
-0.405882
-0.394118
-0.390196
-0.386275
-0.382353
-0.374510
-0.366667
-0.350980
-0.335294
-0.335294
-0.319608
-0.307843
-0.303922
-0.339216
-0.386275
-0.390196
-0.390196
-0.390196
-0.394118
-0.394118
-0.390196
-0.382353
-0.378431
-0.339216
-0.331373
-0.331373
-0.311765
-0.300000
-0.296078
-0.347059
-0.390196
-0.405882
-0.405882
-0.409804
-0.409804
-0.405882
-0.401961
-0.390196
-0.386275
-0.358824
-0.354902
-0.350980
-0.335294
-0.311765
-0.311765
-0.358824
-0.413725
-0.394118
-0.394118
-0.394118
-0.401961
-0.405882
-0.405882
-0.401961
-0.390196
-0.366667
-0.358824
-0.347059
-0.331373
-0.307843
-0.307843
-0.354902
-0.401961
-0.413725
-0.413725
-0.413725
-0.421569
-0.433333
-0.429412
-0.421569
-0.413725
-0.394118
-0.386275
-0.366667
-0.354902
-0.327451
-0.331373
-0.366667
-0.405882
-0.390196
-0.390196
-0.390196
-0.409804
-0.429412
-0.429412
-0.421569
-0.413725
-0.413725
-0.401961
-0.374510
-0.362745
-0.354902
-0.358824
-0.382353
-0.413725
-0.413725
-0.413725
-0.413725
-0.429412
-0.441176
-0.437255
-0.433333
-0.421569
-0.437255
-0.421569
-0.409804
-0.401961
-0.386275
-0.382353
-0.405882
-0.433333
-0.390196
-0.394118
-0.401961
-0.405882
-0.401961
-0.401961
-0.401961
-0.401961
-0.390196
-0.390196
-0.405882
-0.401961
-0.382353
-0.378431
-0.386275
-0.394118
-0.413725
-0.429412
-0.429412
-0.429412
-0.421569
-0.429412
-0.429412
-0.421569
-0.413725
-0.417647
-0.429412
-0.417647
-0.401961
-0.394118
-0.413725
-0.433333
-0.386275
-0.409804
-0.413725
-0.413725
-0.409804
-0.409804
-0.409804
-0.405882
-0.401961
-0.409804
-0.417647
-0.409804
-0.394118
-0.390196
-0.405882
-0.413725
-0.417647
-0.437255
-0.433333
-0.433333
-0.429412
-0.421569
-0.421569
-0.417647
-0.417647
-0.421569
-0.437255
-0.429412
-0.417647
-0.413725
-0.429412
-0.433333
-0.382353
-0.382353
-0.382353
-0.386275
-0.386275
-0.390196
-0.390196
-0.390196
-0.401961
-0.390196
-0.394118
-0.394118
-0.394118
-0.405882
-0.409804
-0.401961
-0.413725
-0.421569
-0.421569
-0.421569
-0.421569
-0.421569
-0.421569
-0.421569
-0.429412
-0.417647
-0.417647
-0.421569
-0.429412
-0.437255
-0.437255
-0.421569
-0.390196
-0.390196
-0.390196
-0.390196
-0.390196
-0.390196
-0.390196
-0.390196
-0.394118
-0.390196
-0.386275
-0.390196
-0.394118
-0.405882
-0.401961
-0.390196
-0.421569
-0.417647
-0.417647
-0.417647
-0.417647
-0.417647
-0.413725
-0.413725
-0.413725
-0.413725
-0.409804
-0.413725
-0.417647
-0.421569
-0.417647
-0.409804
-0.390196
-0.394118
-0.401961
-0.401961
-0.401961
-0.390196
-0.378431
-0.358824
-0.374510
-0.366667
-0.350980
-0.319608
-0.323529
-0.303922
-0.323529
-0.374510
-0.409804
-0.413725
-0.421569
-0.429412
-0.421569
-0.413725
-0.401961
-0.386275
-0.390196
-0.394118
-0.378431
-0.354902
-0.350980
-0.331373
-0.354902
-0.405882
-0.386275
-0.394118
-0.413725
-0.421569
-0.421569
-0.413725
-0.409804
-0.405882
-0.390196
-0.394118
-0.382353
-0.366667
-0.358824
-0.339216
-0.358824
-0.401961
-0.409804
-0.417647
-0.433333
-0.437255
-0.433333
-0.421569
-0.429412
-0.429412
-0.421569
-0.421569
-0.413725
-0.409804
-0.390196
-0.382353
-0.394118
-0.417647
-0.394118
-0.401961
-0.401961
-0.394118
-0.394118
-0.394118
-0.390196
-0.386275
-0.409804
-0.401961
-0.390196
-0.390196
-0.374510
-0.374510
-0.382353
-0.390196
-0.421569
-0.421569
-0.421569
-0.421569
-0.421569
-0.421569
-0.413725
-0.413725
-0.441176
-0.421569
-0.413725
-0.417647
-0.409804
-0.409804
-0.421569
-0.421569
-0.409804
-0.409804
-0.409804
-0.405882
-0.405882
-0.405882
-0.401961
-0.401961
-0.409804
-0.390196
-0.405882
-0.409804
-0.390196
-0.394118
-0.409804
-0.401961
-0.433333
-0.429412
-0.429412
-0.421569
-0.417647
-0.417647
-0.413725
-0.417647
-0.413725
-0.394118
-0.417647
-0.421569
-0.401961
-0.405882
-0.429412
-0.417647
-0.382353
-0.386275
-0.390196
-0.394118
-0.390196
-0.390196
-0.390196
-0.390196
-0.394118
-0.394118
-0.394118
-0.394118
-0.394118
-0.401961
-0.409804
-0.405882
-0.409804
-0.421569
-0.421569
-0.421569
-0.417647
-0.421569
-0.421569
-0.417647
-0.433333
-0.429412
-0.421569
-0.429412
-0.433333
-0.437255
-0.441176
-0.437255
-0.382353
-0.405882
-0.409804
-0.409804
-0.405882
-0.405882
-0.405882
-0.401961
-0.390196
-0.390196
-0.386275
-0.386275
-0.390196
-0.394118
-0.401961
-0.390196
-0.417647
-0.437255
-0.433333
-0.433333
-0.429412
-0.421569
-0.421569
-0.417647
-0.421569
-0.421569
-0.421569
-0.421569
-0.429412
-0.433333
-0.433333
-0.421569
-0.382353
-0.382353
-0.382353
-0.386275
-0.386275
-0.390196
-0.390196
-0.390196
-0.394118
-0.394118
-0.390196
-0.386275
-0.390196
-0.401961
-0.401961
-0.390196
-0.417647
-0.429412
-0.429412
-0.429412
-0.429412
-0.429412
-0.429412
-0.429412
-0.433333
-0.429412
-0.421569
-0.417647
-0.421569
-0.433333
-0.433333
-0.421569
-0.394118
-0.394118
-0.394118
-0.394118
-0.394118
-0.394118
-0.394118
-0.394118
-0.390196
-0.394118
-0.390196
-0.390196
-0.394118
-0.405882
-0.401961
-0.394118
-0.433333
-0.429412
-0.429412
-0.429412
-0.429412
-0.429412
-0.421569
-0.421569
-0.429412
-0.429412
-0.421569
-0.417647
-0.421569
-0.433333
-0.429412
-0.421569
-0.394118
-0.394118
-0.401961
-0.394118
-0.394118
-0.394118
-0.390196
-0.386275
-0.405882
-0.405882
-0.401961
-0.386275
-0.378431
-0.362745
-0.362745
-0.386275
-0.421569
-0.421569
-0.421569
-0.421569
-0.421569
-0.421569
-0.417647
-0.413725
-0.421569
-0.429412
-0.417647
-0.413725
-0.405882
-0.390196
-0.394118
-0.409804
-0.405882
-0.409804
-0.409804
-0.405882
-0.405882
-0.405882
-0.401961
-0.401961
-0.401961
-0.405882
-0.390196
-0.390196
-0.382353
-0.378431
-0.382353
-0.390196
-0.429412
-0.429412
-0.429412
-0.421569
-0.417647
-0.417647
-0.413725
-0.413725
-0.417647
-0.417647
-0.413725
-0.413725
-0.409804
-0.405882
-0.413725
-0.417647
-0.386275
-0.382353
-0.386275
-0.390196
-0.390196
-0.390196
-0.390196
-0.390196
-0.405882
-0.394118
-0.394118
-0.409804
-0.401961
-0.390196
-0.405882
-0.409804
-0.413725
-0.413725
-0.421569
-0.421569
-0.417647
-0.417647
-0.421569
-0.417647
-0.417647
-0.413725
-0.413725
-0.421569
-0.417647
-0.413725
-0.421569
-0.429412
-0.382353
-0.390196
-0.405882
-0.409804
-0.405882
-0.405882
-0.405882
-0.401961
-0.394118
-0.401961
-0.394118
-0.394118
-0.401961
-0.401961
-0.409804
-0.409804
-0.417647
-0.429412
-0.433333
-0.433333
-0.429412
-0.421569
-0.421569
-0.417647
-0.413725
-0.413725
-0.409804
-0.409804
-0.413725
-0.417647
-0.421569
-0.421569
-0.386275
-0.382353
-0.386275
-0.390196
-0.390196
-0.390196
-0.390196
-0.390196
-0.394118
-0.390196
-0.386275
-0.386275
-0.386275
-0.390196
-0.394118
-0.394118
-0.413725
-0.413725
-0.421569
-0.421569
-0.417647
-0.417647
-0.421569
-0.417647
-0.417647
-0.421569
-0.421569
-0.421569
-0.421569
-0.429412
-0.433333
-0.429412
-0.382353
-0.390196
-0.405882
-0.409804
-0.405882
-0.405882
-0.405882
-0.401961
-0.390196
-0.394118
-0.390196
-0.386275
-0.386275
-0.394118
-0.401961
-0.394118
-0.417647
-0.429412
-0.433333
-0.433333
-0.429412
-0.421569
-0.421569
-0.417647
-0.429412
-0.429412
-0.421569
-0.417647
-0.417647
-0.429412
-0.433333
-0.429412
-0.386275
-0.382353
-0.382353
-0.382353
-0.386275
-0.386275
-0.390196
-0.390196
-0.390196
-0.390196
-0.390196
-0.390196
-0.390196
-0.401961
-0.401961
-0.394118
-0.413725
-0.421569
-0.429412
-0.429412
-0.429412
-0.429412
-0.429412
-0.429412
-0.421569
-0.429412
-0.421569
-0.417647
-0.417647
-0.429412
-0.429412
-0.421569
-0.390196
-0.394118
-0.394118
-0.394118
-0.394118
-0.394118
-0.394118
-0.394118
-0.394118
-0.390196
-0.394118
-0.394118
-0.390196
-0.390196
-0.394118
-0.390196
-0.417647
-0.429412
-0.429412
-0.429412
-0.429412
-0.429412
-0.421569
-0.421569
-0.429412
-0.433333
-0.429412
-0.421569
-0.429412
-0.429412
-0.413725
-0.409804
-0.401961
-0.394118
-0.394118
-0.401961
-0.401961
-0.401961
-0.401961
-0.401961
-0.401961
-0.401961
-0.394118
-0.405882
-0.405882
-0.394118
-0.401961
-0.409804
-0.413725
-0.409804
-0.413725
-0.417647
-0.417647
-0.413725
-0.417647
-0.417647
-0.417647
-0.417647
-0.413725
-0.417647
-0.421569
-0.417647
-0.417647
-0.429412
-0.386275
-0.386275
-0.401961
-0.409804
-0.409804
-0.405882
-0.405882
-0.405882
-0.401961
-0.401961
-0.401961
-0.394118
-0.401961
-0.401961
-0.405882
-0.409804
-0.413725
-0.413725
-0.421569
-0.421569
-0.421569
-0.417647
-0.413725
-0.413725
-0.417647
-0.413725
-0.413725
-0.409804
-0.413725
-0.417647
-0.421569
-0.421569
-0.401961
-0.394118
-0.394118
-0.401961
-0.401961
-0.401961
-0.401961
-0.401961
-0.394118
-0.394118
-0.390196
-0.386275
-0.386275
-0.390196
-0.394118
-0.394118
-0.417647
-0.413725
-0.417647
-0.421569
-0.421569
-0.417647
-0.421569
-0.421569
-0.417647
-0.421569
-0.421569
-0.421569
-0.421569
-0.429412
-0.433333
-0.433333
-0.390196
-0.390196
-0.405882
-0.413725
-0.413725
-0.409804
-0.409804
-0.409804
-0.394118
-0.394118
-0.394118
-0.390196
-0.386275
-0.390196
-0.401961
-0.401961
-0.413725
-0.413725
-0.421569
-0.421569
-0.421569
-0.417647
-0.413725
-0.413725
-0.421569
-0.429412
-0.429412
-0.421569
-0.417647
-0.421569
-0.433333
-0.433333
-0.390196
-0.386275
-0.382353
-0.382353
-0.386275
-0.386275
-0.390196
-0.390196
-0.390196
-0.390196
-0.390196
-0.390196
-0.390196
-0.401961
-0.401961
-0.394118
-0.413725
-0.417647
-0.429412
-0.429412
-0.429412
-0.429412
-0.429412
-0.429412
-0.421569
-0.429412
-0.421569
-0.417647
-0.417647
-0.429412
-0.429412
-0.421569
-0.390196
-0.394118
-0.394118
-0.394118
-0.394118
-0.394118
-0.394118
-0.394118
-0.394118
-0.390196
-0.394118
-0.394118
-0.390196
-0.390196
-0.394118
-0.390196
-0.413725
-0.421569
-0.429412
-0.429412
-0.429412
-0.429412
-0.429412
-0.421569
-0.429412
-0.433333
-0.429412
-0.421569
-0.429412
-0.429412
-0.413725
-0.409804
-0.390196
-0.394118
-0.401961
-0.401961
-0.401961
-0.401961
-0.401961
-0.401961
-0.390196
-0.390196
-0.401961
-0.401961
-0.394118
-0.401961
-0.405882
-0.405882
-0.413725
-0.417647
-0.421569
-0.421569
-0.421569
-0.421569
-0.421569
-0.421569
-0.421569
-0.413725
-0.405882
-0.405882
-0.409804
-0.413725
-0.409804
-0.409804
-0.390196
-0.386275
-0.386275
-0.386275
-0.386275
-0.386275
-0.386275
-0.386275
-0.394118
-0.390196
-0.390196
-0.394118
-0.401961
-0.394118
-0.390196
-0.390196
-0.413725
-0.413725
-0.417647
-0.417647
-0.417647
-0.417647
-0.417647
-0.417647
-0.413725
-0.417647
-0.421569
-0.417647
-0.413725
-0.413725
-0.413725
-0.401961
-0.394118
-0.394118
-0.394118
-0.394118
-0.394118
-0.401961
-0.401961
-0.401961
-0.394118
-0.394118
-0.390196
-0.386275
-0.386275
-0.386275
-0.390196
-0.394118
-0.417647
-0.417647
-0.413725
-0.413725
-0.417647
-0.421569
-0.417647
-0.417647
-0.417647
-0.417647
-0.421569
-0.421569
-0.421569
-0.421569
-0.429412
-0.433333
-0.386275
-0.386275
-0.390196
-0.394118
-0.409804
-0.413725
-0.409804
-0.409804
-0.401961
-0.394118
-0.394118
-0.390196
-0.386275
-0.386275
-0.394118
-0.401961
-0.421569
-0.417647
-0.413725
-0.417647
-0.421569
-0.421569
-0.417647
-0.413725
-0.417647
-0.421569
-0.429412
-0.421569
-0.417647
-0.417647
-0.429412
-0.433333
-0.394118
-0.390196
-0.386275
-0.382353
-0.382353
-0.382353
-0.386275
-0.386275
-0.390196
-0.390196
-0.390196
-0.390196
-0.390196
-0.394118
-0.401961
-0.394118
-0.409804
-0.409804
-0.413725
-0.421569
-0.429412
-0.429412
-0.429412
-0.429412
-0.421569
-0.421569
-0.421569
-0.417647
-0.417647
-0.421569
-0.429412
-0.421569
-0.390196
-0.390196
-0.390196
-0.394118
-0.394118
-0.394118
-0.394118
-0.394118
-0.394118
-0.390196
-0.390196
-0.394118
-0.390196
-0.390196
-0.390196
-0.390196
-0.409804
-0.409804
-0.417647
-0.421569
-0.429412
-0.429412
-0.429412
-0.429412
-0.421569
-0.429412
-0.429412
-0.421569
-0.421569
-0.429412
-0.417647
-0.409804
-0.390196
-0.390196
-0.394118
-0.401961
-0.401961
-0.401961
-0.401961
-0.401961
-0.405882
-0.401961
-0.394118
-0.394118
-0.401961
-0.390196
-0.390196
-0.390196
-0.413725
-0.413725
-0.417647
-0.421569
-0.421569
-0.421569
-0.421569
-0.421569
-0.429412
-0.429412
-0.421569
-0.409804
-0.401961
-0.394118
-0.394118
-0.394118
-0.390196
-0.386275
-0.386275
-0.386275
-0.386275
-0.386275
-0.386275
-0.386275
-0.390196
-0.394118
-0.390196
-0.386275
-0.382353
-0.382353
-0.378431
-0.374510
-0.413725
-0.413725
-0.413725
-0.417647
-0.417647
-0.417647
-0.417647
-0.417647
-0.421569
-0.417647
-0.413725
-0.413725
-0.409804
-0.401961
-0.394118
-0.390196
-0.390196
-0.390196
-0.394118
-0.394118
-0.394118
-0.394118
-0.394118
-0.394118
-0.394118
-0.401961
-0.401961
-0.394118
-0.394118
-0.394118
-0.401961
-0.394118
-0.417647
-0.413725
-0.413725
-0.413725
-0.413725
-0.413725
-0.413725
-0.413725
-0.409804
-0.409804
-0.413725
-0.417647
-0.429412
-0.417647
-0.409804
-0.405882
-0.390196
-0.390196
-0.390196
-0.390196
-0.390196
-0.390196
-0.390196
-0.390196
-0.382353
-0.394118
-0.405882
-0.405882
-0.409804
-0.409804
-0.413725
-0.421569
-0.413725
-0.413725
-0.413725
-0.417647
-0.417647
-0.417647
-0.417647
-0.417647
-0.405882
-0.413725
-0.437255
-0.441176
-0.445098
-0.460784
-0.472549
-0.492157
-0.394118
-0.390196
-0.386275
-0.382353
-0.382353
-0.386275
-0.386275
-0.390196
-0.390196
-0.390196
-0.390196
-0.390196
-0.394118
-0.401961
-0.401961
-0.405882
-0.409804
-0.413725
-0.417647
-0.429412
-0.429412
-0.429412
-0.429412
-0.429412
-0.421569
-0.421569
-0.421569
-0.417647
-0.421569
-0.429412
-0.429412
-0.421569
-0.390196
-0.390196
-0.394118
-0.394118
-0.394118
-0.394118
-0.394118
-0.394118
-0.394118
-0.390196
-0.394118
-0.394118
-0.390196
-0.390196
-0.390196
-0.390196
-0.409804
-0.413725
-0.421569
-0.429412
-0.429412
-0.429412
-0.429412
-0.429412
-0.429412
-0.429412
-0.429412
-0.421569
-0.429412
-0.421569
-0.413725
-0.417647
-0.390196
-0.394118
-0.401961
-0.401961
-0.401961
-0.401961
-0.401961
-0.405882
-0.405882
-0.401961
-0.394118
-0.401961
-0.394118
-0.390196
-0.390196
-0.394118
-0.413725
-0.417647
-0.421569
-0.421569
-0.421569
-0.421569
-0.421569
-0.429412
-0.429412
-0.429412
-0.417647
-0.405882
-0.401961
-0.394118
-0.394118
-0.390196
-0.390196
-0.386275
-0.386275
-0.386275
-0.386275
-0.386275
-0.386275
-0.390196
-0.394118
-0.394118
-0.390196
-0.386275
-0.382353
-0.382353
-0.378431
-0.378431
-0.413725
-0.413725
-0.417647
-0.417647
-0.417647
-0.417647
-0.417647
-0.421569
-0.421569
-0.417647
-0.413725
-0.413725
-0.405882
-0.401961
-0.394118
-0.386275
-0.382353
-0.382353
-0.378431
-0.382353
-0.394118
-0.394118
-0.390196
-0.386275
-0.413725
-0.417647
-0.378431
-0.401961
-0.362745
-0.405882
-0.374510
-0.378431
-0.405882
-0.394118
-0.386275
-0.386275
-0.394118
-0.401961
-0.390196
-0.382353
-0.417647
-0.413725
-0.390196
-0.413725
-0.413725
-0.433333
-0.409804
-0.409804
-0.386275
-0.382353
-0.382353
-0.394118
-0.409804
-0.417647
-0.421569
-0.413725
-0.386275
-0.386275
-0.382353
-0.382353
-0.386275
-0.394118
-0.394118
-0.401961
-0.433333
-0.413725
-0.409804
-0.413725
-0.405882
-0.405882
-0.394118
-0.378431
-0.386275
-0.390196
-0.390196
-0.401961
-0.394118
-0.421569
-0.429412
-0.445098
-0.405882
-0.405882
-0.386275
-0.378431
-0.394118
-0.394118
-0.378431
-0.362745
-0.374510
-0.405882
-0.417647
-0.401961
-0.362745
-0.378431
-0.405882
-0.394118
-0.417647
-0.390196
-0.386275
-0.401961
-0.409804
-0.417647
-0.409804
-0.386275
-0.433333
-0.421569
-0.445098
-0.468627
-0.437255
-0.468627
-0.496078
-0.496078
-0.394118
-0.374510
-0.382353
-0.394118
-0.390196
-0.401961
-0.417647
-0.394118
-0.386275
-0.409804
-0.374510
-0.417647
-0.421569
-0.413725
-0.382353
-0.390196
-0.394118
-0.374510
-0.401961
-0.456863
-0.464706
-0.500000
-0.500000
-0.468627
-0.449020
-0.464706
-0.433333
-0.456863
-0.449020
-0.445098
-0.437255
-0.456863
-0.394118
-0.394118
-0.401961
-0.401961
-0.401961
-0.394118
-0.394118
-0.394118
-0.394118
-0.386275
-0.401961
-0.382353
-0.409804
-0.386275
-0.405882
-0.401961
-0.405882
-0.405882
-0.413725
-0.421569
-0.421569
-0.429412
-0.433333
-0.433333
-0.421569
-0.413725
-0.429412
-0.401961
-0.409804
-0.390196
-0.409804
-0.394118
-0.390196
-0.386275
-0.386275
-0.386275
-0.386275
-0.386275
-0.386275
-0.386275
-0.386275
-0.386275
-0.390196
-0.382353
-0.386275
-0.382353
-0.386275
-0.382353
-0.421569
-0.421569
-0.417647
-0.417647
-0.417647
-0.413725
-0.409804
-0.409804
-0.421569
-0.413725
-0.413725
-0.409804
-0.413725
-0.401961
-0.401961
-0.390196
-0.378431
-0.374510
-0.374510
-0.378431
-0.386275
-0.401961
-0.401961
-0.394118
-0.401961
-0.417647
-0.394118
-0.390196
-0.378431
-0.382353
-0.382353
-0.374510
-0.409804
-0.401961
-0.390196
-0.386275
-0.390196
-0.394118
-0.394118
-0.386275
-0.405882
-0.421569
-0.401961
-0.405882
-0.409804
-0.421569
-0.409804
-0.405882
-0.394118
-0.390196
-0.386275
-0.386275
-0.401961
-0.409804
-0.409804
-0.409804
-0.405882
-0.401961
-0.378431
-0.390196
-0.374510
-0.394118
-0.382353
-0.390196
-0.417647
-0.417647
-0.405882
-0.409804
-0.409804
-0.409804
-0.405882
-0.390196
-0.390196
-0.401961
-0.386275
-0.409804
-0.382353
-0.413725
-0.409804
-0.429412
-0.378431
-0.386275
-0.401961
-0.394118
-0.378431
-0.382353
-0.394118
-0.390196
-0.413725
-0.401961
-0.394118
-0.390196
-0.382353
-0.378431
-0.405882
-0.405882
-0.394118
-0.401961
-0.413725
-0.413725
-0.394118
-0.390196
-0.401961
-0.409804
-0.413725
-0.409804
-0.441176
-0.445098
-0.409804
-0.445098
-0.464706
-0.500000
-0.417647
-0.409804
-0.394118
-0.390196
-0.394118
-0.386275
-0.382353
-0.374510
-0.417647
-0.417647
-0.362745
-0.409804
-0.366667
-0.378431
-0.386275
-0.401961
-0.409804
-0.405882
-0.413725
-0.456863
-0.464706
-0.488235
-0.484314
-0.456863
-0.468627
-0.488235
-0.456863
-0.472549
-0.449020
-0.449020
-0.464706
-0.500000
-0.405882
-0.413725
-0.390196
-0.390196
-0.405882
-0.401961
-0.413725
-0.374510
-0.437255
-0.405882
-0.405882
-0.374510
-0.386275
-0.390196
-0.386275
-0.382353
-0.441176
-0.433333
-0.417647
-0.476471
-0.496078
-0.476471
-0.496078
-0.468627
-0.484314
-0.464706
-0.441176
-0.409804
-0.449020
-0.433333
-0.449020
-0.382353
-0.401961
-0.394118
-0.386275
-0.382353
-0.382353
-0.374510
-0.374510
-0.382353
-0.401961
-0.386275
-0.390196
-0.331373
-0.327451
-0.229412
0.025490
0.150980
-0.421569
-0.417647
-0.409804
-0.417647
-0.441176
-0.405882
-0.405882
-0.476471
-0.437255
-0.433333
-0.417647
-0.339216
-0.335294
-0.272549
0.084314
0.198039
-0.378431
-0.390196
-0.378431
-0.378431
-0.401961
-0.409804
-0.401961
-0.409804
-0.390196
-0.405882
-0.401961
-0.401961
-0.382353
-0.394118
-0.386275
-0.390196
-0.413725
-0.409804
-0.394118
-0.390196
-0.401961
-0.401961
-0.394118
-0.394118
-0.394118
-0.417647
-0.409804
-0.413725
-0.401961
-0.421569
-0.413725
-0.409804
-0.401961
-0.390196
-0.390196
-0.394118
-0.401961
-0.413725
-0.417647
-0.409804
-0.401961
-0.401961
-0.378431
-0.386275
-0.366667
-0.390196
-0.386275
-0.386275
-0.421569
-0.409804
-0.409804
-0.417647
-0.405882
-0.409804
-0.413725
-0.386275
-0.417647
-0.421569
-0.409804
-0.417647
-0.394118
-0.405882
-0.401961
-0.409804
-0.382353
-0.378431
-0.401961
-0.401961
-0.366667
-0.378431
-0.405882
-0.386275
-0.401961
-0.409804
-0.390196
-0.401961
-0.378431
-0.386275
-0.386275
-0.405882
-0.394118
-0.390196
-0.409804
-0.413725
-0.386275
-0.386275
-0.401961
-0.405882
-0.417647
-0.417647
-0.417647
-0.445098
-0.409804
-0.417647
-0.433333
-0.464706
-0.409804
-0.409804
-0.390196
-0.382353
-0.390196
-0.382353
-0.374510
-0.366667
-0.401961
-0.429412
-0.394118
-0.405882
-0.401961
-0.401961
-0.401961
-0.417647
-0.394118
-0.405882
-0.405882
-0.441176
-0.464706
-0.484314
-0.464706
-0.456863
-0.449020
-0.468627
-0.456863
-0.464706
-0.449020
-0.456863
-0.456863
-0.496078
-0.366667
-0.390196
-0.394118
-0.386275
-0.421569
-0.354902
-0.382353
-0.374510
-0.413725
-0.405882
-0.429412
-0.417647
-0.409804
-0.409804
-0.382353
-0.429412
-0.433333
-0.445098
-0.417647
-0.496078
-0.488235
-0.472549
-0.468627
-0.456863
-0.445098
-0.449020
-0.456863
-0.472549
-0.456863
-0.417647
-0.445098
-0.445098
-0.401961
-0.382353
-0.374510
-0.382353
-0.394118
-0.405882
-0.401961
-0.386275
-0.401961
-0.390196
-0.366667
-0.362745
-0.394118
-0.347059
-0.300000
-0.174510
-0.409804
-0.390196
-0.386275
-0.445098
-0.445098
-0.429412
-0.429412
-0.500000
-0.409804
-0.449020
-0.417647
-0.386275
-0.449020
-0.390196
-0.347059
-0.182353
-0.378431
-0.401961
-0.429412
-0.378431
-0.394118
-0.378431
-0.347059
-0.378431
-0.292157
-0.272549
-0.252941
-0.021569
-0.194118
0.084314
0.103922
0.252941
-0.401961
-0.472549
-0.500000
-0.421569
-0.445098
-0.421569
-0.390196
-0.441176
-0.292157
-0.296078
-0.217647
0.025490
-0.190196
0.076471
0.190196
0.343137
-0.327451
-0.327451
-0.386275
-0.013725
0.107843
0.170588
0.178431
-0.190196
0.052941
-0.166667
-0.017647
0.005882
-0.049020
-0.068627
0.107843
0.190196
-0.409804
-0.429412
-0.429412
0.025490
0.162745
0.209804
0.201961
-0.182353
0.033333
-0.198039
0.001961
0.009804
-0.029412
-0.021569
0.198039
0.319608
-0.378431
-0.382353
-0.382353
-0.386275
-0.390196
-0.390196
-0.394118
-0.394118
-0.401961
-0.382353
-0.378431
-0.394118
-0.409804
-0.405882
-0.401961
-0.405882
-0.386275
-0.390196
-0.394118
-0.405882
-0.409804
-0.417647
-0.421569
-0.429412
-0.405882
-0.421569
-0.417647
-0.405882
-0.413725
-0.437255
-0.437255
-0.413725
-0.394118
-0.394118
-0.394118
-0.390196
-0.390196
-0.390196
-0.390196
-0.390196
-0.386275
-0.401961
-0.405882
-0.394118
-0.394118
-0.405882
-0.409804
-0.405882
-0.390196
-0.394118
-0.405882
-0.413725
-0.421569
-0.437255
-0.441176
-0.445098
-0.449020
-0.449020
-0.460784
-0.464706
-0.456863
-0.441176
-0.449020
-0.472549
-0.401961
-0.401961
-0.401961
-0.394118
-0.394118
-0.390196
-0.390196
-0.390196
-0.390196
-0.405882
-0.409804
-0.401961
-0.390196
-0.390196
-0.394118
-0.401961
-0.441176
-0.445098
-0.449020
-0.460784
-0.472549
-0.484314
-0.488235
-0.492157
-0.460784
-0.464706
-0.468627
-0.464706
-0.456863
-0.456863
-0.456863
-0.456863
-0.386275
-0.386275
-0.386275
-0.390196
-0.390196
-0.390196
-0.390196
-0.390196
-0.401961
-0.409804
-0.401961
-0.390196
-0.390196
-0.401961
-0.394118
-0.378431
-0.437255
-0.441176
-0.445098
-0.449020
-0.456863
-0.464706
-0.468627
-0.468627
-0.413725
-0.460784
-0.449020
-0.390196
-0.394118
-0.456863
-0.445098
-0.378431
-0.358824
-0.354902
-0.378431
-0.366667
-0.390196
-0.390196
-0.401961
-0.386275
-0.413725
-0.382353
-0.292157
-0.272549
-0.272549
-0.005882
-0.049020
0.182353
-0.445098
-0.460784
-0.429412
-0.366667
-0.401961
-0.449020
-0.437255
-0.433333
-0.421569
-0.456863
-0.323529
-0.225490
-0.256863
-0.041176
-0.029412
0.280392
-0.374510
-0.374510
-0.394118
-0.143137
0.041176
0.060784
0.076471
-0.174510
-0.033333
-0.123529
-0.127451
0.025490
0.029412
0.037255
0.076471
0.209804
-0.456863
-0.445098
-0.500000
-0.154902
0.037255
0.096078
0.080392
-0.166667
-0.017647
-0.143137
-0.139216
0.060784
0.037255
0.052941
0.158824
0.319608
-0.198039
-0.194118
-0.303922
0.233333
0.221569
0.198039
0.162745
0.182353
-0.158824
-0.100000
-0.060784
0.021569
0.115686
-0.162745
0.174510
0.068627
-0.225490
-0.198039
-0.366667
0.245098
0.182353
0.252941
0.174510
0.217647
-0.143137
-0.056863
-0.056863
0.041176
0.194118
-0.056863
0.276471
0.143137
-0.049020
-0.174510
-0.100000
0.205882
0.229412
0.052941
0.123529
0.229412
-0.005882
-0.049020
-0.096078
-0.241176
0.076471
0.135294
-0.107843
0.056863
-0.052941
-0.225490
-0.143137
0.221569
0.276471
0.143137
0.198039
0.256863
0.033333
-0.005882
-0.072549
-0.198039
0.150980
0.162745
-0.123529
0.056863
-0.401961
-0.394118
-0.394118
-0.394118
-0.378431
-0.382353
-0.386275
-0.401961
-0.382353
-0.386275
-0.382353
-0.382353
-0.401961
-0.390196
-0.386275
-0.394118
-0.456863
-0.437255
-0.429412
-0.417647
-0.468627
-0.492157
-0.476471
-0.488235
-0.464706
-0.476471
-0.417647
-0.472549
-0.456863
-0.456863
-0.488235
-0.468627
-0.390196
-0.394118
-0.390196
-0.366667
-0.366667
-0.374510
-0.386275
-0.409804
-0.382353
-0.409804
-0.386275
-0.366667
-0.405882
-0.405882
-0.413725
-0.417647
-0.437255
-0.437255
-0.437255
-0.445098
-0.460784
-0.476471
-0.492157
-0.484314
-0.433333
-0.445098
-0.449020
-0.429412
-0.390196
-0.445098
-0.441176
-0.401961
-0.390196
-0.378431
-0.386275
-0.382353
-0.405882
-0.413725
-0.386275
-0.374510
-0.374510
-0.362745
-0.354902
-0.339216
-0.374510
-0.194118
-0.217647
0.025490
-0.456863
-0.437255
-0.468627
-0.409804
-0.409804
-0.433333
-0.394118
-0.413725
-0.421569
-0.401961
-0.433333
-0.311765
-0.362745
-0.249020
-0.221569
0.060784
-0.362745
-0.354902
-0.394118
-0.252941
-0.123529
-0.084314
-0.052941
-0.158824
-0.209804
-0.076471
-0.229412
0.064706
-0.049020
0.041176
0.084314
0.225490
-0.437255
-0.417647
-0.460784
-0.229412
-0.127451
-0.111765
-0.052941
-0.201961
-0.225490
-0.100000
-0.229412
0.135294
-0.001961
0.088235
0.147059
0.335294
-0.209804
-0.201961
-0.276471
0.198039
0.209804
0.158824
0.201961
0.162745
-0.131373
-0.100000
-0.068627
-0.013725
0.131373
-0.229412
0.076471
0.080392
-0.229412
-0.190196
-0.335294
0.201961
0.225490
0.233333
0.209804
0.201961
-0.100000
-0.111765
-0.100000
0.025490
0.182353
-0.150980
0.147059
0.158824
-0.068627
-0.170588
-0.135294
0.198039
0.205882
0.060784
0.115686
0.201961
0.001961
-0.049020
-0.072549
-0.217647
0.115686
0.139216
0.076471
0.131373
-0.072549
-0.221569
-0.186275
0.209804
0.245098
0.147059
0.174510
0.245098
0.005882
-0.029412
-0.029412
-0.166667
0.174510
0.237255
0.119608
0.139216
0.111765
0.021569
0.158824
0.084314
0.103922
0.284314
0.135294
0.119608
-0.049020
-0.072549
-0.225490
-0.323529
-0.017647
0.084314
-0.256863
-0.378431
0.150980
0.049020
0.233333
0.174510
0.201961
0.327451
0.272549
0.178431
-0.021569
-0.029412
-0.237255
-0.358824
0.049020
0.103922
-0.307843
-0.417647
0.174510
-0.029412
0.209804
-0.060784
-0.096078
0.166667
0.221569
-0.072549
0.178431
0.001961
-0.135294
-0.347059
-0.017647
-0.150980
-0.347059
-0.303922
0.237255
0.009804
0.276471
-0.107843
-0.072549
0.135294
0.249020
0.025490
0.201961
0.005882
-0.154902
-0.386275
0.021569
-0.107843
-0.413725
-0.366667
-0.401961
-0.378431
-0.394118
-0.378431
-0.421569
-0.378431
-0.378431
-0.374510
-0.401961
-0.390196
-0.429412
-0.409804
-0.405882
-0.378431
-0.358824
-0.276471
-0.445098
-0.429412
-0.441176
-0.437255
-0.401961
-0.362745
-0.358824
-0.382353
-0.468627
-0.413725
-0.468627
-0.421569
-0.417647
-0.413725
-0.358824
-0.280392
-0.413725
-0.366667
-0.421569
-0.347059
-0.307843
-0.213725
-0.209804
-0.186275
-0.319608
-0.190196
-0.241176
-0.107843
-0.115686
-0.033333
0.025490
0.198039
-0.456863
-0.437255
-0.496078
-0.362745
-0.268627
-0.194118
-0.194118
-0.194118
-0.350980
-0.166667
-0.249020
-0.115686
-0.084314
-0.049020
0.084314
0.217647
-0.143137
-0.237255
-0.241176
-0.080392
0.217647
0.194118
0.229412
0.194118
-0.186275
-0.056863
-0.194118
0.052941
0.056863
-0.182353
0.009804
0.150980
-0.131373
-0.252941
-0.276471
-0.076471
0.233333
0.280392
0.315686
0.225490
-0.170588
-0.088235
-0.170588
0.049020
0.123529
-0.143137
0.060784
0.194118
-0.052941
-0.170588
-0.182353
0.115686
0.162745
0.162745
0.158824
0.229412
-0.072549
0.013725
-0.029412
-0.139216
0.056863
0.009804
0.194118
0.076471
-0.025490
-0.194118
-0.213725
0.119608
0.201961
0.252941
0.272549
0.292157
-0.025490
0.021569
-0.025490
-0.127451
0.080392
0.080392
0.276471
0.080392
0.084314
0.001961
0.205882
0.013725
0.103922
0.209804
0.147059
0.201961
-0.060784
-0.080392
-0.150980
-0.221569
0.037255
0.103922
-0.170588
-0.123529
0.147059
0.052941
0.272549
0.103922
0.201961
0.319608
0.256863
0.307843
0.005882
-0.076471
-0.103922
-0.245098
0.056863
0.076471
-0.268627
-0.194118
0.272549
-0.076471
0.303922
-0.107843
-0.029412
0.123529
0.221569
0.088235
0.041176
-0.029412
-0.131373
-0.339216
-0.076471
-0.045098
-0.284314
-0.350980
0.354902
-0.013725
0.374510
-0.107843
0.021569
0.088235
0.245098
0.143137
0.068627
-0.017647
-0.139216
-0.441176
-0.135294
-0.041176
-0.366667
-0.437255
0.198039
0.021569
0.280392
0.123529
0.147059
0.041176
0.252941
0.123529
0.049020
-0.005882
-0.107843
-0.209804
-0.154902
-0.249020
-0.354902
-0.292157
0.256863
0.080392
0.362745
0.135294
0.174510
0.064706
0.276471
0.092157
0.049020
-0.017647
-0.198039
-0.284314
-0.264706
-0.303922
-0.492157
-0.405882
0.103922
0.225490
0.303922
0.225490
0.201961
0.060784
0.096078
0.131373
0.080392
-0.154902
-0.252941
-0.190196
-0.198039
-0.256863
-0.296078
-0.319608
0.174510
0.280392
0.358824
0.209804
0.162745
0.092157
0.143137
0.139216
0.029412
-0.194118
-0.276471
-0.237255
-0.284314
-0.366667
-0.378431
-0.437255
-0.170588
-0.252941
-0.272549
-0.292157
0.147059
0.205882
0.237255
0.190196
-0.229412
0.041176
-0.182353
0.029412
-0.005882
-0.088235
0.084314
0.096078
-0.162745
-0.264706
-0.272549
-0.296078
0.174510
0.249020
0.284314
0.264706
-0.209804
0.001961
-0.186275
0.049020
0.025490
-0.060784
0.111765
0.111765
-0.017647
-0.123529
-0.245098
-0.021569
0.150980
0.209804
0.170588
0.135294
-0.029412
-0.103922
-0.049020
-0.060784
0.009804
0.025490
-0.033333
0.111765
-0.033333
-0.150980
-0.280392
-0.045098
0.194118
0.225490
0.237255
0.237255
0.025490
-0.052941
-0.025490
-0.060784
0.025490
0.068627
0.049020
0.225490
0.037255
0.021569
0.115686
-0.033333
0.170588
0.209804
0.103922
0.221569
0.052941
-0.049020
-0.068627
-0.229412
-0.033333
0.068627
0.060784
-0.029412
0.076471
0.029412
0.170588
0.005882
0.245098
0.303922
0.201961
0.327451
0.080392
-0.041176
-0.029412
-0.201961
-0.005882
0.103922
0.107843
-0.021569
0.174510
-0.017647
0.217647
-0.060784
-0.021569
0.041176
0.237255
0.198039
0.013725
-0.021569
-0.170588
-0.303922
-0.245098
0.001961
-0.123529
-0.331373
0.229412
-0.017647
0.280392
-0.045098
-0.005882
0.103922
0.276471
0.300000
0.005882
-0.001961
-0.150980
-0.323529
-0.237255
-0.013725
-0.088235
-0.409804
0.162745
-0.033333
0.264706
0.150980
0.084314
-0.076471
0.249020
0.123529
0.037255
0.068627
-0.025490
-0.354902
-0.237255
-0.123529
-0.303922
-0.307843
0.233333
0.056863
0.347059
0.131373
0.119608
-0.080392
0.252941
0.115686
0.013725
0.088235
-0.013725
-0.390196
-0.284314
-0.154902
-0.339216
-0.378431
0.201961
0.249020
0.252941
0.233333
0.198039
0.068627
0.194118
0.135294
0.037255
-0.115686
-0.131373
-0.143137
-0.162745
-0.272549
-0.386275
-0.280392
0.272549
0.280392
0.307843
0.198039
0.174510
0.052941
0.194118
0.092157
0.060784
-0.123529
-0.174510
-0.166667
-0.190196
-0.347059
-0.429412
-0.358824
-0.049020
0.170588
0.182353
0.111765
0.143137
0.096078
-0.115686
0.013725
0.009804
-0.174510
-0.237255
-0.300000
-0.347059
-0.374510
-0.303922
-0.307843
-0.088235
0.143137
0.209804
0.115686
0.139216
0.068627
-0.131373
-0.021569
0.037255
-0.198039
-0.256863
-0.307843
-0.401961
-0.421569
-0.350980
-0.331373
0.009804
0.064706
0.190196
0.190196
0.123529
0.143137
0.123529
-0.143137
-0.166667
-0.225490
-0.358824
-0.366667
-0.405882
-0.350980
-0.296078
-0.319608
-0.025490
0.084314
0.225490
0.272549
0.190196
0.139216
0.107843
-0.150980
-0.166667
-0.245098
-0.405882
-0.331373
-0.445098
-0.354902
-0.300000
-0.347059
