-0.241176
-0.150980
-0.170588
-0.127451
-0.068627
-0.162745
-0.284314
-0.386275
-0.217647
-0.245098
-0.131373
-0.237255
-0.327451
-0.296078
-0.358824
-0.374510
-0.237255
-0.182353
-0.166667
-0.139216
-0.166667
-0.190196
-0.331373
-0.366667
-0.201961
-0.296078
-0.190196
-0.319608
-0.268627
-0.280392
-0.394118
-0.433333
-0.237255
-0.209804
-0.174510
-0.174510
-0.198039
-0.292157
-0.362745
-0.374510
-0.166667
-0.264706
-0.331373
-0.394118
-0.245098
-0.213725
-0.025490
-0.150980
-0.229412
-0.198039
-0.213725
-0.229412
-0.268627
-0.256863
-0.358824
-0.331373
-0.166667
-0.292157
-0.350980
-0.401961
-0.201961
-0.201961
-0.060784
-0.186275
-0.229412
-0.174510
-0.256863
-0.280392
-0.390196
-0.358824
-0.358824
-0.241176
-0.166667
-0.335294
-0.307843
-0.131373
-0.088235
-0.096078
-0.339216
-0.272549
-0.241176
-0.190196
-0.300000
-0.319608
-0.382353
-0.401961
-0.339216
-0.245098
-0.237255
-0.339216
-0.331373
-0.056863
-0.127451
-0.127451
-0.429412
-0.268627
-0.252941
-0.245098
-0.311765
-0.327451
-0.327451
-0.245098
-0.307843
-0.323529
-0.378431
-0.390196
-0.366667
-0.323529
-0.417647
-0.347059
-0.374510
-0.135294
-0.268627
-0.300000
-0.311765
-0.327451
-0.358824
-0.339216
-0.339216
-0.347059
-0.433333
-0.417647
-0.433333
-0.323529
-0.433333
-0.374510
-0.460784
-0.154902
-0.366667
-0.374510
-0.335294
-0.319608
-0.221569
-0.268627
-0.386275
-0.339216
-0.409804
-0.405882
-0.350980
-0.386275
-0.366667
-0.429412
-0.280392
-0.076471
-0.335294
-0.323529
-0.354902
-0.327451
-0.292157
-0.331373
-0.413725
-0.390196
-0.445098
-0.386275
-0.390196
-0.409804
-0.378431
-0.456863
-0.307843
-0.096078
-0.374510
-0.347059
-0.390196
-0.311765
-0.213725
-0.307843
-0.331373
-0.347059
-0.249020
-0.358824
-0.249020
-0.292157
-0.327451
-0.386275
-0.201961
-0.029412
-0.362745
-0.327451
-0.394118
-0.382353
-0.307843
-0.421569
-0.374510
-0.417647
-0.339216
-0.350980
-0.323529
-0.323529
-0.335294
-0.421569
-0.241176
-0.080392
-0.409804
-0.382353
-0.354902
-0.339216
-0.405882
-0.358824
-0.366667
-0.405882
-0.382353
-0.339216
-0.229412
-0.382353
-0.382353
-0.394118
-0.139216
-0.021569
-0.433333
-0.413725
-0.409804
-0.445098
-0.472549
-0.456863
-0.366667
-0.335294
-0.405882
-0.378431
-0.319608
-0.441176
-0.405882
-0.417647
-0.162745
-0.084314
-0.405882
-0.394118
-0.409804
-0.386275
-0.390196
-0.335294
-0.347059
0.049020
-0.249020
-0.296078
-0.276471
-0.350980
-0.374510
-0.327451
-0.033333
-0.041176
-0.401961
-0.394118
-0.476471
-0.433333
-0.433333
-0.386275
-0.327451
0.139216
-0.213725
-0.319608
-0.331373
-0.405882
-0.401961
-0.339216
-0.049020
-0.072549
-0.158824
-0.186275
-0.229412
-0.300000
-0.284314
-0.374510
-0.449020
-0.194118
-0.276471
-0.354902
-0.405882
-0.209804
-0.143137
0.013725
-0.143137
-0.154902
-0.182353
-0.201961
-0.229412
-0.292157
-0.327451
-0.409804
-0.429412
-0.217647
-0.323529
-0.386275
-0.421569
-0.229412
-0.190196
-0.013725
-0.194118
-0.237255
-0.225490
-0.296078
-0.284314
-0.350980
-0.366667
-0.347059
-0.229412
-0.190196
-0.311765
-0.339216
-0.150980
-0.162745
-0.135294
-0.378431
-0.292157
-0.182353
-0.272549
-0.362745
-0.362745
-0.378431
-0.417647
-0.374510
-0.284314
-0.319608
-0.335294
-0.362745
-0.115686
-0.209804
-0.217647
-0.437255
-0.311765
-0.229412
-0.292157
-0.300000
-0.300000
-0.300000
-0.225490
-0.276471
-0.327451
-0.386275
-0.413725
-0.378431
-0.394118
-0.366667
-0.339216
-0.366667
-0.107843
-0.100000
-0.350980
-0.319608
-0.311765
-0.347059
-0.296078
-0.339216
-0.409804
-0.492157
-0.460784
-0.449020
-0.433333
-0.433333
-0.413725
-0.456863
-0.162745
-0.150980
-0.358824
-0.335294
-0.307843
-0.201961
-0.303922
-0.401961
-0.319608
-0.409804
-0.405882
-0.378431
-0.382353
-0.280392
-0.358824
-0.276471
-0.045098
-0.103922
-0.362745
-0.394118
-0.327451
-0.276471
-0.405882
-0.456863
-0.401961
-0.460784
-0.409804
-0.437255
-0.409804
-0.401961
-0.441176
-0.319608
-0.088235
-0.150980
-0.347059
-0.350980
-0.350980
-0.331373
-0.339216
-0.323529
-0.347059
-0.256863
-0.307843
-0.201961
-0.268627
-0.307843
-0.386275
-0.201961
-0.025490
-0.100000
-0.354902
-0.429412
-0.429412
-0.382353
-0.460784
-0.378431
-0.445098
-0.296078
-0.311765
-0.280392
-0.339216
-0.382353
-0.449020
-0.237255
-0.060784
-0.088235
-0.390196
-0.378431
-0.362745
-0.358824
-0.358824
-0.401961
-0.362745
-0.331373
-0.350980
-0.229412
-0.429412
-0.401961
-0.390196
-0.143137
-0.049020
-0.068627
-0.437255
-0.429412
-0.445098
-0.464706
-0.441176
-0.394118
-0.390196
-0.386275
-0.413725
-0.280392
-0.500000
-0.484314
-0.441176
-0.139216
-0.068627
-0.056863
-0.409804
-0.401961
-0.382353
-0.386275
-0.335294
-0.307843
0.119608
-0.272549
-0.256863
-0.296078
-0.358824
-0.335294
-0.307843
-0.045098
-0.072549
-0.060784
-0.433333
-0.472549
-0.476471
-0.476471
-0.417647
-0.327451
0.150980
-0.300000
-0.303922
-0.350980
-0.437255
-0.390196
-0.362745
-0.068627
-0.072549
-0.056863
-0.386275
-0.382353
-0.362745
-0.323529
-0.284314
-0.252941
-0.013725
-0.111765
-0.374510
-0.268627
-0.225490
-0.327451
-0.088235
-0.049020
-0.045098
-0.017647
-0.429412
-0.500000
-0.433333
-0.374510
-0.311765
-0.335294
-0.045098
-0.049020
-0.378431
-0.378431
-0.237255
-0.382353
-0.115686
-0.076471
-0.045098
-0.021569
-0.303922
-0.335294
-0.323529
-0.311765
-0.256863
-0.256863
-0.237255
-0.374510
-0.331373
-0.150980
-0.296078
-0.213725
-0.362745
-0.272549
-0.170588
-0.150980
-0.323529
-0.335294
-0.335294
-0.327451
-0.319608
-0.292157
-0.311765
-0.347059
-0.354902
-0.143137
-0.311765
-0.221569
-0.409804
-0.280392
-0.201961
-0.139216
-0.331373
-0.354902
-0.300000
-0.296078
-0.303922
-0.331373
-0.374510
-0.386275
-0.409804
-0.433333
-0.323529
-0.307843
-0.378431
-0.115686
-0.107843
-0.049020
-0.327451
-0.319608
-0.284314
-0.307843
-0.319608
-0.390196
-0.464706
-0.421569
-0.456863
-0.417647
-0.350980
-0.347059
-0.464706
-0.166667
-0.135294
-0.025490
-0.358824
-0.284314
-0.237255
-0.335294
-0.327451
-0.292157
-0.405882
-0.413725
-0.417647
-0.401961
-0.272549
-0.401961
-0.280392
-0.060784
-0.107843
-0.072549
-0.378431
-0.335294
-0.264706
-0.335294
-0.358824
-0.323529
-0.417647
-0.374510
-0.429412
-0.386275
-0.350980
-0.472549
-0.303922
-0.088235
-0.111765
-0.072549
-0.378431
-0.386275
-0.394118
-0.386275
-0.327451
-0.347059
-0.268627
-0.296078
-0.150980
-0.249020
-0.339216
-0.390196
-0.198039
-0.041176
-0.080392
-0.107843
-0.456863
-0.409804
-0.433333
-0.460784
-0.390196
-0.405882
-0.284314
-0.245098
-0.170588
-0.303922
-0.374510
-0.464706
-0.198039
-0.049020
-0.041176
-0.088235
-0.386275
-0.366667
-0.362745
-0.350980
-0.374510
-0.217647
-0.252941
-0.362745
-0.264706
-0.421569
-0.374510
-0.456863
-0.127451
-0.041176
-0.049020
-0.068627
-0.417647
-0.417647
-0.409804
-0.390196
-0.374510
-0.245098
-0.272549
-0.378431
-0.284314
-0.468627
-0.413725
-0.441176
-0.123529
-0.052941
-0.045098
-0.060784
-0.390196
-0.382353
-0.366667
-0.335294
-0.256863
0.111765
-0.347059
-0.303922
-0.335294
-0.354902
-0.311765
-0.272549
-0.049020
-0.076471
-0.076471
-0.072549
-0.421569
-0.421569
-0.362745
-0.335294
-0.264706
0.139216
-0.335294
-0.300000
-0.350980
-0.382353
-0.331373
-0.272549
-0.056863
-0.052941
-0.049020
-0.049020
-0.409804
-0.382353
-0.307843
-0.256863
-0.347059
-0.123529
-0.139216
-0.319608
-0.225490
-0.190196
-0.319608
-0.045098
-0.060784
-0.045098
-0.017647
-0.056863
-0.449020
-0.394118
-0.335294
-0.229412
-0.339216
-0.100000
-0.033333
-0.292157
-0.272549
-0.170588
-0.339216
-0.033333
-0.060784
-0.021569
0.005882
-0.060784
-0.386275
-0.386275
-0.354902
-0.237255
-0.080392
-0.319608
-0.225490
-0.358824
-0.358824
-0.405882
-0.296078
-0.072549
-0.017647
-0.060784
-0.060784
-0.096078
-0.394118
-0.405882
-0.386275
-0.225490
-0.017647
-0.280392
-0.225490
-0.362745
-0.433333
-0.417647
-0.296078
-0.025490
-0.013725
-0.052941
-0.060784
-0.107843
-0.296078
-0.245098
-0.280392
-0.319608
-0.335294
-0.354902
-0.382353
-0.433333
-0.413725
-0.296078
-0.347059
-0.417647
-0.139216
-0.115686
-0.072549
-0.127451
-0.323529
-0.280392
-0.280392
-0.331373
-0.327451
-0.421569
-0.366667
-0.441176
-0.409804
-0.307843
-0.347059
-0.464706
-0.198039
-0.131373
-0.021569
-0.068627
-0.292157
-0.209804
-0.300000
-0.319608
-0.300000
-0.382353
-0.401961
-0.405882
-0.401961
-0.300000
-0.429412
-0.331373
-0.052941
-0.103922
-0.072549
-0.088235
-0.323529
-0.249020
-0.374510
-0.331373
-0.347059
-0.456863
-0.362745
-0.405882
-0.429412
-0.386275
-0.468627
-0.335294
-0.084314
-0.100000
-0.056863
-0.072549
-0.390196
-0.386275
-0.417647
-0.354902
-0.382353
-0.272549
-0.284314
-0.107843
-0.225490
-0.339216
-0.354902
-0.170588
-0.056863
-0.084314
-0.088235
-0.060784
-0.421569
-0.433333
-0.417647
-0.390196
-0.421569
-0.272549
-0.252941
-0.103922
-0.264706
-0.378431
-0.390196
-0.186275
-0.056863
-0.060784
-0.088235
-0.084314
-0.378431
-0.378431
-0.362745
-0.339216
-0.139216
-0.162745
-0.358824
-0.245098
-0.382353
-0.374510
-0.413725
-0.076471
-0.049020
-0.052941
-0.052941
-0.072549
-0.437255
-0.460784
-0.394118
-0.358824
-0.107843
-0.123529
-0.374510
-0.256863
-0.417647
-0.433333
-0.401961
-0.103922
-0.060784
-0.060784
-0.049020
-0.084314
-0.390196
-0.347059
-0.249020
-0.256863
0.139216
-0.358824
-0.327451
-0.358824
-0.362745
-0.311765
-0.280392
-0.029412
-0.060784
-0.060784
-0.072549
-0.100000
-0.405882
-0.339216
-0.276471
-0.252941
0.166667
-0.335294
-0.307843
-0.374510
-0.390196
-0.331373
-0.280392
-0.029412
-0.052941
-0.056863
-0.045098
-0.072549
-0.401961
-0.339216
-0.272549
-0.331373
-0.198039
-0.201961
-0.339216
-0.225490
-0.166667
-0.300000
-0.052941
-0.049020
-0.068627
-0.021569
-0.068627
-0.096078
-0.386275
-0.347059
-0.272549
-0.272549
-0.182353
-0.107843
-0.307843
-0.272549
-0.166667
-0.327451
-0.021569
-0.033333
-0.029412
-0.013725
-0.052941
-0.060784
-0.394118
-0.366667
-0.217647
-0.103922
-0.323529
-0.245098
-0.331373
-0.331373
-0.409804
-0.292157
-0.060784
-0.021569
-0.052941
-0.045098
-0.103922
-0.088235
-0.331373
-0.362745
-0.237255
-0.088235
-0.264706
-0.237255
-0.350980
-0.437255
-0.449020
-0.292157
-0.005882
-0.001961
-0.029412
-0.056863
-0.100000
-0.088235
-0.366667
-0.339216
-0.374510
-0.350980
-0.409804
-0.378431
-0.421569
-0.374510
-0.386275
-0.103922
-0.041176
-0.017647
-0.001961
-0.045098
-0.045098
-0.029412
-0.386275
-0.362745
-0.374510
-0.374510
-0.374510
-0.413725
-0.488235
-0.492157
-0.417647
-0.080392
-0.045098
-0.001961
-0.041176
-0.049020
-0.025490
-0.049020
-0.292157
-0.323529
-0.327451
-0.311765
-0.347059
-0.327451
-0.347059
-0.382353
-0.292157
-0.401961
-0.331373
-0.072549
-0.103922
-0.072549
-0.088235
-0.088235
-0.350980
-0.366667
-0.339216
-0.323529
-0.390196
-0.347059
-0.366667
-0.378431
-0.350980
-0.460784
-0.331373
-0.080392
-0.100000
-0.056863
-0.072549
-0.107843
-0.382353
-0.394118
-0.401961
-0.354902
-0.354902
-0.358824
-0.162745
-0.311765
-0.374510
-0.390196
-0.209804
-0.072549
-0.084314
-0.088235
-0.060784
-0.103922
-0.433333
-0.409804
-0.437255
-0.327451
-0.358824
-0.335294
-0.150980
-0.362745
-0.421569
-0.417647
-0.190196
-0.033333
-0.060784
-0.088235
-0.084314
-0.143137
-0.429412
-0.374510
-0.307843
0.013725
-0.123529
-0.327451
-0.201961
-0.429412
-0.350980
-0.382353
-0.072549
-0.049020
-0.052941
-0.052941
-0.072549
-0.060784
-0.468627
-0.390196
-0.339216
0.056863
-0.131373
-0.347059
-0.190196
-0.429412
-0.405882
-0.378431
-0.111765
-0.025490
-0.060784
-0.049020
-0.084314
-0.096078
-0.327451
-0.217647
-0.256863
0.088235
-0.241176
-0.335294
-0.323529
-0.319608
-0.296078
-0.272549
-0.045098
-0.068627
-0.060784
-0.072549
-0.100000
-0.107843
-0.347059
-0.237255
-0.245098
0.060784
-0.217647
-0.303922
-0.327451
-0.358824
-0.374510
-0.292157
-0.025490
-0.021569
-0.056863
-0.045098
-0.072549
-0.123529
-0.350980
-0.209804
-0.252941
-0.335294
-0.319608
-0.311765
-0.280392
-0.221569
-0.300000
-0.025490
-0.088235
-0.100000
-0.017647
-0.060784
-0.076471
-0.056863
-0.366667
-0.201961
-0.225490
-0.319608
-0.221569
-0.354902
-0.335294
-0.217647
-0.331373
0.009804
-0.060784
-0.025490
-0.045098
-0.056863
-0.068627
-0.072549
-0.386275
-0.303922
-0.249020
-0.311765
-0.335294
-0.374510
-0.390196
-0.429412
-0.249020
-0.045098
-0.041176
-0.041176
-0.068627
-0.100000
-0.084314
-0.060784
-0.417647
-0.323529
-0.249020
-0.307843
-0.311765
-0.449020
-0.484314
-0.445098
-0.268627
0.001961
-0.013725
-0.049020
-0.049020
-0.088235
-0.072549
-0.072549
-0.374510
-0.386275
-0.409804
-0.409804
-0.390196
-0.401961
-0.394118
-0.358824
-0.068627
-0.072549
-0.021569
-0.056863
-0.052941
-0.049020
-0.021569
-0.076471
-0.378431
-0.401961
-0.401961
-0.386275
-0.401961
-0.484314
-0.500000
-0.401961
-0.100000
-0.076471
0.001961
-0.100000
-0.072549
-0.025490
-0.049020
-0.068627
-0.401961
-0.413725
-0.382353
-0.386275
-0.366667
-0.405882
-0.378431
-0.292157
-0.033333
-0.060784
-0.021569
-0.100000
-0.060784
0.001961
-0.045098
-0.076471
-0.449020
-0.394118
-0.409804
-0.449020
-0.484314
-0.500000
-0.417647
-0.276471
-0.021569
-0.001961
-0.005882
-0.107843
-0.041176
-0.021569
-0.056863
-0.052941
-0.354902
-0.386275
-0.331373
-0.354902
-0.378431
-0.162745
-0.350980
-0.366667
-0.378431
-0.229412
-0.107843
-0.056863
-0.096078
-0.068627
-0.096078
-0.072549
-0.394118
-0.366667
-0.323529
-0.327451
-0.354902
-0.170588
-0.413725
-0.433333
-0.386275
-0.256863
-0.052941
-0.025490
-0.072549
-0.080392
-0.135294
-0.084314
-0.366667
-0.347059
0.092157
-0.127451
-0.354902
-0.150980
-0.386275
-0.378431
-0.429412
-0.056863
-0.049020
-0.072549
-0.072549
-0.084314
-0.056863
-0.084314
-0.374510
-0.366667
0.150980
-0.107843
-0.382353
-0.131373
-0.390196
-0.401961
-0.413725
-0.080392
-0.001961
-0.080392
-0.072549
-0.088235
-0.060784
-0.080392
-0.237255
-0.256863
-0.029412
-0.213725
-0.350980
-0.335294
-0.292157
-0.300000
-0.249020
-0.068627
-0.068627
-0.088235
-0.068627
-0.088235
-0.088235
-0.100000
-0.221569
-0.276471
-0.025490
-0.115686
-0.272549
-0.382353
-0.331373
-0.378431
-0.249020
-0.052941
-0.045098
-0.080392
-0.029412
-0.080392
-0.135294
-0.115686
-0.213725
-0.166667
-0.366667
-0.331373
-0.311765
-0.296078
-0.237255
-0.311765
-0.045098
-0.052941
-0.056863
-0.033333
-0.045098
-0.080392
-0.060784
-0.084314
-0.158824
-0.127451
-0.347059
-0.292157
-0.311765
-0.386275
-0.292157
-0.331373
-0.033333
-0.045098
-0.052941
-0.045098
-0.052941
-0.076471
-0.080392
-0.076471
-0.300000
-0.284314
-0.362745
-0.390196
-0.358824
-0.374510
-0.413725
-0.256863
-0.025490
-0.017647
-0.017647
-0.072549
-0.080392
-0.080392
-0.033333
-0.052941
-0.323529
-0.307843
-0.374510
-0.429412
-0.456863
-0.476471
-0.437255
-0.311765
0.037255
-0.017647
-0.049020
-0.056863
-0.088235
-0.080392
-0.076471
-0.084314
-0.401961
-0.413725
-0.401961
-0.390196
-0.401961
-0.405882
-0.382353
-0.068627
-0.080392
-0.021569
-0.068627
-0.060784
-0.025490
-0.021569
-0.076471
-0.072549
-0.429412
-0.409804
-0.409804
-0.456863
-0.484314
-0.500000
-0.421569
-0.088235
-0.072549
0.005882
-0.127451
-0.056863
-0.049020
-0.041176
-0.080392
-0.052941
-0.409804
-0.417647
-0.409804
-0.390196
-0.401961
-0.390196
-0.276471
-0.068627
-0.021569
-0.052941
-0.103922
-0.052941
-0.029412
-0.068627
-0.096078
-0.017647
-0.441176
-0.441176
-0.421569
-0.468627
-0.500000
-0.441176
-0.264706
-0.041176
0.005882
-0.041176
-0.107843
-0.045098
-0.045098
-0.045098
-0.060784
-0.025490
-0.382353
-0.394118
-0.386275
-0.417647
-0.405882
-0.405882
-0.072549
-0.025490
-0.056863
-0.131373
-0.068627
-0.068627
-0.076471
-0.076471
-0.096078
-0.052941
-0.417647
-0.441176
-0.449020
-0.468627
-0.441176
-0.409804
-0.049020
-0.001961
-0.001961
-0.100000
-0.049020
-0.080392
-0.041176
-0.029412
-0.100000
-0.060784
-0.347059
0.088235
-0.198039
-0.386275
-0.158824
-0.378431
-0.374510
-0.429412
-0.072549
-0.041176
-0.068627
-0.076471
-0.084314
-0.052941
-0.068627
-0.068627
-0.335294
0.096078
-0.174510
-0.437255
-0.123529
-0.401961
-0.401961
-0.429412
-0.068627
-0.005882
-0.076471
-0.076471
-0.107843
-0.052941
-0.076471
-0.068627
-0.252941
-0.131373
-0.198039
-0.292157
-0.347059
-0.284314
-0.292157
-0.245098
-0.076471
-0.072549
-0.088235
-0.060784
-0.103922
-0.084314
-0.096078
-0.060784
-0.252941
-0.076471
-0.111765
-0.268627
-0.405882
-0.300000
-0.366667
-0.272549
-0.084314
0.001961
-0.056863
-0.060784
-0.088235
-0.111765
-0.107843
-0.060784
-0.150980
-0.339216
-0.323529
-0.307843
-0.296078
-0.245098
-0.303922
-0.041176
-0.045098
-0.080392
-0.041176
-0.029412
-0.072549
-0.072549
-0.072549
-0.049020
-0.123529
-0.268627
-0.303922
-0.362745
-0.378431
-0.296078
-0.339216
-0.041176
-0.033333
-0.049020
-0.045098
-0.056863
-0.080392
-0.088235
-0.080392
-0.072549
-0.362745
-0.366667
-0.413725
-0.366667
-0.382353
-0.405882
-0.256863
-0.013725
-0.029412
-0.013725
-0.076471
-0.076471
-0.080392
-0.052941
-0.056863
-0.033333
-0.382353
-0.429412
-0.460784
-0.488235
-0.488235
-0.429412
-0.296078
0.021569
-0.025490
-0.041176
-0.041176
-0.107843
-0.080392
-0.068627
-0.084314
-0.021569
-0.382353
-0.394118
-0.378431
-0.405882
-0.401961
-0.409804
-0.084314
-0.056863
-0.021569
-0.080392
-0.041176
-0.017647
-0.005882
-0.072549
-0.060784
-0.088235
-0.413725
-0.433333
-0.468627
-0.488235
-0.500000
-0.437255
-0.088235
-0.072549
-0.001961
-0.115686
-0.045098
-0.045098
-0.029412
-0.100000
-0.029412
-0.100000
-0.394118
-0.413725
-0.409804
-0.409804
-0.409804
-0.272549
-0.049020
-0.045098
-0.060784
-0.076471
-0.052941
-0.029412
-0.076471
-0.080392
-0.013725
-0.049020
-0.433333
-0.433333
-0.472549
-0.496078
-0.456863
-0.249020
-0.029412
-0.017647
-0.033333
-0.088235
-0.056863
-0.041176
-0.045098
-0.029412
-0.025490
-0.056863
-0.405882
-0.405882
-0.394118
-0.378431
-0.409804
-0.056863
-0.041176
-0.060784
-0.107843
-0.076471
-0.084314
-0.068627
-0.052941
-0.107843
-0.029412
-0.080392
-0.437255
-0.460784
-0.445098
-0.441176
-0.401961
-0.041176
-0.021569
0.005882
-0.080392
-0.072549
-0.096078
-0.033333
-0.017647
-0.127451
-0.045098
-0.076471
-0.386275
-0.394118
-0.405882
-0.409804
-0.221569
-0.029412
-0.080392
-0.076471
-0.072549
-0.029412
-0.041176
-0.045098
-0.100000
-0.080392
-0.080392
-0.131373
-0.409804
-0.456863
-0.460784
-0.433333
-0.229412
-0.060784
0.009804
-0.025490
-0.080392
-0.056863
-0.041176
-0.068627
-0.150980
-0.107843
-0.076471
-0.127451
-0.280392
-0.256863
-0.307843
-0.327451
-0.186275
-0.209804
-0.154902
-0.025490
-0.049020
-0.088235
-0.056863
-0.100000
-0.103922
-0.084314
-0.052941
-0.045098
-0.272549
-0.229412
-0.323529
-0.366667
-0.221569
-0.264706
-0.198039
-0.029412
-0.001961
-0.041176
-0.029412
-0.088235
-0.123529
-0.096078
-0.072549
-0.017647
-0.311765
-0.350980
-0.335294
-0.354902
-0.354902
-0.327451
-0.076471
-0.068627
-0.056863
-0.056863
-0.056863
-0.100000
-0.068627
-0.060784
-0.060784
-0.029412
-0.264706
-0.350980
-0.374510
-0.460784
-0.390196
-0.378431
-0.060784
-0.049020
-0.005882
-0.060784
-0.096078
-0.123529
-0.072549
-0.084314
-0.076471
-0.029412
-0.394118
-0.417647
-0.405882
-0.378431
-0.429412
-0.241176
-0.021569
-0.068627
-0.029412
-0.052941
-0.096078
-0.072549
-0.033333
-0.068627
-0.041176
-0.100000
-0.386275
-0.433333
-0.464706
-0.476471
-0.445098
-0.217647
-0.025490
-0.041176
-0.013725
-0.056863
-0.072549
-0.076471
-0.056863
-0.088235
-0.025490
-0.041176
-0.413725
-0.401961
-0.405882
-0.433333
-0.366667
-0.056863
-0.033333
0.001961
-0.060784
-0.076471
-0.041176
-0.088235
-0.076471
-0.068627
-0.084314
-0.052941
-0.429412
-0.437255
-0.500000
-0.468627
-0.401961
-0.025490
-0.068627
0.021569
-0.115686
-0.049020
-0.033333
-0.084314
-0.107843
-0.041176
-0.072549
-0.084314
-0.413725
-0.429412
-0.401961
-0.421569
-0.170588
-0.029412
-0.025490
-0.072549
-0.076471
-0.052941
-0.029412
-0.072549
-0.096078
0.001961
-0.045098
-0.049020
-0.445098
-0.460784
-0.433333
-0.433333
-0.127451
-0.045098
-0.001961
-0.025490
-0.088235
-0.060784
-0.072549
-0.029412
-0.041176
-0.017647
-0.060784
-0.029412
-0.413725
-0.409804
-0.413725
-0.280392
-0.041176
-0.033333
-0.056863
-0.100000
-0.060784
-0.056863
-0.072549
-0.049020
-0.103922
-0.041176
-0.076471
-0.139216
-0.449020
-0.484314
-0.460784
-0.323529
-0.013725
-0.021569
-0.013725
-0.052941
-0.084314
-0.100000
-0.029412
-0.017647
-0.115686
-0.056863
-0.076471
-0.111765
-0.378431
-0.374510
-0.378431
-0.123529
-0.049020
-0.076471
-0.076471
-0.056863
-0.021569
-0.029412
-0.080392
-0.103922
-0.080392
-0.076471
-0.154902
0.056863
-0.445098
-0.441176
-0.401961
-0.139216
-0.056863
0.005882
-0.049020
-0.080392
-0.080392
-0.076471
-0.076471
-0.135294
-0.115686
-0.068627
-0.135294
0.076471
-0.445098
-0.409804
-0.280392
-0.033333
-0.072549
-0.052941
-0.056863
-0.060784
-0.084314
-0.135294
-0.150980
-0.139216
-0.123529
-0.190196
-0.045098
-0.021569
-0.468627
-0.417647
-0.245098
-0.056863
-0.041176
-0.021569
-0.088235
-0.072549
-0.103922
-0.131373
-0.143137
-0.107843
-0.127451
-0.143137
0.005882
-0.060784
-0.347059
-0.327451
-0.394118
-0.390196
-0.366667
-0.056863
-0.068627
-0.056863
-0.045098
-0.115686
-0.103922
-0.084314
-0.052941
-0.060784
-0.041176
-0.107843
-0.350980
-0.409804
-0.496078
-0.429412
-0.386275
-0.080392
-0.060784
-0.025490
-0.041176
-0.084314
-0.123529
-0.088235
-0.076471
-0.076471
-0.041176
-0.096078
-0.386275
-0.390196
-0.374510
-0.417647
-0.225490
-0.052941
-0.052941
-0.041176
-0.041176
-0.052941
-0.072549
-0.033333
-0.072549
-0.045098
-0.100000
-0.096078
-0.417647
-0.468627
-0.496078
-0.464706
-0.186275
-0.041176
-0.001961
0.001961
-0.056863
-0.049020
-0.080392
-0.052941
-0.088235
-0.025490
-0.041176
-0.107843
-0.366667
-0.405882
-0.386275
-0.319608
-0.033333
-0.025490
0.013725
-0.041176
-0.080392
-0.033333
-0.076471
-0.076471
-0.052941
-0.080392
-0.056863
-0.107843
-0.441176
-0.500000
-0.460784
-0.378431
-0.041176
-0.052941
0.013725
-0.100000
-0.060784
-0.049020
-0.060784
-0.084314
-0.049020
-0.072549
-0.076471
-0.080392
-0.429412
-0.366667
-0.394118
-0.115686
-0.052941
-0.017647
-0.084314
-0.076471
-0.076471
-0.045098
-0.072549
-0.072549
-0.021569
-0.049020
-0.033333
-0.127451
-0.484314
-0.441176
-0.409804
-0.076471
-0.025490
0.001961
-0.060784
-0.123529
-0.076471
-0.056863
-0.056863
-0.056863
-0.013725
-0.052941
-0.025490
-0.174510
-0.390196
-0.405882
-0.268627
-0.025490
-0.052941
-0.072549
-0.096078
-0.052941
-0.052941
-0.041176
-0.056863
-0.111765
-0.045098
-0.080392
-0.143137
0.021569
-0.500000
-0.421569
-0.335294
0.005882
-0.029412
-0.021569
-0.041176
-0.052941
-0.088235
-0.025490
-0.049020
-0.127451
-0.072549
-0.068627
-0.107843
0.064706
-0.354902
-0.394118
-0.100000
-0.052941
-0.076471
-0.068627
-0.049020
-0.021569
-0.049020
-0.068627
-0.111765
-0.088235
-0.080392
-0.166667
0.041176
-0.088235
-0.437255
-0.409804
-0.135294
-0.060784
-0.017647
-0.056863
-0.080392
-0.056863
-0.072549
-0.068627
-0.143137
-0.111765
-0.100000
-0.123529
0.076471
-0.096078
-0.421569
-0.276471
-0.041176
-0.072549
-0.041176
-0.056863
-0.096078
-0.096078
-0.143137
-0.135294
-0.131373
-0.107843
-0.170588
-0.049020
-0.025490
-0.100000
-0.405882
-0.264706
-0.041176
-0.045098
-0.021569
-0.068627
-0.076471
-0.103922
-0.143137
-0.135294
-0.103922
-0.143137
-0.162745
0.005882
-0.060784
-0.084314
-0.394118
-0.103922
-0.076471
-0.072549
-0.056863
-0.072549
-0.096078
-0.060784
-0.123529
-0.158824
-0.182353
-0.143137
0.088235
-0.045098
-0.072549
-0.111765
-0.394118
-0.076471
-0.072549
-0.060784
-0.033333
-0.084314
-0.084314
-0.076471
-0.107843
-0.143137
-0.154902
-0.150980
0.123529
-0.021569
-0.056863
-0.103922
-0.390196
-0.374510
-0.417647
-0.201961
-0.080392
-0.033333
-0.060784
-0.052941
-0.068627
-0.076471
-0.049020
-0.084314
-0.056863
-0.076471
-0.103922
-0.107843
-0.472549
-0.488235
-0.464706
-0.174510
-0.049020
0.005882
-0.017647
-0.056863
-0.052941
-0.080392
-0.068627
-0.088235
-0.017647
-0.060784
-0.096078
-0.088235
-0.405882
-0.378431
-0.327451
-0.049020
-0.017647
0.021569
-0.045098
-0.072549
-0.025490
-0.068627
-0.088235
-0.033333
-0.076471
-0.060784
-0.107843
-0.135294
-0.500000
-0.437255
-0.347059
-0.029412
-0.033333
0.013725
-0.084314
-0.049020
-0.041176
-0.045098
-0.088235
-0.029412
-0.068627
-0.080392
-0.084314
-0.139216
-0.358824
-0.405882
-0.096078
-0.060784
-0.001961
-0.080392
-0.049020
-0.072549
-0.041176
-0.049020
-0.060784
-0.013725
-0.049020
-0.041176
-0.123529
-0.103922
-0.437255
-0.413725
-0.052941
-0.025490
0.005882
-0.060784
-0.100000
-0.080392
-0.060784
-0.049020
-0.041176
-0.017647
-0.068627
-0.001961
-0.182353
-0.107843
-0.401961
-0.252941
-0.029412
-0.068627
-0.072549
-0.107843
-0.052941
-0.056863
-0.045098
-0.072549
-0.100000
-0.056863
-0.080392
-0.139216
0.009804
-0.025490
-0.405882
-0.280392
0.001961
-0.025490
-0.021569
-0.060784
-0.068627
-0.096078
-0.025490
-0.084314
-0.115686
-0.088235
-0.056863
-0.123529
0.076471
-0.045098
-0.366667
-0.056863
-0.068627
-0.072549
-0.084314
-0.052941
-0.049020
-0.068627
-0.072549
-0.103922
-0.111765
-0.088235
-0.158824
0.052941
-0.088235
-0.076471
-0.401961
-0.076471
-0.049020
-0.029412
-0.096078
-0.084314
-0.076471
-0.068627
-0.060784
-0.131373
-0.127451
-0.088235
-0.143137
0.088235
-0.096078
-0.072549
-0.249020
-0.041176
-0.060784
-0.068627
-0.076471
-0.076471
-0.080392
-0.107843
-0.131373
-0.123529
-0.131373
-0.170588
-0.049020
-0.041176
-0.107843
-0.084314
-0.209804
-0.013725
-0.017647
-0.021569
-0.052941
-0.045098
-0.084314
-0.107843
-0.135294
-0.096078
-0.162745
-0.166667
0.001961
-0.033333
-0.080392
-0.123529
-0.076471
-0.088235
-0.068627
-0.088235
-0.049020
-0.080392
-0.060784
-0.111765
-0.158824
-0.162745
-0.131373
0.103922
-0.041176
-0.068627
-0.103922
-0.052941
-0.052941
-0.100000
-0.060784
-0.041176
-0.052941
-0.084314
-0.080392
-0.123529
-0.150980
-0.154902
-0.131373
0.131373
-0.029412
-0.052941
-0.115686
-0.076471
-0.068627
-0.052941
-0.107843
-0.088235
-0.072549
-0.088235
-0.096078
-0.150980
-0.158824
-0.158824
0.029412
-0.080392
-0.001961
-0.107843
-0.127451
-0.013725
-0.068627
-0.005882
-0.072549
-0.100000
-0.100000
-0.111765
-0.052941
-0.150980
-0.170588
-0.213725
0.068627
-0.052941
0.041176
-0.107843
-0.143137
-0.045098
-0.386275
-0.335294
-0.013725
-0.021569
0.009804
-0.052941
-0.056863
-0.017647
-0.060784
-0.084314
-0.045098
-0.080392
-0.045098
-0.103922
-0.139216
-0.166667
-0.460784
-0.347059
-0.033333
-0.021569
0.021569
-0.096078
-0.045098
-0.041176
-0.041176
-0.076471
-0.041176
-0.072549
-0.072549
-0.076471
-0.143137
-0.190196
-0.417647
-0.088235
-0.041176
-0.025490
-0.068627
-0.052941
-0.072549
-0.049020
-0.052941
-0.049020
-0.017647
-0.049020
-0.033333
-0.107843
-0.107843
0.021569
-0.421569
-0.052941
-0.033333
-0.001961
-0.068627
-0.100000
-0.056863
-0.060784
-0.072549
-0.052941
-0.021569
-0.041176
-0.005882
-0.162745
-0.111765
0.041176
-0.241176
-0.045098
-0.072549
-0.080392
-0.080392
-0.056863
-0.072549
-0.068627
-0.072549
-0.076471
-0.056863
-0.084314
-0.154902
0.025490
-0.025490
-0.111765
-0.249020
-0.025490
0.005882
-0.045098
-0.060784
-0.072549
-0.080392
-0.029412
-0.096078
-0.115686
-0.096078
-0.045098
-0.135294
0.084314
-0.045098
-0.143137
-0.033333
-0.088235
-0.076471
-0.072549
-0.056863
-0.056863
-0.052941
-0.068627
-0.103922
-0.107843
-0.100000
-0.154902
0.037255
-0.088235
-0.072549
-0.088235
-0.052941
-0.068627
-0.005882
-0.088235
-0.088235
-0.084314
-0.060784
-0.056863
-0.123529
-0.111765
-0.100000
-0.154902
0.076471
-0.103922
-0.068627
-0.060784
-0.025490
-0.084314
-0.100000
-0.088235
-0.080392
-0.103922
-0.096078
-0.131373
-0.100000
-0.150980
-0.139216
0.013725
-0.045098
-0.096078
-0.096078
-0.025490
0.005882
-0.021569
-0.045098
-0.076471
-0.080392
-0.100000
-0.107843
-0.135294
-0.111765
-0.170588
-0.150980
0.052941
-0.033333
-0.080392
-0.127451
-0.076471
-0.045098
-0.056863
-0.115686
-0.056863
-0.096078
-0.096078
-0.166667
-0.166667
-0.182353
-0.135294
0.084314
-0.029412
-0.060784
-0.107843
-0.056863
-0.052941
-0.060784
-0.052941
-0.084314
-0.103922
-0.088235
-0.084314
-0.131373
-0.158824
-0.166667
-0.135294
0.119608
-0.045098
-0.052941
-0.115686
-0.080392
-0.045098
-0.068627
-0.111765
-0.123529
-0.080392
-0.076471
-0.076471
-0.135294
-0.143137
-0.139216
0.060784
-0.056863
0.005882
-0.111765
-0.115686
-0.021569
0.037255
-0.060784
-0.103922
-0.150980
-0.111765
-0.107843
-0.060784
-0.174510
-0.158824
-0.194118
0.115686
-0.041176
0.049020
-0.115686
-0.131373
-0.052941
0.076471
-0.190196
-0.139216
-0.166667
-0.131373
-0.166667
-0.174510
-0.174510
-0.182353
-0.213725
0.001961
0.096078
-0.123529
-0.103922
-0.041176
0.033333
0.037255
-0.170588
-0.150980
-0.143137
-0.150980
-0.150980
-0.182353
-0.201961
-0.186275
-0.229412
-0.033333
0.088235
-0.127451
-0.131373
-0.052941
0.049020
0.064706
-0.076471
-0.052941
-0.060784
-0.072549
-0.056863
-0.049020
-0.052941
-0.072549
-0.049020
-0.021569
-0.052941
-0.056863
-0.131373
-0.096078
0.033333
-0.056863
-0.029412
-0.025490
-0.025490
-0.052941
-0.088235
-0.056863
-0.080392
-0.076471
-0.056863
-0.021569
-0.029412
-0.033333
-0.170588
-0.115686
0.056863
-0.084314
-0.025490
-0.076471
-0.080392
-0.068627
-0.060784
-0.080392
-0.080392
-0.068627
-0.080392
-0.072549
-0.076471
-0.158824
0.021569
-0.033333
-0.096078
-0.060784
-0.041176
-0.013725
-0.056863
-0.080392
-0.072549
-0.088235
-0.072549
-0.107843
-0.096078
-0.088235
-0.045098
-0.139216
0.068627
-0.041176
-0.127451
-0.029412
-0.096078
-0.080392
-0.068627
-0.052941
-0.076471
-0.056863
-0.088235
-0.103922
-0.100000
-0.111765
-0.158824
0.052941
-0.100000
-0.060784
-0.084314
-0.056863
-0.068627
-0.013725
-0.060784
-0.072549
-0.076471
-0.076471
-0.088235
-0.127451
-0.107843
-0.100000
-0.139216
0.056863
-0.103922
-0.068627
-0.076471
-0.025490
-0.107843
-0.107843
-0.084314
-0.088235
-0.103922
-0.096078
-0.139216
-0.100000
-0.158824
-0.150980
0.025490
-0.060784
-0.088235
-0.100000
-0.033333
-0.033333
-0.033333
-0.052941
-0.056863
-0.068627
-0.100000
-0.084314
-0.143137
-0.131373
-0.170588
-0.150980
0.049020
-0.060784
-0.080392
-0.127451
-0.068627
-0.068627
-0.060784
-0.096078
-0.052941
-0.060784
-0.100000
-0.158824
-0.135294
-0.158824
-0.143137
0.088235
-0.041176
-0.052941
-0.135294
-0.056863
-0.021569
0.013725
-0.029412
-0.060784
-0.072549
-0.076471
-0.076471
-0.158824
-0.166667
-0.194118
-0.139216
0.096078
-0.056863
-0.045098
-0.135294
-0.084314
-0.025490
0.033333
-0.154902
-0.135294
-0.096078
-0.123529
-0.100000
-0.154902
-0.143137
-0.154902
0.049020
-0.041176
0.005882
-0.111765
-0.123529
-0.025490
0.037255
0.056863
-0.123529
-0.150980
-0.123529
-0.150980
-0.115686
-0.217647
-0.174510
-0.194118
0.088235
-0.049020
0.021569
-0.107843
-0.135294
-0.052941
0.064706
0.056863
-0.123529
-0.154902
-0.111765
-0.221569
-0.201961
-0.213725
-0.182353
-0.241176
-0.021569
0.068627
-0.131373
-0.080392
-0.041176
0.041176
0.029412
0.064706
-0.150980
-0.150980
-0.143137
-0.154902
-0.174510
-0.198039
-0.162745
-0.237255
-0.041176
0.107843
-0.115686
-0.127451
-0.049020
0.056863
0.056863
0.080392
-0.052941
-0.033333
-0.060784
-0.076471
-0.103922
-0.103922
-0.162745
-0.170588
-0.080392
-0.025490
-0.103922
0.009804
0.013725
0.060784
0.041176
0.041176
-0.068627
-0.076471
-0.084314
-0.056863
-0.115686
-0.131373
-0.166667
-0.209804
-0.088235
-0.025490
-0.111765
0.021569
0.033333
0.049020
0.088235
0.064706
-0.084314
-0.096078
-0.080392
-0.056863
-0.088235
-0.068627
-0.076471
-0.056863
-0.096078
-0.052941
-0.115686
0.052941
-0.021569
-0.076471
-0.080392
-0.056863
-0.029412
-0.052941
-0.076471
-0.100000
-0.100000
-0.056863
-0.084314
-0.084314
-0.076471
-0.049020
-0.123529
-0.001961
-0.017647
-0.096078
-0.072549
-0.052941
-0.060784
-0.080392
-0.103922
-0.076471
-0.056863
-0.096078
-0.103922
-0.060784
-0.135294
-0.162745
0.060784
-0.096078
-0.041176
-0.080392
-0.041176
-0.025490
-0.013725
-0.045098
-0.080392
-0.096078
-0.060784
-0.103922
-0.107843
-0.096078
-0.115686
-0.127451
0.076471
-0.115686
-0.068627
-0.080392
-0.041176
-0.013725
-0.088235
-0.107843
-0.100000
-0.041176
-0.041176
-0.135294
-0.111765
-0.166667
-0.100000
0.052941
-0.056863
-0.072549
-0.052941
-0.068627
-0.013725
0.049020
-0.080392
-0.076471
-0.056863
-0.052941
-0.041176
-0.166667
-0.131373
-0.150980
-0.080392
0.064706
-0.060784
-0.080392
-0.100000
-0.072549
0.005882
0.076471
-0.041176
-0.033333
-0.080392
-0.080392
-0.127451
-0.139216
-0.158824
-0.084314
0.025490
-0.021569
-0.060784
-0.143137
-0.076471
-0.045098
0.033333
0.056863
-0.056863
-0.052941
-0.068627
-0.068627
-0.131373
-0.158824
-0.182353
-0.060784
0.041176
-0.033333
-0.080392
-0.182353
-0.084314
-0.072549
0.056863
0.080392
-0.139216
-0.080392
-0.127451
-0.135294
-0.162745
-0.143137
-0.194118
0.060784
0.025490
-0.045098
-0.123529
-0.131373
-0.029412
0.021569
0.080392
0.021569
-0.150980
-0.143137
-0.154902
-0.170588
-0.194118
-0.170588
-0.213725
0.080392
0.021569
-0.005882
-0.131373
-0.158824
-0.017647
0.021569
0.088235
0.049020
-0.201961
-0.170588
-0.241176
-0.213725
-0.186275
-0.170588
-0.296078
-0.013725
0.052941
-0.115686
-0.013725
0.005882
0.005882
0.049020
0.037255
0.041176
-0.217647
-0.182353
-0.249020
-0.213725
-0.186275
-0.225490
-0.319608
0.001961
0.056863
-0.127451
-0.056863
-0.001961
0.041176
0.052941
0.064706
0.064706
0.037255
0.009804
0.029412
-0.017647
-0.005882
-0.021569
-0.072549
0.029412
-0.076471
-0.025490
0.025490
0.041176
0.052941
0.037255
0.060784
0.049020
0.009804
-0.001961
0.021569
-0.005882
0.029412
-0.033333
-0.080392
-0.013725
-0.021569
-0.033333
0.013725
0.056863
0.092157
0.076471
0.068627
0.056863
-0.158824
-0.150980
-0.174510
-0.154902
-0.127451
-0.056863
-0.084314
-0.111765
-0.013725
0.033333
0.025490
0.080392
0.080392
0.049020
0.088235
0.064706
-0.162745
-0.190196
-0.154902
-0.123529
-0.127451
-0.045098
-0.084314
-0.143137
0.033333
0.076471
0.052941
0.068627
0.092157
0.080392
0.068627
0.076471
-0.076471
-0.100000
-0.080392
-0.084314
-0.072549
-0.096078
-0.060784
-0.139216
-0.131373
0.052941
-0.080392
-0.049020
-0.084314
-0.045098
-0.025490
0.041176
-0.049020
-0.096078
-0.115686
-0.100000
-0.084314
-0.127451
-0.076471
-0.123529
-0.135294
0.080392
-0.123529
-0.080392
-0.100000
-0.056863
-0.025490
0.060784
-0.088235
-0.088235
-0.045098
-0.080392
-0.115686
-0.139216
-0.190196
-0.052941
0.009804
-0.060784
-0.103922
-0.052941
-0.072549
-0.017647
0.041176
0.041176
-0.068627
-0.068627
-0.052941
-0.049020
-0.150980
-0.150980
-0.162745
-0.033333
0.033333
-0.072549
-0.111765
-0.084314
-0.088235
-0.013725
0.060784
0.056863
-0.052941
-0.107843
-0.096078
-0.158824
-0.127451
-0.174510
-0.021569
0.001961
-0.017647
-0.060784
-0.154902
-0.072549
-0.056863
0.021569
0.041176
0.049020
-0.100000
-0.127451
-0.084314
-0.143137
-0.139216
-0.186275
-0.013725
0.013725
-0.013725
-0.084314
-0.174510
-0.084314
-0.060784
0.060784
0.080392
0.060784
-0.088235
-0.150980
-0.127451
-0.166667
-0.123529
-0.194118
0.041176
0.049020
-0.041176
-0.135294
-0.135294
-0.033333
0.013725
0.076471
0.013725
0.052941
-0.131373
-0.162745
-0.150980
-0.186275
-0.150980
-0.229412
0.056863
0.041176
-0.029412
-0.127451
-0.170588
-0.033333
0.033333
0.103922
0.056863
0.060784
-0.150980
-0.221569
-0.221569
-0.190196
-0.221569
-0.300000
-0.029412
0.049020
-0.139216
-0.041176
0.021569
0.009804
0.041176
0.033333
0.037255
0.021569
-0.186275
-0.237255
-0.194118
-0.186275
-0.225490
-0.331373
-0.021569
0.064706
-0.166667
-0.056863
-0.013725
0.013725
0.037255
0.052941
0.052941
0.037255
0.001961
0.021569
0.009804
0.013725
-0.005882
-0.017647
0.009804
-0.068627
-0.005882
0.056863
0.056863
0.041176
0.037255
0.060784
0.049020
0.060784
-0.001961
0.009804
0.005882
0.052941
-0.005882
-0.005882
0.025490
-0.049020
-0.013725
0.033333
0.033333
0.064706
0.064706
0.060784
0.049020
0.080392
-0.143137
-0.154902
-0.150980
-0.135294
-0.041176
-0.076471
-0.060784
0.001961
0.029412
0.025490
0.096078
0.080392
0.037255
0.080392
0.056863
0.092157
-0.166667
-0.123529
-0.131373
-0.143137
-0.013725
-0.084314
-0.115686
0.088235
0.060784
0.029412
0.092157
0.096078
0.080392
0.068627
0.076471
0.103922
-0.096078
-0.096078
-0.096078
-0.076471
-0.045098
-0.111765
-0.052941
-0.088235
-0.025490
0.037255
0.060784
0.033333
0.001961
0.056863
0.080392
0.056863
-0.100000
-0.072549
-0.096078
-0.076471
-0.045098
-0.084314
-0.049020
-0.072549
0.049020
0.025490
0.088235
0.052941
-0.013725
0.076471
0.096078
0.084314
-0.080392
-0.068627
-0.060784
-0.150980
-0.150980
-0.194118
-0.060784
0.033333
-0.084314
-0.096078
-0.056863
-0.088235
-0.025490
0.049020
0.029412
0.060784
-0.103922
-0.088235
-0.096078
-0.127451
-0.154902
-0.174510
-0.045098
0.021569
-0.115686
-0.100000
-0.107843
-0.096078
-0.049020
0.056863
0.033333
0.056863
-0.096078
-0.068627
-0.115686
-0.107843
-0.182353
0.021569
-0.049020
0.021569
-0.096078
-0.135294
-0.080392
-0.041176
0.025490
0.041176
0.049020
0.037255
-0.139216
-0.111765
-0.158824
-0.139216
-0.213725
0.021569
-0.052941
0.037255
-0.100000
-0.166667
-0.111765
-0.052941
0.052941
0.052941
0.068627
0.049020
-0.190196
-0.154902
-0.186275
-0.131373
-0.209804
0.025490
0.052941
-0.041176
-0.135294
-0.100000
-0.068627
0.033333
0.080392
0.013725
0.052941
0.025490
-0.201961
-0.186275
-0.194118
-0.186275
-0.237255
0.064706
0.064706
-0.049020
-0.135294
-0.131373
-0.017647
0.060784
0.088235
0.037255
0.056863
0.056863
-0.174510
-0.170588
-0.182353
-0.213725
-0.323529
-0.017647
0.021569
-0.135294
-0.060784
0.029412
0.041176
0.052941
0.056863
0.037255
0.025490
0.029412
-0.170588
-0.154902
-0.182353
-0.201961
-0.327451
-0.049020
0.060784
-0.135294
-0.033333
-0.001961
0.033333
0.064706
0.041176
0.052941
0.025490
0.013725
-0.041176
-0.025490
0.001961
0.001961
0.005882
-0.021569
-0.060784
-0.029412
0.049020
0.088235
0.013725
0.025490
0.068627
0.056863
0.060784
0.029412
-0.060784
-0.052941
-0.017647
0.009804
0.009804
-0.021569
-0.033333
-0.049020
0.049020
0.049020
0.068627
0.052941
0.064706
0.049020
0.080392
0.005882
-0.154902
-0.111765
-0.166667
-0.029412
-0.052941
-0.056863
0.064706
0.037255
0.037255
0.068627
0.088235
0.049020
0.088235
0.076471
0.084314
0.068627
-0.131373
-0.103922
-0.135294
-0.060784
-0.088235
-0.096078
0.096078
0.080392
0.037255
0.096078
0.111765
0.103922
0.064706
0.064706
0.092157
0.052941
-0.068627
-0.052941
-0.068627
-0.052941
-0.150980
-0.029412
-0.123529
-0.025490
0.025490
0.049020
0.009804
0.001961
0.056863
0.096078
0.037255
0.064706
-0.096078
-0.068627
-0.103922
-0.080392
-0.166667
-0.060784
-0.096078
0.033333
0.021569
0.060784
0.060784
0.033333
0.064706
0.088235
0.060784
0.056863
-0.033333
-0.045098
-0.033333
-0.041176
-0.127451
-0.143137
-0.221569
0.217647
-0.033333
-0.139216
-0.100000
0.158824
0.021569
0.068627
0.029412
-0.049020
-0.025490
-0.029412
-0.041176
-0.049020
-0.131373
-0.213725
-0.198039
0.233333
-0.080392
-0.135294
-0.100000
0.150980
0.049020
0.131373
0.049020
-0.033333
-0.080392
-0.127451
-0.111765
-0.182353
0.005882
-0.056863
0.033333
-0.084314
-0.158824
-0.103922
-0.041176
0.025490
0.029412
0.049020
0.037255
0.001961
-0.115686
-0.135294
-0.139216
-0.198039
0.029412
-0.045098
0.037255
-0.103922
-0.158824
-0.096078
-0.045098
0.049020
0.041176
0.080392
0.052941
0.029412
-0.162745
-0.190196
-0.150980
-0.225490
0.033333
0.068627
-0.049020
-0.154902
-0.080392
-0.041176
0.037255
0.068627
0.001961
0.052941
0.021569
0.005882
-0.209804
-0.201961
-0.182353
-0.225490
0.049020
0.076471
-0.045098
-0.154902
-0.139216
-0.017647
0.056863
0.080392
0.037255
0.068627
0.060784
0.005882
-0.123529
-0.111765
-0.170588
-0.276471
-0.041176
0.021569
-0.115686
-0.068627
0.001961
0.033333
0.060784
0.049020
0.029412
0.025490
0.021569
0.005882
-0.115686
-0.135294
-0.182353
-0.300000
-0.052941
0.068627
-0.111765
-0.029412
-0.021569
0.049020
0.092157
0.033333
0.060784
0.037255
0.021569
0.009804
-0.103922
-0.049020
-0.005882
0.021569
-0.025490
-0.045098
-0.017647
0.037255
0.080392
0.037255
0.049020
0.056863
0.056863
0.064706
0.021569
0.001961
-0.123529
-0.052941
-0.029412
-0.013725
-0.045098
-0.017647
-0.041176
0.021569
0.033333
0.084314
0.056863
0.049020
0.052941
0.092157
0.001961
0.005882
-0.123529
-0.143137
-0.029412
-0.107843
-0.076471
0.052941
0.029412
0.025490
0.052941
0.096078
0.060784
0.068627
0.084314
0.060784
0.052941
-0.033333
-0.107843
-0.100000
-0.017647
-0.100000
-0.072549
0.068627
0.064706
0.033333
0.119608
0.111765
0.119608
0.064706
0.068627
0.088235
0.056863
-0.033333
-0.005882
-0.076471
-0.100000
-0.158824
-0.049020
-0.150980
0.001961
0.005882
0.049020
-0.021569
0.021569
0.056863
0.080392
0.033333
0.064706
-0.096078
-0.045098
-0.123529
-0.143137
-0.186275
-0.060784
-0.143137
0.025490
0.013725
0.076471
0.013725
0.029412
0.076471
0.080392
0.064706
0.064706
-0.135294
-0.033333
-0.017647
-0.049020
-0.052941
-0.166667
-0.217647
0.233333
-0.045098
-0.162745
-0.084314
0.182353
0.009804
0.068627
0.025490
-0.045098
-0.111765
-0.021569
-0.021569
-0.072549
-0.052941
-0.229412
-0.209804
0.225490
-0.052941
-0.162745
-0.103922
0.147059
0.064706
0.123529
0.029412
-0.049020
-0.143137
-0.084314
-0.088235
-0.123529
-0.107843
-0.198039
-0.166667
-0.041176
-0.056863
-0.249020
0.158824
0.005882
-0.049020
0.088235
0.037255
-0.045098
-0.131373
-0.060784
-0.111765
-0.139216
-0.115686
-0.198039
-0.221569
-0.049020
0.001961
-0.252941
0.150980
-0.068627
-0.041176
0.088235
0.056863
-0.084314
-0.174510
