-0.362745
-0.362745
-0.362745
-0.362745
-0.362745
-0.362745
-0.362745
-0.362745
-0.409804
-0.386275
-0.366667
-0.358824
-0.362745
-0.354902
-0.327451
-0.300000
-0.476471
-0.484314
-0.492157
-0.496078
-0.488235
-0.472549
-0.456863
-0.445098
-0.421569
-0.409804
-0.386275
-0.382353
-0.386275
-0.394118
-0.401961
-0.401961
-0.292157
-0.319608
-0.358824
-0.401961
-0.417647
-0.417647
-0.405882
-0.390196
-0.358824
-0.386275
-0.417647
-0.433333
-0.421569
-0.394118
-0.374510
-0.358824
-0.327451
-0.362745
-0.421569
-0.476471
-0.500000
-0.500000
-0.492157
-0.472549
-0.468627
-0.492157
-0.500000
-0.488235
-0.441176
-0.394118
-0.374510
-0.366667
0.339216
0.315686
0.272549
0.182353
0.060784
-0.076471
-0.198039
-0.272549
-0.350980
-0.366667
-0.386275
-0.386275
-0.378431
-0.378431
-0.394118
-0.413725
0.398039
0.362745
0.292157
0.190196
0.060784
-0.072549
-0.182353
-0.241176
-0.394118
-0.401961
-0.413725
-0.433333
-0.460784
-0.476471
-0.488235
-0.492157
0.303922
0.307843
0.311765
0.315686
0.319608
0.315686
0.315686
0.311765
0.347059
0.311765
0.225490
0.088235
-0.076471
-0.217647
-0.303922
-0.335294
0.319608
0.327451
0.335294
0.339216
0.343137
0.343137
0.339216
0.339216
0.335294
0.288235
0.194118
0.049020
-0.111765
-0.252941
-0.350980
-0.401961
0.276471
0.288235
0.315686
0.339216
0.347059
0.347059
0.343137
0.335294
0.315686
0.307843
0.300000
0.300000
0.307843
0.311765
0.300000
0.288235
0.292157
0.307843
0.331373
0.347059
0.354902
0.347059
0.335294
0.327451
0.339216
0.327451
0.311765
0.327451
0.354902
0.366667
0.354902
0.339216
0.366667
0.362745
0.358824
0.354902
0.343137
0.335294
0.327451
0.319608
0.292157
0.288235
0.284314
0.288235
0.288235
0.292157
0.288235
0.284314
0.425490
0.409804
0.374510
0.343137
0.319608
0.315686
0.315686
0.319608
0.280392
0.292157
0.311765
0.307843
0.288235
0.284314
0.300000
0.315686
0.343137
0.347059
0.347059
0.354902
0.354902
0.358824
0.358824
0.362745
0.339216
0.335294
0.331373
0.327451
0.319608
0.315686
0.311765
0.307843
0.484314
0.480392
0.476471
0.468627
0.456863
0.449020
0.445098
0.441176
0.409804
0.401961
0.390196
0.374510
0.358824
0.343137
0.331373
0.327451
0.362745
0.362745
0.358824
0.354902
0.343137
0.339216
0.335294
0.335294
0.343137
0.339216
0.331373
0.319608
0.307843
0.292157
0.284314
0.280392
0.401961
0.401961
0.409804
0.409804
0.413725
0.413725
0.413725
0.417647
0.445098
0.445098
0.441176
0.441176
0.437255
0.437255
0.429412
0.429412
-0.201961
-0.272549
-0.354902
-0.409804
-0.413725
-0.390196
-0.374510
-0.358824
-0.362745
-0.390196
-0.413725
-0.421569
-0.413725
-0.394118
-0.378431
-0.374510
-0.264706
-0.327451
-0.413725
-0.468627
-0.488235
-0.484314
-0.484314
-0.488235
-0.492157
-0.500000
-0.500000
-0.488235
-0.460784
-0.433333
-0.413725
-0.394118
0.374510
0.347059
0.303922
0.229412
0.123529
-0.013725
-0.154902
-0.245098
-0.354902
-0.374510
-0.382353
-0.378431
-0.374510
-0.366667
-0.378431
-0.374510
0.358824
0.343137
0.311765
0.233333
0.107843
-0.049020
-0.198039
-0.292157
-0.437255
-0.456863
-0.476471
-0.496078
-0.500000
-0.500000
-0.500000
-0.500000
0.307843
0.307843
0.303922
0.288235
0.284314
0.288235
0.315686
0.335294
0.347059
0.292157
0.190196
0.033333
-0.131373
-0.249020
-0.303922
-0.350980
0.370588
0.366667
0.354902
0.335294
0.327451
0.327451
0.335294
0.347059
0.358824
0.276471
0.143137
-0.017647
-0.166667
-0.292157
-0.378431
-0.441176
0.292157
0.292157
0.303922
0.315686
0.331373
0.339216
0.343137
0.339216
0.311765
0.292157
0.288235
0.300000
0.315686
0.315686
0.307843
0.276471
0.335294
0.335294
0.343137
0.366667
0.386275
0.390196
0.382353
0.370588
0.354902
0.343137
0.343137
0.354902
0.358824
0.343137
0.331373
0.303922
0.386275
0.366667
0.347059
0.343137
0.343137
0.339216
0.319608
0.307843
0.303922
0.307843
0.311765
0.311765
0.303922
0.300000
0.300000
0.288235
0.429412
0.413725
0.386275
0.362745
0.354902
0.358824
0.358824
0.362745
0.339216
0.347059
0.343137
0.335294
0.331373
0.335294
0.343137
0.307843
0.343137
0.354902
0.358824
0.358824
0.343137
0.335294
0.331373
0.331373
0.354902
0.339216
0.327451
0.319608
0.315686
0.311765
0.300000
0.307843
0.441176
0.452941
0.472549
0.472549
0.464706
0.452941
0.456863
0.464706
0.417647
0.413725
0.401961
0.386275
0.358824
0.339216
0.335294
0.335294
0.347059
0.354902
0.362745
0.370588
0.366667
0.362745
0.358824
0.354902
0.331373
0.331373
0.311765
0.300000
0.292157
0.303922
0.311765
0.315686
0.417647
0.421569
0.429412
0.437255
0.441176
0.445098
0.441176
0.445098
0.441176
0.468627
0.468627
0.456863
0.456863
0.452941
0.452941
0.449020
-0.347059
-0.331373
-0.296078
-0.245098
-0.190196
-0.135294
-0.100000
-0.072549
-0.005882
0.123529
0.150980
0.194118
0.233333
0.260784
0.284314
0.303922
-0.358824
-0.335294
-0.296078
-0.241176
-0.170588
-0.103922
-0.049020
-0.017647
0.037255
0.158824
0.194118
0.245098
0.303922
0.347059
0.382353
0.413725
0.343137
0.331373
0.331373
0.319608
0.252941
0.103922
-0.072549
-0.182353
-0.319608
-0.378431
-0.401961
-0.374510
-0.354902
-0.382353
-0.401961
-0.394118
0.382353
0.386275
0.398039
0.390196
0.303922
0.143137
-0.049020
-0.170588
-0.358824
-0.413725
-0.449020
-0.449020
-0.460784
-0.492157
-0.500000
-0.496078
0.311765
0.335294
0.339216
0.311765
0.288235
0.292157
0.331373
0.362745
0.370588
0.315686
0.201961
0.033333
-0.139216
-0.252941
-0.323529
-0.378431
0.401961
0.429412
0.425490
0.390196
0.362745
0.362745
0.370588
0.374510
0.386275
0.354902
0.249020
0.052941
-0.150980
-0.284314
-0.386275
-0.468627
0.303922
0.315686
0.315686
0.300000
0.300000
0.315686
0.327451
0.315686
0.319608
0.288235
0.280392
0.311765
0.331373
0.319608
0.292157
0.252941
0.315686
0.315686
0.315686
0.311765
0.319608
0.354902
0.390196
0.413725
0.417647
0.382353
0.382353
0.413725
0.417647
0.386275
0.358824
0.292157
0.390196
0.347059
0.307843
0.311765
0.335294
0.347059
0.339216
0.331373
0.303922
0.307843
0.303922
0.300000
0.303922
0.307843
0.300000
0.284314
0.382353
0.354902
0.339216
0.347059
0.354902
0.354902
0.347059
0.358824
0.335294
0.327451
0.327451
0.354902
0.366667
0.370588
0.362745
0.362745
0.347059
0.339216
0.343137
0.366667
0.358824
0.339216
0.331373
0.335294
0.347059
0.354902
0.343137
0.319608
0.311765
0.319608
0.315686
0.300000
0.437255
0.429412
0.437255
0.445098
0.445098
0.425490
0.413725
0.409804
0.366667
0.362745
0.358824
0.339216
0.319608
0.311765
0.315686
0.311765
0.256863
0.292157
0.339216
0.358824
0.347059
0.343137
0.339216
0.335294
0.311765
0.331373
0.327451
0.300000
0.288235
0.315686
0.335294
0.319608
0.284314
0.331373
0.370588
0.390196
0.401961
0.417647
0.409804
0.398039
0.398039
0.429412
0.437255
0.413725
0.398039
0.398039
0.401961
0.394118
-0.429412
-0.409804
-0.378431
-0.331373
-0.272549
-0.213725
-0.162745
-0.107843
-0.056863
0.052941
0.139216
0.190196
0.237255
0.280392
0.311765
0.331373
-0.488235
-0.464706
-0.433333
-0.378431
-0.307843
-0.229412
-0.166667
-0.111765
-0.056863
0.041176
0.139216
0.201961
0.264706
0.311765
0.343137
0.370588
-0.354902
-0.362745
-0.366667
-0.366667
-0.354902
-0.335294
-0.327451
-0.339216
-0.350980
-0.390196
-0.409804
-0.405882
-0.401961
-0.394118
-0.394118
-0.394118
-0.488235
-0.476471
-0.464706
-0.449020
-0.449020
-0.456863
-0.468627
-0.468627
-0.437255
-0.441176
-0.456863
-0.464706
-0.460784
-0.449020
-0.445098
-0.437255
0.303922
0.311765
0.303922
0.284314
0.284314
0.300000
0.327451
0.339216
0.343137
0.249020
0.088235
-0.100000
-0.245098
-0.335294
-0.386275
-0.390196
0.394118
0.417647
0.413725
0.390196
0.390196
0.401961
0.413725
0.413725
0.394118
0.315686
0.139216
-0.068627
-0.229412
-0.354902
-0.441176
-0.441176
0.307843
0.315686
0.315686
0.300000
0.300000
0.315686
0.319608
0.307843
0.272549
0.256863
0.292157
0.319608
0.327451
0.303922
0.256863
0.147059
0.307843
0.311765
0.315686
0.315686
0.331373
0.366667
0.409804
0.437255
0.398039
0.386275
0.409804
0.417647
0.398039
0.390196
0.335294
0.205882
0.339216
0.311765
0.284314
0.307843
0.339216
0.354902
0.339216
0.327451
0.311765
0.303922
0.292157
0.300000
0.307843
0.307843
0.303922
0.327451
0.339216
0.311765
0.303922
0.311765
0.319608
0.331373
0.331373
0.343137
0.327451
0.327451
0.347059
0.362745
0.370588
0.370588
0.382353
0.394118
0.327451
0.327451
0.339216
0.370588
0.362745
0.339216
0.315686
0.311765
0.354902
0.339216
0.315686
0.307843
0.319608
0.327451
0.315686
0.347059
0.421569
0.421569
0.429412
0.441176
0.437255
0.413725
0.386275
0.374510
0.358824
0.354902
0.335294
0.319608
0.315686
0.327451
0.327451
0.335294
0.245098
0.284314
0.339216
0.362745
0.347059
0.335294
0.315686
0.303922
0.319608
0.319608
0.300000
0.292157
0.327451
0.347059
0.335294
0.327451
0.252941
0.307843
0.362745
0.390196
0.401961
0.409804
0.386275
0.366667
0.417647
0.425490
0.413725
0.409804
0.413725
0.417647
0.409804
0.398039
-0.409804
-0.405882
-0.390196
-0.354902
-0.292157
-0.213725
-0.135294
-0.060784
0.037255
0.131373
0.190196
0.249020
0.292157
0.327451
0.343137
0.319608
-0.488235
-0.476471
-0.468627
-0.429412
-0.350980
-0.245098
-0.143137
-0.068627
0.025490
0.131373
0.201961
0.280392
0.331373
0.358824
0.382353
0.413725
-0.374510
-0.378431
-0.366667
-0.358824
-0.335294
-0.323529
-0.331373
-0.347059
-0.394118
-0.390196
-0.390196
-0.394118
-0.405882
-0.323529
-0.280392
-0.264706
-0.488235
-0.476471
-0.464706
-0.456863
-0.456863
-0.460784
-0.464706
-0.445098
-0.492157
-0.496078
-0.492157
-0.468627
-0.437255
-0.386275
-0.327451
-0.280392
-0.401961
-0.382353
-0.374510
-0.362745
-0.366667
-0.382353
-0.390196
-0.382353
-0.366667
-0.366667
-0.362745
-0.354902
-0.354902
-0.362745
-0.347059
-0.358824
-0.362745
-0.366667
-0.366667
-0.378431
-0.394118
-0.409804
-0.417647
-0.437255
-0.437255
-0.441176
-0.456863
-0.449020
-0.449020
-0.445098
-0.456863
-0.468627
0.327451
0.307843
0.311765
0.300000
0.288235
0.300000
0.311765
0.307843
0.288235
0.288235
0.307843
0.315686
0.311765
0.288235
0.237255
0.088235
0.327451
0.311765
0.311765
0.303922
0.303922
0.315686
0.354902
0.382353
0.401961
0.394118
0.394118
0.386275
0.374510
0.358824
0.284314
0.092157
0.374510
0.362745
0.331373
0.319608
0.335294
0.347059
0.339216
0.319608
0.327451
0.327451
0.319608
0.307843
0.284314
0.272549
0.280392
0.303922
0.386275
0.358824
0.335294
0.335294
0.335294
0.335294
0.331373
0.335294
0.300000
0.315686
0.343137
0.358824
0.362745
0.362745
0.366667
0.390196
0.327451
0.303922
0.311765
0.335294
0.347059
0.339216
0.319608
0.311765
0.307843
0.315686
0.319608
0.327451
0.327451
0.315686
0.339216
0.354902
0.421569
0.413725
0.413725
0.417647
0.429412
0.429412
0.417647
0.409804
0.327451
0.319608
0.311765
0.303922
0.303922
0.307843
0.319608
0.327451
0.158824
0.209804
0.272549
0.331373
0.354902
0.347059
0.339216
0.331373
0.343137
0.327451
0.303922
0.307843
0.339216
0.347059
0.339216
0.339216
0.166667
0.233333
0.311765
0.374510
0.413725
0.421569
0.409804
0.382353
0.441176
0.437255
0.417647
0.409804
0.398039
0.390196
0.382353
0.370588
-0.390196
-0.405882
-0.401961
-0.382353
-0.335294
-0.272549
-0.198039
-0.131373
0.037255
0.135294
0.217647
0.276471
0.311765
0.335294
0.347059
0.319608
-0.464706
-0.464706
-0.460784
-0.441176
-0.394118
-0.311765
-0.221569
-0.135294
0.033333
0.147059
0.256863
0.335294
0.366667
0.394118
0.437255
0.449020
-0.394118
-0.394118
-0.390196
-0.382353
-0.362745
-0.350980
-0.354902
-0.366667
-0.390196
-0.382353
-0.378431
-0.394118
-0.378431
-0.323529
-0.296078
-0.213725
-0.496078
-0.488235
-0.484314
-0.484314
-0.472549
-0.464706
-0.456863
-0.441176
-0.476471
-0.484314
-0.472549
-0.449020
-0.405882
-0.339216
-0.280392
-0.201961
-0.394118
-0.382353
-0.366667
-0.362745
-0.378431
-0.390196
-0.390196
-0.382353
-0.386275
-0.382353
-0.374510
-0.374510
-0.362745
-0.350980
-0.339216
-0.335294
-0.366667
-0.362745
-0.362745
-0.378431
-0.386275
-0.401961
-0.421569
-0.421569
-0.456863
-0.460784
-0.460784
-0.449020
-0.449020
-0.460784
-0.445098
-0.449020
-0.413725
-0.413725
-0.409804
-0.409804
-0.405882
-0.405882
-0.409804
-0.382353
-0.386275
-0.394118
-0.390196
-0.390196
-0.394118
-0.394118
-0.386275
-0.378431
-0.386275
-0.386275
-0.386275
-0.386275
-0.386275
-0.390196
-0.394118
-0.366667
-0.390196
-0.378431
-0.362745
-0.362745
-0.362745
-0.358824
-0.358824
-0.366667
0.347059
0.362745
0.339216
0.327451
0.327451
0.339216
0.343137
0.327451
0.319608
0.327451
0.327451
0.307843
0.280392
0.272549
0.284314
0.311765
0.421569
0.390196
0.347059
0.331373
0.331373
0.331373
0.319608
0.315686
0.288235
0.331373
0.347059
0.347059
0.343137
0.354902
0.390196
0.401961
0.327451
0.327451
0.303922
0.311765
0.339216
0.354902
0.339216
0.327451
0.339216
0.331373
0.319608
0.311765
0.300000
0.327451
0.370588
0.319608
0.398039
0.441176
0.429412
0.437255
0.449020
0.445098
0.413725
0.382353
0.362745
0.327451
0.300000
0.303922
0.292157
0.288235
0.307843
0.331373
0.049020
0.166667
0.249020
0.315686
0.347059
0.339216
0.319608
0.307843
0.335294
0.292157
0.280392
0.311765
0.339216
0.347059
0.358824
0.339216
0.037255
0.166667
0.264706
0.347059
0.394118
0.409804
0.401961
0.386275
0.425490
0.413725
0.413725
0.413725
0.401961
0.390196
0.370588
0.327451
-0.362745
-0.386275
-0.394118
-0.386275
-0.347059
-0.252941
-0.143137
-0.045098
0.123529
0.229412
0.307843
0.339216
0.339216
0.343137
0.327451
0.319608
-0.433333
-0.464706
-0.476471
-0.464706
-0.405882
-0.296078
-0.154902
-0.029412
0.135294
0.256863
0.354902
0.390196
0.409804
0.441176
0.449020
0.417647
-0.401961
-0.386275
-0.382353
-0.374510
-0.362745
-0.358824
-0.366667
-0.386275
-0.390196
-0.401961
-0.413725
-0.354902
-0.241176
-0.170588
-0.076471
0.107843
-0.492157
-0.492157
-0.476471
-0.464706
-0.456863
-0.460784
-0.472549
-0.484314
-0.488235
-0.484314
-0.460784
-0.390196
-0.284314
-0.174510
-0.052941
0.076471
-0.401961
-0.386275
-0.382353
-0.374510
-0.366667
-0.378431
-0.386275
-0.386275
-0.382353
-0.358824
-0.350980
-0.354902
-0.366667
-0.382353
-0.378431
-0.378431
-0.354902
-0.362745
-0.362745
-0.366667
-0.366667
-0.386275
-0.417647
-0.441176
-0.429412
-0.433333
-0.429412
-0.433333
-0.449020
-0.456863
-0.484314
-0.484314
-0.390196
-0.386275
-0.390196
-0.394118
-0.394118
-0.401961
-0.394118
-0.405882
-0.405882
-0.405882
-0.382353
-0.374510
-0.378431
-0.390196
-0.394118
-0.409804
-0.421569
-0.413725
-0.394118
-0.386275
-0.382353
-0.378431
-0.378431
-0.378431
-0.354902
-0.358824
-0.350980
-0.358824
-0.374510
-0.378431
-0.386275
-0.394118
-0.362745
-0.366667
-0.374510
-0.382353
-0.390196
-0.405882
-0.413725
-0.413725
-0.390196
-0.386275
-0.374510
-0.378431
-0.382353
-0.382353
-0.382353
-0.390196
-0.460784
-0.472549
-0.492157
-0.500000
-0.500000
-0.500000
-0.500000
-0.492157
-0.492157
-0.476471
-0.468627
-0.468627
-0.460784
-0.441176
-0.429412
-0.429412
0.343137
0.339216
0.311765
0.315686
0.339216
0.347059
0.331373
0.315686
0.311765
0.335294
0.354902
0.343137
0.347059
0.374510
0.319608
0.311765
0.374510
0.417647
0.413725
0.421569
0.445098
0.445098
0.413725
0.386275
0.343137
0.319608
0.331373
0.315686
0.307843
0.315686
0.327451
0.347059
0.005882
0.131373
0.221569
0.300000
0.343137
0.343137
0.335294
0.327451
0.300000
0.300000
0.331373
0.347059
0.339216
0.347059
0.347059
0.319608
0.009804
0.143137
0.249020
0.339216
0.398039
0.421569
0.421569
0.409804
0.452941
0.445098
0.437255
0.413725
0.394118
0.386275
0.362745
0.319608
-0.374510
-0.386275
-0.390196
-0.386275
-0.350980
-0.252941
-0.123529
-0.001961
0.174510
0.264706
0.311765
0.327451
0.347059
0.335294
0.327451
0.319608
-0.433333
-0.460784
-0.468627
-0.464706
-0.409804
-0.300000
-0.139216
-0.001961
0.209804
0.307843
0.366667
0.398039
0.429412
0.445098
0.413725
0.394118
-0.390196
-0.378431
-0.374510
-0.366667
-0.366667
-0.362745
-0.362745
-0.378431
-0.409804
-0.421569
-0.390196
-0.296078
-0.209804
-0.103922
0.092157
0.198039
-0.492157
-0.492157
-0.476471
-0.464706
-0.456863
-0.460784
-0.468627
-0.476471
-0.472549
-0.484314
-0.417647
-0.319608
-0.221569
-0.076471
0.088235
0.221569
-0.413725
-0.401961
-0.390196
-0.378431
-0.362745
-0.366667
-0.378431
-0.378431
-0.409804
-0.362745
-0.358824
-0.354902
-0.347059
-0.358824
-0.386275
-0.409804
-0.378431
-0.386275
-0.382353
-0.374510
-0.358824
-0.374510
-0.409804
-0.437255
-0.464706
-0.456863
-0.421569
-0.417647
-0.429412
-0.460784
-0.464706
-0.468627
-0.405882
-0.405882
-0.409804
-0.401961
-0.386275
-0.390196
-0.394118
-0.417647
-0.401961
-0.374510
-0.378431
-0.390196
-0.394118
-0.390196
-0.405882
-0.366667
-0.429412
-0.429412
-0.409804
-0.390196
-0.374510
-0.374510
-0.386275
-0.405882
-0.347059
-0.347059
-0.362745
-0.382353
-0.390196
-0.394118
-0.394118
-0.390196
-0.378431
-0.374510
-0.362745
-0.366667
-0.386275
-0.401961
-0.409804
-0.413725
-0.417647
-0.409804
-0.405882
-0.405882
-0.401961
-0.405882
-0.405882
-0.401961
-0.484314
-0.484314
-0.488235
-0.496078
-0.500000
-0.500000
-0.500000
-0.500000
-0.500000
-0.500000
-0.492157
-0.476471
-0.464706
-0.445098
-0.417647
-0.394118
-0.276471
-0.300000
-0.331373
-0.350980
-0.362745
-0.382353
-0.390196
-0.390196
-0.413725
-0.405882
-0.386275
-0.374510
-0.366667
-0.362745
-0.366667
-0.378431
-0.276471
-0.300000
-0.335294
-0.366667
-0.390196
-0.413725
-0.433333
-0.441176
-0.441176
-0.464706
-0.476471
-0.468627
-0.468627
-0.472549
-0.488235
-0.500000
-0.292157
-0.139216
0.009804
0.143137
0.245098
0.315686
0.343137
0.343137
0.319608
0.307843
0.327451
0.327451
0.307843
0.319608
0.331373
0.311765
-0.319608
-0.139216
0.052941
0.182353
0.288235
0.358824
0.394118
0.409804
0.468627
0.452941
0.429412
0.394118
0.370588
0.366667
0.362745
0.335294
-0.358824
-0.374510
-0.390196
-0.405882
-0.405882
-0.366667
-0.280392
-0.143137
0.107843
0.221569
0.292157
0.327451
0.347059
0.331373
0.319608
0.315686
-0.433333
-0.421569
-0.429412
-0.449020
-0.456863
-0.405882
-0.296078
-0.135294
0.123529
0.249020
0.343137
0.398039
0.437255
0.452941
0.425490
0.417647
-0.401961
-0.401961
-0.394118
-0.394118
-0.390196
-0.378431
-0.366667
-0.354902
-0.386275
-0.417647
-0.409804
-0.331373
-0.252941
-0.139216
0.076471
0.190196
-0.429412
-0.464706
-0.488235
-0.488235
-0.472549
-0.456863
-0.449020
-0.449020
-0.449020
-0.476471
-0.445098
-0.362745
-0.272549
-0.107843
0.084314
0.233333
-0.437255
-0.421569
-0.409804
-0.390196
-0.382353
-0.374510
-0.374510
-0.382353
-0.441176
-0.386275
-0.366667
-0.354902
-0.347059
-0.362745
-0.394118
-0.429412
-0.421569
-0.401961
-0.382353
-0.378431
-0.366667
-0.366667
-0.382353
-0.413725
-0.492157
-0.476471
-0.437255
-0.421569
-0.429412
-0.456863
-0.460784
-0.464706
-0.390196
-0.390196
-0.390196
-0.386275
-0.382353
-0.382353
-0.390196
-0.405882
-0.433333
-0.394118
-0.382353
-0.386275
-0.382353
-0.382353
-0.401961
-0.366667
-0.460784
-0.433333
-0.421569
-0.409804
-0.390196
-0.378431
-0.374510
-0.386275
-0.382353
-0.362745
-0.354902
-0.350980
-0.358824
-0.378431
-0.401961
-0.413725
-0.374510
-0.382353
-0.386275
-0.382353
-0.382353
-0.386275
-0.401961
-0.405882
-0.401961
-0.394118
-0.401961
-0.405882
-0.405882
-0.405882
-0.401961
-0.394118
-0.421569
-0.456863
-0.484314
-0.496078
-0.500000
-0.500000
-0.500000
-0.500000
-0.492157
-0.484314
-0.472549
-0.460784
-0.456863
-0.445098
-0.429412
-0.409804
-0.056863
-0.103922
-0.182353
-0.225490
-0.292157
-0.331373
-0.354902
-0.374510
-0.413725
-0.409804
-0.405882
-0.394118
-0.390196
-0.378431
-0.366667
-0.366667
-0.096078
-0.135294
-0.198039
-0.249020
-0.311765
-0.366667
-0.405882
-0.433333
-0.464706
-0.476471
-0.472549
-0.468627
-0.468627
-0.476471
-0.496078
-0.492157
0.319608
0.315686
0.347059
0.339216
0.347059
0.347059
0.331373
0.307843
0.300000
0.260784
0.209804
0.143137
0.064706
0.005882
-0.041176
-0.107843
0.362745
0.370588
0.398039
0.382353
0.398039
0.398039
0.374510
0.347059
0.307843
0.260784
0.201961
0.131373
0.064706
0.009804
-0.025490
-0.107843
-0.339216
-0.358824
-0.401961
-0.429412
-0.421569
-0.366667
-0.264706
-0.127451
0.107843
0.237255
0.319608
0.354902
0.327451
0.319608
0.327451
0.307843
-0.429412
-0.421569
-0.449020
-0.484314
-0.488235
-0.433333
-0.311765
-0.143137
0.147059
0.260784
0.339216
0.398039
0.441176
0.437255
0.437255
0.398039
-0.390196
-0.390196
-0.382353
-0.378431
-0.374510
-0.362745
-0.358824
-0.350980
-0.382353
-0.413725
-0.378431
-0.311765
-0.186275
0.037255
0.166667
0.315686
-0.409804
-0.433333
-0.460784
-0.468627
-0.464706
-0.460784
-0.456863
-0.460784
-0.445098
-0.460784
-0.417647
-0.335294
-0.166667
0.033333
0.205882
0.315686
-0.394118
-0.409804
-0.401961
-0.390196
-0.382353
-0.378431
-0.378431
-0.382353
-0.374510
-0.378431
-0.362745
-0.331373
-0.339216
-0.386275
-0.433333
-0.409804
-0.390196
-0.390196
-0.378431
-0.374510
-0.374510
-0.378431
-0.386275
-0.409804
-0.476471
-0.456863
-0.445098
-0.437255
-0.460784
-0.472549
-0.476471
-0.476471
-0.374510
-0.378431
-0.382353
-0.386275
-0.386275
-0.394118
-0.405882
-0.417647
-0.374510
-0.366667
-0.378431
-0.374510
-0.378431
-0.401961
-0.358824
-0.347059
-0.476471
-0.445098
-0.429412
-0.417647
-0.409804
-0.390196
-0.386275
-0.390196
-0.366667
-0.354902
-0.350980
-0.362745
-0.390196
-0.417647
-0.417647
-0.429412
-0.394118
-0.386275
-0.390196
-0.390196
-0.386275
-0.386275
-0.394118
-0.405882
-0.413725
-0.405882
-0.394118
-0.401961
-0.409804
-0.409804
-0.405882
-0.362745
-0.445098
-0.441176
-0.472549
-0.492157
-0.500000
-0.500000
-0.500000
-0.500000
-0.488235
-0.460784
-0.437255
-0.437255
-0.433333
-0.413725
-0.401961
-0.358824
0.001961
-0.068627
-0.131373
-0.198039
-0.256863
-0.311765
-0.350980
-0.374510
-0.421569
-0.409804
-0.405882
-0.409804
-0.390196
-0.366667
-0.374510
-0.401961
0.005882
-0.080392
-0.143137
-0.209804
-0.280392
-0.350980
-0.405882
-0.441176
-0.464706
-0.460784
-0.468627
-0.484314
-0.484314
-0.476471
-0.472549
-0.464706
0.315686
0.331373
0.343137
0.343137
0.347059
0.339216
0.319608
0.303922
0.256863
0.221569
0.166667
0.084314
-0.001961
-0.080392
-0.174510
-0.225490
0.382353
0.398039
0.401961
0.398039
0.401961
0.390196
0.362745
0.327451
0.280392
0.221569
0.147059
0.064706
-0.017647
-0.076471
-0.170588
-0.272549
0.335294
0.315686
0.311765
0.327451
0.335294
0.331373
0.315686
0.315686
0.292157
0.292157
0.300000
0.303922
0.300000
0.303922
0.331373
0.315686
0.409804
0.413725
0.425490
0.445098
0.445098
0.445098
0.429412
0.429412
0.413725
0.409804
0.413725
0.417647
0.413725
0.398039
0.417647
0.425490
-0.401961
-0.413725
-0.405882
-0.374510
-0.358824
-0.374510
-0.374510
-0.358824
-0.386275
-0.386275
-0.358824
-0.296078
-0.127451
0.068627
0.217647
0.303922
-0.390196
-0.405882
-0.445098
-0.472549
-0.484314
-0.472549
-0.464706
-0.456863
-0.437255
-0.437255
-0.405882
-0.303922
-0.123529
0.080392
0.229412
0.339216
-0.417647
-0.421569
-0.433333
-0.417647
-0.394118
-0.378431
-0.382353
-0.401961
-0.378431
-0.382353
-0.358824
-0.331373
-0.350980
-0.394118
-0.417647
-0.378431
-0.409804
-0.394118
-0.390196
-0.378431
-0.362745
-0.358824
-0.386275
-0.429412
-0.456863
-0.456863
-0.445098
-0.429412
-0.437255
-0.464706
-0.488235
-0.449020
-0.437255
-0.417647
-0.417647
-0.413725
-0.409804
-0.394118
-0.390196
-0.394118
-0.362745
-0.378431
-0.378431
-0.366667
-0.386275
-0.405882
-0.390196
-0.378431
-0.500000
-0.492157
-0.449020
-0.417647
-0.405882
-0.394118
-0.378431
-0.378431
-0.382353
-0.374510
-0.374510
-0.378431
-0.405882
-0.429412
-0.437255
-0.449020
-0.394118
-0.394118
-0.390196
-0.405882
-0.405882
-0.390196
-0.386275
-0.390196
-0.417647
-0.394118
-0.390196
-0.390196
-0.390196
-0.386275
-0.362745
-0.354902
-0.433333
-0.445098
-0.441176
-0.472549
-0.492157
-0.500000
-0.500000
-0.500000
-0.472549
-0.437255
-0.417647
-0.433333
-0.417647
-0.394118
-0.366667
-0.350980
0.166667
0.068627
-0.013725
-0.100000
-0.190196
-0.276471
-0.354902
-0.401961
-0.409804
-0.386275
-0.390196
-0.401961
-0.382353
-0.362745
-0.378431
-0.413725
0.178431
0.064706
-0.045098
-0.139216
-0.225490
-0.323529
-0.401961
-0.460784
-0.441176
-0.441176
-0.460784
-0.476471
-0.484314
-0.468627
-0.460784
-0.464706
0.260784
0.288235
0.311765
0.331373
0.331373
0.331373
0.315686
0.292157
0.260784
0.201961
0.119608
0.025490
-0.068627
-0.162745
-0.237255
-0.303922
0.374510
0.374510
0.390196
0.390196
0.386275
0.390196
0.374510
0.347059
0.307843
0.217647
0.115686
0.025490
-0.072549
-0.170588
-0.276471
-0.358824
0.354902
0.331373
0.315686
0.319608
0.315686
0.307843
0.303922
0.315686
0.292157
0.300000
0.300000
0.300000
0.315686
0.319608
0.319608
0.331373
0.413725
0.398039
0.398039
0.401961
0.417647
0.417647
0.421569
0.429412
0.425490
0.425490
0.421569
0.409804
0.401961
0.413725
0.417647
0.417647
0.339216
0.327451
0.327451
0.327451
0.319608
0.307843
0.292157
0.288235
0.327451
0.331373
0.327451
0.311765
0.315686
0.331373
0.327451
0.311765
0.347059
0.335294
0.315686
0.315686
0.311765
0.303922
0.300000
0.292157
0.319608
0.327451
0.331373
0.331373
0.335294
0.362745
0.366667
0.354902
-0.390196
-0.409804
-0.429412
-0.429412
-0.409804
-0.386275
-0.366667
-0.378431
-0.366667
-0.347059
-0.323529
-0.339216
-0.374510
-0.394118
-0.386275
-0.327451
-0.386275
-0.394118
-0.386275
-0.382353
-0.366667
-0.354902
-0.366667
-0.394118
-0.460784
-0.445098
-0.421569
-0.421569
-0.449020
-0.476471
-0.464706
-0.374510
-0.421569
-0.421569
-0.413725
-0.405882
-0.401961
-0.394118
-0.386275
-0.390196
-0.417647
-0.401961
-0.366667
-0.374510
-0.386275
-0.378431
-0.362745
-0.311765
-0.500000
-0.496078
-0.460784
-0.417647
-0.394118
-0.390196
-0.386275
-0.382353
-0.394118
-0.378431
-0.362745
-0.390196
-0.429412
-0.445098
-0.445098
-0.421569
-0.401961
-0.394118
-0.382353
-0.378431
-0.386275
-0.386275
-0.386275
-0.394118
-0.390196
-0.386275
-0.386275
-0.390196
-0.401961
-0.390196
-0.390196
-0.374510
-0.421569
-0.429412
-0.429412
-0.437255
-0.464706
-0.488235
-0.500000
-0.500000
-0.421569
-0.409804
-0.421569
-0.413725
-0.401961
-0.378431
-0.362745
-0.350980
0.209804
0.119608
0.025490
-0.060784
-0.154902
-0.237255
-0.311765
-0.374510
-0.382353
-0.378431
-0.378431
-0.350980
-0.335294
-0.362745
-0.413725
-0.405882
0.252941
0.135294
0.009804
-0.100000
-0.190196
-0.272549
-0.350980
-0.409804
-0.441176
-0.449020
-0.460784
-0.460784
-0.449020
-0.456863
-0.472549
-0.468627
0.300000
0.284314
0.300000
0.307843
0.315686
0.327451
0.335294
0.327451
0.264706
0.174510
0.060784
-0.049020
-0.154902
-0.225490
-0.292157
-0.358824
0.386275
0.366667
0.370588
0.370588
0.370588
0.374510
0.374510
0.358824
0.288235
0.174510
0.064706
-0.052941
-0.162745
-0.268627
-0.347059
-0.429412
0.331373
0.343137
0.331373
0.327451
0.327451
0.315686
0.307843
0.307843
0.292157
0.292157
0.284314
0.300000
0.292157
0.288235
0.292157
0.292157
0.362745
0.394118
0.394118
0.409804
0.417647
0.413725
0.409804
0.401961
0.398039
0.390196
0.370588
0.358824
0.362745
0.370588
0.370588
0.319608
0.327451
0.339216
0.331373
0.331373
0.331373
0.319608
0.307843
0.303922
0.292157
0.303922
0.319608
0.311765
0.292157
0.280392
0.284314
0.284314
0.315686
0.331373
0.311765
0.303922
0.303922
0.300000
0.292157
0.288235
0.311765
0.315686
0.331373
0.331373
0.319608
0.315686
0.327451
0.339216
0.335294
0.354902
0.347059
0.339216
0.327451
0.319608
0.319608
0.315686
0.331373
0.335294
0.339216
0.327451
0.315686
0.303922
0.288235
0.284314
0.394118
0.394118
0.390196
0.366667
0.343137
0.331373
0.327451
0.307843
0.307843
0.303922
0.311765
0.307843
0.300000
0.280392
0.272549
0.276471
-0.401961
-0.417647
-0.417647
-0.405882
-0.390196
-0.390196
-0.401961
-0.417647
-0.413725
-0.386275
-0.386275
-0.390196
-0.374510
-0.362745
-0.327451
-0.350980
-0.500000
-0.500000
-0.476471
-0.441176
-0.405882
-0.390196
-0.394118
-0.394118
-0.405882
-0.366667
-0.362745
-0.366667
-0.378431
-0.405882
-0.429412
-0.472549
-0.401961
-0.401961
-0.390196
-0.382353
-0.386275
-0.390196
-0.382353
-0.382353
-0.374510
-0.382353
-0.394118
-0.405882
-0.386275
-0.382353
-0.366667
-0.374510
-0.433333
-0.433333
-0.429412
-0.437255
-0.464706
-0.488235
-0.488235
-0.476471
-0.401961
-0.417647
-0.413725
-0.394118
-0.362745
-0.350980
-0.347059
-0.409804
0.233333
0.150980
0.049020
-0.056863
-0.150980
-0.237255
-0.319608
-0.382353
-0.394118
-0.401961
-0.378431
-0.354902
-0.362745
-0.409804
-0.405882
-0.401961
0.284314
0.174510
0.049020
-0.072549
-0.174510
-0.268627
-0.350980
-0.417647
-0.437255
-0.449020
-0.456863
-0.449020
-0.460784
-0.484314
-0.488235
-0.429412
0.303922
0.284314
0.288235
0.303922
0.311765
0.315686
0.319608
0.319608
0.229412
0.103922
-0.029412
-0.158824
-0.249020
-0.319608
-0.374510
-0.409804
0.398039
0.374510
0.374510
0.386275
0.386275
0.382353
0.382353
0.366667
0.221569
0.107843
-0.029412
-0.166667
-0.292157
-0.362745
-0.421569
-0.468627
0.300000
0.319608
0.327451
0.327451
0.327451
0.315686
0.303922
0.288235
0.300000
0.303922
0.327451
0.315686
0.300000
0.292157
0.292157
0.233333
0.347059
0.370588
0.390196
0.394118
0.409804
0.401961
0.394118
0.390196
0.390196
0.382353
0.382353
0.386275
0.386275
0.370588
0.307843
0.256863
0.331373
0.343137
0.343137
0.335294
0.331373
0.319608
0.307843
0.300000
0.311765
0.327451
0.311765
0.292157
0.280392
0.280392
0.264706
0.272549
0.335294
0.339216
0.327451
0.300000
0.288235
0.284314
0.280392
0.280392
0.303922
0.311765
0.315686
0.319608
0.327451
0.331373
0.319608
0.366667
0.354902
0.354902
0.339216
0.315686
0.303922
0.307843
0.307843
0.315686
0.303922
0.292157
0.300000
0.303922
0.303922
0.292157
0.280392
0.260784
0.421569
0.409804
0.386275
0.347059
0.327451
0.311765
0.303922
0.300000
0.292157
0.284314
0.272549
0.260784
0.260784
0.256863
0.252941
0.233333
0.319608
0.315686
0.315686
0.315686
0.327451
0.319608
0.303922
0.307843
0.347059
0.315686
0.311765
0.331373
0.339216
0.339216
0.319608
0.303922
0.390196
0.394118
0.398039
0.401961
0.417647
0.429412
0.437255
0.429412
0.456863
0.452941
0.437255
0.425490
0.421569
0.421569
0.409804
0.401961
-0.374510
-0.394118
-0.413725
-0.409804
-0.386275
-0.374510
-0.378431
-0.386275
-0.382353
-0.405882
-0.421569
-0.417647
-0.401961
-0.386275
-0.378431
-0.378431
-0.433333
-0.456863
-0.484314
-0.500000
-0.500000
-0.500000
-0.500000
-0.500000
-0.445098
-0.456863
-0.441176
-0.401961
-0.378431
-0.374510
-0.374510
-0.362745
0.272549
0.209804
0.107843
-0.029412
-0.162745
-0.276471
-0.350980
-0.386275
-0.382353
-0.390196
-0.378431
-0.358824
-0.378431
-0.413725
-0.413725
-0.382353
0.311765
0.229412
0.092157
-0.052941
-0.190196
-0.311765
-0.413725
-0.472549
-0.449020
-0.496078
-0.500000
-0.484314
-0.472549
-0.484314
-0.460784
-0.417647
0.280392
0.276471
0.272549
0.280392
0.292157
0.300000
0.284314
0.264706
0.135294
0.009804
-0.139216
-0.249020
-0.323529
-0.374510
-0.390196
-0.382353
0.370588
0.347059
0.327451
0.327451
0.339216
0.339216
0.315686
0.288235
0.150980
-0.001961
-0.182353
-0.292157
-0.362745
-0.429412
-0.476471
-0.492157
0.276471
0.284314
0.303922
0.315686
0.327451
0.319608
0.311765
0.303922
0.280392
0.311765
0.335294
0.331373
0.311765
0.264706
0.162745
0.060784
0.300000
0.319608
0.354902
0.370588
0.370588
0.370588
0.374510
0.386275
0.362745
0.394118
0.417647
0.401961
0.362745
0.284314
0.166667
0.064706
0.362745
0.343137
0.327451
0.311765
0.311765
0.319608
0.319608
0.327451
0.307843
0.331373
0.331373
0.292157
0.272549
0.272549
0.272549
0.260784
0.366667
0.347059
0.327451
0.307843
0.307843
0.311765
0.315686
0.315686
0.284314
0.339216
0.370588
0.347059
0.331373
0.339216
0.362745
0.362745
0.343137
0.339216
0.335294
0.327451
0.319608
0.315686
0.311765
0.307843
0.343137
0.303922
0.280392
0.303922
0.315686
0.300000
0.284314
0.288235
0.484314
0.449020
0.401961
0.386275
0.382353
0.370588
0.339216
0.307843
0.358824
0.307843
0.276471
0.300000
0.315686
0.303922
0.276471
0.260784
0.311765
0.319608
0.335294
0.335294
0.327451
0.315686
0.311765
0.315686
0.339216
0.335294
0.331373
0.319608
0.319608
0.327451
0.335294
0.339216
0.394118
0.394118
0.409804
0.425490
0.445098
0.452941
0.449020
0.445098
0.445098
0.437255
0.421569
0.413725
0.398039
0.394118
0.390196
0.390196
-0.170588
-0.135294
-0.072549
-0.005882
0.056863
0.115686
0.166667
0.198039
0.276471
0.288235
0.315686
0.339216
0.354902
0.358824
0.354902
0.347059
-0.154902
-0.103922
-0.029412
0.033333
0.092157
0.158824
0.225490
0.272549
0.339216
0.358824
0.382353
0.409804
0.421569
0.425490
0.421569
0.417647
0.303922
0.252941
0.162745
0.013725
-0.143137
-0.272549
-0.335294
-0.362745
-0.394118
-0.382353
-0.358824
-0.378431
-0.413725
-0.417647
-0.386275
-0.433333
0.358824
0.288235
0.158824
-0.013725
-0.170588
-0.300000
-0.386275
-0.456863
-0.488235
-0.500000
-0.484314
-0.472549
-0.476471
-0.449020
-0.394118
-0.401961
0.303922
0.284314
0.272549
0.276471
0.284314
0.292157
0.280392
0.256863
0.092157
-0.072549
-0.209804
-0.303922
-0.366667
-0.386275
-0.374510
-0.347059
0.366667
0.358824
0.347059
0.362745
0.386275
0.386275
0.335294
0.280392
0.123529
-0.076471
-0.221569
-0.331373
-0.417647
-0.472549
-0.484314
-0.441176
0.315686
0.303922
0.307843
0.315686
0.319608
0.315686
0.311765
0.300000
0.276471
0.300000
0.303922
0.307843
0.284314
0.194118
0.092157
-0.068627
0.311765
0.319608
0.354902
0.382353
0.386275
0.374510
0.362745
0.362745
0.362745
0.394118
0.394118
0.366667
0.303922
0.198039
0.111765
-0.060784
0.307843
0.335294
0.339216
0.339216
0.339216
0.339216
0.331373
0.319608
0.307843
0.327451
0.315686
0.300000
0.288235
0.280392
0.264706
0.311765
0.315686
0.331373
0.327451
0.319608
0.327451
0.331373
0.335294
0.335294
0.339216
0.390196
0.386275
0.370588
0.374510
0.390196
0.382353
0.398039
0.343137
0.339216
0.331373
0.315686
0.307843
0.311765
0.315686
0.315686
0.343137
0.303922
0.307843
0.307843
0.292157
0.284314
0.292157
0.315686
0.492157
0.476471
0.417647
0.370588
0.354902
0.362745
0.354902
0.331373
0.319608
0.272549
0.280392
0.303922
0.307843
0.303922
0.303922
0.347059
0.339216
0.311765
0.311765
0.315686
0.311765
0.311765
0.311765
0.315686
0.319608
0.315686
0.307843
0.307843
0.315686
0.331373
0.335294
0.327451
0.398039
0.394118
0.398039
0.417647
0.429412
0.437255
0.429412
0.421569
0.429412
0.421569
0.413725
0.386275
0.370588
0.362745
0.370588
0.327451
-0.225490
-0.170588
-0.088235
-0.013725
0.060784
0.131373
0.201961
0.249020
0.288235
0.315686
0.335294
0.347059
0.354902
0.343137
0.339216
0.327451
-0.221569
-0.162745
-0.076471
0.001961
0.076471
0.147059
0.233333
0.288235
0.358824
0.382353
0.409804
0.425490
0.429412
0.429412
0.425490
0.437255
-0.347059
-0.354902
-0.358824
-0.378431
-0.390196
-0.405882
-0.409804
-0.413725
-0.417647
-0.409804
-0.390196
-0.354902
-0.311765
-0.272549
-0.249020
-0.174510
-0.429412
-0.429412
-0.433333
-0.445098
-0.460784
-0.468627
-0.464706
-0.456863
-0.464706
-0.445098
-0.417647
-0.374510
-0.319608
-0.268627
-0.237255
-0.162745
0.315686
0.339216
0.319608
0.303922
0.300000
0.288235
0.284314
0.260784
0.064706
-0.115686
-0.264706
-0.362745
-0.413725
-0.409804
-0.374510
-0.347059
0.472549
0.429412
0.417647
0.409804
0.409804
0.398039
0.386275
0.331373
0.123529
-0.072549
-0.217647
-0.319608
-0.401961
-0.445098
-0.421569
-0.421569
0.300000
0.327451
0.315686
0.331373
0.335294
0.315686
0.300000
0.300000
0.300000
0.311765
0.327451
0.327451
0.249020
0.107843
-0.056863
-0.225490
0.343137
0.362745
0.370588
0.417647
0.441176
0.429412
0.421569
0.425490
0.417647
0.425490
0.425490
0.390196
0.300000
0.166667
0.005882
-0.194118
0.315686
0.300000
0.335294
0.335294
0.327451
0.319608
0.331373
0.331373
0.300000
0.303922
0.292157
0.288235
0.288235
0.276471
0.280392
0.307843
0.358824
0.343137
0.362745
0.354902
0.343137
0.347059
0.354902
0.362745
0.370588
0.413725
0.417647
0.413725
0.413725
0.401961
0.409804
0.441176
0.339216
0.339216
0.335294
0.331373
0.327451
0.319608
0.327451
0.327451
0.335294
0.315686
0.315686
0.315686
0.303922
0.303922
0.311765
0.327451
0.421569
0.441176
0.425490
0.382353
0.354902
0.347059
0.358824
0.339216
0.370588
0.339216
0.347059
0.366667
0.370588
0.366667
0.382353
0.394118
0.362745
0.331373
0.303922
0.311765
0.335294
0.339216
0.335294
0.327451
0.327451
0.327451
0.319608
0.315686
0.311765
0.311765
0.311765
0.311765
0.370588
0.354902
0.343137
0.347059
0.370588
0.390196
0.390196
0.382353
0.398039
0.394118
0.382353
0.370588
0.370588
0.386275
0.382353
0.362745
-0.272549
-0.186275
-0.127451
-0.041176
0.037255
0.111765
0.190196
0.264706
0.307843
0.315686
0.315686
0.327451
0.331373
0.331373
0.319608
0.300000
-0.374510
-0.256863
-0.182353
-0.084314
-0.001961
0.080392
0.170588
0.276471
0.315686
0.339216
0.358824
0.358824
0.347059
0.347059
0.358824
0.366667
-0.350980
-0.350980
-0.358824
-0.378431
-0.390196
-0.390196
-0.386275
-0.374510
-0.390196
-0.366667
-0.331373
-0.268627
-0.213725
-0.123529
-0.005882
0.037255
-0.468627
-0.472549
-0.468627
-0.476471
-0.492157
-0.492157
-0.492157
-0.472549
-0.476471
-0.441176
-0.386275
-0.319608
-0.249020
-0.158824
-0.041176
0.013725
-0.382353
-0.394118
-0.390196
-0.390196
-0.409804
-0.405882
-0.386275
-0.378431
-0.382353
-0.378431
-0.378431
-0.358824
-0.339216
-0.335294
-0.339216
-0.374510
-0.492157
-0.496078
-0.500000
-0.500000
-0.500000
-0.500000
-0.500000
-0.500000
-0.496078
-0.500000
-0.500000
-0.500000
-0.492157
-0.492157
-0.484314
-0.500000
0.288235
0.319608
0.311765
0.327451
0.319608
0.300000
0.284314
0.288235
0.300000
0.307843
0.327451
0.280392
0.150980
-0.025490
-0.194118
-0.319608
0.311765
0.339216
0.358824
0.401961
0.421569
0.413725
0.413725
0.425490
0.398039
0.401961
0.382353
0.307843
0.178431
0.009804
-0.198039
-0.386275
0.331373
0.307843
0.339216
0.335294
0.327451
0.319608
0.327451
0.315686
0.327451
0.315686
0.300000
0.280392
0.260784
0.264706
0.300000
0.303922
0.331373
0.327451
0.347059
0.339216
0.327451
0.331373
0.339216
0.358824
0.358824
0.382353
0.374510
0.366667
0.362745
0.374510
0.401961
0.339216
0.331373
0.315686
0.303922
0.303922
0.315686
0.319608
0.311765
0.300000
0.331373
0.331373
0.331373
0.315686
0.315686
0.331373
0.343137
0.311765
0.343137
0.370588
0.362745
0.319608
0.292157
0.292157
0.311765
0.300000
0.331373
0.335294
0.354902
0.354902
0.343137
0.354902
0.366667
0.366667
0.354902
0.339216
0.319608
0.315686
0.315686
0.311765
0.315686
0.319608
0.331373
0.327451
0.319608
0.315686
0.315686
0.315686
0.315686
0.327451
0.390196
0.374510
0.362745
0.347059
0.343137
0.343137
0.339216
0.335294
0.374510
0.358824
0.343137
0.335294
0.339216
0.331373
0.303922
0.315686
-0.303922
-0.221569
-0.162745
-0.056863
0.049020
0.139216
0.221569
0.292157
0.307843
0.307843
0.315686
0.319608
0.319608
0.315686
0.292157
0.303922
-0.327451
-0.225490
-0.158824
-0.052941
0.056863
0.147059
0.229412
0.319608
0.354902
0.370588
0.370588
0.358824
0.358824
0.362745
0.370588
0.343137
-0.311765
-0.319608
-0.335294
-0.358824
-0.374510
-0.378431
-0.378431
-0.374510
-0.358824
-0.319608
-0.249020
-0.186275
-0.088235
0.033333
0.084314
0.217647
-0.445098
-0.433333
-0.417647
-0.437255
-0.464706
-0.472549
-0.464706
-0.433333
-0.405882
-0.350980
-0.272549
-0.198039
-0.103922
0.025490
0.084314
0.205882
-0.362745
-0.378431
-0.401961
-0.405882
-0.401961
-0.386275
-0.382353
-0.405882
-0.358824
-0.354902
-0.354902
-0.358824
-0.378431
-0.386275
-0.386275
-0.378431
-0.429412
-0.449020
-0.472549
-0.488235
-0.488235
-0.472549
-0.468627
-0.476471
-0.484314
-0.472549
-0.468627
-0.472549
-0.484314
-0.484314
-0.468627
-0.445098
-0.394118
-0.409804
-0.413725
-0.413725
-0.413725
-0.405882
-0.401961
-0.394118
-0.394118
-0.390196
-0.390196
-0.401961
-0.409804
-0.394118
-0.382353
-0.382353
-0.401961
-0.405882
-0.405882
-0.405882
-0.413725
-0.417647
-0.429412
-0.437255
-0.390196
-0.394118
-0.401961
-0.421569
-0.449020
-0.449020
-0.437255
-0.433333
