   -0.098868
   -0.180361
   -0.306014
   -0.389939
   -0.419982
   -0.423373
   -0.450329
   -0.456992
   -0.427423
   -0.346819
   -0.237877
   -0.172518
   -0.107744
   -0.115331
   -0.095968
   -0.153384
   -0.073970
   -0.161395
   -0.296481
   -0.396604
   -0.413377
   -0.418734
   -0.431905
   -0.442553
   -0.424187
   -0.359449
   -0.273945
   -0.222761
   -0.147053
   -0.144020
   -0.080417
   -0.127695
   -0.324782
   -0.207772
   -0.085931
   -0.005187
   -0.196992
   -0.161436
   -0.098160
   -0.058321
   -0.099213
   -0.201778
   -0.339093
   -0.425345
   -0.508146
   -0.502082
   -0.484754
   -0.486360
   -0.383851
   -0.264242
   -0.135104
   -0.041503
   -0.178013
   -0.135889
   -0.080247
   -0.052741
   -0.105879
   -0.236951
   -0.396715
   -0.509636
   -0.616469
   -0.591013
   -0.568326
   -0.500886
   -0.139776
   -0.167688
   -0.202503
   -0.227703
   -0.326993
   -0.242251
   -0.174779
   -0.139834
   -0.161782
   -0.281277
   -0.386439
   -0.380389
   -0.432517
   -0.451890
   -0.494228
   -0.523146
   -0.164909
   -0.213661
   -0.276083
   -0.318996
   -0.347005
   -0.266647
   -0.173212
   -0.142631
   -0.196905
   -0.271033
   -0.333973
   -0.393598
   -0.461377
   -0.520531
   -0.557422
   -0.533243
   -0.491801
   -0.476837
   -0.439792
   -0.411102
   -0.430568
   -0.472283
   -0.464897
   -0.417936
   -0.327965
   -0.156067
   -0.043035
   -0.072603
   -0.236106
   -0.321469
   -0.401771
   -0.441232
   -0.530141
   -0.509370
   -0.462356
   -0.434238
   -0.454018
   -0.501428
   -0.496237
   -0.422057
   -0.296004
   -0.150773
   -0.076530
   -0.109302
   -0.240547
   -0.324519
   -0.416356
   -0.479353
   -0.425370
   -0.440901
   -0.454839
   -0.463224
   -0.414301
   -0.413351
   -0.432500
   -0.435707
   -0.419716
   -0.424986
   -0.406930
   -0.335976
   -0.179571
   -0.093182
   -0.058611
   -0.158506
   -0.462677
   -0.454425
   -0.452688
   -0.455874
   -0.495522
   -0.469005
   -0.466084
   -0.454590
   -0.443271
   -0.498436
   -0.521979
   -0.435439
   -0.244452
   -0.120671
   -0.067458
   -0.190779
   -0.440423
   -0.449532
   -0.455155
   -0.463296
   -0.416358
   -0.431845
   -0.447111
   -0.442211
   -0.434744
   -0.462569
   -0.494449
   -0.507482
   -0.458908
   -0.460943
   -0.410598
   -0.278454
   -0.491548
   -0.498012
   -0.518088
   -0.527850
   -0.499658
   -0.486645
   -0.439186
   -0.462524
   -0.521148
   -0.520645
   -0.513740
   -0.580931
   -0.541336
   -0.543656
   -0.476212
   -0.287014
   -0.476391
   -0.465910
   -0.450238
   -0.429648
   -0.468296
   -0.487678
   -0.488490
   -0.498667
   -0.530975
   -0.489136
   -0.410855
   -0.398747
   -0.389494
   -0.387347
   -0.300314
   -0.177407
   -0.548082
   -0.547614
   -0.530059
   -0.518384
   -0.522094
   -0.544364
   -0.590769
   -0.599069
   -0.560011
   -0.498833
   -0.441033
   -0.390600
   -0.442275
   -0.411346
   -0.321980
   -0.222704
   -0.422688
   -0.438427
   -0.457417
   -0.463896
   -0.469411
   -0.437957
   -0.471413
   -0.494316
   -0.436165
   -0.393615
   -0.332295
   -0.226431
   -0.164645
   -0.210022
   -0.331586
   -0.462685
   -0.507231
   -0.537159
   -0.561790
   -0.570016
   -0.498966
   -0.497046
   -0.530882
   -0.547609
   -0.513300
   -0.469607
   -0.414636
   -0.338120
   -0.194906
   -0.211578
   -0.331905
   -0.488484
   -0.206557
   -0.169654
   -0.141414
   -0.090497
   -0.158171
   -0.128102
   -0.149681
   -0.205873
   -0.299277
   -0.366748
   -0.420325
   -0.479671
   -0.506979
   -0.511104
   -0.488048
   -0.466896
   -0.238789
   -0.197203
   -0.168491
   -0.103906
   -0.156192
   -0.151721
   -0.180259
   -0.240283
   -0.348060
   -0.417796
   -0.473883
   -0.570572
   -0.616086
   -0.610398
   -0.586271
   -0.539583
   -0.376555
   -0.433911
   -0.440117
   -0.422349
   -0.450355
   -0.422048
   -0.272878
   -0.130198
   -0.120558
   -0.234484
   -0.364169
   -0.393116
   -0.483900
   -0.475410
   -0.507512
   -0.520024
   -0.421477
   -0.470881
   -0.469346
   -0.473363
   -0.493454
   -0.454784
   -0.278485
   -0.137912
   -0.144661
   -0.262983
   -0.378962
   -0.428744
   -0.540990
   -0.569255
   -0.617805
   -0.630729
   -0.447056
   -0.450497
   -0.451644
   -0.454538
   -0.449617
   -0.453691
   -0.451385
   -0.474354
   -0.424527
   -0.285615
   -0.145277
   -0.067899
   -0.186262
   -0.345296
   -0.428125
   -0.470172
   -0.514753
   -0.509741
   -0.502386
   -0.500265
   -0.512662
   -0.523523
   -0.506622
   -0.496761
   -0.431221
   -0.288952
   -0.133340
   -0.076317
   -0.204121
   -0.365675
   -0.484561
   -0.545931
   -0.494419
   -0.502775
   -0.512444
   -0.509298
   -0.492518
   -0.511071
   -0.508037
   -0.500067
   -0.497323
   -0.487605
   -0.469108
   -0.429108
   -0.302805
   -0.157531
   -0.102073
   -0.203673
   -0.575696
   -0.579660
   -0.580249
   -0.587182
   -0.558703
   -0.591361
   -0.590683
   -0.565950
   -0.541913
   -0.538943
   -0.552009
   -0.507973
   -0.379331
   -0.213095
   -0.148763
   -0.273991
   -0.521242
   -0.519605
   -0.507886
   -0.501373
   -0.485312
   -0.488996
   -0.481295
   -0.468267
   -0.467497
   -0.495851
   -0.506101
   -0.500208
   -0.430862
   -0.455368
   -0.437732
   -0.328122
   -0.640245
   -0.629555
   -0.611552
   -0.599963
   -0.606649
   -0.593080
   -0.572249
   -0.591579
   -0.599675
   -0.601362
   -0.606927
   -0.578704
   -0.536456
   -0.573683
   -0.522320
   -0.353751
   -0.485253
   -0.508145
   -0.529897
   -0.543018
   -0.504346
   -0.531091
   -0.553642
   -0.519859
   -0.464951
   -0.473610
   -0.477148
   -0.491463
   -0.462182
   -0.400700
   -0.276792
   -0.168636
   -0.582879
   -0.613512
   -0.641955
   -0.648577
   -0.638026
   -0.628266
   -0.620485
   -0.616638
   -0.603340
   -0.555112
   -0.507628
   -0.511561
   -0.520702
   -0.481680
   -0.355191
   -0.180163
   -0.467459
   -0.475825
   -0.447102
   -0.417361
   -0.468891
   -0.435880
   -0.474632
   -0.516793
   -0.497326
   -0.423373
   -0.336210
   -0.253442
   -0.197230
   -0.275916
   -0.388952
   -0.475196
   -0.560647
   -0.543687
   -0.528010
   -0.500750
   -0.478191
   -0.526105
   -0.594184
   -0.616452
   -0.578293
   -0.502078
   -0.407461
   -0.316841
   -0.249150
   -0.330392
   -0.435074
   -0.516439
   -0.281067
   -0.308338
   -0.348928
   -0.393190
   -0.420140
   -0.368717
   -0.248781
   -0.184378
   -0.232514
   -0.333124
   -0.452188
   -0.513652
   -0.526954
   -0.450908
   -0.431532
   -0.480476
   -0.285456
   -0.350096
   -0.425062
   -0.488004
   -0.467014
   -0.421070
   -0.292803
   -0.204186
   -0.260281
   -0.394825
   -0.529061
   -0.611134
   -0.596738
   -0.542518
   -0.561991
   -0.610325
   -0.436025
   -0.445385
   -0.386611
   -0.361932
   -0.365222
   -0.400976
   -0.351844
   -0.191606
   -0.063172
   -0.078258
   -0.226356
   -0.359154
   -0.438303
   -0.489218
   -0.513987
   -0.511760
   -0.518653
   -0.462718
   -0.425646
   -0.345232
   -0.329806
   -0.376837
   -0.335550
   -0.182045
   -0.069400
   -0.090832
   -0.216953
   -0.330844
   -0.445167
   -0.531956
   -0.588911
   -0.587919
   -0.432483
   -0.445921
   -0.464874
   -0.500745
   -0.439374
   -0.429408
   -0.435710
   -0.459662
   -0.467462
   -0.399896
   -0.245751
   -0.109311
   -0.066896
   -0.216359
   -0.353918
   -0.398520
   -0.427586
   -0.458951
   -0.484238
   -0.538730
   -0.490674
   -0.495096
   -0.485189
   -0.490202
   -0.483783
   -0.398360
   -0.195306
   -0.007977
    0.006488
   -0.152773
   -0.320495
   -0.429269
   -0.464391
   -0.466695
   -0.475854
   -0.486365
   -0.440307
   -0.467386
   -0.470428
   -0.467501
   -0.462024
   -0.454264
   -0.417169
   -0.366671
   -0.349746
   -0.211010
   -0.051837
   -0.075652
   -0.591048
   -0.566483
   -0.529857
   -0.514651
   -0.494513
   -0.502486
   -0.498957
   -0.507490
   -0.502158
   -0.475228
   -0.454154
   -0.385455
   -0.368869
   -0.166726
   -0.039576
   -0.113197
   -0.465362
   -0.462838
   -0.451577
   -0.440697
   -0.410275
   -0.422858
   -0.441475
   -0.451132
   -0.473046
   -0.514366
   -0.519379
   -0.483401
   -0.450052
   -0.413637
   -0.392149
   -0.278542
   -0.486280
   -0.523056
   -0.538469
   -0.532719
   -0.474536
   -0.487993
   -0.513972
   -0.552439
   -0.580752
   -0.590604
   -0.586052
   -0.528273
   -0.526313
   -0.468101
   -0.412268
   -0.261353
   -0.403127
   -0.418030
   -0.415309
   -0.395855
   -0.428802
   -0.438937
   -0.456258
   -0.445365
   -0.401847
   -0.391839
   -0.382866
   -0.394031
   -0.451572
   -0.371647
   -0.282877
   -0.167226
   -0.455804
   -0.481709
   -0.493908
   -0.479666
   -0.485327
   -0.484477
   -0.490622
   -0.480528
   -0.467206
   -0.422649
   -0.388107
   -0.409156
   -0.426908
   -0.448397
   -0.358308
   -0.154210
   -0.329908
   -0.362401
   -0.393025
   -0.401964
   -0.394770
   -0.374927
   -0.389415
   -0.385080
   -0.335628
   -0.276143
   -0.223802
   -0.156601
   -0.185320
   -0.251239
   -0.320645
   -0.397720
   -0.336780
   -0.357410
   -0.377629
   -0.407623
   -0.383010
   -0.384122
   -0.402984
   -0.404685
   -0.363457
   -0.310923
   -0.259680
   -0.206859
   -0.174469
   -0.243938
   -0.314319
   -0.398364
   -0.228679
   -0.164101
   -0.139757
   -0.148150
   -0.205593
   -0.190636
   -0.143794
   -0.163769
   -0.255816
   -0.346299
   -0.424395
   -0.439593
   -0.451653
   -0.401301
   -0.396311
   -0.455036
   -0.191549
   -0.131391
   -0.128279
   -0.137800
   -0.178867
   -0.196374
   -0.151161
   -0.133656
   -0.203577
   -0.310269
   -0.410365
   -0.478267
   -0.478319
   -0.430234
   -0.461227
   -0.523591
   -0.192730
   -0.193138
   -0.237557
   -0.286975
   -0.262297
   -0.262097
   -0.192113
   -0.157113
   -0.196125
   -0.262999
   -0.336292
   -0.400652
   -0.443055
   -0.448989
   -0.456133
   -0.466907
   -0.153318
   -0.166196
   -0.218922
   -0.265981
   -0.296590
   -0.250422
   -0.173265
   -0.137205
   -0.166387
   -0.233837
   -0.325703
   -0.407220
   -0.461733
   -0.498594
   -0.537295
   -0.534103
   -0.457853
   -0.463509
   -0.468433
   -0.472418
   -0.438481
   -0.450582
   -0.430737
   -0.387910
   -0.374745
   -0.387651
   -0.318379
   -0.170697
   -0.070349
   -0.151021
   -0.325844
   -0.411371
   -0.510334
   -0.508958
   -0.518674
   -0.525070
   -0.517486
   -0.510514
   -0.475057
   -0.411459
   -0.376049
   -0.357567
   -0.266485
   -0.085473
   -0.008270
   -0.112378
   -0.281422
   -0.406522
   -0.478126
   -0.451683
   -0.435536
   -0.417618
   -0.407750
   -0.418746
   -0.448377
   -0.440892
   -0.434271
   -0.452917
   -0.453128
   -0.417057
   -0.339768
   -0.236892
   -0.072671
   -0.039849
   -0.554519
   -0.532387
   -0.514352
   -0.474201
   -0.428763
   -0.462645
   -0.498288
   -0.501597
   -0.502665
   -0.496511
   -0.448866
   -0.375344
   -0.321790
   -0.168609
    0.001108
   -0.043762
   -0.429154
   -0.446549
   -0.458040
   -0.456944
   -0.450304
   -0.444322
   -0.451341
   -0.463842
   -0.488115
   -0.508840
   -0.505607
   -0.493078
   -0.465850
   -0.382617
   -0.336212
   -0.247668
   -0.423046
   -0.461467
   -0.486361
   -0.512775
   -0.483898
   -0.480050
   -0.495982
   -0.532604
   -0.577109
   -0.581706
   -0.587566
   -0.558935
   -0.524031
   -0.410434
   -0.332148
   -0.199613
   -0.416454
   -0.413044
   -0.385998
   -0.384015
   -0.368797
   -0.386019
   -0.405236
   -0.390121
   -0.359627
   -0.382422
   -0.411369
   -0.440484
   -0.412609
   -0.336456
   -0.297889
   -0.225526
   -0.425224
   -0.417599
   -0.406134
   -0.374232
   -0.390826
   -0.404688
   -0.413127
   -0.392741
   -0.397840
   -0.399025
   -0.400175
   -0.415614
   -0.387829
   -0.392846
   -0.337054
   -0.176735
   -0.136797
   -0.206449
   -0.299997
   -0.368801
   -0.402256
   -0.367786
   -0.351685
   -0.326888
   -0.289060
   -0.281675
   -0.266178
   -0.204228
   -0.232719
   -0.245287
   -0.275644
   -0.327236
   -0.062146
   -0.152603
   -0.288232
   -0.365829
   -0.339386
   -0.331497
   -0.331105
   -0.316043
   -0.297846
   -0.270353
   -0.239569
   -0.192207
   -0.213287
   -0.271224
   -0.300986
   -0.334248
   -0.325823
   -0.225138
   -0.127038
   -0.042828
   -0.126858
   -0.146055
   -0.158283
   -0.236567
   -0.338988
   -0.373418
   -0.399193
   -0.385807
   -0.437220
   -0.412109
   -0.406955
   -0.440007
   -0.286463
   -0.153448
   -0.039247
   -0.019420
   -0.057032
   -0.111112
   -0.141849
   -0.181164
   -0.256473
   -0.319108
   -0.376954
   -0.429191
   -0.432772
   -0.408375
   -0.471865
   -0.545298
   -0.244521
   -0.277807
   -0.358727
   -0.414821
   -0.339248
   -0.294017
   -0.163129
   -0.091686
   -0.145559
   -0.265943
   -0.355995
   -0.396345
   -0.403951
   -0.422396
   -0.449704
   -0.448402
   -0.240553
   -0.285817
   -0.350039
   -0.394337
   -0.377643
   -0.273299
   -0.121041
   -0.046131
   -0.108020
   -0.243435
   -0.373064
   -0.446722
   -0.451740
   -0.461508
   -0.484274
   -0.487462
   -0.417874
   -0.418037
   -0.417566
   -0.417797
   -0.392632
   -0.372404
   -0.410945
   -0.439055
   -0.385489
   -0.291482
   -0.188539
   -0.151662
   -0.192739
   -0.269301
   -0.325976
   -0.381410
   -0.450457
   -0.444855
   -0.421117
   -0.405439
   -0.377280
   -0.404384
   -0.471599
   -0.483718
   -0.404317
   -0.282097
   -0.186157
   -0.149630
   -0.180529
   -0.259247
   -0.291001
   -0.311529
   -0.444844
   -0.457100
   -0.468704
   -0.482625
   -0.442321
   -0.422371
   -0.451186
   -0.471530
   -0.453344
   -0.464411
   -0.466014
   -0.406513
   -0.375368
   -0.267621
   -0.107601
   -0.059969
   -0.451779
   -0.488837
   -0.516737
   -0.549341
   -0.502715
   -0.489986
   -0.531807
   -0.546991
   -0.523015
   -0.508500
   -0.480865
   -0.406019
   -0.392834
   -0.257126
   -0.052020
   -0.013991
   -0.443378
   -0.425859
   -0.432326
   -0.434575
   -0.470151
   -0.478135
   -0.463994
   -0.456621
   -0.466638
   -0.479614
   -0.495331
   -0.497606
   -0.483609
   -0.435314
   -0.401071
   -0.319553
   -0.508986
   -0.487634
   -0.480846
   -0.480651
   -0.493799
   -0.508644
   -0.498346
   -0.496017
   -0.525815
   -0.546213
   -0.581570
   -0.605441
   -0.589574
   -0.526262
   -0.418173
   -0.290264
   -0.279563
   -0.345101
   -0.377905
   -0.399719
   -0.389183
   -0.380622
   -0.399707
   -0.413700
   -0.424012
   -0.442295
   -0.426718
   -0.406158
   -0.399159
   -0.340201
   -0.321960
   -0.246637
   -0.209529
   -0.276500
   -0.344882
   -0.403069
   -0.386984
   -0.402098
   -0.426785
   -0.428068
   -0.442935
   -0.452744
   -0.444043
   -0.461651
   -0.384961
   -0.377724
   -0.347443
   -0.240397
   -0.297443
   -0.211585
   -0.195340
   -0.203762
   -0.323646
   -0.286939
   -0.260093
   -0.212847
   -0.181112
   -0.206760
   -0.222416
   -0.190071
   -0.256475
   -0.306893
   -0.341574
   -0.372417
   -0.277329
   -0.178671
   -0.136613
   -0.155526
   -0.331177
   -0.281980
   -0.231320
   -0.174403
   -0.172379
   -0.201174
   -0.225612
   -0.221880
   -0.238388
   -0.332817
   -0.360952
   -0.388698
   -0.216974
   -0.241424
   -0.282381
   -0.347776
   -0.192393
   -0.224786
   -0.243121
   -0.312839
   -0.400374
   -0.433593
   -0.468704
   -0.476176
   -0.448646
   -0.418816
   -0.394044
   -0.454856
   -0.205504
   -0.210108
   -0.250254
   -0.313007
   -0.210573
   -0.233042
   -0.241555
   -0.287775
   -0.360612
   -0.404674
   -0.440338
   -0.471094
   -0.456947
   -0.443640
   -0.477761
   -0.544208
   -0.468031
   -0.435752
   -0.417225
   -0.410050
   -0.361659
   -0.398400
   -0.343119
   -0.260767
   -0.241809
   -0.286667
   -0.359493
   -0.405486
   -0.411171
   -0.428481
   -0.467096
   -0.478349
   -0.484303
   -0.429720
   -0.407285
   -0.408873
   -0.389305
   -0.395816
   -0.356497
   -0.288977
   -0.255340
   -0.289206
   -0.367350
   -0.439313
   -0.478281
   -0.467619
   -0.502798
   -0.532144
   -0.429226
   -0.454968
   -0.474998
   -0.481290
   -0.468097
   -0.434747
   -0.431738
   -0.438502
   -0.426854
   -0.386137
   -0.287817
   -0.207088
   -0.146618
   -0.256671
   -0.341261
   -0.346878
   -0.496131
   -0.531140
   -0.550007
   -0.562620
   -0.530768
   -0.489164
   -0.502113
   -0.493909
   -0.487929
   -0.446412
   -0.292014
   -0.185844
   -0.131799
   -0.271707
   -0.329166
   -0.292073
   -0.494204
   -0.498729
   -0.492888
   -0.491827
   -0.482975
   -0.457066
   -0.509421
   -0.476987
   -0.425731
   -0.393846
   -0.441923
   -0.429964
   -0.382671
   -0.287215
   -0.188359
   -0.160672
   -0.552799
   -0.541148
   -0.509723
   -0.497191
   -0.481386
   -0.505234
   -0.569730
   -0.530952
   -0.486601
   -0.462800
   -0.475115
   -0.437762
   -0.394993
   -0.276833
   -0.142062
   -0.093211
   -0.382228
   -0.395818
   -0.414515
   -0.397202
   -0.427350
   -0.452335
   -0.459393
   -0.457208
   -0.454398
   -0.451620
   -0.456815
   -0.467997
   -0.425039
   -0.405269
   -0.404484
   -0.342999
   -0.345264
   -0.378011
   -0.421188
   -0.408007
   -0.452670
   -0.485864
   -0.517169
   -0.514335
   -0.518473
   -0.514382
   -0.514582
   -0.536549
   -0.535863
   -0.478210
   -0.443686
   -0.299207
   -0.166046
   -0.175551
   -0.218712
   -0.369360
   -0.424564
   -0.405121
   -0.413763
   -0.439521
   -0.454420
   -0.443919
   -0.416065
   -0.373901
   -0.371734
   -0.378309
   -0.380695
   -0.323164
   -0.136371
   -0.135669
   -0.191703
   -0.368224
   -0.406142
   -0.402839
   -0.416688
   -0.433568
   -0.464925
   -0.478715
   -0.465419
   -0.459039
   -0.408820
   -0.449343
   -0.481595
   -0.342410
   -0.294779
   -0.247385
   -0.198268
   -0.166335
   -0.247856
   -0.229550
   -0.215220
   -0.171549
   -0.136156
   -0.171217
   -0.211463
   -0.192434
   -0.250743
   -0.316933
   -0.345201
   -0.329242
   -0.299209
   -0.239794
   -0.184570
   -0.148359
   -0.257519
   -0.249059
   -0.189323
   -0.098626
   -0.086981
   -0.157732
   -0.222626
   -0.225254
   -0.258669
   -0.365869
   -0.376699
   -0.371673
   -0.240139
   -0.278564
   -0.354376
   -0.370103
   -0.355108
   -0.316797
   -0.266707
   -0.317057
   -0.408057
   -0.425351
   -0.420255
   -0.400707
   -0.448558
   -0.471344
   -0.429084
   -0.445388
   -0.256461
   -0.291770
   -0.354332
   -0.408540
   -0.375217
   -0.340635
   -0.299017
   -0.328309
   -0.387583
   -0.404325
   -0.389380
   -0.392346
   -0.501717
   -0.528063
   -0.505474
   -0.541124
   -0.441763
   -0.452290
   -0.448133
   -0.442235
   -0.395633
   -0.460819
   -0.439669
   -0.340856
   -0.222323
   -0.170253
   -0.242106
   -0.347507
   -0.416353
   -0.442044
   -0.446732
   -0.485813
   -0.516202
   -0.496321
   -0.477786
   -0.476862
   -0.437062
   -0.464640
   -0.471463
   -0.405395
   -0.274416
   -0.198969
   -0.271562
   -0.402386
   -0.464242
   -0.467417
   -0.513033
   -0.577837
   -0.461177
   -0.473992
   -0.478566
   -0.473272
   -0.463585
   -0.455482
   -0.465457
   -0.441371
   -0.423193
   -0.419976
   -0.334635
   -0.248101
   -0.129707
   -0.221959
   -0.317714
   -0.388289
   -0.530442
   -0.562862
   -0.578074
   -0.558431
   -0.553633
   -0.518041
   -0.501681
   -0.460019
   -0.471601
   -0.478623
   -0.366381
   -0.249317
   -0.124903
   -0.256120
   -0.325877
   -0.334869
   -0.468776
   -0.459974
   -0.443536
   -0.437897
   -0.490699
   -0.449457
   -0.483756
   -0.464789
   -0.455884
   -0.439656
   -0.455418
   -0.395982
   -0.394850
   -0.324806
   -0.158559
   -0.126944
   -0.507900
   -0.507364
   -0.494754
   -0.484598
   -0.489418
   -0.485239
   -0.540097
   -0.551622
   -0.548664
   -0.514185
   -0.466593
   -0.385076
   -0.391426
   -0.305167
   -0.145570
   -0.055716
   -0.447078
   -0.453557
   -0.449612
   -0.444783
   -0.445984
   -0.437743
   -0.442527
   -0.450284
   -0.449745
   -0.440848
   -0.467619
   -0.480725
   -0.483107
   -0.392886
   -0.437880
   -0.419573
   -0.466680
   -0.475669
   -0.470662
   -0.463302
   -0.460637
   -0.494403
   -0.512170
   -0.500416
   -0.472032
   -0.489901
   -0.531025
   -0.507174
   -0.482185
   -0.436647
   -0.419180
   -0.476248
   -0.356716
   -0.228828
   -0.214923
   -0.266350
   -0.355676
   -0.396483
   -0.384096
   -0.379355
   -0.428969
   -0.449281
   -0.420991
   -0.378942
   -0.379498
   -0.355653
   -0.395217
   -0.403074
   -0.359273
   -0.188229
   -0.149706
   -0.211678
   -0.366433
   -0.397607
   -0.377943
   -0.379257
   -0.439822
   -0.475749
   -0.462523
   -0.466837
   -0.412769
   -0.404147
   -0.464524
   -0.446353
   -0.140667
   -0.154341
   -0.173421
   -0.179319
   -0.180830
   -0.213504
   -0.230705
   -0.236499
   -0.201117
   -0.187108
   -0.225272
   -0.270732
   -0.236782
   -0.324468
   -0.324523
   -0.308115
   -0.092022
   -0.140888
   -0.167082
   -0.177748
   -0.154810
   -0.215311
   -0.232710
   -0.184436
   -0.125333
   -0.168153
   -0.244456
   -0.249917
   -0.237914
   -0.296744
   -0.376729
   -0.325411
   -0.420500
   -0.407347
   -0.407814
   -0.401275
   -0.424038
   -0.366820
   -0.232553
   -0.181546
   -0.224655
   -0.301346
   -0.376472
   -0.419989
   -0.405686
   -0.475693
   -0.445715
   -0.451303
   -0.490966
   -0.472159
   -0.452810
   -0.439545
   -0.439110
   -0.381142
   -0.240514
   -0.169811
   -0.225696
   -0.318412
   -0.371123
   -0.386512
   -0.439069
   -0.534323
   -0.525637
   -0.514519
   -0.438311
   -0.455111
   -0.460736
   -0.444857
   -0.431407
   -0.465798
   -0.477689
   -0.460203
   -0.356392
   -0.210329
   -0.183561
   -0.253177
   -0.401102
   -0.426366
   -0.425505
   -0.438229
   -0.480867
   -0.516949
   -0.534911
   -0.530760
   -0.451182
   -0.454529
   -0.509173
   -0.547543
   -0.430303
   -0.242891
   -0.224274
   -0.333272
   -0.475550
   -0.426933
   -0.500373
   -0.549916
   -0.462400
   -0.459566
   -0.449416
   -0.437636
   -0.462044
   -0.474237
   -0.479219
   -0.433393
   -0.412411
   -0.434364
   -0.377694
   -0.291311
   -0.170581
   -0.171494
   -0.334842
   -0.403731
   -0.512998
   -0.510066
   -0.512540
   -0.494110
   -0.490578
   -0.522958
   -0.550017
   -0.488448
   -0.483922
   -0.504591
   -0.404209
   -0.280634
   -0.169670
   -0.208865
   -0.323044
   -0.361133
   -0.423459
   -0.435052
   -0.434778
   -0.433342
   -0.446567
   -0.398250
   -0.451772
   -0.457741
   -0.458623
   -0.424435
   -0.423510
   -0.376142
   -0.374353
   -0.322815
   -0.162844
   -0.141991
   -0.459076
   -0.480581
   -0.486698
   -0.477039
   -0.457960
   -0.448061
   -0.484829
   -0.488561
   -0.516390
   -0.516152
   -0.463681
   -0.357365
   -0.343985
   -0.340294
   -0.143697
   -0.026931
   -0.436868
   -0.424620
   -0.411271
   -0.396767
   -0.420718
   -0.425137
   -0.445608
   -0.458983
   -0.444769
   -0.430570
   -0.438039
   -0.434273
   -0.451616
   -0.426124
   -0.403288
   -0.422663
   -0.458739
   -0.448769
   -0.441481
   -0.428943
   -0.428910
   -0.443620
   -0.473068
   -0.505003
   -0.466871
   -0.440096
   -0.484722
   -0.496259
   -0.472321
   -0.428310
   -0.411440
   -0.474730
   -0.436801
   -0.438908
   -0.437197
   -0.434990
   -0.416410
   -0.409624
   -0.409403
   -0.445773
   -0.456472
   -0.432473
   -0.409938
   -0.419883
   -0.463439
   -0.455472
   -0.507713
   -0.438210
   -0.444663
   -0.459097
   -0.467787
   -0.470343
   -0.460051
   -0.462828
   -0.474170
   -0.433535
   -0.452902
   -0.474179
   -0.446110
   -0.425873
   -0.506828
   -0.547205
   -0.603470
   -0.621811
   -0.358780
   -0.355642
   -0.353107
   -0.360294
   -0.351450
   -0.250913
   -0.209876
   -0.229920
   -0.279702
   -0.326879
   -0.365410
   -0.354482
   -0.373569
   -0.346139
   -0.355809
   -0.406281
   -0.388048
   -0.363208
   -0.346350
   -0.373908
   -0.372407
   -0.268644
   -0.186604
   -0.202795
   -0.257284
   -0.305594
   -0.350216
   -0.388554
   -0.417444
   -0.386763
   -0.393154
   -0.427066
   -0.436867
   -0.435496
   -0.435185
   -0.418219
   -0.383857
   -0.427753
   -0.400764
   -0.271765
   -0.142703
   -0.165613
   -0.253408
   -0.420823
   -0.385050
   -0.460736
   -0.453688
   -0.470760
   -0.481933
   -0.488432
   -0.480602
   -0.427717
   -0.395233
   -0.446435
   -0.429233
   -0.260807
   -0.091282
   -0.132261
   -0.258199
   -0.369137
   -0.348113
   -0.465753
   -0.500672
   -0.493033
   -0.450306
   -0.459118
   -0.466373
   -0.470109
   -0.495483
   -0.458988
   -0.411763
   -0.421878
   -0.416150
   -0.319190
   -0.220500
   -0.189910
   -0.260989
   -0.404314
   -0.420558
   -0.533528
   -0.499802
   -0.513552
   -0.530148
   -0.531581
   -0.506018
   -0.458912
   -0.457428
   -0.514619
   -0.499505
   -0.377306
   -0.257430
   -0.217265
   -0.341059
   -0.406718
   -0.457432
   -0.557460
   -0.457988
   -0.461411
   -0.445869
   -0.440970
   -0.443587
   -0.463641
   -0.495644
   -0.456010
   -0.415236
   -0.416038
   -0.388808
   -0.360189
   -0.193482
   -0.088289
   -0.238027
   -0.402681
   -0.490383
   -0.496195
   -0.488038
   -0.469336
   -0.470889
   -0.496017
   -0.553832
   -0.526141
   -0.475828
   -0.446031
   -0.407550
   -0.400872
   -0.257913
   -0.082779
   -0.239500
   -0.309457
   -0.431425
   -0.426891
   -0.421124
   -0.410009
   -0.457596
   -0.408482
   -0.452903
   -0.446731
   -0.457614
   -0.439712
   -0.459326
   -0.419567
   -0.430547
   -0.365677
   -0.241658
   -0.054277
   -0.447391
   -0.445265
   -0.446261
   -0.443687
   -0.467736
   -0.460196
   -0.476273
   -0.468781
   -0.489402
   -0.509157
   -0.498902
   -0.436201
   -0.376480
   -0.391735
   -0.185422
    0.011947
   -0.444858
   -0.434517
   -0.421088
   -0.415278
   -0.432517
   -0.405314
   -0.421508
   -0.455510
   -0.463423
   -0.436481
   -0.456026
   -0.478115
   -0.485330
   -0.444049
   -0.430609
   -0.486283
   -0.457564
   -0.451612
   -0.442623
   -0.445436
   -0.422061
   -0.463173
   -0.487472
   -0.475816
   -0.459499
   -0.487151
   -0.509056
   -0.476302
   -0.513966
   -0.464034
   -0.380807
   -0.463806
   -0.411551
   -0.426147
   -0.433214
   -0.440311
   -0.424197
   -0.431504
   -0.433066
   -0.433058
   -0.430655
   -0.423806
   -0.413607
   -0.415830
   -0.457707
   -0.490668
   -0.464974
   -0.499653
   -0.456152
   -0.463364
   -0.467325
   -0.468641
   -0.478284
   -0.459101
   -0.463970
   -0.455681
   -0.447161
   -0.416896
   -0.421336
   -0.481591
   -0.546386
   -0.562533
   -0.596593
   -0.639519
   -0.449991
   -0.445514
   -0.442424
   -0.448343
   -0.420472
   -0.420552
   -0.432257
   -0.409758
   -0.406317
   -0.461649
   -0.446488
   -0.459457
   -0.476939
   -0.500076
   -0.473592
   -0.411496
   -0.449844
   -0.438419
   -0.434478
   -0.438987
   -0.459574
   -0.432813
   -0.439672
   -0.413977
   -0.436031
   -0.488485
   -0.471911
   -0.480173
   -0.510468
   -0.595819
   -0.596861
   -0.425378
   -0.428907
   -0.453622
   -0.445777
   -0.440652
   -0.439010
   -0.383201
   -0.413624
   -0.411584
   -0.247604
   -0.125117
   -0.185493
   -0.364326
   -0.384536
   -0.423462
   -0.431197
   -0.440695
   -0.459607
   -0.510600
   -0.501634
   -0.463056
   -0.475905
   -0.419958
   -0.442933
   -0.398942
   -0.206551
   -0.114775
   -0.209092
   -0.345192
   -0.365019
   -0.443608
   -0.471652
   -0.465567
   -0.483389
   -0.476160
   -0.460656
   -0.445396
   -0.463224
   -0.476969
   -0.450085
   -0.440807
   -0.446275
   -0.395847
   -0.251464
   -0.134647
   -0.223263
   -0.379089
   -0.417431
   -0.482284
   -0.549329
   -0.529324
   -0.517172
   -0.526312
   -0.555008
   -0.562867
   -0.541251
   -0.512502
   -0.499692
   -0.417339
   -0.280125
   -0.195914
   -0.220586
   -0.403033
   -0.449148
   -0.561809
   -0.426706
   -0.428885
   -0.417948
   -0.430216
   -0.426843
   -0.453925
   -0.494612
   -0.468805
   -0.442868
   -0.446673
   -0.402689
   -0.356217
   -0.249016
   -0.104135
   -0.212950
   -0.357988
   -0.453287
   -0.451491
   -0.454567
   -0.464807
   -0.472772
   -0.478226
   -0.535201
   -0.540651
   -0.518406
   -0.481833
   -0.419617
   -0.391915
   -0.276289
   -0.102896
   -0.204642
   -0.297647
   -0.435376
   -0.427088
   -0.419645
   -0.419534
   -0.436537
   -0.410237
   -0.461263
   -0.430846
   -0.425208
   -0.435519
   -0.475862
   -0.438712
   -0.406155
   -0.346016
   -0.254083
   -0.082510
   -0.452911
   -0.447925
   -0.441761
   -0.425129
   -0.462321
   -0.441593
   -0.473665
   -0.464673
   -0.468196
   -0.473959
   -0.490625
   -0.475142
   -0.360629
   -0.355925
   -0.198014
    0.007467
   -0.423904
   -0.429892
   -0.428368
   -0.435690
   -0.433745
   -0.400901
   -0.408048
   -0.436476
   -0.465201
   -0.460997
   -0.465139
   -0.465181
   -0.466566
   -0.461028
   -0.417080
   -0.439515
   -0.453893
   -0.457995
   -0.453747
   -0.462174
   -0.442846
   -0.449850
   -0.456896
   -0.474458
   -0.461374
   -0.484197
   -0.505068
   -0.487083
   -0.508299
   -0.490136
   -0.392680
   -0.445997
   -0.447335
   -0.437986
   -0.432553
   -0.415276
   -0.402924
   -0.436640
   -0.444768
   -0.435762
   -0.416230
   -0.418311
   -0.431392
   -0.444646
   -0.493243
   -0.492931
   -0.499620
   -0.526439
   -0.449132
   -0.437646
   -0.432594
   -0.435736
   -0.472501
   -0.441904
   -0.460561
   -0.460731
   -0.447228
   -0.426006
   -0.435026
   -0.502158
   -0.570132
   -0.555468
   -0.577280
   -0.643548
   -0.433016
   -0.451491
   -0.448120
   -0.462551
   -0.439772
   -0.411125
   -0.408482
   -0.418533
   -0.436919
   -0.461472
   -0.439789
   -0.478471
   -0.464072
   -0.507818
   -0.493688
   -0.444042
   -0.454529
   -0.455461
   -0.450223
   -0.456893
   -0.457921
   -0.416068
   -0.416169
   -0.420331
   -0.453212
   -0.499524
   -0.467272
   -0.491013
   -0.510844
   -0.598547
   -0.580567
   -0.416099
   -0.418773
   -0.412116
   -0.410121
   -0.423200
   -0.438637
   -0.404750
   -0.416802
   -0.436680
   -0.436855
   -0.458526
   -0.492127
   -0.480048
   -0.424098
   -0.412849
   -0.350637
   -0.084129
   -0.443678
   -0.432882
   -0.439067
   -0.426703
   -0.433149
   -0.433399
   -0.445076
   -0.458917
   -0.446882
   -0.507504
   -0.561876
   -0.577745
   -0.439987
   -0.387322
   -0.313057
   -0.033897
   -0.448945
   -0.445874
   -0.433471
   -0.438091
   -0.442263
   -0.444456
   -0.471474
   -0.472883
   -0.443525
   -0.414693
   -0.335547
   -0.198931
   -0.139659
   -0.305236
   -0.400442
   -0.463113
   -0.491727
   -0.497056
   -0.486713
   -0.478027
   -0.515906
   -0.517048
   -0.535412
   -0.530394
   -0.500500
   -0.459486
   -0.347056
   -0.201651
   -0.145252
   -0.281431
   -0.397143
   -0.515123
   -0.434789
   -0.430525
   -0.419977
   -0.423271
   -0.424253
   -0.434661
   -0.444700
   -0.454554
   -0.474551
   -0.475541
   -0.444125
   -0.387462
   -0.331275
   -0.188726
   -0.163398
   -0.283702
   -0.441914
   -0.439028
   -0.451961
   -0.465072
   -0.481520
   -0.474453
   -0.484530
   -0.519586
   -0.542165
   -0.521945
   -0.472386
   -0.421964
   -0.360847
   -0.165508
   -0.149224
   -0.267055
   -0.434446
   -0.435964
   -0.428715
   -0.434900
   -0.434171
   -0.412131
   -0.453659
   -0.436866
   -0.445382
   -0.420330
   -0.447488
   -0.442284
   -0.454578
   -0.370640
   -0.316466
   -0.133742
   -0.446548
   -0.452605
   -0.444308
   -0.446405
   -0.437173
   -0.466917
   -0.494565
   -0.468756
   -0.461111
   -0.442584
   -0.476189
   -0.484560
   -0.429213
   -0.407522
   -0.272529
   -0.082349
   -0.427559
   -0.427259
   -0.431392
   -0.415243
   -0.428034
   -0.427606
   -0.417198
   -0.431483
   -0.458151
   -0.450110
   -0.465044
   -0.444211
   -0.446765
   -0.457925
   -0.430509
   -0.436906
   -0.435744
   -0.437763
   -0.442499
   -0.449401
   -0.465568
   -0.454877
   -0.449943
   -0.468594
   -0.471742
   -0.492683
   -0.493492
   -0.463311
   -0.478879
   -0.520341
   -0.443597
   -0.436997
   -0.441563
   -0.454117
   -0.448510
   -0.460657
   -0.426545
   -0.416103
   -0.449794
   -0.431818
   -0.411819
   -0.427541
   -0.402375
   -0.436765
   -0.448540
   -0.437155
   -0.475478
   -0.520829
   -0.478132
   -0.475377
   -0.461876
   -0.461547
   -0.477110
   -0.437594
   -0.498822
   -0.463373
   -0.425612
   -0.430657
   -0.421835
   -0.489226
   -0.513410
   -0.495350
   -0.556392
   -0.645704
   -0.415089
   -0.421082
   -0.429721
   -0.439924
   -0.433832
   -0.418821
   -0.432155
   -0.431981
   -0.419108
   -0.453449
   -0.445537
   -0.458779
   -0.454767
   -0.507099
   -0.453185
   -0.399949
   -0.416000
   -0.429336
   -0.454272
   -0.438423
   -0.483238
   -0.422050
   -0.398161
   -0.454883
   -0.466489
   -0.468031
   -0.479296
   -0.474738
   -0.495749
   -0.597213
   -0.524516
   -0.415789
   -0.461015
   -0.438129
   -0.404008
   -0.382471
   -0.438487
   -0.443287
   -0.401227
   -0.436031
   -0.443382
   -0.463640
   -0.476148
   -0.444975
   -0.426293
   -0.404553
   -0.349082
   -0.115510
   -0.453174
   -0.440549
   -0.422749
   -0.415729
   -0.428620
   -0.397017
   -0.424086
   -0.449726
   -0.466255
   -0.538660
   -0.548058
   -0.503890
   -0.427070
   -0.373960
   -0.333788
   -0.022030
   -0.436575
   -0.457553
   -0.447955
   -0.415886
   -0.414234
   -0.495086
   -0.491119
   -0.518175
   -0.488347
   -0.409730
   -0.408492
   -0.409642
   -0.221543
   -0.080073
   -0.108570
   -0.346713
   -0.468885
   -0.502399
   -0.501381
   -0.463758
   -0.417256
   -0.521938
   -0.550744
   -0.578778
   -0.541836
   -0.437247
   -0.375895
   -0.409449
   -0.191123
   -0.019994
   -0.010985
   -0.363527
   -0.442007
   -0.439755
   -0.440144
   -0.444052
   -0.416521
   -0.427200
   -0.458325
   -0.480370
   -0.501206
   -0.512387
   -0.486646
   -0.425854
   -0.389328
   -0.269473
   -0.175605
   -0.282448
   -0.478054
   -0.472995
   -0.471028
   -0.476675
   -0.502797
   -0.491168
   -0.485127
   -0.522328
   -0.563171
   -0.560695
   -0.519849
   -0.457171
   -0.404291
   -0.245363
   -0.148351
   -0.257212
   -0.425354
   -0.427089
   -0.421325
   -0.424358
   -0.459008
   -0.435823
   -0.441344
   -0.462454
   -0.457719
   -0.440379
   -0.453794
   -0.483766
   -0.448829
   -0.450783
   -0.360188
   -0.152966
   -0.440256
   -0.445471
   -0.450505
   -0.459822
   -0.477810
   -0.457173
   -0.467364
   -0.489960
   -0.494278
   -0.478056
   -0.492787
   -0.532796
   -0.488079
   -0.411264
   -0.330784
   -0.122698
   -0.454468
   -0.444262
   -0.435803
   -0.456728
   -0.420916
   -0.408437
   -0.410574
   -0.431604
   -0.438593
   -0.431800
   -0.446109
   -0.450870
   -0.450553
   -0.482257
   -0.438571
   -0.424500
   -0.496822
   -0.501957
   -0.492748
   -0.506679
   -0.455875
   -0.450828
   -0.461843
   -0.457435
   -0.461251
   -0.462774
   -0.468504
   -0.476525
   -0.474924
   -0.543552
   -0.491847
   -0.484108
   -0.463256
   -0.456895
   -0.450719
   -0.474178
   -0.415477
   -0.408494
   -0.406199
   -0.409835
   -0.436394
   -0.429110
   -0.412204
   -0.443751
   -0.453006
   -0.471120
   -0.467300
   -0.544117
   -0.452452
   -0.463053
   -0.465817
   -0.485216
   -0.447183
   -0.445301
   -0.443165
   -0.435343
   -0.449908
   -0.458490
   -0.468092
   -0.500067
   -0.523359
   -0.569457
   -0.570433
   -0.655484
   -0.424158
   -0.435314
   -0.451389
   -0.438284
   -0.418504
   -0.440439
   -0.469925
   -0.447604
   -0.425942
   -0.446470
   -0.457932
   -0.475475
   -0.477804
   -0.425105
   -0.433978
   -0.412762
   -0.451131
   -0.458020
   -0.479879
   -0.462099
   -0.452038
   -0.445965
   -0.476272
   -0.486009
   -0.471899
   -0.480575
   -0.489486
   -0.496346
   -0.570625
   -0.548920
   -0.473831
   -0.435596
   -0.429317
   -0.441522
   -0.469614
   -0.471882
   -0.479661
   -0.456578
   -0.433341
   -0.445276
   -0.468310
   -0.500348
   -0.477570
   -0.434546
   -0.406197
   -0.393707
   -0.293259
   -0.052490
   -0.467498
   -0.486394
   -0.520087
   -0.514022
   -0.483626
   -0.483785
   -0.476563
   -0.475740
   -0.515293
   -0.561719
   -0.536213
   -0.441652
   -0.368147
   -0.406270
   -0.311467
   -0.015830
   -0.496226
   -0.483188
   -0.450390
   -0.434762
   -0.477121
   -0.469553
   -0.481082
   -0.512547
   -0.456526
   -0.414334
   -0.417306
   -0.316866
   -0.169395
   -0.070908
   -0.177512
   -0.382717
   -0.543833
   -0.564045
   -0.552298
   -0.519644
   -0.533098
   -0.592845
   -0.605315
   -0.585171
   -0.506252
   -0.400471
   -0.383401
   -0.320179
   -0.138675
   -0.001251
   -0.149381
   -0.390500
   -0.478391
   -0.503479
   -0.526173
   -0.485202
   -0.442396
   -0.512400
   -0.470000
   -0.440300
   -0.436553
   -0.269398
   -0.089044
   -0.151194
   -0.350105
   -0.415362
   -0.437158
   -0.487650
   -0.538000
   -0.603996
   -0.613750
   -0.597336
   -0.522483
   -0.588881
   -0.530376
   -0.457244
   -0.466577
   -0.307537
   -0.079321
   -0.124092
   -0.398780
   -0.447787
   -0.481513
   -0.578539
   -0.449775
   -0.464224
   -0.461307
   -0.441074
   -0.440536
   -0.425729
   -0.410386
   -0.425747
   -0.447261
   -0.464682
   -0.465499
   -0.488263
   -0.471541
   -0.449608
   -0.405459
   -0.172664
   -0.458388
   -0.486502
   -0.486853
   -0.486927
   -0.471956
   -0.451984
   -0.445679
   -0.458945
   -0.477751
   -0.476804
   -0.491743
   -0.533441
   -0.536069
   -0.455169
   -0.404151
   -0.152591
   -0.441761
   -0.442857
   -0.449407
   -0.462727
   -0.453221
   -0.440566
   -0.435208
   -0.442033
   -0.423896
   -0.399569
   -0.407779
   -0.437747
   -0.424125
   -0.464982
   -0.459280
   -0.464796
   -0.469508
   -0.471628
   -0.480005
   -0.487441
   -0.475385
   -0.462994
   -0.485427
   -0.483671
   -0.450702
   -0.419893
   -0.439621
   -0.492082
   -0.470295
   -0.518519
   -0.521262
   -0.497597
   -0.431518
   -0.422868
   -0.434001
   -0.432234
   -0.427363
   -0.422653
   -0.414241
   -0.368100
   -0.375395
   -0.432948
   -0.452325
   -0.444271
   -0.423462
   -0.492054
   -0.484099
   -0.535023
   -0.459124
   -0.448486
   -0.466020
   -0.480103
   -0.464502
   -0.451280
   -0.424117
   -0.392154
   -0.434956
   -0.481459
   -0.483921
   -0.488211
   -0.523174
   -0.552474
   -0.558409
   -0.642169
   -0.471362
   -0.443785
   -0.436570
   -0.452096
   -0.411518
   -0.455322
   -0.467742
   -0.440087
   -0.438143
   -0.443986
   -0.449258
   -0.492645
   -0.488440
   -0.478261
   -0.423596
   -0.430993
   -0.496350
   -0.468453
   -0.457105
   -0.459958
   -0.448473
   -0.449355
   -0.470194
   -0.489937
   -0.477652
   -0.460402
   -0.481539
   -0.530139
   -0.582646
   -0.573072
   -0.466567
   -0.459995
   -0.457172
   -0.474997
   -0.464655
   -0.458256
   -0.504710
   -0.451467
   -0.423792
   -0.452920
   -0.474845
   -0.489154
   -0.468040
   -0.419019
   -0.407156
   -0.378425
   -0.272432
   -0.083524
   -0.462981
   -0.480994
   -0.511130
   -0.497564
   -0.497506
   -0.477109
   -0.471293
   -0.476690
   -0.495350
   -0.549390
   -0.531584
   -0.429187
   -0.340462
   -0.383451
   -0.274281
   -0.047145
   -0.514960
   -0.493697
   -0.501905
   -0.498101
   -0.474609
   -0.484627
   -0.489756
   -0.486601
   -0.419513
   -0.403534
   -0.437755
   -0.338622
   -0.150957
   -0.035463
   -0.179100
   -0.378685
   -0.592362
   -0.554597
   -0.543662
   -0.542513
   -0.504758
   -0.594258
   -0.605244
   -0.532973
   -0.478360
   -0.423490
   -0.398406
   -0.302623
   -0.144414
    0.013409
   -0.126062
   -0.342567
   -0.469438
   -0.482160
   -0.490270
   -0.454558
   -0.454089
   -0.462830
   -0.490833
   -0.464439
   -0.368850
   -0.192851
   -0.084762
   -0.178858
   -0.343762
   -0.444306
   -0.429741
   -0.462689
   -0.525935
   -0.551421
   -0.557244
   -0.547044
   -0.517143
   -0.569367
   -0.516457
   -0.518970
   -0.454202
   -0.173747
   -0.015507
   -0.184285
   -0.379706
   -0.460179
   -0.463434
   -0.564625
   -0.460249
   -0.427850
   -0.429023
   -0.453641
   -0.415622
   -0.338321
   -0.202811
   -0.038580
   -0.098233
   -0.323406
   -0.440447
   -0.443570
   -0.499486
   -0.537645
   -0.504502
   -0.455690
   -0.491437
   -0.404202
   -0.370849
   -0.410015
   -0.409433
   -0.344309
   -0.181604
    0.004180
   -0.108961
   -0.387344
   -0.494880
   -0.454261
   -0.586314
   -0.646669
   -0.644809
   -0.556329
   -0.429056
   -0.431676
   -0.427105
   -0.426346
   -0.406879
   -0.414055
   -0.406041
   -0.405615
   -0.411840
   -0.409020
   -0.409557
   -0.433288
   -0.440267
   -0.451363
   -0.430262
   -0.489408
   -0.410669
   -0.417887
   -0.418942
   -0.417325
   -0.415368
   -0.428508
   -0.418467
   -0.404731
   -0.414183
   -0.403823
   -0.407083
   -0.441292
   -0.485039
   -0.498854
   -0.527545
   -0.517888
   -0.435773
   -0.432232
   -0.430375
   -0.429471
   -0.428790
   -0.432081
   -0.425844
   -0.419589
   -0.418777
   -0.415034
   -0.408913
   -0.406159
   -0.480706
   -0.423105
   -0.453579
   -0.481377
   -0.449483
   -0.444628
   -0.441522
   -0.439071
   -0.422800
   -0.410535
   -0.421157
   -0.427401
   -0.414482
   -0.420787
   -0.430053
   -0.420824
   -0.477872
   -0.460655
   -0.469643
   -0.589433
   -0.425056
   -0.428466
   -0.423067
   -0.413596
   -0.425431
   -0.434182
   -0.408631
   -0.390977
   -0.413932
   -0.436550
   -0.437390
   -0.454932
   -0.490171
   -0.451216
   -0.425867
   -0.408620
   -0.430435
   -0.446385
   -0.451965
   -0.442236
   -0.479541
   -0.452153
   -0.437514
   -0.458306
   -0.463057
   -0.436348
   -0.446223
   -0.491551
   -0.516556
   -0.465986
   -0.424175
   -0.393028
   -0.472389
   -0.463969
   -0.433139
   -0.387876
   -0.459715
   -0.473271
   -0.492729
   -0.489074
   -0.466360
   -0.449629
   -0.421920
   -0.380860
   -0.356769
   -0.344892
   -0.259594
   -0.067392
   -0.514337
   -0.505850
   -0.472870
   -0.423969
   -0.487406
   -0.472323
   -0.501217
   -0.523088
   -0.517340
   -0.504395
   -0.464440
   -0.400851
   -0.371365
   -0.315081
   -0.202667
   -0.008133
   -0.475802
   -0.499144
   -0.479155
   -0.434348
   -0.506842
   -0.461987
   -0.426840
   -0.409975
   -0.397778
   -0.398962
   -0.342148
   -0.241071
   -0.037461
   -0.063843
   -0.212709
   -0.367539
   -0.508369
   -0.527812
   -0.503471
   -0.473467
   -0.546655
   -0.518168
   -0.454518
   -0.391920
   -0.378546
   -0.396040
   -0.328751
   -0.220522
    0.029234
   -0.022612
   -0.200208
   -0.352621
   -0.426612
   -0.423055
   -0.415594
   -0.407512
   -0.363946
   -0.418689
   -0.456678
   -0.383566
   -0.210284
   -0.076702
   -0.145011
   -0.303575
   -0.425816
   -0.405789
   -0.439945
   -0.489383
   -0.427419
   -0.403514
   -0.386477
   -0.370713
   -0.331053
   -0.408611
   -0.476096
   -0.441665
   -0.244009
   -0.046214
   -0.100357
   -0.304967
   -0.441542
   -0.384116
   -0.434857
   -0.554536
   -0.200090
   -0.269896
   -0.341122
   -0.366784
   -0.296117
   -0.114758
    0.011337
   -0.095080
   -0.293228
   -0.365374
   -0.366602
   -0.432494
   -0.470664
   -0.537074
   -0.507624
   -0.438020
   -0.153402
   -0.193677
   -0.280869
   -0.352916
   -0.265657
   -0.059069
    0.090229
   -0.018638
   -0.224249
   -0.327781
   -0.368028
   -0.438254
   -0.583632
   -0.622353
   -0.572063
   -0.502734
   -0.174550
   -0.009617
    0.042363
   -0.028786
   -0.110417
   -0.088854
   -0.090234
   -0.103127
   -0.160734
   -0.288841
   -0.379387
   -0.371219
   -0.364973
   -0.371109
   -0.382021
   -0.375129
   -0.140556
    0.075014
    0.144098
    0.069446
   -0.037927
   -0.042773
   -0.051386
   -0.040030
   -0.111433
   -0.317530
   -0.441837
   -0.392768
   -0.300520
   -0.335396
   -0.374089
   -0.379398
   -0.430212
   -0.426415
   -0.427803
   -0.426692
   -0.435509
   -0.437983
   -0.440767
   -0.442403
   -0.435495
   -0.442547
   -0.435514
   -0.424838
   -0.454809
   -0.408442
   -0.410066
   -0.500190
   -0.447295
   -0.452547
   -0.459006
   -0.452949
   -0.465154
   -0.466193
   -0.467916
   -0.460051
   -0.455501
   -0.465186
   -0.470531
   -0.460342
   -0.475566
   -0.453631
   -0.487504
   -0.605877
   -0.458597
   -0.456731
   -0.442451
   -0.415267
   -0.446555
   -0.441022
   -0.435221
   -0.437995
   -0.446085
   -0.452853
   -0.462749
   -0.463811
   -0.502639
   -0.484737
   -0.432714
   -0.375438
   -0.499152
   -0.495091
   -0.484089
   -0.456745
   -0.466430
   -0.461931
   -0.453347
   -0.468534
   -0.486031
   -0.485154
   -0.481345
   -0.481735
   -0.558873
   -0.517409
   -0.442914
   -0.393471
   -0.474034
   -0.478501
   -0.473133
   -0.480750
   -0.469631
   -0.460417
   -0.473254
   -0.499638
   -0.499303
   -0.464262
   -0.428485
   -0.404312
   -0.385452
   -0.353348
   -0.281941
   -0.091369
   -0.529115
   -0.535497
   -0.523259
   -0.503363
   -0.489316
   -0.501413
   -0.538321
   -0.547008
   -0.522605
   -0.497037
   -0.459285
   -0.383745
   -0.401460
   -0.352211
   -0.221577
   -0.014064
   -0.426994
   -0.451752
   -0.469465
   -0.454548
   -0.471051
   -0.466594
   -0.450075
   -0.404562
   -0.372352
   -0.388047
   -0.325112
   -0.192669
   -0.044808
   -0.065207
   -0.218503
   -0.373014
   -0.477187
   -0.514966
   -0.535531
   -0.522976
   -0.529514
   -0.520317
   -0.472812
   -0.395013
   -0.372488
   -0.385673
   -0.299199
   -0.165712
    0.005299
   -0.017488
   -0.204533
   -0.361221
   -0.392336
   -0.378828
   -0.367645
   -0.356510
   -0.397848
   -0.413387
   -0.387980
   -0.274048
   -0.128776
   -0.077865
   -0.209842
   -0.396643
   -0.426898
   -0.416051
   -0.433660
   -0.461182
   -0.422399
   -0.381803
   -0.328538
   -0.331264
   -0.359582
   -0.416924
   -0.426851
   -0.336077
   -0.176432
   -0.076431
   -0.188532
   -0.407082
   -0.444801
   -0.401154
   -0.448398
   -0.552038
   -0.063284
   -0.095379
   -0.132615
   -0.208897
   -0.141535
   -0.069017
   -0.061243
   -0.204724
   -0.383743
   -0.412528
   -0.376583
   -0.407735
   -0.507074
   -0.555618
   -0.541361
   -0.473692
    0.010110
   -0.035449
   -0.105564
   -0.176214
   -0.130511
   -0.027992
   -0.024420
   -0.200688
   -0.338424
   -0.340714
   -0.349600
   -0.429738
   -0.603607
   -0.640219
   -0.621585
   -0.545573
   -0.130986
   -0.046851
   -0.113449
   -0.256966
   -0.249988
   -0.081554
    0.037087
   -0.023452
   -0.134063
   -0.240776
   -0.320199
   -0.370702
   -0.382389
   -0.381928
   -0.403285
   -0.398755
   -0.055098
    0.008874
   -0.090500
   -0.204725
   -0.202166
   -0.029621
    0.089492
    0.069106
   -0.067305
   -0.275896
   -0.405277
   -0.387647
   -0.352697
   -0.379540
   -0.411947
   -0.408374
   -0.326909
   -0.372051
   -0.378539
   -0.371136
   -0.404831
   -0.418803
   -0.438589
   -0.433427
   -0.373640
   -0.305525
   -0.215668
   -0.107624
   -0.004259
   -0.010016
   -0.052653
   -0.117958
   -0.282180
   -0.340959
   -0.356456
   -0.363122
   -0.385683
   -0.442672
   -0.496510
   -0.483676
   -0.396449
   -0.297197
   -0.183654
   -0.101481
    0.009397
    0.066775
   -0.002238
   -0.115489
   -0.483992
   -0.488440
   -0.520191
   -0.500690
   -0.488269
   -0.498802
   -0.495726
   -0.492201
   -0.488728
   -0.489606
   -0.488005
   -0.486311
   -0.484356
   -0.467189
   -0.459730
   -0.447864
   -0.588143
   -0.586923
   -0.588941
   -0.576266
   -0.560348
   -0.572079
   -0.566668
   -0.565015
   -0.575016
   -0.575406
   -0.566601
   -0.552909
   -0.578221
   -0.557594
   -0.514223
   -0.490013
   -0.450241
   -0.474403
   -0.483030
   -0.476409
   -0.503584
   -0.485657
   -0.479352
   -0.487540
   -0.498264
   -0.486381
   -0.464428
   -0.446724
   -0.401738
   -0.478741
   -0.388867
   -0.218313
   -0.535197
   -0.557488
   -0.572174
   -0.571724
   -0.559832
   -0.560104
   -0.570882
   -0.578272
   -0.572758
   -0.554720
   -0.538873
   -0.495810
   -0.476160
   -0.504305
   -0.395243
   -0.214520
   -0.421460
   -0.435635
   -0.484735
   -0.513472
   -0.472752
   -0.483021
   -0.474164
   -0.441236
   -0.412675
   -0.395117
   -0.316310
   -0.232296
   -0.123340
   -0.126925
   -0.261189
   -0.385678
   -0.507279
   -0.502430
   -0.505352
   -0.531299
   -0.530279
   -0.527998
   -0.497274
   -0.450187
   -0.449464
   -0.472535
   -0.411426
   -0.306689
   -0.157470
   -0.160363
   -0.292211
   -0.424061
   -0.264760
   -0.333596
   -0.392236
   -0.465353
   -0.401239
   -0.328720
   -0.247602
   -0.174471
   -0.137593
   -0.175664
   -0.302999
   -0.439548
   -0.510533
   -0.521220
   -0.499390
   -0.492860
   -0.275120
   -0.336852
   -0.402994
   -0.495132
   -0.435967
   -0.380166
   -0.296629
   -0.210470
   -0.154437
   -0.190784
   -0.343859
   -0.498512
   -0.543864
   -0.535758
   -0.558742
   -0.609915
   -0.235883
   -0.082285
   -0.039717
   -0.131520
   -0.076787
   -0.142492
   -0.274251
   -0.396677
   -0.444729
   -0.415568
   -0.426709
   -0.481853
   -0.530648
   -0.541316
   -0.543938
   -0.495693
   -0.252425
   -0.107273
   -0.091241
   -0.174209
   -0.118251
   -0.152691
   -0.265478
   -0.417147
   -0.442768
   -0.389450
   -0.447397
   -0.578827
   -0.639382
   -0.636127
   -0.616496
   -0.578042
   -0.129153
   -0.250111
   -0.381492
   -0.469724
   -0.425542
   -0.241487
   -0.093628
   -0.120163
   -0.208035
   -0.260827
   -0.300693
   -0.351293
   -0.395050
   -0.449430
   -0.469394
   -0.446446
   -0.153777
   -0.292530
   -0.441356
   -0.533768
   -0.455459
   -0.284707
   -0.130168
   -0.130718
   -0.241126
   -0.356151
   -0.401957
   -0.399308
   -0.409482
   -0.487567
   -0.505815
   -0.492462
   -0.482346
   -0.477330
   -0.472032
   -0.481634
   -0.459850
   -0.472140
   -0.490930
   -0.471262
   -0.425370
   -0.402711
   -0.326778
   -0.209217
   -0.107005
   -0.077017
   -0.105162
   -0.195955
   -0.559097
   -0.548362
   -0.553481
   -0.569203
   -0.559996
   -0.571134
   -0.571065
   -0.539537
   -0.513531
   -0.474358
   -0.368658
   -0.240070
   -0.145487
   -0.094850
   -0.137799
   -0.247914
   -0.530274
   -0.536618
   -0.536439
   -0.527202
   -0.519294
   -0.521705
   -0.520661
   -0.535375
   -0.542149
   -0.499947
   -0.462565
   -0.469158
   -0.487176
   -0.473784
   -0.359092
   -0.320000
   -0.600430
   -0.632136
   -0.660679
   -0.650084
   -0.621336
   -0.640466
   -0.638061
   -0.634007
   -0.604369
   -0.523004
   -0.476076
   -0.484130
   -0.552602
   -0.505985
   -0.404741
   -0.354235
   -0.437351
   -0.455574
   -0.467216
   -0.481099
   -0.453732
   -0.441278
   -0.431567
   -0.431284
   -0.432157
   -0.419191
   -0.416694
   -0.424226
   -0.391278
   -0.452450
   -0.387786
   -0.229593
   -0.475648
   -0.471611
   -0.487854
   -0.520252
   -0.470434
   -0.478913
   -0.498753
   -0.499609
   -0.468245
   -0.442022
   -0.446259
   -0.428003
   -0.479581
   -0.498543
   -0.400447
   -0.211397
   -0.380452
   -0.412414
   -0.423814
   -0.393574
   -0.408766
   -0.452869
   -0.465115
   -0.415587
   -0.356910
   -0.316487
   -0.234039
   -0.162113
   -0.077741
   -0.086728
   -0.213029
   -0.330946
   -0.377196
   -0.421570
   -0.449776
   -0.432372
   -0.446102
   -0.479617
   -0.482518
   -0.426618
   -0.385196
   -0.378108
   -0.306855
   -0.224588
   -0.083711
   -0.116420
   -0.214584
   -0.304605
   -0.116809
   -0.138294
   -0.203109
   -0.292333
   -0.293546
   -0.187847
   -0.106039
   -0.093341
   -0.119413
   -0.177667
   -0.286001
   -0.395640
   -0.439258
   -0.474892
   -0.466461
   -0.449552
   -0.161237
   -0.163506
   -0.211968
   -0.300745
   -0.327353
   -0.229283
   -0.124932
   -0.088660
   -0.109723
   -0.199808
   -0.334722
   -0.453105
   -0.419055
   -0.442466
   -0.488145
   -0.533394
   -0.152443
   -0.106050
   -0.130888
   -0.187018
   -0.139523
   -0.145716
   -0.201924
   -0.298267
   -0.377100
   -0.392051
   -0.414621
   -0.447765
   -0.490873
   -0.513516
   -0.502540
   -0.448296
   -0.139520
   -0.082158
   -0.094884
   -0.164622
   -0.161455
   -0.135600
   -0.174961
   -0.292057
   -0.363348
   -0.364928
   -0.435337
   -0.529060
   -0.577941
   -0.598068
   -0.544641
   -0.475033
   -0.356935
   -0.400201
   -0.409144
   -0.416375
   -0.377647
   -0.297933
   -0.223296
   -0.194459
   -0.161413
   -0.135764
   -0.182069
   -0.266294
   -0.363330
   -0.444173
   -0.467306
   -0.423044
   -0.362979
   -0.389958
   -0.412712
   -0.416994
   -0.344803
   -0.303351
   -0.255851
   -0.213991
   -0.176130
   -0.188763
   -0.259487
   -0.317012
   -0.407510
   -0.484703
   -0.489221
   -0.459769
   -0.451863
   -0.456163
   -0.461719
   -0.461470
   -0.447860
   -0.433341
   -0.430568
   -0.439979
   -0.428800
   -0.417834
   -0.332443
   -0.206506
   -0.084867
   -0.026930
   -0.061096
   -0.199823
   -0.516049
   -0.528362
   -0.534996
   -0.532128
   -0.511559
   -0.508954
   -0.509411
   -0.488448
   -0.468548
   -0.433550
   -0.345338
   -0.245102
   -0.082167
   -0.001414
   -0.048527
   -0.223890
   -0.480339
   -0.491192
   -0.466003
   -0.443601
   -0.499634
   -0.494008
   -0.479288
   -0.472214
   -0.454209
   -0.428616
   -0.410637
   -0.419755
   -0.429367
   -0.417585
   -0.317411
   -0.279478
   -0.583288
   -0.591158
   -0.566643
   -0.536906
   -0.539373
   -0.589369
   -0.607223
   -0.584374
   -0.553811
   -0.480888
   -0.422611
   -0.424700
   -0.426223
   -0.400134
   -0.317297
   -0.274960
   -0.464634
   -0.466751
   -0.465912
   -0.446211
   -0.448319
   -0.451834
   -0.432873
   -0.409383
   -0.444625
   -0.477767
   -0.460575
   -0.454253
   -0.491776
   -0.462251
   -0.284455
   -0.110117
   -0.528384
   -0.525502
   -0.533965
   -0.520870
   -0.531988
   -0.490483
   -0.441105
   -0.461826
   -0.473295
   -0.495340
   -0.547179
   -0.519610
   -0.599118
   -0.545600
   -0.346454
   -0.170320
