    0.310901
   -0.037153
    0.059533
    0.453617
    0.088258
   -0.373235
   -0.365249
   -0.303345
   -0.293067
   -0.163478
    0.234139
   -0.005776
    0.332955
    0.263873
    0.171523
    0.068122
    0.386167
   -0.136001
    0.096007
    0.572889
    0.142517
   -0.365324
   -0.321595
   -0.327356
   -0.298116
   -0.097721
    0.137325
    0.071356
    0.467462
    0.400880
    0.188372
   -0.019939
    0.267342
   -0.114117
   -0.311407
    0.309377
    0.193856
    0.228577
   -0.318495
    0.244896
   -0.227988
   -0.143501
    0.267110
    0.091996
   -0.033085
    0.045678
   -0.201115
    0.070402
    0.282080
   -0.105390
   -0.309195
    0.380664
    0.244184
    0.289118
   -0.348801
    0.265669
   -0.244049
   -0.196044
    0.260583
    0.100638
    0.055172
    0.091478
   -0.210008
    0.104452
    0.370732
    0.232452
   -0.386025
   -0.178695
    0.321958
    0.244100
   -0.229778
   -0.326705
   -0.307163
    0.359692
    0.223172
    0.180859
   -0.127326
   -0.115223
    0.408010
    0.353354
    0.542523
    0.187566
   -0.445239
   -0.111239
    0.435508
    0.275812
   -0.205197
   -0.329064
   -0.319820
    0.313047
    0.256534
    0.149048
   -0.146616
   -0.123513
    0.461295
    0.386991
    0.292714
    0.232860
    0.138386
   -0.407297
    0.071583
    0.196279
    0.256890
    0.362394
    0.194166
    0.294977
    0.100431
   -0.150491
    0.198678
   -0.102185
    0.275245
    0.263922
    0.504919
    0.299254
   -0.079180
   -0.448468
    0.124472
    0.262134
    0.292434
    0.321877
    0.284628
    0.335122
    0.129135
   -0.183812
    0.183248
   -0.043021
    0.315124
    0.254981
    0.229785
    0.261128
   -0.477585
   -0.362309
   -0.257968
    0.359174
    0.310499
    0.251934
    0.107753
   -0.130354
    0.186216
    0.341448
    0.260693
    0.058338
    0.035876
    0.261685
    0.328014
    0.398111
   -0.589622
   -0.546252
   -0.340242
    0.422277
    0.417452
    0.192482
    0.080282
   -0.099336
    0.236323
    0.411925
    0.242585
    0.041154
    0.034728
    0.366203
   -0.108906
    0.317553
    0.199890
    0.180369
    0.261459
    0.250856
    0.238495
   -0.096952
    0.061953
    0.372898
    0.218135
    0.287457
    0.250074
    0.257974
   -0.085528
    0.313628
   -0.040615
    0.363779
    0.286616
    0.132393
    0.332024
    0.238823
    0.196158
   -0.183391
   -0.024940
    0.438156
    0.312668
    0.261383
    0.231712
    0.171512
   -0.081525
    0.430401
    0.083964
    0.157630
    0.275945
    0.267060
    0.273331
    0.041487
   -0.102723
    0.395396
    0.269268
    0.305980
    0.121300
   -0.334037
    0.238149
    0.246945
    0.171645
    0.020088
    0.113019
    0.225252
    0.416685
    0.277059
    0.196630
   -0.018227
   -0.111280
    0.365873
    0.375548
    0.294881
    0.204443
   -0.396494
    0.276341
    0.210971
    0.216582
    0.016110
    0.136994
   -0.124290
    0.153342
    0.132374
   -0.133473
    0.221347
    0.309927
    0.200425
    0.251068
    0.221490
    0.259785
   -0.289663
   -0.135490
    0.298757
    0.231121
    0.058813
    0.121194
   -0.109719
    0.164632
    0.170943
   -0.182585
    0.162286
    0.421224
    0.198197
    0.322082
    0.274054
    0.251527
   -0.299614
   -0.146107
    0.305005
    0.179452
    0.125189
    0.309410
    0.201537
    0.263166
    0.112145
   -0.288758
    0.319886
   -0.135013
   -0.211335
    0.203764
    0.044855
    0.057082
    0.312913
    0.251965
    0.200403
    0.354774
    0.275615
    0.341758
    0.151624
    0.330390
    0.182920
   -0.301065
    0.357219
   -0.255231
   -0.211342
    0.142432
    0.067451
    0.195031
    0.344115
    0.275185
    0.181336
    0.405300
    0.292288
   -0.105419
   -0.247191
    0.360101
    0.299707
   -0.204526
   -0.295154
   -0.367454
   -0.089728
   -0.338866
    0.244712
    0.007689
    0.262104
    0.327475
    0.216139
    0.119675
   -0.158988
   -0.123645
   -0.232147
    0.489380
    0.387828
   -0.174848
   -0.261617
   -0.472036
   -0.078397
   -0.350261
    0.107175
    0.090158
    0.423053
    0.459324
    0.212708
    0.066076
   -0.243693
    0.180562
   -0.402894
    0.061460
    0.224268
    0.266531
   -0.289853
    0.101629
   -0.084990
   -0.285796
    0.319079
    0.178284
   -0.082798
    0.126776
   -0.197379
    0.101740
    0.393283
    0.136901
   -0.470279
    0.131751
    0.280070
    0.365593
   -0.264737
    0.131535
   -0.158302
   -0.315040
    0.325781
    0.210740
   -0.037306
    0.120614
   -0.179828
    0.071126
    0.472706
    0.212004
   -0.137289
   -0.295319
    0.232987
    0.254297
   -0.051758
   -0.272888
   -0.256284
    0.272872
    0.321324
    0.212746
   -0.173308
   -0.152747
    0.362931
    0.356895
    0.332835
    0.295806
   -0.196191
   -0.284404
    0.258440
    0.384335
   -0.044787
   -0.270976
   -0.289268
    0.343908
    0.325200
    0.141234
   -0.211816
   -0.179835
    0.385561
    0.441683
    0.392634
    0.311348
    0.110731
   -0.408635
   -0.145283
    0.221156
    0.260405
    0.369607
    0.247015
    0.270571
    0.087794
   -0.133116
    0.199772
   -0.003436
    0.197421
    0.271695
    0.239976
    0.472769
    0.029527
   -0.537156
   -0.181183
    0.287329
    0.313312
    0.494289
    0.350995
    0.336242
    0.124522
   -0.134234
    0.244714
    0.079172
    0.214550
    0.318555
    0.215055
    0.294118
   -0.355623
   -0.263479
   -0.287422
    0.398853
    0.281406
    0.280570
    0.114316
   -0.201642
    0.197444
    0.378229
    0.251697
    0.155439
   -0.050675
    0.255346
    0.255026
    0.447681
   -0.397701
   -0.384562
   -0.338351
    0.460253
    0.434266
    0.335012
    0.083385
   -0.203298
    0.285249
    0.505309
    0.284137
    0.141035
   -0.088417
    0.348114
    0.295158
    0.198247
    0.352855
    0.202823
    0.250794
    0.278566
    0.191968
   -0.131202
    0.091040
    0.354831
    0.294217
    0.246964
    0.232985
    0.300052
   -0.024144
    0.287932
    0.288364
    0.376395
    0.422671
    0.201203
    0.313742
    0.248855
    0.164156
   -0.187801
    0.035198
    0.488855
    0.419589
    0.324456
    0.228147
    0.244779
    0.004656
    0.422168
    0.425743
   -0.039744
    0.299216
    0.281953
    0.236580
   -0.015867
   -0.018289
    0.392277
    0.296878
    0.256297
    0.197668
   -0.316609
    0.145168
    0.219621
    0.220709
   -0.046744
    0.335760
    0.061588
    0.336223
    0.300858
    0.292215
   -0.075999
   -0.105329
    0.494637
    0.351784
    0.278411
    0.284989
   -0.397846
    0.183733
    0.227381
    0.269663
    0.022748
    0.489641
    0.357683
    0.260661
    0.260271
   -0.451419
   -0.216793
    0.120434
   -0.251636
    0.288813
    0.053431
    0.237963
    0.264828
   -0.348750
   -0.369814
   -0.126059
    0.383421
    0.322690
    0.336152
    0.341898
    0.322631
   -0.625401
   -0.309942
    0.176589
   -0.229543
    0.208567
    0.077950
    0.292098
    0.364350
   -0.471445
   -0.519214
   -0.229097
    0.428619
    0.495614
    0.092378
    0.245653
    0.314537
   -0.319297
    0.146319
   -0.077312
   -0.333908
    0.111940
    0.215397
   -0.057866
    0.241261
    0.296845
    0.201295
    0.363572
    0.282154
    0.114400
    0.032209
    0.311870
    0.463520
   -0.362081
    0.099242
   -0.180620
   -0.340508
    0.005102
    0.194609
    0.012705
    0.264123
    0.290883
    0.194884
    0.422872
    0.345172
    0.140750
   -0.422493
    0.193499
    0.415894
   -0.003620
   -0.314635
   -0.432869
    0.088501
   -0.321540
    0.204631
    0.119321
    0.076007
    0.293425
    0.246285
    0.217573
   -0.133536
   -0.022482
   -0.550487
    0.150393
    0.545330
    0.037869
   -0.321485
   -0.526231
    0.119377
   -0.294611
    0.146194
    0.150855
    0.215207
    0.405715
    0.300846
    0.181413
   -0.256655
   -0.054554
   -0.325228
   -0.216482
    0.244935
    0.339398
   -0.148127
   -0.093613
   -0.104998
   -0.436596
    0.255352
    0.200629
   -0.109060
    0.200311
   -0.072175
   -0.033855
    0.251984
    0.313321
   -0.484417
   -0.265842
    0.332393
    0.366670
   -0.117104
   -0.119815
   -0.166552
   -0.479006
    0.306276
    0.245106
   -0.116078
    0.205734
   -0.108814
   -0.080209
    0.281071
    0.399855
    0.021021
   -0.414292
    0.129716
    0.314175
    0.152186
   -0.282926
   -0.234058
    0.211326
    0.323646
    0.215539
   -0.108118
   -0.261700
    0.128425
    0.337795
    0.273623
    0.039695
   -0.044399
   -0.482883
    0.200610
    0.469307
    0.223273
   -0.311360
   -0.281143
    0.296839
    0.315809
    0.236571
   -0.150281
   -0.312644
    0.147969
    0.421569
    0.348001
   -0.057056
    0.134042
   -0.461058
   -0.337849
    0.282834
    0.237000
    0.343431
    0.251539
    0.268476
    0.072277
   -0.153321
    0.135165
    0.035183
    0.136588
    0.183371
    0.214619
   -0.242936
    0.063582
   -0.611214
   -0.451092
    0.280452
    0.256037
    0.448685
    0.346798
    0.360317
    0.076427
   -0.184139
    0.138595
    0.061456
    0.211058
    0.194073
    0.273912
   -0.327183
   -0.144149
   -0.118017
   -0.235129
    0.222160
    0.272264
    0.273913
    0.102918
   -0.205029
    0.113336
    0.322167
    0.264017
    0.295672
   -0.141983
    0.219706
    0.224703
    0.072786
   -0.160548
   -0.216096
   -0.340692
    0.316666
    0.367456
    0.354531
    0.135237
   -0.271099
    0.122625
    0.393106
    0.267669
    0.370362
   -0.167486
    0.225334
    0.234433
    0.140869
    0.269986
    0.233785
    0.250068
    0.228639
    0.188980
   -0.135043
    0.034860
    0.307301
    0.257496
    0.232897
    0.197315
    0.288101
    0.104343
    0.171651
    0.263362
    0.199487
    0.385983
    0.258396
    0.223598
    0.233865
    0.177276
   -0.238651
   -0.023114
    0.397132
    0.316754
    0.233676
    0.132396
    0.298264
    0.142825
    0.228835
    0.367277
    0.178341
    0.209749
    0.344349
    0.255239
   -0.153603
   -0.280351
   -0.126048
    0.184695
   -0.041400
    0.291803
    0.357408
    0.012555
   -0.485840
    0.053192
    0.242103
    0.108843
    0.197254
    0.260599
    0.385155
    0.246001
   -0.347722
   -0.286198
   -0.161333
    0.205566
   -0.013795
    0.390515
    0.402695
   -0.060761
   -0.611561
    0.016706
    0.239522
    0.040876
    0.240101
    0.237420
    0.409561
   -0.350994
   -0.339427
    0.140313
   -0.283873
    0.203578
    0.104088
    0.150393
    0.312752
   -0.325693
   -0.348262
   -0.344405
    0.335492
    0.302938
    0.386040
    0.304475
    0.454684
   -0.460427
   -0.575646
    0.169060
   -0.257823
    0.174108
    0.047316
    0.251683
    0.454650
   -0.386048
   -0.513821
   -0.433088
    0.420485
    0.371224
    0.542386
    0.229166
    0.404714
   -0.238740
   -0.003108
    0.004826
   -0.401898
    0.097760
    0.193687
   -0.057634
    0.245269
    0.253659
    0.229188
    0.283036
    0.334186
    0.188173
   -0.173917
    0.228970
    0.547723
   -0.244278
   -0.004132
   -0.121847
   -0.457551
    0.073139
    0.123986
   -0.017580
    0.303980
    0.303744
    0.156125
    0.343999
    0.411970
    0.213388
   -0.248035
    0.019367
    0.349703
    0.099051
   -0.289752
   -0.415663
    0.067940
   -0.317562
    0.135159
    0.177628
    0.028139
    0.273673
    0.239671
    0.255248
   -0.067115
   -0.106250
    0.208708
   -0.071630
    0.481134
    0.167627
   -0.296702
   -0.575099
    0.021645
   -0.243006
    0.068382
    0.171957
    0.141350
    0.378327
    0.318013
    0.238000
   -0.190233
   -0.194563
    0.211347
   -0.368517
    0.251560
    0.291502
    0.075985
   -0.196525
   -0.081656
   -0.496055
    0.244283
    0.205442
   -0.066112
    0.197643
   -0.019233
   -0.089879
    0.224578
    0.231374
    0.310850
   -0.457046
    0.285614
    0.425690
    0.144213
   -0.224335
   -0.150578
   -0.661954
    0.293438
    0.184857
   -0.060959
    0.202142
   -0.121933
   -0.129322
    0.202312
    0.318039
    0.331369
   -0.393390
    0.005534
    0.309967
    0.268539
   -0.276866
   -0.219367
    0.176184
    0.286754
    0.278290
   -0.060988
   -0.253440
    0.145493
    0.352342
    0.349511
    0.169045
    0.086440
   -0.474311
    0.008872
    0.465517
    0.306577
   -0.284971
   -0.273996
    0.199076
    0.311909
    0.259453
   -0.177275
   -0.311491
    0.115726
    0.476974
    0.440217
    0.178012
    0.028672
   -0.459206
   -0.414337
    0.220918
    0.285640
    0.372742
    0.270980
    0.252837
    0.066409
   -0.129142
    0.125146
    0.068770
    0.156596
    0.244938
    0.226076
   -0.295333
   -0.231709
   -0.648429
   -0.543754
    0.242434
    0.335296
    0.459749
    0.344428
    0.357254
    0.087968
   -0.159204
    0.113131
    0.084455
    0.218299
    0.160109
    0.230795
   -0.378189
   -0.280713
    0.025841
   -0.178346
    0.219202
    0.231806
    0.285413
    0.117437
   -0.223860
    0.077060
    0.339914
    0.278686
    0.283708
   -0.114428
    0.228245
    0.249681
    0.079530
   -0.397011
   -0.023202
   -0.277290
    0.273512
    0.300318
    0.362138
    0.145356
   -0.312048
    0.118621
    0.387632
    0.290711
    0.348032
   -0.149982
    0.205089
    0.249478
    0.091385
   -0.453484
   -0.135466
    0.260351
    0.375402
    0.303941
    0.231694
    0.130797
   -0.044518
    0.265071
    0.288151
    0.031851
   -0.413983
    0.153093
    0.364723
   -0.095469
   -0.308546
   -0.356970
   -0.132828
    0.217068
    0.386548
    0.453278
    0.250174
    0.110697
    0.034703
    0.363572
    0.393519
   -0.028906
   -0.544952
    0.144086
    0.493379
    0.029621
   -0.275501
   -0.472097
    0.346842
    0.274774
   -0.189342
   -0.313103
   -0.263274
    0.074183
    0.081932
    0.183089
    0.341544
    0.230952
   -0.439885
   -0.228451
    0.258467
    0.089328
    0.138391
    0.249556
    0.463994
    0.286557
   -0.379938
   -0.367481
   -0.235381
    0.083449
    0.126736
    0.241264
    0.416226
    0.204161
   -0.533889
   -0.309178
    0.217395
    0.046614
    0.135542
    0.306298
    0.357453
   -0.034208
   -0.549891
    0.159892
   -0.105412
   -0.128575
    0.213526
   -0.019629
    0.258249
   -0.185133
   -0.317890
   -0.414308
    0.174388
    0.262558
    0.383158
    0.252273
    0.515182
    0.003530
   -0.738822
    0.112048
   -0.090615
   -0.125640
    0.121076
    0.008720
    0.347367
   -0.133222
   -0.420734
   -0.486458
    0.222133
    0.330112
    0.541308
    0.288639
    0.349754
    0.061982
   -0.241849
   -0.033840
   -0.450833
   -0.087855
    0.136024
    0.146019
    0.102136
    0.258027
    0.249027
    0.140704
    0.330665
    0.302392
    0.064174
   -0.167219
    0.572904
    0.175556
   -0.282582
   -0.092352
   -0.513035
   -0.056775
    0.042354
    0.185431
    0.135335
    0.296876
    0.233279
    0.154663
    0.449657
    0.336871
    0.002424
   -0.256576
    0.291656
    0.308342
   -0.072584
   -0.405588
   -0.000593
   -0.101787
   -0.196599
    0.229222
   -0.036589
    0.217825
    0.329668
    0.308226
    0.068108
   -0.158955
    0.133209
    0.371250
    0.362759
    0.378836
   -0.071696
   -0.601290
   -0.063342
   -0.048759
   -0.207672
    0.179313
    0.079837
    0.340641
    0.372219
    0.341802
    0.029921
   -0.239291
    0.068865
    0.473379
    0.079729
    0.397229
    0.299115
   -0.310026
   -0.110415
   -0.464863
    0.067037
    0.194325
    0.082297
    0.018020
    0.091568
   -0.094810
    0.141203
    0.328180
    0.328468
    0.379351
    0.128538
    0.519978
    0.433081
   -0.335346
   -0.159314
   -0.609519
    0.017620
    0.136106
    0.109282
    0.086657
    0.019549
   -0.107471
    0.148822
    0.426218
    0.411197
    0.497979
   -0.252669
    0.275869
    0.306012
   -0.006716
   -0.100988
    0.059957
    0.265663
    0.333137
    0.030538
   -0.178023
    0.030401
    0.280503
    0.372130
    0.228330
    0.038606
    0.215536
   -0.325572
    0.343154
    0.347844
   -0.056400
   -0.179122
    0.062334
    0.300900
    0.382298
   -0.064741
   -0.227009
   -0.014254
    0.353983
    0.465660
    0.269187
   -0.059576
    0.125900
   -0.425083
    0.033394
    0.325657
    0.344094
    0.328390
    0.257958
    0.094197
   -0.132300
    0.120022
    0.206575
    0.038850
    0.233068
    0.234223
   -0.163099
   -0.352115
    0.268269
   -0.569164
   -0.010102
    0.340951
    0.434065
    0.378789
    0.372931
    0.084014
   -0.157331
    0.079208
    0.214159
    0.181410
    0.171600
    0.212362
   -0.173682
   -0.414967
    0.292752
   -0.109775
   -0.088967
    0.236783
    0.400206
    0.229359
    0.057822
    0.220132
    0.310641
   -0.102002
   -0.416062
    0.306200
    0.395319
   -0.198687
   -0.310458
    0.278271
   -0.324142
   -0.190505
   -0.139875
    0.332008
    0.551208
    0.266681
    0.093723
    0.182353
    0.342062
   -0.124306
   -0.434797
    0.441893
    0.539405
   -0.214752
   -0.345277
    0.269621
   -0.486313
    0.303575
    0.266218
    0.309861
    0.241500
    0.177633
   -0.018590
    0.265335
    0.321698
    0.225133
   -0.344635
   -0.057565
    0.337414
    0.143651
   -0.322781
   -0.268942
   -0.450154
    0.293864
    0.290933
    0.356030
    0.346269
    0.044462
   -0.005611
    0.288372
    0.446157
    0.143777
   -0.490612
   -0.110988
    0.428868
    0.295055
   -0.280240
   -0.294922
   -0.550680
    0.243500
   -0.183282
   -0.389574
   -0.313720
   -0.078563
    0.203133
   -0.010014
    0.332736
    0.274433
   -0.256313
   -0.358159
    0.186397
    0.166156
    0.085145
    0.168227
    0.329335
    0.272405
   -0.321871
   -0.461541
   -0.282463
   -0.107358
    0.224203
    0.014968
    0.434760
    0.279629
   -0.425362
   -0.494573
    0.240830
    0.125243
    0.059810
    0.202278
    0.385543
    0.190626
   -0.445318
    0.127413
    0.080951
   -0.311051
    0.216661
   -0.002662
    0.248688
    0.019034
   -0.309134
   -0.368879
    0.053860
    0.221293
    0.394750
    0.296661
    0.146899
    0.281404
   -0.595736
    0.063050
    0.073678
   -0.226031
    0.147942
   -0.017387
    0.378338
    0.119518
   -0.415576
   -0.459316
    0.071225
    0.284987
    0.544118
    0.385311
    0.085083
    0.284587
   -0.340328
   -0.140689
   -0.459205
   -0.221407
    0.052306
    0.222547
   -0.022533
    0.209479
    0.223520
    0.173900
    0.338115
    0.295952
    0.131628
   -0.087421
   -0.075635
    0.475564
   -0.384052
   -0.162112
   -0.601092
   -0.144995
   -0.015100
    0.254168
    0.023029
    0.257699
    0.251307
    0.143745
    0.479887
    0.349173
    0.111064
   -0.216899
   -0.098796
    0.264230
    0.078270
   -0.336620
   -0.061464
    0.070998
   -0.285221
    0.200430
    0.036000
    0.185352
    0.279749
    0.254361
    0.115028
   -0.154340
   -0.022582
    0.278628
    0.332874
    0.374309
    0.079752
   -0.469790
   -0.143267
    0.064864
   -0.281081
    0.102447
    0.071851
    0.289336
    0.416773
    0.288943
    0.084930
   -0.249853
   -0.085140
    0.310208
    0.455763
    0.269281
    0.387398
   -0.282706
   -0.178998
   -0.455936
   -0.083610
    0.264744
    0.157422
   -0.035913
    0.115725
   -0.185257
    0.025817
    0.258377
    0.329500
    0.367279
    0.246893
    0.368777
    0.552361
   -0.327762
   -0.220436
   -0.607228
   -0.095127
    0.214679
    0.182372
   -0.012310
    0.078692
   -0.218843
    0.026396
    0.366667
    0.407907
    0.482647
    0.322287
    0.124060
    0.257006
    0.097949
   -0.051147
    0.122268
    0.257254
    0.362995
    0.079397
   -0.196336
   -0.047500
    0.290072
    0.324334
    0.261621
    0.023114
    0.184105
    0.275725
    0.139374
    0.335155
    0.027378
   -0.059886
    0.060275
    0.305961
    0.411989
   -0.027452
   -0.273326
   -0.103789
    0.352937
    0.476608
    0.329802
   -0.074664
    0.127204
    0.326461
    0.175614
   -0.085109
   -0.189389
   -0.045828
    0.206773
    0.299068
    0.366585
   -0.167155
   -0.224998
    0.279437
    0.458578
    0.328441
   -0.343681
   -0.412168
   -0.232186
   -0.074534
    0.208830
   -0.069378
   -0.230792
   -0.075978
    0.253393
    0.352260
    0.368715
   -0.234633
   -0.355614
    0.319917
    0.660490
    0.462374
   -0.501571
   -0.544696
   -0.250666
   -0.099090
   -0.056460
    0.261828
    0.417295
    0.312330
   -0.086889
    0.223315
    0.262973
    0.148827
   -0.360270
    0.227028
    0.357210
    0.005413
   -0.377857
    0.228557
   -0.171648
   -0.265747
   -0.157909
    0.354581
    0.599447
    0.368862
   -0.102702
    0.212581
    0.285314
    0.105905
   -0.435791
    0.284038
    0.497455
    0.049907
   -0.429864
    0.232984
   -0.277508
   -0.372044
    0.254688
    0.193015
    0.230607
    0.138024
   -0.001616
    0.164050
    0.336200
    0.261460
   -0.315790
   -0.236097
    0.340162
    0.242343
   -0.242168
   -0.115677
   -0.478246
    0.068351
    0.253922
    0.164615
    0.332024
    0.037540
    0.006917
    0.225437
    0.479522
    0.254114
   -0.417559
   -0.301728
    0.388035
    0.412349
   -0.181694
   -0.068550
   -0.618495
    0.104024
   -0.153237
   -0.497870
   -0.312299
   -0.173155
    0.237745
   -0.061159
    0.331925
    0.293840
   -0.133779
   -0.468653
    0.185318
    0.220585
    0.033191
    0.100702
    0.179582
    0.328574
   -0.346793
   -0.642865
   -0.233297
   -0.177937
    0.256003
   -0.050145
    0.399745
    0.317460
   -0.233850
   -0.567731
    0.208823
    0.188273
   -0.005772
    0.105777
    0.218286
    0.468134
   -0.357032
    0.119514
    0.159896
   -0.336272
    0.191678
   -0.006390
    0.177488
    0.191577
   -0.318230
   -0.370549
   -0.092867
    0.278909
    0.315942
    0.326766
    0.143446
    0.021771
   -0.445966
    0.047472
    0.193302
   -0.265535
    0.129648
   -0.070619
    0.296000
    0.297828
   -0.409130
   -0.527726
   -0.091955
    0.353020
    0.430957
    0.483327
    0.108001
   -0.061027
   -0.312709
   -0.221937
   -0.496928
   -0.241120
    0.034848
    0.205111
   -0.074217
    0.314457
    0.221026
    0.212995
    0.319070
    0.335674
    0.183355
   -0.069893
   -0.134450
    0.130391
   -0.343022
   -0.305940
   -0.672690
   -0.199577
    0.021392
    0.223885
   -0.041356
    0.380306
    0.256478
    0.132456
    0.446410
    0.362422
    0.185285
   -0.138733
   -0.237112
    0.072574
    0.221111
   -0.357262
   -0.012320
    0.128637
   -0.276754
    0.228518
    0.064784
    0.143956
    0.249933
    0.263185
    0.158159
   -0.120048
   -0.116102
    0.239085
    0.331487
    0.335138
    0.199452
   -0.360503
   -0.148362
    0.042041
   -0.331118
    0.167664
    0.135553
    0.226759
    0.357695
    0.322508
    0.139693
   -0.252242
   -0.199220
    0.280256
    0.488490
    0.482138
    0.320359
   -0.210431
   -0.246531
   -0.439283
   -0.157804
    0.302939
    0.149918
   -0.066278
    0.119127
   -0.171934
    0.017063
    0.229196
    0.352908
    0.335153
    0.330769
   -0.217440
    0.507998
   -0.144773
   -0.298403
   -0.604770
   -0.194930
    0.238570
    0.173094
   -0.019392
    0.066019
   -0.238936
   -0.017635
    0.354580
    0.434059
    0.396311
    0.418961
   -0.293911
    0.332231
    0.169989
   -0.224709
   -0.219235
    0.158317
    0.353493
    0.386248
    0.115450
    0.268019
    0.326889
   -0.383566
    0.130200
    0.150847
   -0.247738
    0.001147
    0.231988
    0.488211
    0.144950
   -0.344037
   -0.351965
    0.148124
    0.471788
    0.430795
    0.055782
    0.254097
    0.365493
   -0.563562
    0.052226
    0.136684
   -0.263319
   -0.124333
    0.314995
   -0.135918
    0.003324
    0.214662
   -0.029548
    0.269507
    0.306757
    0.045316
   -0.361631
    0.224137
    0.412547
    0.413504
   -0.309306
   -0.520061
   -0.243382
   -0.230072
    0.278019
   -0.189619
   -0.034080
    0.231587
   -0.042745
    0.344696
    0.366348
   -0.024216
   -0.505587
    0.232171
    0.617598
    0.553610
   -0.382296
   -0.676164
   -0.233244
   -0.287604
    0.249911
    0.340656
    0.393711
    0.286994
   -0.007213
    0.179034
    0.245287
    0.324122
   -0.337837
   -0.058676
    0.370507
    0.215491
   -0.406962
    0.203107
    0.038864
   -0.373275
    0.209090
    0.401633
    0.561705
    0.340910
   -0.009408
    0.139696
    0.282977
    0.341034
   -0.407551
   -0.032772
    0.528867
    0.327186
   -0.491839
    0.230555
   -0.037396
   -0.473928
    0.126680
    0.024895
   -0.062624
    0.079213
    0.157395
    0.073859
    0.353356
    0.350744
   -0.113111
   -0.373543
    0.267264
    0.360878
   -0.240091
   -0.200810
   -0.438445
   -0.086946
    0.300586
   -0.090767
    0.012568
    0.037766
    0.124229
    0.112857
    0.459154
    0.403118
   -0.223496
   -0.485781
    0.303832
    0.538171
   -0.167753
   -0.118989
   -0.609817
   -0.102470
    0.365848
   -0.528835
   -0.142520
   -0.277567
    0.220024
   -0.029462
    0.208394
    0.335623
    0.020985
   -0.427632
    0.035205
    0.253059
    0.088259
    0.115909
    0.227220
    0.291587
    0.375679
   -0.728187
   -0.014401
   -0.208003
    0.233354
   -0.034863
    0.283388
    0.394799
   -0.048809
   -0.586769
    0.001576
    0.271836
    0.016546
    0.124298
    0.261063
    0.420267
    0.424678
    0.080714
    0.157182
   -0.293689
    0.210529
    0.150135
    0.010998
    0.234454
   -0.254802
   -0.263652
   -0.284502
    0.303350
    0.340855
    0.367034
    0.176876
    0.052231
   -0.082331
    0.012396
    0.169085
   -0.308691
    0.183363
    0.127488
    0.126947
    0.351548
   -0.257599
   -0.409538
   -0.364056
    0.420333
    0.430894
    0.533358
    0.195715
   -0.016117
   -0.158328
   -0.334138
   -0.531035
   -0.180927
   -0.191206
    0.185298
    0.009694
    0.238056
    0.224248
    0.210678
    0.310415
    0.298609
    0.211742
   -0.096475
   -0.141855
    0.152317
    0.365856
   -0.389355
   -0.671784
   -0.147257
   -0.148236
    0.200515
    0.070106
    0.335653
    0.284852
    0.192045
    0.387077
    0.348849
    0.238335
   -0.187393
   -0.234597
    0.056084
    0.400114
   -0.233679
   -0.013007
    0.098012
   -0.316001
    0.164925
    0.196785
    0.037559
    0.238558
    0.264615
    0.172576
   -0.139980
   -0.102881
    0.197851
    0.362636
    0.338607
    0.232867
   -0.195078
   -0.093182
    0.044753
   -0.387040
    0.139270
    0.246576
    0.082362
    0.324386
    0.321951
    0.161794
   -0.274283
   -0.164238
    0.211108
    0.508936
    0.487450
    0.219624
    0.245501
   -0.098930
    0.216314
   -0.028033
   -0.159926
    0.060415
    0.256799
    0.287017
    0.312512
    0.138292
   -0.525101
   -0.388751
   -0.053145
    0.236503
    0.046505
    0.400173
    0.286222
   -0.114859
    0.237070
   -0.029688
   -0.205530
    0.082115
    0.346450
    0.496024
    0.473763
    0.073749
   -0.747560
   -0.481547
    0.047777
    0.187653
    0.136755
    0.491069
    0.113984
   -0.210675
   -0.229871
    0.126220
    0.392790
    0.359150
    0.118257
    0.209111
    0.340960
   -0.283768
    0.011829
    0.183823
   -0.293728
   -0.098490
    0.218532
    0.140115
    0.183325
   -0.361973
   -0.362049
    0.136838
    0.546107
    0.396787
    0.115369
    0.170135
    0.440393
   -0.445061
   -0.092187
    0.134217
   -0.290991
   -0.211017
    0.251799
    0.242547
    0.054464
    0.270419
   -0.113857
    0.240436
    0.270575
    0.158308
   -0.404043
    0.116630
    0.400769
    0.416920
   -0.144210
   -0.570823
   -0.323510
   -0.290850
    0.232121
   -0.016518
    0.130555
    0.385237
   -0.087452
    0.327009
    0.304590
    0.093306
   -0.539462
    0.073019
    0.547321
    0.608299
   -0.140498
   -0.673345
   -0.381988
   -0.337257
    0.254203
   -0.001701
    0.343106
    0.338129
    0.096939
    0.080081
    0.247111
    0.368054
   -0.273093
   -0.242834
    0.368526
    0.303108
   -0.371603
    0.063052
    0.186116
   -0.378842
    0.242202
    0.173026
    0.541790
    0.399618
    0.096946
    0.129853
    0.282647
    0.410378
   -0.339699
   -0.282166
    0.445042
    0.480518
   -0.413185
    0.067765
    0.167475
   -0.517642
    0.122387
    0.069074
   -0.216314
   -0.009147
    0.194175
   -0.035418
    0.325051
    0.348830
    0.043010
   -0.437409
    0.220891
    0.395309
   -0.175402
   -0.244667
   -0.333602
   -0.252369
    0.346536
    0.303486
   -0.194848
   -0.041463
    0.099300
    0.004104
    0.416994
    0.478202
   -0.045166
   -0.549465
    0.196278
    0.545776
   -0.047698
   -0.234689
   -0.415829
   -0.337498
    0.425578
    0.339117
    0.047873
   -0.237991
    0.130338
    0.053344
    0.130152
    0.364743
    0.099281
   -0.458523
   -0.118891
    0.273675
    0.168102
    0.087812
    0.189864
    0.314537
    0.394293
    0.186597
    0.091909
   -0.153568
    0.148353
    0.054626
    0.183428
    0.410771
    0.112774
   -0.611121
   -0.200399
    0.304668
    0.102836
    0.121490
    0.211595
    0.416256
    0.479891
    0.267684
    0.141559
   -0.340643
    0.150891
    0.186427
   -0.083197
    0.226169
   -0.216778
   -0.242894
   -0.338913
    0.264589
    0.309211
    0.379939
    0.232946
    0.121937
   -0.086044
   -0.046537
    0.079991
   -0.385691
    0.165968
    0.090327
    0.031873
    0.343696
   -0.220269
   -0.342116
   -0.427822
    0.358293
    0.398944
    0.590882
    0.181168
    0.055896
   -0.140223
   -0.137274
   -0.488380
   -0.088741
   -0.242270
    0.174423
    0.057131
    0.244587
    0.265346
    0.193292
    0.291562
    0.315732
    0.202796
   -0.041289
   -0.181765
    0.092515
    0.307491
    0.400959
   -0.662206
   -0.117654
   -0.192707
    0.188033
    0.157877
    0.332041
    0.327607
    0.185128
    0.376342
    0.421274
    0.225659
   -0.113069
   -0.259482
    0.041458
    0.312258
    0.575665
   -0.088662
    0.289683
    0.391415
    0.224568
    0.073943
   -0.158994
   -0.111356
    0.238566
    0.346437
    0.277006
    0.273533
    0.238427
    0.188722
   -0.017935
    0.232706
    0.205463
   -0.084055
    0.343766
    0.561537
    0.322283
   -0.023762
   -0.277737
   -0.160629
    0.293850
    0.388143
    0.354029
    0.394037
    0.250282
    0.109168
   -0.043798
    0.248944
    0.201198
    0.125647
   -0.008903
   -0.118605
   -0.074602
    0.113898
    0.292968
    0.292890
    0.382042
    0.252683
   -0.437568
   -0.414614
   -0.191203
    0.167823
    0.222696
    0.197575
    0.299905
    0.103035
   -0.042340
   -0.176433
   -0.087984
    0.152166
    0.341868
    0.461533
    0.557577
    0.274197
   -0.671737
   -0.545933
   -0.148450
    0.215148
    0.283651
    0.378271
    0.397346
   -0.201984
   -0.212045
    0.207246
    0.367758
    0.291417
    0.126583
    0.072454
    0.321145
   -0.003414
   -0.124919
    0.151318
   -0.093928
   -0.296069
    0.192892
    0.059866
    0.265743
   -0.322271
   -0.289356
    0.169635
    0.500519
    0.394681
    0.112701
    0.013026
    0.394284
   -0.047308
   -0.254086
    0.077367
   -0.049154
   -0.411259
    0.200288
    0.185000
    0.314454
    0.393235
    0.076510
    0.126644
    0.255051
    0.206068
   -0.318772
   -0.190371
    0.313705
    0.446084
    0.096644
   -0.476272
   -0.303233
   -0.333304
    0.099481
    0.169568
    0.148141
    0.535502
    0.139433
    0.146256
    0.222609
    0.228466
   -0.428182
   -0.298197
    0.454981
    0.653687
    0.164590
   -0.679097
   -0.371906
   -0.400775
    0.112100
    0.218635
    0.081451
    0.334408
    0.173126
   -0.046499
    0.222108
    0.369757
    0.012720
   -0.374794
    0.303417
    0.356638
   -0.248913
   -0.242874
    0.268899
   -0.328236
   -0.003405
    0.256737
   -0.025140
    0.431882
    0.113548
   -0.012985
    0.209402
    0.467654
   -0.033021
   -0.413874
    0.338768
    0.479868
   -0.241480
   -0.343220
    0.195911
   -0.447477
   -0.076733
    0.120549
    0.008385
   -0.268398
    0.103724
    0.016681
    0.194780
    0.372552
    0.204731
   -0.403400
   -0.078036
    0.337572
    0.039654
   -0.300171
   -0.313116
   -0.382318
    0.337127
    0.252346
    0.116691
   -0.245504
   -0.015868
    0.079316
    0.300283
    0.461352
    0.087506
   -0.543049
   -0.125719
    0.475819
    0.223706
   -0.326603
   -0.341081
   -0.554299
    0.412876
    0.329899
    0.209675
   -0.163482
   -0.061100
    0.205628
   -0.028212
    0.291953
    0.070553
   -0.498322
   -0.258801
    0.245786
    0.166324
    0.154640
    0.211707
    0.313550
    0.381524
    0.181695
   -0.091207
   -0.074753
   -0.040305
    0.182219
    0.017894
    0.347160
    0.058297
   -0.654705
   -0.311958
    0.273590
    0.135339
    0.177882
    0.199352
    0.438176
    0.477694
    0.283295
   -0.180669
   -0.400298
   -0.045080
    0.187883
   -0.035942
    0.275283
   -0.064535
   -0.089976
   -0.306796
    0.277657
    0.316560
    0.381230
    0.234030
    0.134525
   -0.145157
   -0.076185
    0.172580
   -0.460824
    0.000260
    0.067943
    0.051135
    0.353522
   -0.078156
   -0.170300
   -0.367942
    0.311783
    0.379759
    0.592297
    0.221454
    0.093135
   -0.210635
   -0.200751
    0.076827
    0.180931
    0.312627
    0.268934
    0.264607
    0.345703
    0.214393
   -0.123013
   -0.193371
    0.053213
    0.287169
    0.396800
    0.357416
   -0.001272
    0.264737
   -0.146036
   -0.440062
    0.168117
    0.417588
    0.319905
    0.314179
    0.435528
    0.168400
   -0.188297
   -0.371589
   -0.012943
    0.389443
    0.635542
    0.503666
    0.042810
    0.250238
   -0.193341
   -0.584937
    0.124232
    0.364067
    0.269118
    0.023442
   -0.214793
   -0.041853
    0.253905
    0.371196
    0.280689
    0.259217
    0.214789
    0.172322
    0.158735
    0.165615
    0.217539
    0.011170
    0.078259
    0.493750
    0.316797
   -0.033552
   -0.374633
   -0.088934
    0.314635
    0.420226
    0.332066
    0.369266
    0.266640
    0.098659
    0.138889
    0.234454
    0.203256
    0.037672
   -0.159767
   -0.170006
   -0.040606
    0.186008
    0.328199
    0.281476
    0.390704
    0.303128
   -0.306836
   -0.404523
   -0.250700
    0.054500
    0.278748
    0.024062
    0.288178
    0.280436
   -0.258515
   -0.260726
   -0.054318
    0.155277
    0.389621
    0.401775
    0.569382
    0.387151
   -0.489878
   -0.557237
   -0.215735
    0.112143
    0.305908
    0.256078
    0.344897
    0.307643
   -0.092879
    0.161795
    0.350028
    0.249887
    0.151193
   -0.101013
    0.305758
    0.210017
   -0.166803
    0.175134
    0.110127
   -0.377712
    0.148555
    0.113897
    0.259023
    0.136351
   -0.154312
    0.125736
    0.443779
    0.310875
    0.195743
   -0.168940
    0.345512
    0.229122
   -0.272610
    0.084101
    0.084499
   -0.455993
    0.047081
    0.283898
    0.344806
    0.244440
    0.303578
   -0.009041
    0.198309
    0.239123
   -0.100655
   -0.361686
    0.264391
    0.470936
    0.223249
   -0.452603
   -0.359495
   -0.253927
   -0.069711
    0.243449
    0.005771
    0.231791
    0.374630
    0.048734
    0.247052
    0.264745
   -0.202391
   -0.454709
    0.346302
    0.658553
    0.322483
   -0.624217
   -0.475131
   -0.265576
   -0.134687
    0.345129
   -0.039771
    0.156602
    0.168313
   -0.062198
    0.231709
    0.376315
    0.214224
   -0.372942
    0.129989
    0.369675
   -0.057412
   -0.298366
    0.223443
   -0.235410
   -0.217420
    0.262759
   -0.054968
    0.192823
    0.085104
   -0.068753
    0.270985
    0.471712
    0.129432
   -0.419816
    0.122434
    0.476849
   -0.007302
   -0.379022
    0.175511
   -0.330486
   -0.328438
    0.206147
   -0.037136
    0.176477
   -0.079444
    0.195409
    0.068498
    0.350503
    0.267090
   -0.331532
   -0.280537
    0.313423
    0.240267
   -0.296161
   -0.282598
   -0.475742
    0.259781
    0.265687
    0.164116
    0.258975
   -0.111941
    0.213290
    0.143877
    0.470799
    0.219857
   -0.436112
   -0.309109
    0.395271
    0.377996
   -0.298603
   -0.324619
   -0.671725
    0.374408
    0.311946
    0.248866
    0.354780
   -0.179692
    0.217915
   -0.061677
    0.312254
    0.086268
   -0.417956
   -0.341676
    0.197842
    0.191299
    0.205966
    0.208318
    0.274585
    0.346031
    0.241171
    0.019114
   -0.195375
   -0.167367
    0.171628
   -0.024960
    0.383785
    0.068214
   -0.604831
   -0.395267
    0.253546
    0.160190
    0.217201
    0.174342
    0.357225
    0.475671
    0.283912
   -0.054480
   -0.265710
   -0.074946
   -0.327882
   -0.181426
    0.261559
    0.379510
    0.328907
    0.251888
    0.072484
   -0.088672
   -0.158131
    0.042184
   -0.048492
    0.309024
    0.324816
    0.115915
   -0.166132
    0.009463
   -0.360155
   -0.276382
    0.277424
    0.550355
    0.510429
    0.316009
    0.003863
   -0.125905
   -0.217903
   -0.076202
   -0.106258
    0.340342
    0.427173
    0.091371
   -0.265492
    0.303510
    0.320924
    0.221293
    0.274557
    0.176942
   -0.073577
   -0.187530
    0.028222
    0.248208
    0.381852
    0.322016
    0.022046
    0.260564
   -0.041363
   -0.463226
   -0.393149
    0.320417
    0.452409
    0.295977
    0.369159
    0.098527
   -0.147323
   -0.345055
   -0.102659
    0.309964
    0.639545
    0.503937
    0.049099
    0.241556
   -0.067628
   -0.549428
   -0.536137
    0.271175
    0.222006
   -0.008278
   -0.202584
   -0.006448
    0.216069
    0.375712
    0.261531
    0.193492
    0.238458
    0.186303
    0.140236
    0.187868
    0.188476
   -0.033186
   -0.240374
    0.380372
    0.270571
   -0.058012
   -0.325122
   -0.066918
    0.281809
    0.490139
    0.318024
    0.275759
    0.288766
    0.170958
    0.101110
    0.246671
    0.084883
   -0.022905
   -0.165010
   -0.200281
    0.007644
    0.268570
    0.312542
    0.296778
    0.359195
    0.375914
   -0.269492
   -0.423819
   -0.324463
    0.039397
    0.261137
    0.037419
    0.289245
    0.247683
    0.176131
   -0.345157
   -0.054732
    0.273006
    0.382989
    0.356563
    0.503023
    0.544459
   -0.439440
   -0.612308
   -0.333935
    0.173568
    0.264443
    0.168916
    0.417699
    0.272692
    0.146868
    0.090938
    0.258650
    0.255996
    0.099357
   -0.104117
    0.238262
    0.263270
   -0.114621
    0.236503
    0.083389
   -0.339831
    0.144970
    0.141738
    0.335955
    0.219683
   -0.233155
    0.130276
    0.382882
    0.351183
    0.129388
   -0.254071
    0.206434
    0.315672
   -0.187055
    0.113912
    0.007925
   -0.347306
    0.072701
    0.239161
    0.426259
    0.355193
   -0.213234
   -0.074053
    0.227365
    0.270546
   -0.020910
   -0.342596
    0.230697
    0.467798
    0.285638
   -0.401006
   -0.393690
   -0.310818
   -0.133439
    0.269543
   -0.017963
    0.248620
   -0.099185
   -0.041310
    0.241498
    0.253579
   -0.099424
   -0.455379
    0.278585
    0.663788
    0.417825
   -0.572423
   -0.521908
   -0.256020
   -0.163775
    0.335850
   -0.076189
    0.179543
   -0.071419
   -0.066628
    0.292998
    0.352587
    0.240936
   -0.379429
    0.094081
    0.340380
   -0.018301
   -0.326285
    0.242676
   -0.270193
   -0.222375
    0.240820
   -0.085196
    0.217836
    0.286213
   -0.029832
    0.314297
    0.432002
    0.222739
   -0.452346
    0.109810
    0.437043
    0.061063
   -0.375084
    0.171351
   -0.308350
   -0.364032
    0.172789
   -0.108709
    0.161368
    0.386570
    0.194210
    0.013810
    0.347724
    0.321850
   -0.275801
   -0.300008
    0.317725
    0.253810
   -0.269267
   -0.255519
   -0.503638
    0.243891
    0.285313
    0.192947
    0.230129
    0.306532
    0.212321
    0.082728
    0.451552
    0.284086
   -0.382863
   -0.376812
    0.366657
    0.385435
   -0.257761
   -0.318921
   -0.673712
    0.289917
    0.284354
    0.327529
    0.353441
    0.378514
   -0.116783
   -0.493867
   -0.191989
    0.192011
    0.202039
    0.218314
    0.301989
    0.316067
    0.223658
   -0.053178
   -0.142953
   -0.160739
    0.098553
    0.227424
    0.334379
    0.328431
   -0.097200
   -0.678993
   -0.194909
    0.267673
    0.156101
    0.276659
    0.334590
    0.458152
    0.280666
   -0.106794
   -0.276416
   -0.295271
    0.101981
    0.172713
    0.371242
    0.433932
   -0.107853
   -0.102506
    0.272016
    0.303733
    0.408936
    0.258808
    0.040270
   -0.094854
   -0.043224
    0.067365
   -0.112088
    0.274686
    0.305891
    0.252029
   -0.049014
   -0.323009
   -0.082746
   -0.205373
    0.271719
    0.447302
    0.568006
    0.301582
   -0.074744
   -0.173930
   -0.045183
    0.002745
   -0.215714
    0.326237
    0.372917
    0.234019
   -0.119273
   -0.407278
    0.295112
    0.306118
    0.246555
    0.066426
   -0.142501
   -0.142487
    0.027572
    0.272293
    0.340265
    0.335500
    0.087540
    0.160354
    0.088230
   -0.382900
   -0.387695
    0.035965
    0.495330
    0.357725
    0.285483
    0.048066
   -0.216025
   -0.251296
   -0.094596
    0.209239
    0.502899
    0.488493
    0.146323
    0.186814
    0.074611
   -0.532730
   -0.563440
   -0.099909
    0.108691
   -0.093780
   -0.086047
    0.090389
    0.219132
    0.357475
    0.262991
    0.093384
    0.145653
    0.180932
    0.104832
    0.081232
    0.210684
   -0.009584
   -0.260447
   -0.398279
    0.164723
   -0.109708
   -0.169676
    0.047567
    0.221338
    0.510641
    0.325116
    0.058373
    0.231283
    0.195800
    0.087804
    0.182866
    0.175543
   -0.083725
   -0.328846
   -0.461309
    0.032692
    0.266123
    0.327628
    0.281442
    0.256174
    0.410880
   -0.209136
   -0.466248
   -0.242357
   -0.060172
    0.266692
    0.005042
    0.331511
    0.231149
    0.279207
    0.029829
   -0.020602
    0.309102
    0.354133
    0.314751
    0.310571
    0.562585
   -0.310285
   -0.648755
   -0.319063
    0.046835
    0.263028
    0.099233
    0.453844
    0.236608
    0.302098
   -0.023026
    0.260847
    0.277138
    0.099550
   -0.308625
    0.237404
    0.335230
    0.001384
    0.185180
    0.029547
   -0.320795
    0.036822
    0.177377
    0.315540
    0.227338
   -0.205764
    0.059844
    0.376290
    0.322256
    0.077701
   -0.462923
    0.197236
    0.377929
   -0.021180
    0.105066
   -0.079446
   -0.303664
    0.001953
    0.256870
    0.468562
    0.294876
   -0.172237
    0.014705
    0.241726
    0.247468
    0.146009
   -0.369107
    0.150992
    0.431028
    0.330011
   -0.396925
   -0.372055
   -0.255444
   -0.206048
    0.339856
   -0.056727
    0.165049
   -0.072783
   -0.398528
    0.244024
    0.253651
    0.107984
   -0.491206
    0.106520
    0.568502
    0.445446
   -0.455014
   -0.551527
   -0.315897
   -0.198614
    0.466741
   -0.062564
    0.100550
   -0.068906
   -0.453435
    0.191961
    0.321405
    0.240177
   -0.332167
   -0.086150
    0.286747
    0.035823
   -0.341555
    0.228444
   -0.211962
   -0.311299
    0.235200
   -0.088731
    0.240497
    0.229249
    0.305411
    0.221615
    0.426593
    0.196074
   -0.421856
   -0.067263
    0.380991
    0.114266
   -0.395459
    0.180378
   -0.321634
   -0.375062
    0.178729
   -0.113709
    0.221172
    0.271920
    0.417076
    0.051210
   -0.325115
    0.271995
   -0.026045
   -0.392514
   -0.449585
    0.022884
    0.340569
    0.169517
    0.212084
    0.299277
    0.206865
   -0.042953
   -0.171828
   -0.035393
    0.189056
   -0.018980
   -0.287831
    0.341875
    0.045654
   -0.498432
   -0.593408
    0.050189
    0.412767
    0.216661
    0.342140
    0.435513
    0.244149
   -0.046632
   -0.201655
   -0.022778
    0.292531
   -0.418633
   -0.373374
    0.283634
    0.240114
    0.332208
    0.257338
    0.309649
    0.278965
    0.074052
   -0.187308
   -0.187005
    0.031141
    0.174313
    0.325527
    0.343474
    0.327380
   -0.548954
   -0.454349
    0.336172
    0.158654
    0.358730
    0.332709
    0.424452
    0.378490
   -0.014429
   -0.343878
   -0.289862
    0.059347
    0.180313
    0.349954
    0.446630
    0.444398
   -0.071537
    0.213913
    0.253703
    0.322137
    0.243340
    0.084160
   -0.098797
   -0.059623
   -0.047305
   -0.125783
    0.217491
    0.270198
    0.264464
    0.086757
   -0.168023
   -0.119596
   -0.096864
    0.198467
    0.372126
    0.502052
    0.299573
    0.007810
   -0.180352
   -0.019416
   -0.067786
   -0.168999
    0.229015
    0.344495
    0.294954
    0.077419
   -0.249897
   -0.116684
    0.275481
    0.212702
    0.039797
   -0.145591
   -0.165083
   -0.021246
    0.206895
    0.393711
    0.361072
    0.242172
    0.058758
    0.196411
   -0.343032
   -0.430816
   -0.189928
    0.188112
    0.431677
    0.270828
   -0.006746
   -0.219002
   -0.238010
   -0.081834
    0.163771
    0.507452
    0.582533
    0.348250
    0.012972
    0.187818
   -0.429112
   -0.612043
   -0.292767
    0.126767
   -0.083286
   -0.091322
    0.103944
    0.250567
    0.367387
    0.327378
    0.101614
    0.128084
    0.216244
    0.190656
    0.009104
    0.220014
   -0.035766
   -0.311770
   -0.340422
    0.025614
   -0.117566
   -0.182357
    0.068416
    0.305162
    0.532575
    0.431841
    0.090519
    0.129019
    0.203336
    0.168411
    0.053571
    0.207346
   -0.059405
   -0.358658
   -0.403124
    0.109625
    0.347497
    0.388183
    0.276311
    0.234264
    0.350201
   -0.096314
   -0.491191
   -0.247925
   -0.107091
    0.266954
    0.073135
    0.305196
    0.274145
    0.262229
    0.055477
   -0.239484
    0.420254
    0.401914
    0.281936
    0.288695
    0.495814
   -0.156758
   -0.668468
   -0.321846
   -0.032338
    0.287932
    0.135161
    0.432730
    0.247461
    0.314460
   -0.006304
   -0.185569
    0.289097
    0.132620
   -0.353997
    0.164156
    0.347805
   -0.004820
    0.214737
    0.035099
   -0.280851
   -0.131277
    0.224923
    0.244509
    0.305874
   -0.081730
    0.055293
   -0.290864
    0.318882
    0.097965
   -0.477323
    0.131251
    0.450081
   -0.017181
    0.164528
   -0.076093
   -0.247660
   -0.183673
    0.220987
    0.399629
    0.378910
    0.002312
    0.042664
   -0.453520
    0.264818
    0.232097
   -0.372228
    0.056419
    0.376508
    0.332451
   -0.427945
   -0.362249
   -0.219859
   -0.322229
    0.315082
   -0.077390
    0.173605
   -0.050110
   -0.404816
   -0.317388
    0.288657
    0.185255
   -0.486829
    0.030771
    0.532236
    0.510914
   -0.461951
   -0.536067
   -0.286259
   -0.280180
    0.391874
   -0.061862
    0.124125
   -0.065037
   -0.480397
   -0.395688
   -0.280185
    0.207365
   -0.285794
   -0.070192
    0.203174
   -0.298681
    0.155085
    0.087957
    0.137277
    0.281742
    0.249102
    0.326120
    0.244252
    0.289482
    0.105223
   -0.000113
   -0.279553
    0.248258
   -0.258082
   -0.070971
    0.157931
   -0.385919
    0.130852
    0.095623
    0.105196
    0.281578
    0.365011
    0.409450
    0.327665
    0.368010
    0.111622
   -0.040060
   -0.362883
    0.056138
    0.122968
   -0.225819
   -0.419538
   -0.054955
    0.340140
    0.255360
   -0.049964
    0.301043
    0.233854
    0.046986
   -0.074061
   -0.088606
    0.135827
    0.349737
   -0.393183
    0.085811
    0.179207
   -0.265905
   -0.540827
   -0.073956
    0.426485
    0.343094
    0.043757
    0.342140
    0.341106
    0.083339
   -0.059518
   -0.014376
    0.206342
    0.468676
   -0.400603
    0.212944
    0.226709
    0.236321
    0.244269
    0.311484
    0.296440
    0.158408
   -0.140889
   -0.164769
    0.021536
    0.165143
    0.309420
    0.326398
    0.369496
    0.264968
   -0.509448
    0.243955
    0.221744
    0.259740
    0.306182
    0.425492
    0.377254
    0.125449
   -0.224761
   -0.247994
    0.037648
    0.162158
    0.348780
    0.473789
    0.471071
    0.334574
    0.319557
    0.284667
    0.238831
    0.226853
    0.114869
   -0.030996
   -0.117559
    0.059776
    0.073356
    0.154582
    0.284050
    0.266093
    0.156024
    0.011634
   -0.180665
    0.356026
    0.341065
    0.393199
    0.336258
    0.220118
    0.081018
   -0.076223
   -0.101073
    0.067679
    0.054319
    0.159253
    0.372906
    0.327104
    0.145304
   -0.004652
   -0.089079
    0.527812
    0.203162
    0.024993
   -0.113515
   -0.094126
    0.095930
    0.199731
    0.299351
    0.378623
    0.308749
    0.025324
    0.268626
   -0.236637
   -0.418843
   -0.310992
    0.116643
    0.335298
    0.278798
    0.039273
   -0.117989
   -0.110867
    0.072657
    0.174761
    0.432592
    0.550191
    0.403503
    0.006395
    0.285228
   -0.248612
   -0.522669
   -0.414974
    0.027458
    0.306931
   -0.035888
    0.180380
    0.281614
    0.384847
    0.275220
    0.126713
    0.037752
    0.222873
    0.252639
   -0.007534
    0.262289
    0.019452
   -0.273502
   -0.284726
   -0.006423
    0.251238
   -0.065411
    0.177435
    0.350431
    0.529837
    0.357522
    0.125834
    0.070830
    0.202414
    0.240213
    0.058469
    0.238265
    0.003746
   -0.384035
   -0.343198
    0.084687
    0.231180
    0.325813
    0.233666
    0.232897
    0.336077
    0.069847
   -0.429447
   -0.135663
   -0.205955
    0.233810
    0.133083
    0.226385
    0.218822
    0.286486
    0.158041
   -0.255721
   -0.121886
    0.354440
    0.285044
    0.263556
    0.485946
    0.091354
   -0.590001
   -0.195875
   -0.116820
    0.319417
    0.222122
    0.294026
    0.142493
    0.316722
    0.168154
   -0.185971
   -0.101942
    0.270218
   -0.359870
    0.136744
    0.360659
    0.089147
    0.216160
   -0.014640
   -0.227940
   -0.196503
    0.289654
    0.144063
    0.305135
   -0.053686
    0.053362
   -0.177128
   -0.357929
    0.268212
   -0.407943
    0.127884
    0.494330
    0.123058
    0.166761
   -0.089188
   -0.200348
   -0.241207
    0.296068
    0.286053
    0.338922
    0.041872
    0.016101
   -0.305857
   -0.467741
    0.178864
   -0.320134
   -0.430311
   -0.230598
    0.241658
    0.281775
    0.092358
    0.136446
    0.049633
   -0.296856
   -0.304219
    0.059571
    0.363165
    0.355871
    0.249699
    0.244729
    0.165704
   -0.267968
   -0.519695
   -0.261159
    0.342794
    0.351478
    0.130511
    0.101955
    0.035103
   -0.370604
   -0.369566
    0.086001
    0.440918
    0.434243
    0.285647
    0.170871
    0.136219
   -0.081865
   -0.248646
    0.158097
   -0.391913
    0.017997
    0.223820
   -0.038206
    0.300476
    0.258610
    0.333479
    0.282297
    0.250575
    0.124716
    0.056666
   -0.068096
    0.150720
    0.030754
   -0.268145
    0.138134
   -0.489297
   -0.012877
    0.220687
   -0.042664
    0.324057
    0.395805
    0.468695
    0.291620
    0.279509
    0.127688
   -0.002234
   -0.108049
   -0.076550
    0.211275
   -0.073914
   -0.367169
   -0.088203
    0.304871
    0.254783
   -0.064598
    0.279352
    0.219408
    0.081801
   -0.041280
   -0.083851
    0.060433
    0.282779
    0.364687
   -0.138994
    0.256867
   -0.115913
   -0.450104
   -0.095555
    0.382632
    0.376651
   -0.043403
    0.276749
    0.260932
    0.081795
   -0.053496
   -0.093741
    0.110796
    0.358227
    0.419853
    0.194528
    0.222352
    0.228874
    0.281156
    0.292587
    0.318973
    0.143063
   -0.158296
   -0.166743
   -0.076273
    0.157456
    0.279490
    0.360811
    0.360116
    0.257486
    0.266979
    0.221986
    0.241548
    0.282715
    0.342035
    0.353915
    0.352001
    0.126655
   -0.240708
   -0.266256
   -0.122696
    0.191173
    0.300811
    0.483942
    0.450651
    0.293182
    0.338301
    0.266209
    0.243327
    0.132375
   -0.027753
   -0.059887
   -0.161967
    0.035553
    0.147637
    0.120630
    0.275213
    0.264309
    0.138225
    0.019697
   -0.158581
    0.297180
   -0.195563
    0.349787
    0.306147
    0.180289
   -0.052426
   -0.146455
   -0.174255
    0.090316
    0.187963
    0.165273
    0.308001
    0.328161
    0.078400
   -0.030870
   -0.141130
    0.417449
   -0.158561
   -0.101959
   -0.134043
   -0.045004
    0.181628
    0.252169
    0.356393
    0.314688
    0.342131
   -0.083124
    0.202141
   -0.198690
   -0.426545
   -0.325615
   -0.003784
    0.359221
   -0.255420
   -0.167493
   -0.155780
   -0.022330
    0.145671
    0.193460
    0.428738
    0.497899
    0.402943
   -0.071319
    0.193509
   -0.211514
   -0.503180
   -0.426295
   -0.102228
    0.349870
   -0.185011
    0.207580
    0.316926
    0.360949
    0.240362
    0.066547
   -0.057212
    0.090314
    0.248225
    0.017631
    0.291922
    0.149931
   -0.251110
   -0.275051
   -0.055549
    0.233073
   -0.103006
    0.186612
    0.372706
    0.511599
    0.322161
   -0.025043
   -0.101357
    0.068817
    0.241406
    0.091356
    0.364949
    0.152915
   -0.282210
   -0.334640
   -0.017527
    0.222683
   -0.048001
    0.175585
    0.189265
    0.344310
    0.106281
   -0.416541
   -0.085226
   -0.214462
    0.153832
    0.156031
    0.207446
    0.275306
    0.290267
    0.133328
   -0.262889
   -0.161080
    0.171678
    0.185002
    0.166451
    0.507456
    0.172558
   -0.494255
   -0.135755
   -0.145574
    0.233519
    0.189760
    0.288004
    0.229024
    0.338624
    0.182871
   -0.248701
   -0.135378
    0.168758
