   -0.418747
   -0.418885
   -0.418710
   -0.418912
   -0.418307
   -0.418533
   -0.418317
   -0.418519
   -0.418339
   -0.418498
   -0.418349
   -0.418489
   -0.418355
   -0.418474
   -0.418364
   -0.418476
   -0.467815
   -0.467962
   -0.467850
   -0.467935
   -0.468634
   -0.468692
   -0.468629
   -0.468701
   -0.468613
   -0.468716
   -0.468608
   -0.468719
   -0.468608
   -0.468731
   -0.468601
   -0.468728
   -0.426988
   -0.427030
   -0.426953
   -0.427058
   -0.426714
   -0.426851
   -0.426713
   -0.426848
   -0.426723
   -0.426840
   -0.426721
   -0.426842
   -0.426716
   -0.426836
   -0.426719
   -0.426840
   -0.454499
   -0.454760
   -0.454537
   -0.454731
   -0.454944
   -0.455099
   -0.454949
   -0.455096
   -0.454945
   -0.455098
   -0.454952
   -0.455092
   -0.454961
   -0.455098
   -0.454959
   -0.455094
   -0.440006
   -0.439939
   -0.439968
   -0.439970
   -0.440021
   -0.440066
   -0.440012
   -0.440074
   -0.440010
   -0.440078
   -0.439998
   -0.440087
   -0.439988
   -0.440086
   -0.439988
   -0.440089
   -0.463327
   -0.463655
   -0.463363
   -0.463626
   -0.464317
   -0.464536
   -0.464328
   -0.464526
   -0.464333
   -0.464519
   -0.464347
   -0.464508
   -0.464361
   -0.464511
   -0.464361
   -0.464509
   -0.422349
   -0.422256
   -0.422314
   -0.422283
   -0.422371
   -0.422381
   -0.422357
   -0.422394
   -0.422349
   -0.422404
   -0.422332
   -0.422417
   -0.422319
   -0.422417
   -0.422317
   -0.422419
   -0.475045
   -0.475388
   -0.475077
   -0.475363
   -0.475863
   -0.476109
   -0.475877
   -0.476093
   -0.475889
   -0.476080
   -0.475907
   -0.476066
   -0.475921
   -0.476062
   -0.475923
   -0.476060
   -0.418854
   -0.418761
   -0.418824
   -0.418784
   -0.418423
   -0.418418
   -0.418408
   -0.418435
   -0.418394
   -0.418450
   -0.418375
   -0.418466
   -0.418358
   -0.418472
   -0.418353
   -0.418475
   -0.467747
   -0.468050
   -0.467771
   -0.468031
   -0.468547
   -0.468781
   -0.468560
   -0.468766
   -0.468573
   -0.468752
   -0.468591
   -0.468737
   -0.468608
   -0.468733
   -0.468612
   -0.468732
   -0.427010
   -0.426986
   -0.426991
   -0.426999
   -0.426766
   -0.426793
   -0.426756
   -0.426806
   -0.426744
   -0.426819
   -0.426728
   -0.426832
   -0.426711
   -0.426837
   -0.426707
   -0.426837
   -0.454526
   -0.454759
   -0.454541
   -0.454751
   -0.454926
   -0.455126
   -0.454933
   -0.455116
   -0.454944
   -0.455104
   -0.454958
   -0.455093
   -0.454974
   -0.455091
   -0.454977
   -0.455092
   -0.439934
   -0.439984
   -0.439923
   -0.439989
   -0.440006
   -0.440071
   -0.440002
   -0.440079
   -0.439993
   -0.440089
   -0.439981
   -0.440098
   -0.448969
   -0.449099
   -0.448967
   -0.449097
   -0.464354
   -0.464511
   -0.464361
   -0.464511
   -0.464361
   -0.464520
   -0.464360
   -0.464517
   -0.464366
   -0.464509
   -0.464375
   -0.464503
   -0.467503
   -0.467628
   -0.467502
   -0.467632
   -0.422232
   -0.422342
   -0.422226
   -0.422340
   -0.422317
   -0.422416
   -0.422320
   -0.422417
   -0.422315
   -0.422423
   -0.422308
   -0.422428
   -0.426258
   -0.426382
   -0.426261
   -0.426375
   -0.475933
   -0.476054
   -0.475938
   -0.476058
   -0.475928
   -0.476069
   -0.475922
   -0.476068
   -0.475926
   -0.476063
   -0.475933
   -0.476059
   -0.484246
   -0.484372
   -0.484240
   -0.484380
   -0.459618
   -0.459846
   -0.459676
   -0.459796
   -0.455310
   -0.455364
   -0.455336
   -0.455341
   -0.455361
   -0.455324
   -0.455360
   -0.455342
   -0.455326
   -0.455386
   -0.455289
   -0.455405
   -0.533843
   -0.533816
   -0.533785
   -0.533867
   -0.542553
   -0.542704
   -0.542525
   -0.542729
   -0.542498
   -0.542747
   -0.542496
   -0.542735
   -0.542520
   -0.542698
   -0.542551
   -0.542684
   -0.464390
   -0.464685
   -0.464446
   -0.464635
   -0.460167
   -0.460286
   -0.460196
   -0.460260
   -0.460220
   -0.460244
   -0.460224
   -0.460253
   -0.460200
   -0.460281
   -0.460175
   -0.460293
   -0.528356
   -0.528277
   -0.528302
   -0.528327
   -0.532664
   -0.532762
   -0.532633
   -0.532789
   -0.532608
   -0.532808
   -0.532599
   -0.532805
   -0.532614
   -0.532783
   -0.532631
   -0.532777
   -0.464969
   -0.465318
   -0.465020
   -0.465269
   -0.465649
   -0.465822
   -0.465681
   -0.465792
   -0.465708
   -0.465771
   -0.465722
   -0.465767
   -0.465713
   -0.465780
   -0.465703
   -0.465780
   -0.533499
   -0.533395
   -0.533450
   -0.533442
   -0.542298
   -0.542362
   -0.542265
   -0.542392
   -0.542237
   -0.542416
   -0.542220
   -0.542423
   -0.542224
   -0.542417
   -0.542228
   -0.542421
   -0.459088
   -0.459418
   -0.459130
   -0.459377
   -0.459756
   -0.459935
   -0.459785
   -0.459908
   -0.459811
   -0.459884
   -0.459830
   -0.459875
   -0.459827
   -0.459876
   -0.459828
   -0.459869
   -0.534144
   -0.534073
   -0.534107
   -0.534110
   -0.542878
   -0.542942
   -0.542850
   -0.542968
   -0.542825
   -0.542993
   -0.542804
   -0.543006
   -0.542797
   -0.543007
   -0.542790
   -0.543018
   -0.459600
   -0.459885
   -0.459629
   -0.459855
   -0.455258
   -0.455434
   -0.455281
   -0.455411
   -0.455304
   -0.455387
   -0.455326
   -0.455373
   -0.455330
   -0.455365
   -0.455340
   -0.455353
   -0.533826
   -0.533810
   -0.533802
   -0.533836
   -0.542579
   -0.542658
   -0.542558
   -0.542680
   -0.542534
   -0.542705
   -0.542511
   -0.542722
   -0.542500
   -0.542733
   -0.542486
   -0.542749
   -0.464443
   -0.464659
   -0.464459
   -0.464639
   -0.460165
   -0.460310
   -0.460182
   -0.460291
   -0.460204
   -0.460265
   -0.460229
   -0.460246
   -0.460239
   -0.460229
   -0.460257
   -0.460209
   -0.528269
   -0.528337
   -0.528258
   -0.528353
   -0.532639
   -0.532762
   -0.532625
   -0.532780
   -0.532604
   -0.532805
   -0.532577
   -0.532827
   -0.532562
   -0.532847
   -0.532540
   -0.532870
   -0.465081
   -0.465232
   -0.465088
   -0.465219
   -0.465700
   -0.465803
   -0.465713
   -0.465785
   -0.465734
   -0.465758
   -0.465764
   -0.465733
   -0.470420
   -0.470349
   -0.470444
   -0.470322
   -0.542273
   -0.542376
   -0.542266
   -0.542390
   -0.542251
   -0.542406
   -0.542237
   -0.542426
   -0.542212
   -0.542458
   -0.542176
   -0.542488
   -0.541961
   -0.542330
   -0.541932
   -0.542361
   -0.459200
   -0.459326
   -0.459206
   -0.459312
   -0.459821
   -0.459895
   -0.459837
   -0.459872
   -0.459866
   -0.459835
   -0.459908
   -0.459799
   -0.460034
   -0.459864
   -0.460067
   -0.459829
   -0.542845
   -0.542969
   -0.542839
   -0.542986
   -0.542813
   -0.542996
   -0.542793
   -0.543025
   -0.542758
   -0.543068
   -0.542709
   -0.543111
   -0.543315
   -0.543793
   -0.543276
   -0.543834
   -0.398159
   -0.397366
   -0.398082
   -0.397443
   -0.397625
   -0.397144
   -0.397545
   -0.397220
   -0.397467
   -0.397296
   -0.397405
   -0.397339
   -0.397382
   -0.397353
   -0.397385
   -0.397350
   -0.409143
   -0.409752
   -0.409209
   -0.409684
   -0.410038
   -0.410374
   -0.410107
   -0.410308
   -0.410175
   -0.410242
   -0.410228
   -0.410206
   -0.410245
   -0.410194
   -0.410239
   -0.410198
   -0.403037
   -0.402414
   -0.402978
   -0.402475
   -0.402046
   -0.401666
   -0.401985
   -0.401723
   -0.401925
   -0.401782
   -0.401879
   -0.401812
   -0.401868
   -0.401823
   -0.401874
   -0.401819
   -0.406808
   -0.407239
   -0.406857
   -0.407189
   -0.407287
   -0.407518
   -0.407337
   -0.407472
   -0.407386
   -0.407424
   -0.407422
   -0.407402
   -0.407425
   -0.407393
   -0.407417
   -0.407399
   -0.404882
   -0.404434
   -0.404840
   -0.404479
   -0.404416
   -0.404142
   -0.404373
   -0.404182
   -0.404331
   -0.404223
   -0.404302
   -0.404240
   -0.404297
   -0.404244
   -0.404302
   -0.404240
   -0.409906
   -0.410178
   -0.409940
   -0.410140
   -0.410245
   -0.410373
   -0.410280
   -0.410342
   -0.410313
   -0.410310
   -0.410334
   -0.410299
   -0.410325
   -0.410293
   -0.410318
   -0.410297
   -0.402959
   -0.402656
   -0.402931
   -0.402688
   -0.402517
   -0.402337
   -0.402488
   -0.402362
   -0.402461
   -0.402389
   -0.402445
   -0.402395
   -0.402453
   -0.402396
   -0.402458
   -0.402394
   -0.418280
   -0.418422
   -0.418301
   -0.418396
   -0.419081
   -0.419125
   -0.419103
   -0.419107
   -0.419123
   -0.419087
   -0.419134
   -0.419085
   -0.419128
   -0.419094
   -0.419122
   -0.419097
   -0.397829
   -0.397625
   -0.397811
   -0.397649
   -0.397407
   -0.397293
   -0.397387
   -0.397308
   -0.397370
   -0.397325
   -0.397361
   -0.397326
   -0.397372
   -0.397321
   -0.397375
   -0.397322
   -0.409448
   -0.409515
   -0.409460
   -0.409496
   -0.410240
   -0.410238
   -0.410255
   -0.410227
   -0.410268
   -0.410213
   -0.410275
   -0.410213
   -0.410261
   -0.410216
   -0.410261
   -0.410212
   -0.402757
   -0.402628
   -0.402749
   -0.402644
   -0.401861
   -0.401788
   -0.401849
   -0.401796
   -0.401838
   -0.401810
   -0.401830
   -0.401811
   -0.401843
   -0.401812
   -0.401839
   -0.401820
   -0.407058
   -0.407053
   -0.407060
   -0.407042
   -0.407452
   -0.407413
   -0.407460
   -0.407409
   -0.407467
   -0.407397
   -0.407474
   -0.407396
   -0.407458
   -0.407393
   -0.407463
   -0.407384
   -0.404662
   -0.404590
   -0.404663
   -0.404599
   -0.404268
   -0.404224
   -0.404261
   -0.404227
   -0.404254
   -0.404240
   -0.404246
   -0.404243
   -0.406989
   -0.406984
   -0.406982
   -0.406997
   -0.410364
   -0.410315
   -0.410360
   -0.410309
   -0.410347
   -0.410283
   -0.410353
   -0.410281
   -0.410359
   -0.410269
   -0.410368
   -0.410264
   -0.419262
   -0.419159
   -0.419274
   -0.419145
   -0.402807
   -0.402758
   -0.402811
   -0.402765
   -0.402419
   -0.402389
   -0.402412
   -0.402393
   -0.402403
   -0.402408
   -0.402391
   -0.402416
   -0.406005
   -0.406039
   -0.405990
   -0.406059
   -0.419157
   -0.419104
   -0.419151
   -0.419098
   -0.419149
   -0.419083
   -0.419159
   -0.419078
   -0.419170
   -0.419061
   -0.419184
   -0.419050
   -0.422313
   -0.422166
   -0.422334
   -0.422141
   -0.389850
   -0.389742
   -0.389843
   -0.389751
   -0.390418
   -0.390343
   -0.390410
   -0.390346
   -0.390414
   -0.390345
   -0.390412
   -0.390345
   -0.390417
   -0.390338
   -0.390427
   -0.390333
   -0.393456
   -0.393356
   -0.393462
   -0.393347
   -0.392308
   -0.392173
   -0.392315
   -0.392171
   -0.392310
   -0.392173
   -0.392311
   -0.392174
   -0.392312
   -0.392185
   -0.392302
   -0.392191
   -0.394090
   -0.393933
   -0.394081
   -0.393946
   -0.394539
   -0.394429
   -0.394530
   -0.394434
   -0.394533
   -0.394433
   -0.394529
   -0.394435
   -0.394533
   -0.394435
   -0.394540
   -0.394431
   -0.389706
   -0.389657
   -0.389717
   -0.389644
   -0.389153
   -0.389054
   -0.389164
   -0.389049
   -0.389162
   -0.389048
   -0.389167
   -0.389044
   -0.389170
   -0.389049
   -0.389164
   -0.389053
   -0.402725
   -0.402512
   -0.402711
   -0.402529
   -0.398284
   -0.398131
   -0.398271
   -0.398139
   -0.398270
   -0.398143
   -0.398262
   -0.398149
   -0.398261
   -0.398150
   -0.398264
   -0.398149
   -0.393525
   -0.393520
   -0.393539
   -0.393503
   -0.392289
   -0.392224
   -0.392301
   -0.392218
   -0.392300
   -0.392216
   -0.392306
   -0.392212
   -0.392305
   -0.392216
   -0.392300
   -0.392220
   -0.399067
   -0.398818
   -0.399050
   -0.398837
   -0.394620
   -0.394436
   -0.394607
   -0.394443
   -0.394606
   -0.394447
   -0.394599
   -0.394452
   -0.394604
   -0.394453
   -0.394608
   -0.394449
   -0.402930
   -0.402960
   -0.402947
   -0.402943
   -0.401802
   -0.401771
   -0.401812
   -0.401767
   -0.401809
   -0.401766
   -0.401813
   -0.401765
   -0.401816
   -0.401779
   -0.401808
   -0.401787
   -0.389846
   -0.389596
   -0.389830
   -0.389611
   -0.390391
   -0.390191
   -0.390383
   -0.390192
   -0.390389
   -0.390190
   -0.390388
   -0.390189
   -0.390397
   -0.390183
   -0.390405
   -0.390174
   -0.393488
   -0.393475
   -0.393498
   -0.393466
   -0.392351
   -0.392311
   -0.392353
   -0.392315
   -0.392342
   -0.392322
   -0.392339
   -0.392327
   -0.392332
   -0.392341
   -0.392322
   -0.392352
   -0.394031
   -0.393839
   -0.394024
   -0.393844
   -0.394483
   -0.394302
   -0.394485
   -0.394293
   -0.394499
   -0.394284
   -0.394503
   -0.394278
   -0.394520
   -0.394272
   -0.394529
   -0.394261
   -0.389796
   -0.389723
   -0.389798
   -0.389725
   -0.389227
   -0.389167
   -0.389219
   -0.389181
   -0.389200
   -0.389195
   -0.389192
   -0.389204
   -0.389178
   -0.389218
   -0.389167
   -0.389232
   -0.402608
   -0.402476
   -0.402609
   -0.402471
   -0.398186
   -0.398026
   -0.398196
   -0.398009
   -0.398218
   -0.397994
   -0.398226
   -0.397984
   -0.403531
   -0.403257
   -0.403543
   -0.403244
   -0.392396
   -0.392270
   -0.392390
   -0.392281
   -0.392363
   -0.392285
   -0.392349
   -0.392307
   -0.392323
   -0.392327
   -0.392311
   -0.392339
   -0.402269
   -0.402333
   -0.402257
   -0.402350
   -0.398914
   -0.398815
   -0.398921
   -0.398803
   -0.394505
   -0.394355
   -0.394519
   -0.394334
   -0.394546
   -0.394313
   -0.394557
   -0.394301
   -0.399661
   -0.399369
   -0.399674
   -0.399353
   -0.401936
   -0.401789
   -0.401927
   -0.401803
   -0.401911
   -0.401827
   -0.401898
   -0.401849
   -0.401868
   -0.401873
   -0.401855
   -0.401887
   -0.406346
   -0.406416
   -0.406336
   -0.406432
   -0.419367
   -0.419635
   -0.419373
   -0.419619
   -0.419488
   -0.419659
   -0.419518
   -0.419640
   -0.419534
   -0.419616
   -0.419566
   -0.419595
   -0.419577
   -0.419586
   -0.419570
   -0.419600
   -0.445473
   -0.445264
   -0.445465
   -0.445282
   -0.445270
   -0.445162
   -0.445239
   -0.445182
   -0.445221
   -0.445207
   -0.445190
   -0.445228
   -0.445183
   -0.445239
   -0.445190
   -0.445226
   -0.411004
   -0.411272
   -0.411013
   -0.411255
   -0.415394
   -0.415567
   -0.415423
   -0.415549
   -0.415439
   -0.415526
   -0.415467
   -0.415509
   -0.415465
   -0.415496
   -0.415456
   -0.415511
   -0.436560
   -0.436354
   -0.436550
   -0.436372
   -0.436441
   -0.436330
   -0.436414
   -0.436348
   -0.436399
   -0.436368
   -0.436375
   -0.436382
   -0.436384
   -0.436395
   -0.436394
   -0.436378
   -0.424649
   -0.424910
   -0.424658
   -0.424894
   -0.424303
   -0.424479
   -0.424326
   -0.424464
   -0.424338
   -0.424447
   -0.424358
   -0.424438
   -0.424356
   -0.424441
   -0.424343
   -0.424459
   -0.445241
   -0.445055
   -0.445232
   -0.445071
   -0.449318
   -0.449213
   -0.449297
   -0.449228
   -0.449285
   -0.449243
   -0.449268
   -0.449250
   -0.449293
   -0.449265
   -0.449306
   -0.449248
   -0.415553
   -0.415766
   -0.415558
   -0.415755
   -0.415204
   -0.415358
   -0.415219
   -0.415349
   -0.415226
   -0.415339
   -0.415238
   -0.415338
   -0.415219
   -0.415338
   -0.415203
   -0.415357
   -0.441212
   -0.441078
   -0.441209
   -0.441088
   -0.441050
   -0.440966
   -0.441038
   -0.440973
   -0.441033
   -0.440980
   -0.441026
   -0.440977
   -0.441026
   -0.440950
   -0.441044
   -0.440929
   -0.419436
   -0.419613
   -0.419437
   -0.419607
   -0.419527
   -0.419669
   -0.419536
   -0.419665
   -0.419538
   -0.419662
   -0.419539
   -0.419671
   -0.419520
   -0.419689
   -0.419498
   -0.419713
   -0.445381
   -0.445306
   -0.445384
   -0.445309
   -0.445219
   -0.445162
   -0.445215
   -0.445161
   -0.445216
   -0.445161
   -0.445219
   -0.445148
   -0.445245
   -0.445130
   -0.445269
   -0.445106
   -0.411120
   -0.411209
   -0.411110
   -0.411213
   -0.415457
   -0.415559
   -0.415452
   -0.415566
   -0.415445
   -0.415572
   -0.415438
   -0.415590
   -0.415401
   -0.415607
   -0.415373
   -0.415635
   -0.436433
   -0.436426
   -0.436446
   -0.436418
   -0.436374
   -0.436341
   -0.436384
   -0.436328
   -0.436396
   -0.436318
   -0.436407
   -0.436297
   -0.436451
   -0.436280
   -0.436482
   -0.436249
   -0.424786
   -0.424834
   -0.424768
   -0.424846
   -0.424388
   -0.424481
   -0.424372
   -0.424500
   -0.424355
   -0.424515
   -0.424338
   -0.424542
   -0.433402
   -0.433667
   -0.433358
   -0.433703
   -0.449214
   -0.449248
   -0.449234
   -0.449234
   -0.449312
   -0.449293
   -0.449330
   -0.449271
   -0.449350
   -0.449253
   -0.449369
   -0.449225
   -0.449337
   -0.449111
   -0.449377
   -0.449071
   -0.415664
   -0.415698
   -0.415643
   -0.415713
   -0.415260
   -0.415350
   -0.415240
   -0.415375
   -0.415217
   -0.415396
   -0.415194
   -0.415429
   -0.419576
   -0.419892
   -0.419522
   -0.419939
   -0.440967
   -0.440984
   -0.440988
   -0.440970
   -0.441034
   -0.440991
   -0.441046
   -0.440964
   -0.441070
   -0.440941
   -0.441097
   -0.440904
   -0.445642
   -0.445350
   -0.445696
   -0.445296
   -0.421000
   -0.421440
   -0.421036
   -0.421399
   -0.420869
   -0.421147
   -0.420904
   -0.421105
   -0.420947
   -0.421066
   -0.420984
   -0.421041
   -0.420980
   -0.421041
   -0.420971
   -0.421041
   -0.450797
   -0.450550
   -0.450765
   -0.450585
   -0.451150
   -0.451043
   -0.451121
   -0.451078
   -0.451084
   -0.451113
   -0.451051
   -0.451136
   -0.451037
   -0.451121
   -0.451044
   -0.451122
   -0.411397
   -0.411738
   -0.411423
   -0.411709
   -0.415891
   -0.416121
   -0.415915
   -0.416092
   -0.415945
   -0.416063
   -0.415974
   -0.416042
   -0.415967
   -0.416036
   -0.415961
   -0.416034
   -0.441849
   -0.441679
   -0.441828
   -0.441703
   -0.442011
   -0.441934
   -0.441992
   -0.441958
   -0.441966
   -0.441983
   -0.441941
   -0.442002
   -0.441930
   -0.441992
   -0.441936
   -0.441993
   -0.424178
   -0.424456
   -0.424196
   -0.424436
   -0.424803
   -0.425008
   -0.424817
   -0.424990
   -0.424837
   -0.424971
   -0.424856
   -0.424957
   -0.424849
   -0.424955
   -0.424841
   -0.424956
   -0.450659
   -0.450559
   -0.450645
   -0.450574
   -0.455698
   -0.455655
   -0.455689
   -0.455668
   -0.455675
   -0.455681
   -0.455662
   -0.455689
   -0.455663
   -0.455677
   -0.455673
   -0.455673
   -0.415330
   -0.415559
   -0.415342
   -0.415546
   -0.415945
   -0.416133
   -0.415952
   -0.416123
   -0.415961
   -0.416114
   -0.415970
   -0.416111
   -0.415951
   -0.416111
   -0.415938
   -0.416118
   -0.444749
   -0.444681
   -0.444742
   -0.444690
   -0.445161
   -0.445120
   -0.445159
   -0.445125
   -0.445156
   -0.445127
   -0.445152
   -0.445125
   -0.445148
   -0.445094
   -0.445163
   -0.445084
   -0.421217
   -0.421403
   -0.421220
   -0.421399
   -0.421016
   -0.421195
   -0.421016
   -0.421194
   -0.421014
   -0.421197
   -0.421013
   -0.421204
   -0.420988
   -0.421213
   -0.420971
   -0.421226
   -0.450597
   -0.450571
   -0.450597
   -0.450571
   -0.451014
   -0.450986
   -0.451016
   -0.450985
   -0.451021
   -0.450979
   -0.451025
   -0.450969
   -0.451035
   -0.450941
   -0.451052
   -0.450928
   -0.411582
   -0.411731
   -0.411577
   -0.411735
   -0.416016
   -0.416188
   -0.416012
   -0.416192
   -0.416003
   -0.416202
   -0.415996
   -0.416214
   -0.415962
   -0.416221
   -0.415946
   -0.416236
   -0.441670
   -0.441679
   -0.441681
   -0.441670
   -0.441894
   -0.441862
   -0.441900
   -0.441855
   -0.441912
   -0.441842
   -0.441922
   -0.441826
   -0.441940
   -0.441802
   -0.441956
   -0.441788
   -0.424347
   -0.424450
   -0.424331
   -0.424465
   -0.424934
   -0.425103
   -0.424924
   -0.425113
   -0.424906
   -0.425133
   -0.424891
   -0.425153
   -0.420933
   -0.421239
   -0.420910
   -0.421256
   -0.455554
   -0.455611
   -0.455574
   -0.455592
   -0.455652
   -0.455630
   -0.455664
   -0.455618
   -0.455685
   -0.455594
   -0.455703
   -0.455571
   -0.450144
   -0.449953
   -0.450163
   -0.449934
   -0.415490
   -0.415563
   -0.415465
   -0.415585
   -0.416060
   -0.416225
   -0.416047
   -0.416240
   -0.416023
   -0.416266
   -0.416003
   -0.416293
   -0.415700
   -0.416043
   -0.415677
   -0.416063
   -0.445015
   -0.445076
   -0.445041
   -0.445052
   -0.445092
   -0.445052
   -0.445101
   -0.445036
   -0.445128
   -0.445008
   -0.445149
   -0.444980
   -0.449187
   -0.448958
   -0.449205
   -0.448939
   -0.413763
   -0.413381
   -0.413731
   -0.413422
   -0.413675
   -0.413442
   -0.413654
   -0.413464
   -0.413638
   -0.413483
   -0.413607
   -0.413511
   -0.413581
   -0.413533
   -0.413569
   -0.413535
   -0.438189
   -0.438457
   -0.438216
   -0.438422
   -0.438275
   -0.438415
   -0.438292
   -0.438397
   -0.438305
   -0.438381
   -0.438332
   -0.438356
   -0.438349
   -0.438333
   -0.438359
   -0.438332
   -0.405325
   -0.405031
   -0.405301
   -0.405063
   -0.409397
   -0.409216
   -0.409382
   -0.409232
   -0.409371
   -0.409246
   -0.409347
   -0.409267
   -0.409353
   -0.409308
   -0.409345
   -0.409308
   -0.430074
   -0.430256
   -0.430093
   -0.430231
   -0.430131
   -0.430222
   -0.430142
   -0.430211
   -0.430148
   -0.430201
   -0.430168
   -0.430184
   -0.430152
   -0.430143
   -0.430156
   -0.430144
   -0.417504
   -0.417272
   -0.417486
   -0.417296
   -0.417537
   -0.417394
   -0.417528
   -0.417404
   -0.417522
   -0.417413
   -0.417506
   -0.417428
   -0.417493
   -0.417437
   -0.417489
   -0.417435
   -0.438346
   -0.438483
   -0.438360
   -0.438462
   -0.442544
   -0.442606
   -0.442551
   -0.442599
   -0.442554
   -0.442594
   -0.442565
   -0.442584
   -0.442518
   -0.442524
   -0.442519
   -0.442526
   -0.409401
   -0.409221
   -0.409388
   -0.409241
   -0.409417
   -0.409309
   -0.409411
   -0.409315
   -0.409410
   -0.409316
   -0.409404
   -0.409322
   -0.409426
   -0.409348
   -0.409428
   -0.409343
   -0.434141
   -0.434226
   -0.434150
   -0.434209
   -0.434139
   -0.434166
   -0.434143
   -0.434163
   -0.434141
   -0.434167
   -0.434141
   -0.434167
   -0.434184
   -0.434217
   -0.434177
   -0.434227
   -0.413598
   -0.413472
   -0.413591
   -0.413488
   -0.413561
   -0.413489
   -0.413558
   -0.413490
   -0.413562
   -0.413483
   -0.413568
   -0.413477
   -0.413576
   -0.413466
   -0.413587
   -0.413452
   -0.438344
   -0.438375
   -0.438349
   -0.438362
   -0.438385
   -0.438371
   -0.438385
   -0.438375
   -0.438376
   -0.438386
   -0.438363
   -0.438399
   -0.438344
   -0.438411
   -0.438328
   -0.438430
   -0.405178
   -0.405107
   -0.405174
   -0.405119
   -0.409289
   -0.409258
   -0.409290
   -0.409252
   -0.409301
   -0.409237
   -0.409320
   -0.409219
   -0.409365
   -0.409222
   -0.409385
   -0.409198
   -0.430208
   -0.430193
   -0.430210
   -0.430181
   -0.430235
   -0.430184
   -0.430230
   -0.430193
   -0.430216
   -0.430213
   -0.430190
   -0.430238
   -0.430133
   -0.430237
   -0.430106
   -0.430267
   -0.417371
   -0.417331
   -0.417369
   -0.417343
   -0.417384
   -0.417384
   -0.417388
   -0.417375
   -0.417403
   -0.417353
   -0.417432
   -0.417324
   -0.411518
   -0.411368
   -0.411574
   -0.411332
   -0.442631
   -0.442578
   -0.442630
   -0.442568
   -0.442451
   -0.442369
   -0.442445
   -0.442380
   -0.442428
   -0.442404
   -0.442395
   -0.442437
   -0.437870
   -0.437985
   -0.437834
   -0.438026
   -0.409312
   -0.409287
   -0.409312
   -0.409301
   -0.409324
   -0.409345
   -0.409328
   -0.409334
   -0.409344
   -0.409310
   -0.409379
   -0.409276
   -0.408845
   -0.408691
   -0.408908
   -0.408646
   -0.434200
   -0.434161
   -0.434200
   -0.434146
   -0.434124
   -0.434066
   -0.434144
   -0.434077
   -0.434127
   -0.434103
   -0.434089
   -0.434140
   -0.438164
   -0.438296
   -0.438122
   -0.438346
   -0.414152
   -0.413728
   -0.414121
   -0.413759
   -0.414167
   -0.413855
   -0.414150
   -0.413875
   -0.414124
   -0.413903
   -0.414091
   -0.413939
   -0.414088
   -0.413993
   -0.414058
   -0.414012
   -0.437567
   -0.437867
   -0.437594
   -0.437840
   -0.437469
   -0.437672
   -0.437484
   -0.437654
   -0.437507
   -0.437629
   -0.437536
   -0.437597
   -0.437587
   -0.437598
   -0.437614
   -0.437579
   -0.406023
   -0.405688
   -0.406000
   -0.405712
   -0.410104
   -0.409850
   -0.410092
   -0.409865
   -0.410073
   -0.409887
   -0.410047
   -0.409914
   -0.410055
   -0.409964
   -0.410030
   -0.409983
   -0.429413
   -0.429609
   -0.429430
   -0.429591
   -0.429372
   -0.429508
   -0.429379
   -0.429499
   -0.429392
   -0.429482
   -0.429411
   -0.429464
   -0.429448
   -0.429469
   -0.429468
   -0.429454
   -0.418555
   -0.418304
   -0.418538
   -0.418322
   -0.418309
   -0.418114
   -0.418303
   -0.418121
   -0.418293
   -0.418134
   -0.418279
   -0.418146
   -0.418296
   -0.418183
   -0.418279
   -0.418197
   -0.437707
   -0.437836
   -0.437721
   -0.437821
   -0.441635
   -0.441717
   -0.441637
   -0.441715
   -0.441641
   -0.441709
   -0.441648
   -0.441705
   -0.441668
   -0.441719
   -0.441679
   -0.441709
   -0.410296
   -0.410083
   -0.410279
   -0.410100
   -0.410048
   -0.409885
   -0.410044
   -0.409889
   -0.410040
   -0.409894
   -0.410037
   -0.409892
   -0.410069
   -0.409922
   -0.410062
   -0.409930
   -0.433955
   -0.434059
   -0.433968
   -0.434045
   -0.433823
   -0.433887
   -0.433823
   -0.433887
   -0.433823
   -0.433888
   -0.433819
   -0.433898
   -0.433839
   -0.433936
   -0.433839
   -0.433934
   -0.413957
   -0.413805
   -0.413947
   -0.413815
   -0.414014
   -0.413885
   -0.414018
   -0.413881
   -0.414024
   -0.413874
   -0.414034
   -0.413855
   -0.414080
   -0.413869
   -0.414086
   -0.413864
   -0.437770
   -0.437783
   -0.437773
   -0.437779
   -0.437625
   -0.437639
   -0.437617
   -0.437649
   -0.437604
   -0.437664
   -0.437585
   -0.437691
   -0.437582
   -0.437736
   -0.437568
   -0.437748
   -0.405834
   -0.405760
   -0.405834
   -0.405761
   -0.409959
   -0.409874
   -0.409968
   -0.409862
   -0.409984
   -0.409844
   -0.410007
   -0.409811
   -0.410069
   -0.409817
   -0.410087
   -0.409801
   -0.429578
   -0.429559
   -0.429576
   -0.429560
   -0.429500
   -0.429499
   -0.429489
   -0.429513
   -0.429471
   -0.429535
   -0.429444
   -0.429573
   -0.429428
   -0.429622
   -0.429406
   -0.429642
   -0.418426
   -0.418369
   -0.418430
   -0.418366
   -0.418157
   -0.418073
   -0.418168
   -0.418056
   -0.418191
   -0.418029
   -0.418221
   -0.417988
   -0.414118
   -0.413815
   -0.414148
   -0.413790
   -0.441772
   -0.441738
   -0.441764
   -0.441743
   -0.441620
   -0.441620
   -0.441606
   -0.441639
   -0.441580
   -0.441671
   -0.441545
   -0.441719
   -0.437815
   -0.438078
   -0.437782
   -0.438110
   -0.410186
   -0.410130
   -0.410192
   -0.410127
   -0.409919
   -0.409836
   -0.409932
   -0.409816
   -0.409960
   -0.409781
   -0.409999
   -0.409729
   -0.410195
   -0.409833
   -0.410235
   -0.409796
   -0.433953
   -0.433916
   -0.433944
   -0.433921
   -0.433869
   -0.433871
   -0.433855
   -0.433897
   -0.433819
   -0.433940
   -0.433774
   -0.434000
   -0.437987
   -0.438326
   -0.437941
   -0.438372
   -0.413969
   -0.413820
   -0.413911
   -0.413869
   -0.413879
   -0.413891
   -0.413866
   -0.413902
   -0.413858
   -0.413898
   -0.413869
   -0.413897
   -0.413860
   -0.413900
   -0.413860
   -0.413903
   -0.437789
   -0.438021
   -0.437841
   -0.437977
   -0.437873
   -0.437962
   -0.437884
   -0.437953
   -0.437890
   -0.437958
   -0.437878
   -0.437960
   -0.437887
   -0.437959
   -0.437887
   -0.437957
   -0.406167
   -0.406009
   -0.406117
   -0.406050
   -0.410140
   -0.410120
   -0.410129
   -0.410129
   -0.410124
   -0.410125
   -0.410133
   -0.410124
   -0.410052
   -0.410056
   -0.410050
   -0.410060
   -0.429586
   -0.429805
   -0.429631
   -0.429769
   -0.429654
   -0.429754
   -0.429664
   -0.429748
   -0.429667
   -0.429753
   -0.429657
   -0.429755
   -0.429738
   -0.429826
   -0.429741
   -0.429820
   -0.418410
   -0.418290
   -0.418370
   -0.418322
   -0.418345
   -0.418331
   -0.418336
   -0.418337
   -0.418332
   -0.418333
   -0.418339
   -0.418334
   -0.418330
   -0.418339
   -0.418323
   -0.418349
   -0.437763
   -0.437950
   -0.437796
   -0.437923
   -0.441867
   -0.441966
   -0.441875
   -0.441961
   -0.441878
   -0.441964
   -0.441873
   -0.441961
   -0.442032
   -0.442101
   -0.442040
   -0.442088
   -0.410112
   -0.410023
   -0.410083
   -0.410046
   -0.410138
   -0.410127
   -0.410127
   -0.410134
   -0.410122
   -0.410134
   -0.410122
   -0.410142
   -0.410031
   -0.410081
   -0.410017
   -0.410102
   -0.434104
   -0.434259
   -0.434128
   -0.434240
   -0.434288
   -0.434374
   -0.434299
   -0.434365
   -0.434306
   -0.434362
   -0.434311
   -0.434351
   -0.434188
   -0.434192
   -0.434208
   -0.434165
   -0.413972
   -0.413902
   -0.413951
   -0.413920
   -0.413940
   -0.413934
   -0.413925
   -0.413946
   -0.413914
   -0.413955
   -0.413903
   -0.413973
   -0.413877
   -0.413996
   -0.413848
   -0.414033
   -0.437795
   -0.437929
   -0.437810
   -0.437916
   -0.437824
   -0.437905
   -0.437839
   -0.437891
   -0.437852
   -0.437879
   -0.437869
   -0.437857
   -0.437901
   -0.437830
   -0.437937
   -0.437784
   -0.406157
   -0.406105
   -0.406143
   -0.406119
   -0.410180
   -0.410189
   -0.410161
   -0.410208
   -0.410141
   -0.410228
   -0.410115
   -0.410259
   -0.410004
   -0.410224
   -0.409957
   -0.410281
   -0.429593
   -0.429710
   -0.429605
   -0.429697
   -0.429619
   -0.429678
   -0.429641
   -0.429656
   -0.429665
   -0.429631
   -0.429697
   -0.429594
   -0.429817
   -0.429623
   -0.429872
   -0.429556
   -0.418403
   -0.418388
   -0.418393
   -0.418400
   -0.418523
   -0.418564
   -0.418500
   -0.418590
   -0.418473
   -0.418619
   -0.418434
   -0.418664
   -0.415099
   -0.415366
   -0.414961
   -0.415446
   -0.441827
   -0.441910
   -0.441836
   -0.441900
   -0.442437
   -0.442462
   -0.442460
   -0.442435
   -0.442491
   -0.442402
   -0.442536
   -0.442350
   -0.438506
   -0.438203
   -0.438581
   -0.438112
   -0.410039
   -0.410050
   -0.410030
   -0.410061
   -0.410156
   -0.410226
   -0.410129
   -0.410258
   -0.410092
   -0.410298
   -0.410039
   -0.410358
   -0.410286
   -0.410668
   -0.410128
   -0.410773
   -0.434260
   -0.434311
   -0.434268
   -0.434300
   -0.434577
   -0.434495
   -0.434532
   -0.434462
   -0.434572
   -0.434418
   -0.434630
   -0.434354
   -0.438738
   -0.438320
   -0.438830
   -0.438208
   -0.413736
   -0.413610
   -0.413712
   -0.413652
   -0.413633
   -0.413684
   -0.413591
   -0.413710
   -0.413572
   -0.413710
   -0.413587
   -0.413693
   -0.413529
   -0.413600
   -0.413548
   -0.413586
   -0.438779
   -0.438969
   -0.438803
   -0.438929
   -0.438904
   -0.438927
   -0.438944
   -0.438901
   -0.438963
   -0.438900
   -0.438951
   -0.438914
   -0.438866
   -0.438860
   -0.438848
   -0.438874
   -0.405687
   -0.405540
   -0.405660
   -0.405579
   -0.409728
   -0.409746
   -0.409689
   -0.409773
   -0.409668
   -0.409778
   -0.409675
   -0.409769
   -0.409620
   -0.409691
   -0.409636
   -0.409679
   -0.430468
   -0.430657
   -0.430494
   -0.430622
   -0.430563
   -0.430600
   -0.430599
   -0.430573
   -0.430620
   -0.430568
   -0.430616
   -0.430573
   -0.430528
   -0.430504
   -0.430514
   -0.430516
   -0.417953
   -0.417825
   -0.417928
   -0.417858
   -0.417964
   -0.417979
   -0.417929
   -0.418005
   -0.417907
   -0.418013
   -0.417907
   -0.418013
   -0.417835
   -0.417932
   -0.417846
   -0.417923
   -0.438706
   -0.438871
   -0.438730
   -0.438841
   -0.442958
   -0.442995
   -0.442991
   -0.442969
   -0.443012
   -0.442959
   -0.443015
   -0.442956
   -0.442925
   -0.442870
   -0.442917
   -0.442879
   -0.409661
   -0.409557
   -0.409637
   -0.409586
   -0.409669
   -0.409692
   -0.409637
   -0.409719
   -0.409613
   -0.409732
   -0.409605
   -0.409742
   -0.409534
   -0.409680
   -0.409537
   -0.409675
   -0.434833
   -0.434954
   -0.434856
   -0.434928
   -0.434917
   -0.434928
   -0.434947
   -0.434902
   -0.434969
   -0.434888
   -0.434979
   -0.434876
   -0.434938
   -0.434820
   -0.434937
   -0.434823
   -0.413716
   -0.413682
   -0.413696
   -0.413705
   -0.413645
   -0.413710
   -0.413618
   -0.413735
   -0.413594
   -0.413751
   -0.413581
   -0.413768
   -0.413492
   -0.413702
   -0.413490
   -0.413701
   -0.438819
   -0.438878
   -0.438836
   -0.438859
   -0.438909
   -0.438885
   -0.438933
   -0.438861
   -0.438956
   -0.438844
   -0.438971
   -0.438825
   -0.438916
   -0.438746
   -0.438919
   -0.438748
   -0.405630
   -0.405645
   -0.405613
   -0.405663
   -0.409710
   -0.409802
   -0.409686
   -0.409827
   -0.409661
   -0.409848
   -0.409642
   -0.409872
   -0.409556
   -0.409820
   -0.409550
   -0.409821
   -0.430529
   -0.430549
   -0.430545
   -0.430533
   -0.430586
   -0.430539
   -0.430608
   -0.430514
   -0.430634
   -0.430490
   -0.430657
   -0.430463
   -0.430600
   -0.430367
   -0.430608
   -0.430366
   -0.417822
   -0.417857
   -0.417806
   -0.417874
   -0.418008
   -0.418112
   -0.417984
   -0.418140
   -0.417953
   -0.418170
   -0.417924
   -0.418203
   -0.413706
   -0.414044
   -0.413704
   -0.414048
   -0.442880
   -0.442891
   -0.442896
   -0.442875
   -0.443153
   -0.443098
   -0.443177
   -0.443069
   -0.443210
   -0.443034
   -0.443244
   -0.442997
   -0.439021
   -0.438715
   -0.439034
   -0.438711
   -0.409549
   -0.409594
   -0.409532
   -0.409609
   -0.409736
   -0.409844
   -0.409711
   -0.409876
   -0.409674
   -0.409916
   -0.409634
   -0.409960
   -0.409504
   -0.409907
   -0.409497
   -0.409914
   -0.434826
   -0.434830
   -0.434844
   -0.434815
   -0.434979
   -0.434927
   -0.435014
   -0.434893
   -0.435055
   -0.434848
   -0.435101
   -0.434798
   -0.439210
   -0.438829
   -0.439231
   -0.438820
   -0.421462
   -0.421186
   -0.421473
   -0.421182
   -0.421464
   -0.421190
   -0.421444
   -0.421212
   -0.421413
   -0.421259
   -0.421369
   -0.421286
   -0.421370
   -0.421315
   -0.421364
   -0.421315
   -0.450549
   -0.450605
   -0.450534
   -0.450614
   -0.450534
   -0.450608
   -0.450547
   -0.450592
   -0.450573
   -0.450552
   -0.450610
   -0.450530
   -0.450639
   -0.450537
   -0.450642
   -0.450538
   -0.411189
   -0.411044
   -0.411205
   -0.411033
   -0.415852
   -0.415680
   -0.415841
   -0.415693
   -0.415821
   -0.415726
   -0.415791
   -0.415742
   -0.416004
   -0.415968
   -0.416003
   -0.415964
   -0.441566
   -0.441533
   -0.441550
   -0.441543
   -0.441551
   -0.441543
   -0.441559
   -0.441533
   -0.441573
   -0.441508
   -0.441596
   -0.441498
   -0.441410
   -0.441311
   -0.441406
   -0.441320
   -0.424864
   -0.424776
   -0.424877
   -0.424768
   -0.424868
   -0.424760
   -0.424862
   -0.424767
   -0.424853
   -0.424785
   -0.424838
   -0.424788
   -0.424861
   -0.424801
   -0.424871
   -0.424787
   -0.450690
   -0.450605
   -0.450679
   -0.450612
   -0.455325
   -0.455257
   -0.455328
   -0.455255
   -0.455332
   -0.455244
   -0.455339
   -0.455248
   -0.454935
   -0.454870
   -0.454918
   -0.454891
   -0.415985
   -0.415931
   -0.415991
   -0.415926
   -0.415776
   -0.415712
   -0.415775
   -0.415712
   -0.415775
   -0.415716
   -0.415776
   -0.415706
   -0.416018
   -0.415909
   -0.416043
   -0.415879
   -0.444746
   -0.444649
   -0.444742
   -0.444654
   -0.444333
   -0.444252
   -0.444330
   -0.444258
   -0.444323
   -0.444262
   -0.444314
   -0.444280
   -0.444708
   -0.444726
   -0.444672
   -0.444767
   -0.421261
   -0.421221
   -0.421264
   -0.421216
   -0.421265
   -0.421207
   -0.421272
   -0.421198
   -0.421284
   -0.421187
   -0.421300
   -0.421163
   -0.421352
   -0.421146
   -0.421397
   -0.421095
   -0.450712
   -0.450605
   -0.450711
   -0.450610
   -0.450704
   -0.450618
   -0.450692
   -0.450633
   -0.450674
   -0.450652
   -0.450649
   -0.450684
   -0.450624
   -0.450744
   -0.450568
   -0.450807
   -0.411054
   -0.411017
   -0.411053
   -0.411012
   -0.415707
   -0.415644
   -0.415723
   -0.415623
   -0.415748
   -0.415597
   -0.415781
   -0.415558
   -0.416052
   -0.415725
   -0.416118
   -0.415650
   -0.441685
   -0.441575
   -0.441685
   -0.441582
   -0.441677
   -0.441600
   -0.441656
   -0.441627
   -0.441623
   -0.441662
   -0.441582
   -0.441708
   -0.441335
   -0.441583
   -0.441258
   -0.441671
   -0.424775
   -0.424737
   -0.424774
   -0.424731
   -0.424314
   -0.424245
   -0.424338
   -0.424214
   -0.424376
   -0.424173
   -0.424425
   -0.424119
   -0.419220
   -0.418981
   -0.419511
   -0.418881
   -0.455443
   -0.455329
   -0.455445
   -0.455335
   -0.453705
   -0.453633
   -0.453678
   -0.453669
   -0.453634
   -0.453719
   -0.453576
   -0.453780
   -0.449235
   -0.449594
   -0.449133
   -0.449710
   -0.416116
   -0.416072
   -0.416112
   -0.416067
   -0.415658
   -0.415582
   -0.415689
   -0.415542
   -0.415738
   -0.415486
   -0.415803
   -0.415417
   -0.415425
   -0.415070
   -0.415740
   -0.414941
   -0.444428
   -0.444338
   -0.444435
   -0.444342
   -0.443558
   -0.443706
   -0.443728
   -0.443748
   -0.443675
   -0.443809
   -0.443604
   -0.443884
   -0.448176
   -0.448642
   -0.448051
   -0.448784
   -0.418881
   -0.419263
   -0.418907
   -0.419213
   -0.418973
   -0.419167
   -0.419025
   -0.419126
   -0.419058
   -0.419092
   -0.419085
   -0.419084
   -0.419283
   -0.419295
   -0.419287
   -0.419280
   -0.443991
   -0.443583
   -0.443966
   -0.443629
   -0.443896
   -0.443662
   -0.443847
   -0.443702
   -0.443816
   -0.443734
   -0.443790
   -0.443743
   -0.443992
   -0.443935
   -0.443987
   -0.443950
   -0.409853
   -0.410197
   -0.409877
   -0.410153
   -0.414207
   -0.414385
   -0.414252
   -0.414348
   -0.414281
   -0.414320
   -0.414303
   -0.414312
   -0.414424
   -0.414438
   -0.414429
   -0.414426
   -0.435589
   -0.435199
   -0.435562
   -0.435243
   -0.435504
   -0.435280
   -0.435460
   -0.435316
   -0.435432
   -0.435343
   -0.435409
   -0.435353
   -0.435688
   -0.435632
   -0.435681
   -0.435645
   -0.422770
   -0.423084
   -0.422795
   -0.423044
   -0.422814
   -0.422975
   -0.422854
   -0.422940
   -0.422881
   -0.422915
   -0.422902
   -0.422905
   -0.423110
   -0.423103
   -0.423117
   -0.423092
   -0.444176
   -0.443821
   -0.444151
   -0.443859
   -0.448362
   -0.448153
   -0.448322
   -0.448187
   -0.448295
   -0.448212
   -0.448273
   -0.448225
   -0.448626
   -0.448593
   -0.448615
   -0.448605
   -0.414301
   -0.414572
   -0.414324
   -0.414538
   -0.414417
   -0.414554
   -0.414452
   -0.414522
   -0.414478
   -0.414498
   -0.414498
   -0.414485
   -0.414630
   -0.414596
   -0.414641
   -0.414585
   -0.439129
   -0.438842
   -0.439106
   -0.438873
   -0.439215
   -0.439050
   -0.439181
   -0.439082
   -0.439156
   -0.439106
   -0.439134
   -0.439122
   -0.439159
   -0.439177
   -0.439144
   -0.439189
   -0.418977
   -0.419136
   -0.418993
   -0.419114
   -0.419028
   -0.419095
   -0.419054
   -0.419068
   -0.419077
   -0.419047
   -0.419097
   -0.419031
   -0.419316
   -0.419215
   -0.419331
   -0.419205
   -0.443886
   -0.443717
   -0.443874
   -0.443734
   -0.443835
   -0.443741
   -0.443811
   -0.443767
   -0.443788
   -0.443789
   -0.443767
   -0.443808
   -0.443946
   -0.444029
   -0.443929
   -0.444039
   -0.409972
   -0.410051
   -0.409981
   -0.410038
   -0.414278
   -0.414296
   -0.414299
   -0.414271
   -0.414323
   -0.414247
   -0.414345
   -0.414226
   -0.414493
   -0.414321
   -0.414512
   -0.414311
   -0.435457
   -0.435356
   -0.435449
   -0.435366
   -0.435426
   -0.435376
   -0.435404
   -0.435402
   -0.435378
   -0.435428
   -0.435353
   -0.435454
   -0.435604
   -0.435766
   -0.435581
   -0.435778
   -0.423107
   -0.423126
   -0.423112
   -0.423120
   -0.422815
   -0.422799
   -0.422834
   -0.422773
   -0.422860
   -0.422747
   -0.422886
   -0.422719
   -0.418840
   -0.418522
   -0.418785
   -0.418511
   -0.448498
   -0.448429
   -0.448494
   -0.448434
   -0.448247
   -0.448213
   -0.448227
   -0.448240
   -0.448199
   -0.448269
   -0.448171
   -0.448301
   -0.443748
   -0.443964
   -0.443720
   -0.443975
   -0.414548
   -0.414542
   -0.414551
   -0.414540
   -0.414250
   -0.414222
   -0.414269
   -0.414194
   -0.414299
   -0.414163
   -0.414330
   -0.414127
   -0.414568
   -0.414190
   -0.414520
   -0.414177
   -0.439358
   -0.439325
   -0.439356
   -0.439326
   -0.439231
   -0.439142
   -0.439130
   -0.439174
   -0.439095
   -0.439211
   -0.439058
   -0.439253
   -0.443300
   -0.443599
   -0.443264
   -0.443615
   -0.389762
   -0.390152
   -0.389790
   -0.390116
   -0.389832
   -0.390091
   -0.389858
   -0.390073
   -0.389878
   -0.390038
   -0.389915
   -0.390014
   -0.389825
   -0.389912
   -0.389821
   -0.389922
   -0.393652
   -0.393536
   -0.393628
   -0.393568
   -0.393593
   -0.393590
   -0.393572
   -0.393604
   -0.393556
   -0.393635
   -0.393523
   -0.393656
   -0.393413
   -0.393558
   -0.393416
   -0.393549
   -0.395583
   -0.395852
   -0.395601
   -0.395828
   -0.395526
   -0.395711
   -0.395539
   -0.395704
   -0.395548
   -0.395682
   -0.395573
   -0.395666
   -0.394922
   -0.395015
   -0.394917
   -0.395025
   -0.390218
   -0.390206
   -0.390202
   -0.390227
   -0.390175
   -0.390236
   -0.390164
   -0.390242
   -0.390157
   -0.390259
   -0.390137
   -0.390272
   -0.390591
   -0.390722
   -0.390597
   -0.390711
   -0.398798
   -0.398974
   -0.398808
   -0.398958
   -0.398836
   -0.398961
   -0.398841
   -0.398961
   -0.398841
   -0.398953
   -0.398850
   -0.398949
   -0.398742
   -0.398859
   -0.398729
   -0.398875
   -0.393409
   -0.393486
   -0.393401
   -0.393500
   -0.393278
   -0.393399
   -0.393276
   -0.393396
   -0.393280
   -0.393398
   -0.393277
   -0.393397
   -0.394298
   -0.394391
   -0.394313
   -0.394373
   -0.394926
   -0.395057
   -0.394935
   -0.395043
   -0.395514
   -0.395603
   -0.395513
   -0.395608
   -0.395505
   -0.395613
   -0.395500
   -0.395621
   -0.394825
   -0.394983
   -0.394805
   -0.395006
   -0.403222
   -0.403324
   -0.403212
   -0.403337
   -0.404304
   -0.404444
   -0.404307
   -0.404437
   -0.404317
   -0.404427
   -0.404328
   -0.404416
   -0.403140
   -0.403193
   -0.403162
   -0.403168
   -0.389990
   -0.390093
   -0.389998
   -0.390082
   -0.390012
   -0.390085
   -0.390006
   -0.390096
   -0.389991
   -0.390111
   -0.389973
   -0.390128
   -0.389849
   -0.390050
   -0.389824
   -0.390078
   -0.393449
   -0.393573
   -0.393440
   -0.393584
   -0.393428
   -0.393581
   -0.393436
   -0.393570
   -0.393453
   -0.393551
   -0.393475
   -0.393532
   -0.393398
   -0.393411
   -0.393422
   -0.393384
   -0.395766
   -0.395834
   -0.395771
   -0.395827
   -0.395678
   -0.395731
   -0.395665
   -0.395747
   -0.395644
   -0.395772
   -0.395615
   -0.395796
   -0.394932
   -0.395168
   -0.394905
   -0.395198
   -0.390053
   -0.390207
   -0.390047
   -0.390215
   -0.390035
   -0.390205
   -0.390048
   -0.390188
   -0.390071
   -0.390160
   -0.390103
   -0.390134
   -0.390587
   -0.390563
   -0.390614
   -0.390534
   -0.398836
   -0.398898
   -0.398840
   -0.398891
   -0.403080
   -0.403134
   -0.403064
   -0.403154
   -0.403038
   -0.403187
   -0.403000
   -0.403217
   -0.404254
   -0.403975
   -0.403669
   -0.404009
   -0.393094
   -0.393241
   -0.393086
   -0.393252
   -0.403736
   -0.403904
   -0.403752
   -0.403884
   -0.403779
   -0.403850
   -0.403818
   -0.403819
   -0.402849
   -0.402793
   -0.402884
   -0.402756
   -0.394373
   -0.394459
   -0.394383
   -0.394446
   -0.398623
   -0.398683
   -0.398606
   -0.398704
   -0.398578
   -0.398740
   -0.398535
   -0.398773
   -0.399630
   -0.399377
   -0.399038
   -0.399417
   -0.404143
   -0.404271
   -0.404130
   -0.404289
   -0.409446
   -0.409058
   -0.408909
   -0.409038
   -0.408936
   -0.409004
   -0.408978
   -0.408972
   -0.408895
   -0.408825
   -0.408935
   -0.408784
   -0.398757
   -0.399145
   -0.398782
   -0.399120
   -0.398803
   -0.399092
   -0.398832
   -0.399061
   -0.398868
   -0.399032
   -0.398895
   -0.399003
   -0.398378
   -0.398432
   -0.398391
   -0.398432
   -0.414073
   -0.413798
   -0.414051
   -0.413818
   -0.414038
   -0.413845
   -0.414013
   -0.413871
   -0.413982
   -0.413897
   -0.413958
   -0.413923
   -0.413389
   -0.413407
   -0.413376
   -0.413408
   -0.405276
   -0.405563
   -0.405291
   -0.405550
   -0.404812
   -0.405044
   -0.404830
   -0.405024
   -0.404854
   -0.405004
   -0.404872
   -0.404983
   -0.404720
   -0.404791
   -0.404731
   -0.404791
   -0.410021
   -0.409856
   -0.410012
   -0.409863
   -0.410008
   -0.409872
   -0.409996
   -0.409887
   -0.409976
   -0.409902
   -0.409962
   -0.409920
   -0.409029
   -0.409025
   -0.409018
   -0.409026
   -0.408281
   -0.408461
   -0.408284
   -0.408461
   -0.408292
   -0.408470
   -0.408298
   -0.408462
   -0.408310
   -0.408454
   -0.408317
   -0.408444
   -0.407782
   -0.407888
   -0.407788
   -0.407890
   -0.413412
   -0.413349
   -0.413414
   -0.413344
   -0.412937
   -0.412854
   -0.412937
   -0.412858
   -0.412930
   -0.412860
   -0.412928
   -0.412865
   -0.411636
   -0.411587
   -0.411632
   -0.411584
   -0.404717
   -0.404803
   -0.404710
   -0.404815
   -0.404334
   -0.404463
   -0.404328
   -0.404465
   -0.404328
   -0.404469
   -0.404325
   -0.404470
   -0.404150
   -0.404297
   -0.404151
   -0.404300
   -0.424491
   -0.424484
   -0.424499
   -0.424471
   -0.423775
   -0.423720
   -0.423783
   -0.423715
   -0.423786
   -0.423709
   -0.423792
   -0.423704
   -0.423998
   -0.423905
   -0.423998
   -0.423903
   -0.398941
   -0.398999
   -0.398931
   -0.399015
   -0.398911
   -0.399028
   -0.398900
   -0.399036
   -0.398893
   -0.399046
   -0.398883
   -0.399055
   -0.398329
   -0.398515
   -0.398327
   -0.398518
   -0.413919
   -0.413917
   -0.413927
   -0.413903
   -0.413948
   -0.413894
   -0.413958
   -0.413886
   -0.413965
   -0.413876
   -0.413976
   -0.413865
   -0.413444
   -0.413317
   -0.413446
   -0.413316
   -0.405411
   -0.405461
   -0.405400
   -0.405479
   -0.404890
   -0.405005
   -0.404876
   -0.405017
   -0.404864
   -0.405031
   -0.404849
   -0.405047
   -0.404659
   -0.404887
   -0.404654
   -0.404891
   -0.409911
   -0.409935
   -0.409923
   -0.409917
   -0.409944
   -0.409899
   -0.409961
   -0.409885
   -0.409974
   -0.409870
   -0.409990
   -0.409851
   -0.409094
   -0.408924
   -0.409101
   -0.408920
   -0.407824
   -0.407857
   -0.407811
   -0.407877
   -0.412948
   -0.413058
   -0.412929
   -0.413073
   -0.412913
   -0.413092
   -0.412895
   -0.413113
   -0.412599
   -0.413231
   -0.412962
   -0.413236
   -0.412322
   -0.412361
   -0.412334
   -0.412343
   -0.421161
   -0.421127
   -0.421180
   -0.421111
   -0.421196
   -0.421094
   -0.421213
   -0.421071
   -0.422453
   -0.422269
   -0.422462
   -0.422266
   -0.404585
   -0.404613
   -0.404573
   -0.404632
   -0.409708
   -0.409812
   -0.409687
   -0.409829
   -0.409669
   -0.409849
   -0.409650
   -0.409876
   -0.408865
   -0.409514
   -0.409225
   -0.409518
   -0.423182
   -0.423210
   -0.423193
   -0.423193
   -0.427614
   -0.427945
   -0.428006
   -0.427929
   -0.428024
   -0.427909
   -0.428043
   -0.427881
   -0.427578
   -0.427360
   -0.427590
   -0.427356
   -0.458397
   -0.458383
   -0.458415
   -0.458372
   -0.458418
   -0.458365
   -0.458429
   -0.458348
   -0.458448
   -0.458337
   -0.458447
   -0.458341
   -0.458871
   -0.458768
   -0.458876
   -0.458760
   -0.538526
   -0.538279
   -0.538506
   -0.538293
   -0.538499
   -0.538300
   -0.538487
   -0.538317
   -0.538471
   -0.538326
   -0.538472
   -0.538321
   -0.538901
   -0.538745
   -0.538897
   -0.538752
   -0.452892
   -0.452871
   -0.452912
   -0.452856
   -0.452995
   -0.452923
   -0.453005
   -0.452909
   -0.453018
   -0.452903
   -0.453014
   -0.452910
   -0.457758
   -0.457662
   -0.457761
   -0.457656
   -0.529476
   -0.529247
   -0.529457
   -0.529261
   -0.529449
   -0.529272
   -0.529439
   -0.529282
   -0.529430
   -0.529286
   -0.529435
   -0.529279
   -0.525543
   -0.525381
   -0.525539
   -0.525388
   -0.462464
   -0.462394
   -0.462479
   -0.462382
   -0.462482
   -0.462370
   -0.462490
   -0.462363
   -0.462495
   -0.462362
   -0.462490
   -0.462368
   -0.462915
   -0.462792
   -0.462921
   -0.462782
   -0.538912
   -0.538745
   -0.538899
   -0.538756
   -0.538968
   -0.538841
   -0.538961
   -0.538845
   -0.538958
   -0.538847
   -0.538960
   -0.538845
   -0.530739
   -0.530635
   -0.530727
   -0.530651
   -0.457773
   -0.457650
   -0.457781
   -0.457642
   -0.453460
   -0.453310
   -0.453462
   -0.453310
   -0.453463
   -0.453311
   -0.453461
   -0.453310
   -0.458217
   -0.458046
   -0.458234
   -0.458025
   -0.537611
   -0.537480
   -0.537605
   -0.537487
   -0.528957
   -0.528848
   -0.528955
   -0.528846
   -0.528956
   -0.528846
   -0.528956
   -0.528849
   -0.538014
   -0.537939
   -0.537991
   -0.537965
   -0.458457
   -0.458313
   -0.458462
   -0.458307
   -0.458465
   -0.458301
   -0.458466
   -0.458305
   -0.458463
   -0.458305
   -0.458467
   -0.458297
   -0.458910
   -0.458697
   -0.458938
   -0.458666
   -0.538462
   -0.538352
   -0.538457
   -0.538357
   -0.538453
   -0.538364
   -0.538453
   -0.538358
   -0.538456
   -0.538358
   -0.538450
   -0.538370
   -0.538853
   -0.538829
   -0.538819
   -0.538865
   -0.452952
   -0.452802
   -0.452954
   -0.452799
   -0.453032
   -0.452868
   -0.453031
   -0.452875
   -0.453027
   -0.452874
   -0.453036
   -0.452859
   -0.457812
   -0.457569
   -0.457850
   -0.457530
   -0.529429
   -0.529303
   -0.529428
   -0.529306
   -0.529425
   -0.529315
   -0.529425
   -0.529308
   -0.529429
   -0.529310
   -0.529415
   -0.529331
   -0.525485
   -0.525480
   -0.525441
   -0.525524
   -0.462915
   -0.462784
   -0.462915
   -0.462784
   -0.467056
   -0.466912
   -0.467055
   -0.466921
   -0.467050
   -0.466918
   -0.467066
   -0.466894
   -0.458362
   -0.462420
   -0.462732
   -0.462371
   -0.539409
   -0.539261
   -0.539411
   -0.539260
   -0.530405
   -0.530263
   -0.530405
   -0.530255
   -0.530408
   -0.530261
   -0.530387
   -0.530290
   -0.538909
   -0.538918
   -0.538853
   -0.538974
   -0.462513
   -0.462393
   -0.462507
   -0.462396
   -0.466644
   -0.466525
   -0.466642
   -0.466536
   -0.466635
   -0.466532
   -0.466656
   -0.466502
   -0.458056
   -0.462111
   -0.462438
   -0.462052
   -0.529404
   -0.529260
   -0.529413
   -0.529253
   -0.524916
   -0.529078
   -0.529242
   -0.529065
   -0.529251
   -0.529068
   -0.529230
   -0.529099
   -0.529256
   -0.529246
   -0.529192
   -0.529310
   -0.421239
   -0.421432
   -0.421273
   -0.421402
   -0.421302
   -0.421371
   -0.421334
   -0.421337
   -0.421377
   -0.421300
   -0.421395
   -0.421292
   -0.425680
   -0.425570
   -0.425681
   -0.425569
   -0.453782
   -0.453401
   -0.453752
   -0.453428
   -0.453725
   -0.453454
   -0.453697
   -0.453485
   -0.453658
   -0.453518
   -0.453640
   -0.453526
   -0.457915
   -0.457808
   -0.457915
   -0.457810
   -0.411323
   -0.411455
   -0.411350
   -0.411431
   -0.411535
   -0.411568
   -0.411560
   -0.411541
   -0.411594
   -0.411511
   -0.411610
   -0.411504
   -0.416321
   -0.416207
   -0.416323
   -0.416205
   -0.448944
   -0.448602
   -0.448918
   -0.448625
   -0.448896
   -0.448649
   -0.448871
   -0.448674
   -0.448841
   -0.448702
   -0.448825
   -0.448710
   -0.452672
   -0.452566
   -0.452670
   -0.452569
   -0.420605
   -0.420702
   -0.420628
   -0.420682
   -0.420643
   -0.420657
   -0.420664
   -0.420636
   -0.420690
   -0.420612
   -0.420704
   -0.420605
   -0.424989
   -0.424882
   -0.424990
   -0.424881
   -0.458005
   -0.457716
   -0.457986
   -0.457732
   -0.458130
   -0.457912
   -0.458112
   -0.457929
   -0.458090
   -0.457950
   -0.458078
   -0.457956
   -0.461502
   -0.461387
   -0.461501
   -0.461386
   -0.416257
   -0.416286
   -0.416270
   -0.416276
   -0.415851
   -0.415834
   -0.415864
   -0.415822
   -0.415879
   -0.415807
   -0.415888
   -0.415804
   -0.420593
   -0.420511
   -0.420588
   -0.420516
   -0.447964
   -0.447742
   -0.447955
   -0.447748
   -0.447096
   -0.446903
   -0.447087
   -0.446910
   -0.447077
   -0.446921
   -0.447072
   -0.446920
   -0.452206
   -0.452047
   -0.452214
   -0.452038
   -0.421371
   -0.421332
   -0.421375
   -0.421332
   -0.421375
   -0.421329
   -0.421379
   -0.421329
   -0.421381
   -0.421326
   -0.421380
   -0.421331
   -0.425653
   -0.425619
   -0.425640
   -0.425634
   -0.453656
   -0.453495
   -0.453655
   -0.453493
   -0.453656
   -0.453491
   -0.453656
   -0.453487
   -0.453660
   -0.453486
   -0.453664
   -0.453478
   -0.457953
   -0.457748
   -0.457968
   -0.457729
   -0.411443
   -0.411367
   -0.411441
   -0.411371
   -0.411598
   -0.411537
   -0.411595
   -0.411546
   -0.411585
   -0.411553
   -0.411577
   -0.411563
   -0.416272
   -0.416282
   -0.416253
   -0.416304
   -0.448822
   -0.448691
   -0.448825
   -0.448685
   -0.448832
   -0.448680
   -0.448838
   -0.448668
   -0.448852
   -0.448657
   -0.448863
   -0.448645
   -0.452728
   -0.452484
   -0.452747
   -0.452461
   -0.425003
   -0.424897
   -0.424998
   -0.424904
   -0.424770
   -0.424689
   -0.424761
   -0.424705
   -0.424743
   -0.424719
   -0.424730
   -0.424732
   -0.423711
   -0.424164
   -0.424117
   -0.424188
   -0.462339
   -0.462229
   -0.462345
   -0.462222
   -0.460218
   -0.460073
   -0.460228
   -0.460056
   -0.460247
   -0.460041
   -0.460260
   -0.460029
   -0.460966
   -0.460714
   -0.460985
   -0.460691
   -0.421049
   -0.420934
   -0.421044
   -0.420942
   -0.420812
   -0.420729
   -0.420799
   -0.420748
   -0.420776
   -0.420767
   -0.420762
   -0.420779
   -0.419905
   -0.420366
   -0.420313
   -0.420390
   -0.451322
   -0.451207
   -0.451326
   -0.451201
   -0.450269
   -0.450548
   -0.450707
   -0.450528
   -0.450731
   -0.450510
   -0.450744
   -0.450500
   -0.450913
   -0.450658
   -0.450930
   -0.450636
