   -0.441573
   -0.441182
   -0.441525
   -0.441234
   -0.441476
   -0.441287
   -0.441418
   -0.441336
   -0.432568
   -0.432572
   -0.432529
   -0.432605
   -0.432506
   -0.432612
   -0.432499
   -0.432620
   -0.492675
   -0.493285
   -0.492721
   -0.493235
   -0.492768
   -0.493186
   -0.492822
   -0.493140
   -0.484051
   -0.484289
   -0.484088
   -0.484259
   -0.484108
   -0.484253
   -0.484114
   -0.484245
   -0.452765
   -0.452454
   -0.452720
   -0.452501
   -0.452675
   -0.452548
   -0.452625
   -0.452591
   -0.443396
   -0.443439
   -0.443363
   -0.443467
   -0.443343
   -0.443475
   -0.443337
   -0.443483
   -0.479797
   -0.480303
   -0.479838
   -0.480262
   -0.479877
   -0.480222
   -0.479920
   -0.480185
   -0.466740
   -0.466938
   -0.466770
   -0.466914
   -0.466787
   -0.466907
   -0.466792
   -0.466901
   -0.461899
   -0.461692
   -0.461859
   -0.461731
   -0.461823
   -0.461768
   -0.461784
   -0.461802
   -0.452561
   -0.452645
   -0.452533
   -0.452670
   -0.452515
   -0.452678
   -0.452509
   -0.452685
   -0.484579
   -0.484993
   -0.484615
   -0.484959
   -0.484646
   -0.484927
   -0.484679
   -0.484897
   -0.480685
   -0.480845
   -0.480713
   -0.480821
   -0.480730
   -0.480813
   -0.480737
   -0.480804
   -0.444138
   -0.444022
   -0.444105
   -0.444053
   -0.444077
   -0.444081
   -0.444048
   -0.444107
   -0.439615
   -0.439730
   -0.439590
   -0.439752
   -0.439573
   -0.439762
   -0.439565
   -0.439772
   -0.496176
   -0.496514
   -0.496205
   -0.496487
   -0.496229
   -0.496463
   -0.496255
   -0.496439
   -0.487471
   -0.487602
   -0.487497
   -0.487579
   -0.487516
   -0.487566
   -0.487526
   -0.487554
   -0.441405
   -0.441360
   -0.441380
   -0.441384
   -0.441358
   -0.441407
   -0.441335
   -0.441429
   -0.432501
   -0.432647
   -0.432474
   -0.432672
   -0.432455
   -0.432686
   -0.432441
   -0.432701
   -0.492846
   -0.493105
   -0.492867
   -0.493086
   -0.492885
   -0.493067
   -0.492905
   -0.493046
   -0.484120
   -0.484211
   -0.484146
   -0.484186
   -0.484167
   -0.484170
   -0.484183
   -0.484152
   -0.452596
   -0.452629
   -0.452579
   -0.452646
   -0.452562
   -0.452664
   -0.452542
   -0.452684
   -0.443327
   -0.443521
   -0.443300
   -0.443548
   -0.443275
   -0.443569
   -0.443255
   -0.443592
   -0.479956
   -0.480139
   -0.479969
   -0.480127
   -0.479982
   -0.480112
   -0.479997
   -0.480094
   -0.466809
   -0.466856
   -0.466837
   -0.466826
   -0.466865
   -0.466801
   -0.466891
   -0.466772
   -0.461328
   -0.461433
   -0.461318
   -0.461444
   -0.461307
   -0.461457
   -0.461293
   -0.461474
   -0.461269
   -0.461500
   -0.461236
   -0.461533
   -0.461204
   -0.461564
   -0.461172
   -0.461600
   -0.484904
   -0.485025
   -0.484910
   -0.485018
   -0.484918
   -0.485008
   -0.484930
   -0.484993
   -0.484952
   -0.484965
   -0.484986
   -0.484930
   -0.485022
   -0.484895
   -0.485058
   -0.484855
   -0.443971
   -0.444120
   -0.443967
   -0.444126
   -0.443959
   -0.444136
   -0.443947
   -0.444152
   -0.443920
   -0.444179
   -0.443881
   -0.444219
   -0.443840
   -0.444259
   -0.443797
   -0.444307
   -0.496208
   -0.496330
   -0.496213
   -0.496324
   -0.496221
   -0.496312
   -0.496236
   -0.496293
   -0.496263
   -0.496253
   -0.496303
   -0.496208
   -0.496349
   -0.496162
   -0.496398
   -0.496110
   -0.483420
   -0.483381
   -0.483373
   -0.483426
   -0.483331
   -0.483469
   -0.483290
   -0.483494
   -0.482516
   -0.482759
   -0.482510
   -0.482745
   -0.482530
   -0.482713
   -0.482563
   -0.482692
   -0.561369
   -0.561639
   -0.561410
   -0.561599
   -0.561448
   -0.561561
   -0.561484
   -0.561538
   -0.560737
   -0.560755
   -0.560742
   -0.560768
   -0.560724
   -0.560796
   -0.560695
   -0.560814
   -0.483932
   -0.483928
   -0.483894
   -0.483964
   -0.483860
   -0.483999
   -0.483825
   -0.484022
   -0.478651
   -0.478880
   -0.478642
   -0.478871
   -0.478656
   -0.478848
   -0.478679
   -0.478835
   -0.556035
   -0.556268
   -0.556065
   -0.556237
   -0.556094
   -0.556209
   -0.556122
   -0.556191
   -0.554988
   -0.555029
   -0.554993
   -0.555038
   -0.554979
   -0.555061
   -0.554957
   -0.555073
   -0.489081
   -0.489134
   -0.489057
   -0.489158
   -0.489034
   -0.489181
   -0.489011
   -0.489196
   -0.483845
   -0.484051
   -0.483839
   -0.484042
   -0.483853
   -0.484020
   -0.483873
   -0.484010
   -0.556627
   -0.556800
   -0.556644
   -0.556782
   -0.556661
   -0.556765
   -0.556678
   -0.556755
   -0.560703
   -0.560763
   -0.560702
   -0.560773
   -0.560688
   -0.560795
   -0.560668
   -0.560805
   -0.478914
   -0.479015
   -0.478900
   -0.479029
   -0.478887
   -0.479043
   -0.478872
   -0.479051
   -0.478500
   -0.478689
   -0.478499
   -0.478680
   -0.478512
   -0.478660
   -0.478530
   -0.478650
   -0.557201
   -0.557348
   -0.557211
   -0.557337
   -0.557221
   -0.557327
   -0.557232
   -0.557322
   -0.556473
   -0.556555
   -0.556467
   -0.556566
   -0.556453
   -0.556586
   -0.556434
   -0.556597
   -0.483341
   -0.483470
   -0.483335
   -0.483477
   -0.483328
   -0.483485
   -0.483320
   -0.483488
   -0.482561
   -0.482732
   -0.482567
   -0.482721
   -0.482580
   -0.482703
   -0.482598
   -0.482692
   -0.561432
   -0.561562
   -0.561438
   -0.561556
   -0.561444
   -0.561549
   -0.561452
   -0.561545
   -0.560691
   -0.560781
   -0.560686
   -0.560789
   -0.560675
   -0.560804
   -0.560661
   -0.560814
   -0.483873
   -0.484004
   -0.483866
   -0.484010
   -0.483860
   -0.484017
   -0.483853
   -0.484020
   -0.478689
   -0.478860
   -0.478691
   -0.478857
   -0.478697
   -0.478848
   -0.478706
   -0.478840
   -0.556096
   -0.556189
   -0.556097
   -0.556187
   -0.556098
   -0.556185
   -0.556101
   -0.556185
   -0.554956
   -0.555042
   -0.554951
   -0.555044
   -0.554948
   -0.555050
   -0.554942
   -0.555057
   -0.489493
   -0.489677
   -0.489493
   -0.489677
   -0.489494
   -0.489676
   -0.489494
   -0.489674
   -0.489504
   -0.489678
   -0.489507
   -0.489677
   -0.489508
   -0.489675
   -0.489511
   -0.489668
   -0.565847
   -0.565934
   -0.565850
   -0.565932
   -0.565849
   -0.565933
   -0.565849
   -0.565934
   -0.565836
   -0.565926
   -0.565835
   -0.565925
   -0.565836
   -0.565924
   -0.565835
   -0.565928
   -0.483780
   -0.483930
   -0.483773
   -0.483936
   -0.483770
   -0.483938
   -0.483767
   -0.483940
   -0.483775
   -0.483950
   -0.483772
   -0.483956
   -0.483765
   -0.483963
   -0.483760
   -0.483961
   -0.566938
   -0.567057
   -0.566946
   -0.567049
   -0.566951
   -0.567044
   -0.566957
   -0.567041
   -0.566964
   -0.567038
   -0.566965
   -0.567028
   -0.566974
   -0.567019
   -0.566982
   -0.567018
   -0.408554
   -0.409652
   -0.408664
   -0.409542
   -0.408772
   -0.409434
   -0.408882
   -0.409330
   -0.410143
   -0.410400
   -0.410226
   -0.410338
   -0.410274
   -0.410295
   -0.410308
   -0.410276
   -0.436509
   -0.435410
   -0.436408
   -0.435511
   -0.436309
   -0.435611
   -0.436207
   -0.435707
   -0.437287
   -0.436971
   -0.437206
   -0.437030
   -0.437160
   -0.437073
   -0.437126
   -0.437093
   -0.421255
   -0.422113
   -0.421343
   -0.422024
   -0.421430
   -0.421937
   -0.421519
   -0.421853
   -0.422387
   -0.422562
   -0.422457
   -0.422510
   -0.422497
   -0.422473
   -0.422527
   -0.422454
   -0.432966
   -0.432126
   -0.432889
   -0.432205
   -0.432812
   -0.432281
   -0.432733
   -0.432356
   -0.434410
   -0.434185
   -0.434345
   -0.434234
   -0.434306
   -0.434271
   -0.434276
   -0.434291
   -0.420598
   -0.421212
   -0.420663
   -0.421145
   -0.420728
   -0.421080
   -0.420796
   -0.421015
   -0.421646
   -0.421736
   -0.421704
   -0.421691
   -0.421739
   -0.421658
   -0.421767
   -0.421639
   -0.431289
   -0.430668
   -0.431233
   -0.430726
   -0.431176
   -0.430782
   -0.431116
   -0.430841
   -0.432019
   -0.431863
   -0.431963
   -0.431905
   -0.431930
   -0.431936
   -0.431903
   -0.431955
   -0.417487
   -0.417902
   -0.417533
   -0.417854
   -0.417579
   -0.417809
   -0.417628
   -0.417760
   -0.418263
   -0.418295
   -0.418309
   -0.418258
   -0.418337
   -0.418232
   -0.418360
   -0.418215
   -0.439991
   -0.439549
   -0.439953
   -0.439589
   -0.439913
   -0.439628
   -0.439871
   -0.439670
   -0.440996
   -0.440883
   -0.440952
   -0.440915
   -0.440928
   -0.440939
   -0.440906
   -0.440955
   -0.408979
   -0.409217
   -0.409008
   -0.409186
   -0.409038
   -0.409156
   -0.409071
   -0.409123
   -0.410268
   -0.410257
   -0.410301
   -0.410231
   -0.410320
   -0.410214
   -0.410337
   -0.410199
   -0.436091
   -0.435837
   -0.436071
   -0.435860
   -0.436048
   -0.435883
   -0.436024
   -0.435907
   -0.437167
   -0.437106
   -0.437140
   -0.437127
   -0.437125
   -0.437141
   -0.437110
   -0.437156
   -0.421645
   -0.421713
   -0.421655
   -0.421698
   -0.421670
   -0.421684
   -0.421686
   -0.421667
   -0.422492
   -0.422440
   -0.422511
   -0.422426
   -0.422520
   -0.422416
   -0.422532
   -0.422403
   -0.432606
   -0.432497
   -0.432602
   -0.432506
   -0.432592
   -0.432514
   -0.432583
   -0.432526
   -0.434319
   -0.434294
   -0.434304
   -0.434306
   -0.434295
   -0.434314
   -0.434283
   -0.434330
   -0.424828
   -0.424785
   -0.424827
   -0.424781
   -0.424830
   -0.424779
   -0.424833
   -0.424773
   -0.424840
   -0.424770
   -0.424857
   -0.424761
   -0.424863
   -0.424755
   -0.424874
   -0.424737
   -0.436172
   -0.436119
   -0.436175
   -0.436121
   -0.436173
   -0.436121
   -0.436172
   -0.436126
   -0.436169
   -0.436135
   -0.436152
   -0.436146
   -0.436144
   -0.436154
   -0.436128
   -0.436174
   -0.421999
   -0.421945
   -0.421994
   -0.421944
   -0.421994
   -0.421946
   -0.421993
   -0.421942
   -0.422004
   -0.421948
   -0.422024
   -0.421937
   -0.422032
   -0.421929
   -0.422049
   -0.421903
   -0.448396
   -0.448330
   -0.448401
   -0.448332
   -0.448400
   -0.448331
   -0.448399
   -0.448337
   -0.448392
   -0.448354
   -0.448385
   -0.448366
   -0.448375
   -0.448376
   -0.448355
   -0.448405
   -0.400401
   -0.400340
   -0.400417
   -0.400321
   -0.400430
   -0.400315
   -0.400440
   -0.400307
   -0.400599
   -0.400459
   -0.400612
   -0.400458
   -0.400608
   -0.400467
   -0.400584
   -0.400489
   -0.417939
   -0.417745
   -0.417922
   -0.417765
   -0.417907
   -0.417774
   -0.417895
   -0.417785
   -0.418047
   -0.417952
   -0.418037
   -0.417954
   -0.418039
   -0.417947
   -0.418060
   -0.417929
   -0.414510
   -0.414453
   -0.414525
   -0.414437
   -0.414537
   -0.414429
   -0.414548
   -0.414420
   -0.415284
   -0.415156
   -0.415300
   -0.415156
   -0.415296
   -0.415165
   -0.415276
   -0.415182
   -0.414026
   -0.413836
   -0.414012
   -0.413851
   -0.414000
   -0.413859
   -0.413989
   -0.413869
   -0.414234
   -0.414122
   -0.414221
   -0.414122
   -0.414225
   -0.414115
   -0.414242
   -0.414101
   -0.413720
   -0.413638
   -0.413726
   -0.413629
   -0.413733
   -0.413626
   -0.413739
   -0.413620
   -0.414462
   -0.414349
   -0.414474
   -0.414353
   -0.414467
   -0.414363
   -0.414451
   -0.414375
   -0.413687
   -0.413536
   -0.413683
   -0.413542
   -0.413678
   -0.413544
   -0.413673
   -0.413550
   -0.413183
   -0.413067
   -0.413179
   -0.413065
   -0.413184
   -0.413058
   -0.413196
   -0.413049
   -0.410464
   -0.410352
   -0.410464
   -0.410351
   -0.410464
   -0.410353
   -0.410466
   -0.410350
   -0.410512
   -0.410401
   -0.410522
   -0.410403
   -0.410517
   -0.410409
   -0.410507
   -0.410415
   -0.423271
   -0.423128
   -0.423271
   -0.423130
   -0.423269
   -0.423130
   -0.423266
   -0.423134
   -0.423421
   -0.423301
   -0.423420
   -0.423302
   -0.423421
   -0.423301
   -0.423426
   -0.423300
   -0.400335
   -0.400239
   -0.400333
   -0.400240
   -0.400332
   -0.400242
   -0.400335
   -0.400238
   -0.400495
   -0.400392
   -0.400498
   -0.400389
   -0.400500
   -0.400388
   -0.400499
   -0.400386
   -0.418010
   -0.417841
   -0.418011
   -0.417841
   -0.418010
   -0.417842
   -0.418005
   -0.417848
   -0.418157
   -0.418018
   -0.418148
   -0.418028
   -0.418139
   -0.418038
   -0.418130
   -0.418049
   -0.414444
   -0.414354
   -0.414439
   -0.414357
   -0.414436
   -0.414360
   -0.414438
   -0.414356
   -0.415183
   -0.415089
   -0.415193
   -0.415076
   -0.415206
   -0.415061
   -0.415220
   -0.415046
   -0.414088
   -0.413938
   -0.414095
   -0.413933
   -0.414099
   -0.413929
   -0.414098
   -0.413933
   -0.414337
   -0.414191
   -0.414325
   -0.414207
   -0.414307
   -0.414228
   -0.414288
   -0.414248
   -0.413919
   -0.413803
   -0.413907
   -0.413814
   -0.413898
   -0.413824
   -0.413894
   -0.413824
   -0.413879
   -0.413800
   -0.413895
   -0.413782
   -0.413915
   -0.413760
   -0.413937
   -0.413741
   -0.412984
   -0.412840
   -0.412996
   -0.412831
   -0.413004
   -0.412821
   -0.413006
   -0.412823
   -0.413028
   -0.412861
   -0.413007
   -0.412886
   -0.412979
   -0.412917
   -0.412949
   -0.412952
   -0.410040
   -0.409940
   -0.410026
   -0.409950
   -0.410017
   -0.409961
   -0.410013
   -0.409959
   -0.409995
   -0.409918
   -0.410023
   -0.409887
   -0.410057
   -0.409850
   -0.410093
   -0.409817
   -0.422736
   -0.422581
   -0.422750
   -0.422572
   -0.422757
   -0.422563
   -0.422758
   -0.422569
   -0.422730
   -0.422585
   -0.422705
   -0.422625
   -0.422662
   -0.422670
   -0.422618
   -0.422717
   -0.437062
   -0.436359
   -0.436962
   -0.436450
   -0.436881
   -0.436528
   -0.436819
   -0.436573
   -0.436334
   -0.436226
   -0.436276
   -0.436260
   -0.436249
   -0.436275
   -0.436249
   -0.436276
   -0.453167
   -0.453888
   -0.453259
   -0.453804
   -0.453335
   -0.453731
   -0.453394
   -0.453687
   -0.453017
   -0.453175
   -0.453074
   -0.453141
   -0.453101
   -0.453126
   -0.453103
   -0.453124
   -0.437083
   -0.436492
   -0.436999
   -0.436569
   -0.436929
   -0.436637
   -0.436873
   -0.436679
   -0.436459
   -0.436393
   -0.436409
   -0.436427
   -0.436382
   -0.436443
   -0.436378
   -0.436447
   -0.452866
   -0.453451
   -0.452941
   -0.453381
   -0.453005
   -0.453319
   -0.453056
   -0.453280
   -0.452467
   -0.452566
   -0.452515
   -0.452532
   -0.452542
   -0.452516
   -0.452548
   -0.452510
   -0.437358
   -0.436901
   -0.437290
   -0.436966
   -0.437230
   -0.437024
   -0.437179
   -0.437064
   -0.436782
   -0.436786
   -0.436736
   -0.436822
   -0.436707
   -0.436841
   -0.436695
   -0.436852
   -0.461691
   -0.462141
   -0.461753
   -0.462082
   -0.461807
   -0.462030
   -0.461853
   -0.461992
   -0.461616
   -0.461646
   -0.461665
   -0.461610
   -0.461693
   -0.461591
   -0.461706
   -0.461577
   -0.436777
   -0.436488
   -0.436724
   -0.436539
   -0.436676
   -0.436584
   -0.436636
   -0.436619
   -0.436374
   -0.436457
   -0.436334
   -0.436491
   -0.436306
   -0.436510
   -0.436292
   -0.436527
   -0.453516
   -0.453777
   -0.453560
   -0.453734
   -0.453601
   -0.453695
   -0.453636
   -0.453665
   -0.453248
   -0.453191
   -0.453291
   -0.453158
   -0.453318
   -0.453141
   -0.453333
   -0.453122
   -0.436760
   -0.436647
   -0.436721
   -0.436686
   -0.436684
   -0.436721
   -0.436652
   -0.436749
   -0.436193
   -0.436364
   -0.436156
   -0.436395
   -0.436129
   -0.436413
   -0.436112
   -0.436436
   -0.453484
   -0.453585
   -0.453515
   -0.453551
   -0.453549
   -0.453522
   -0.453575
   -0.453497
   -0.453170
   -0.453027
   -0.453202
   -0.453000
   -0.453226
   -0.452984
   -0.453242
   -0.452961
   -0.436774
   -0.436789
   -0.436747
   -0.436821
   -0.436714
   -0.436849
   -0.436689
   -0.436873
   -0.436305
   -0.436548
   -0.436274
   -0.436577
   -0.436247
   -0.436596
   -0.436225
   -0.436626
   -0.453156
   -0.453171
   -0.453178
   -0.453142
   -0.453209
   -0.453115
   -0.453234
   -0.453090
   -0.452618
   -0.452412
   -0.452650
   -0.452380
   -0.452683
   -0.452355
   -0.452711
   -0.452318
   -0.440803
   -0.440857
   -0.440781
   -0.440887
   -0.440748
   -0.440916
   -0.440720
   -0.440946
   -0.440699
   -0.440974
   -0.440644
   -0.441015
   -0.440601
   -0.441050
   -0.440561
   -0.441100
   -0.461188
   -0.461204
   -0.461208
   -0.461175
   -0.461242
   -0.461144
   -0.461273
   -0.461108
   -0.461283
   -0.461059
   -0.461346
   -0.461009
   -0.461400
   -0.460964
   -0.461450
   -0.460908
   -0.440233
   -0.440282
   -0.440212
   -0.440313
   -0.440175
   -0.440348
   -0.440139
   -0.440389
   -0.440095
   -0.440407
   -0.440014
   -0.440466
   -0.439950
   -0.440521
   -0.439890
   -0.440594
   -0.460867
   -0.460884
   -0.460889
   -0.460849
   -0.460932
   -0.460809
   -0.460974
   -0.460762
   -0.461017
   -0.460687
   -0.461062
   -0.460620
   -0.461135
   -0.460556
   -0.461206
   -0.460476
   -0.438978
   -0.439144
   -0.438996
   -0.439144
   -0.438991
   -0.439154
   -0.438980
   -0.439153
   -0.438981
   -0.439120
   -0.438976
   -0.439118
   -0.438985
   -0.439107
   -0.439004
   -0.439082
   -0.457481
   -0.457458
   -0.457462
   -0.457461
   -0.457465
   -0.457454
   -0.457473
   -0.457456
   -0.457459
   -0.457469
   -0.457455
   -0.457471
   -0.457446
   -0.457483
   -0.457427
   -0.457506
   -0.436958
   -0.437111
   -0.436975
   -0.437108
   -0.436972
   -0.437115
   -0.436965
   -0.437113
   -0.436777
   -0.436871
   -0.436753
   -0.436871
   -0.436761
   -0.436862
   -0.436776
   -0.436843
   -0.457806
   -0.457796
   -0.457790
   -0.457799
   -0.457792
   -0.457795
   -0.457796
   -0.457799
   -0.457739
   -0.457781
   -0.457755
   -0.457780
   -0.457750
   -0.457786
   -0.457739
   -0.457799
   -0.437318
   -0.437477
   -0.437335
   -0.437473
   -0.437335
   -0.437475
   -0.437333
   -0.437470
   -0.437170
   -0.437258
   -0.437142
   -0.437263
   -0.437143
   -0.437261
   -0.437148
   -0.437256
   -0.467217
   -0.467184
   -0.467198
   -0.467192
   -0.467195
   -0.467194
   -0.467193
   -0.467201
   -0.467350
   -0.467378
   -0.467354
   -0.467370
   -0.467358
   -0.467365
   -0.467360
   -0.467362
   -0.437410
   -0.437593
   -0.437429
   -0.437586
   -0.437432
   -0.437582
   -0.437435
   -0.437576
   -0.437527
   -0.437631
   -0.437491
   -0.437646
   -0.437478
   -0.437662
   -0.437463
   -0.437679
   -0.456529
   -0.456494
   -0.456512
   -0.456501
   -0.456509
   -0.456505
   -0.456506
   -0.456510
   -0.456499
   -0.456496
   -0.456505
   -0.456476
   -0.456526
   -0.456450
   -0.456552
   -0.456422
   -0.439051
   -0.439210
   -0.439064
   -0.439207
   -0.439063
   -0.439206
   -0.439063
   -0.439205
   -0.439045
   -0.439200
   -0.439022
   -0.439229
   -0.438991
   -0.439267
   -0.438952
   -0.439310
   -0.457400
   -0.457400
   -0.457390
   -0.457400
   -0.457393
   -0.457399
   -0.457396
   -0.457397
   -0.457398
   -0.457373
   -0.457429
   -0.457336
   -0.457471
   -0.457285
   -0.457524
   -0.457227
   -0.437038
   -0.437170
   -0.437045
   -0.437173
   -0.437039
   -0.437177
   -0.437033
   -0.437183
   -0.436798
   -0.436984
   -0.436759
   -0.437032
   -0.436706
   -0.437096
   -0.436638
   -0.437169
   -0.457720
   -0.457743
   -0.457715
   -0.457737
   -0.457724
   -0.457730
   -0.457732
   -0.457722
   -0.457718
   -0.457656
   -0.457765
   -0.457600
   -0.457828
   -0.457525
   -0.457909
   -0.457436
   -0.441999
   -0.442108
   -0.442002
   -0.442117
   -0.441989
   -0.442127
   -0.441978
   -0.442139
   -0.441998
   -0.442217
   -0.441935
   -0.442284
   -0.441861
   -0.442372
   -0.441765
   -0.442468
   -0.467431
   -0.467501
   -0.467432
   -0.467487
   -0.467450
   -0.467471
   -0.467466
   -0.467454
   -0.467429
   -0.467341
   -0.467503
   -0.467262
   -0.467591
   -0.467159
   -0.467703
   -0.467019
   -0.442383
   -0.442441
   -0.442377
   -0.442460
   -0.442355
   -0.442481
   -0.442332
   -0.442504
   -0.442369
   -0.442632
   -0.442279
   -0.442725
   -0.442177
   -0.442842
   -0.442049
   -0.442974
   -0.465977
   -0.466055
   -0.465982
   -0.466035
   -0.466006
   -0.466013
   -0.466030
   -0.465986
   -0.466118
   -0.465950
   -0.466200
   -0.465845
   -0.466314
   -0.465714
   -0.466459
   -0.465546
   -0.429520
   -0.430475
   -0.429635
   -0.430365
   -0.429730
   -0.430276
   -0.429814
   -0.430197
   -0.430050
   -0.430262
   -0.430128
   -0.430197
   -0.430171
   -0.430170
   -0.430186
   -0.430161
   -0.447267
   -0.446361
   -0.447164
   -0.446460
   -0.447078
   -0.446540
   -0.447003
   -0.446610
   -0.447099
   -0.446860
   -0.447027
   -0.446917
   -0.446990
   -0.446940
   -0.446977
   -0.446948
   -0.429687
   -0.430417
   -0.429778
   -0.430330
   -0.429854
   -0.430260
   -0.429919
   -0.430200
   -0.430164
   -0.430307
   -0.430218
   -0.430259
   -0.430248
   -0.430240
   -0.430257
   -0.430235
   -0.447318
   -0.446610
   -0.447236
   -0.446688
   -0.447168
   -0.446750
   -0.447111
   -0.446803
   -0.447294
   -0.447110
   -0.447244
   -0.447153
   -0.447218
   -0.447170
   -0.447209
   -0.447176
   -0.429603
   -0.430156
   -0.429674
   -0.430088
   -0.429733
   -0.430034
   -0.429782
   -0.429988
   -0.429964
   -0.430061
   -0.430005
   -0.430023
   -0.430029
   -0.430007
   -0.430037
   -0.430001
   -0.455404
   -0.454868
   -0.455340
   -0.454928
   -0.455288
   -0.454974
   -0.455246
   -0.455013
   -0.455274
   -0.455131
   -0.455233
   -0.455164
   -0.455212
   -0.455178
   -0.455204
   -0.455184
   -0.429902
   -0.430269
   -0.429954
   -0.430221
   -0.429995
   -0.430186
   -0.430026
   -0.430157
   -0.430128
   -0.430187
   -0.430150
   -0.430164
   -0.430164
   -0.430155
   -0.430167
   -0.430153
   -0.446978
   -0.446639
   -0.446934
   -0.446678
   -0.446902
   -0.446704
   -0.446879
   -0.446726
   -0.447005
   -0.446900
   -0.446980
   -0.446918
   -0.446969
   -0.446925
   -0.446966
   -0.446926
   -0.429903
   -0.430085
   -0.429938
   -0.430056
   -0.429962
   -0.430037
   -0.429977
   -0.430023
   -0.430141
   -0.430158
   -0.430155
   -0.430146
   -0.430163
   -0.430141
   -0.430163
   -0.430143
   -0.446906
   -0.446731
   -0.446877
   -0.446754
   -0.446859
   -0.446766
   -0.446849
   -0.446777
   -0.447011
   -0.446959
   -0.447002
   -0.446967
   -0.446995
   -0.446972
   -0.446995
   -0.446970
   -0.430030
   -0.430063
   -0.430050
   -0.430049
   -0.430062
   -0.430043
   -0.430065
   -0.430038
   -0.430242
   -0.430209
   -0.430244
   -0.430206
   -0.430248
   -0.430203
   -0.430246
   -0.430207
   -0.446999
   -0.446943
   -0.446982
   -0.446953
   -0.446974
   -0.446956
   -0.446973
   -0.446959
   -0.447218
   -0.447204
   -0.447220
   -0.447205
   -0.447216
   -0.447208
   -0.447219
   -0.447203
   -0.434195
   -0.434155
   -0.434208
   -0.434149
   -0.434214
   -0.434148
   -0.434213
   -0.434146
   -0.434166
   -0.434155
   -0.434214
   -0.434154
   -0.434220
   -0.434150
   -0.434217
   -0.434152
   -0.455335
   -0.455303
   -0.455322
   -0.455310
   -0.455315
   -0.455313
   -0.455312
   -0.455320
   -0.455404
   -0.455366
   -0.455351
   -0.455372
   -0.455339
   -0.455382
   -0.455336
   -0.455376
   -0.434386
   -0.434348
   -0.434398
   -0.434343
   -0.434405
   -0.434340
   -0.434409
   -0.434330
   -0.434400
   -0.434387
   -0.434483
   -0.434377
   -0.434500
   -0.434363
   -0.434505
   -0.434360
   -0.455512
   -0.455482
   -0.455499
   -0.455488
   -0.455491
   -0.455493
   -0.455483
   -0.455507
   -0.455476
   -0.455569
   -0.455515
   -0.455584
   -0.455492
   -0.455603
   -0.455482
   -0.455604
   -0.429964
   -0.430254
   -0.429982
   -0.430237
   -0.429997
   -0.430214
   -0.430024
   -0.430191
   -0.430021
   -0.430163
   -0.430084
   -0.430121
   -0.430120
   -0.430088
   -0.430142
   -0.430090
   -0.446525
   -0.446179
   -0.446507
   -0.446195
   -0.446493
   -0.446217
   -0.446468
   -0.446239
   -0.446385
   -0.446204
   -0.446352
   -0.446242
   -0.446320
   -0.446271
   -0.446301
   -0.446268
   -0.430927
   -0.431138
   -0.430939
   -0.431127
   -0.430948
   -0.431111
   -0.430968
   -0.431094
   -0.430958
   -0.431129
   -0.431060
   -0.431100
   -0.431084
   -0.431078
   -0.431097
   -0.431085
   -0.446520
   -0.446268
   -0.446512
   -0.446275
   -0.446507
   -0.446287
   -0.446491
   -0.446301
   -0.446516
   -0.446303
   -0.446444
   -0.446327
   -0.446424
   -0.446344
   -0.446414
   -0.446337
   -0.430590
   -0.430689
   -0.430591
   -0.430688
   -0.430590
   -0.430684
   -0.430598
   -0.430677
   -0.430522
   -0.430663
   -0.430613
   -0.430646
   -0.430626
   -0.430634
   -0.430631
   -0.430644
   -0.454263
   -0.454123
   -0.454265
   -0.454120
   -0.454268
   -0.454121
   -0.454264
   -0.454125
   -0.454279
   -0.454150
   -0.454268
   -0.454163
   -0.454257
   -0.454172
   -0.454254
   -0.454162
   -0.430864
   -0.430866
   -0.430858
   -0.430872
   -0.430851
   -0.430874
   -0.430851
   -0.430875
   -0.430593
   -0.430690
   -0.430677
   -0.430682
   -0.430684
   -0.430675
   -0.430684
   -0.430687
   -0.446832
   -0.446749
   -0.446837
   -0.446745
   -0.446841
   -0.446743
   -0.446840
   -0.446743
   -0.446778
   -0.446717
   -0.446795
   -0.446725
   -0.446789
   -0.446730
   -0.446790
   -0.446719
   -0.430082
   -0.430076
   -0.430078
   -0.430080
   -0.430075
   -0.430081
   -0.430075
   -0.430080
   -0.430075
   -0.430067
   -0.430083
   -0.430058
   -0.430090
   -0.430052
   -0.430089
   -0.430063
   -0.446423
   -0.446341
   -0.446426
   -0.446340
   -0.446425
   -0.446340
   -0.446424
   -0.446343
   -0.446360
   -0.446299
   -0.446349
   -0.446310
   -0.446340
   -0.446320
   -0.446337
   -0.446312
   -0.431013
   -0.430991
   -0.431008
   -0.430994
   -0.431007
   -0.430995
   -0.431007
   -0.430993
   -0.431061
   -0.431031
   -0.431071
   -0.431021
   -0.431079
   -0.431012
   -0.431081
   -0.431018
   -0.446456
   -0.446394
   -0.446462
   -0.446392
   -0.446461
   -0.446391
   -0.446461
   -0.446394
   -0.446443
   -0.446398
   -0.446431
   -0.446411
   -0.446419
   -0.446424
   -0.446413
   -0.446423
   -0.434648
   -0.434613
   -0.434639
   -0.434617
   -0.434639
   -0.434618
   -0.434638
   -0.434618
   -0.434540
   -0.434505
   -0.434559
   -0.434492
   -0.434571
   -0.434479
   -0.434578
   -0.434503
   -0.454152
   -0.454088
   -0.454159
   -0.454087
   -0.454156
   -0.454089
   -0.454156
   -0.454091
   -0.454307
   -0.454265
   -0.454284
   -0.454284
   -0.454266
   -0.454303
   -0.454252
   -0.454363
   -0.434688
   -0.434659
   -0.434679
   -0.434661
   -0.434682
   -0.434661
   -0.434681
   -0.434660
   -0.434486
   -0.434448
   -0.434513
   -0.434427
   -0.434534
   -0.434405
   -0.434551
   -0.434418
   -0.454785
   -0.454721
   -0.454792
   -0.454719
   -0.454789
   -0.454720
   -0.454791
   -0.454720
   -0.454652
   -0.454623
   -0.454638
   -0.454649
   -0.454613
   -0.454675
   -0.454590
   -0.454719
   -0.430918
   -0.430296
   -0.430828
   -0.430391
   -0.430751
   -0.430451
   -0.430701
   -0.430492
   -0.430608
   -0.430495
   -0.430559
   -0.430537
   -0.430533
   -0.430556
   -0.430520
   -0.430560
   -0.446156
   -0.446782
   -0.446236
   -0.446699
   -0.446304
   -0.446646
   -0.446348
   -0.446611
   -0.446290
   -0.446470
   -0.446331
   -0.446436
   -0.446349
   -0.446423
   -0.446358
   -0.446422
   -0.430995
   -0.430510
   -0.430922
   -0.430586
   -0.430860
   -0.430634
   -0.430820
   -0.430665
   -0.430647
   -0.430569
   -0.430613
   -0.430598
   -0.430598
   -0.430609
   -0.430591
   -0.430609
   -0.445948
   -0.446485
   -0.446014
   -0.446416
   -0.446071
   -0.446371
   -0.446108
   -0.446342
   -0.446008
   -0.446172
   -0.446038
   -0.446147
   -0.446050
   -0.446140
   -0.446054
   -0.446142
   -0.431182
   -0.430784
   -0.431124
   -0.430845
   -0.431073
   -0.430885
   -0.431040
   -0.430911
   -0.431028
   -0.430962
   -0.431004
   -0.430984
   -0.430993
   -0.430989
   -0.430992
   -0.430986
   -0.454316
   -0.454711
   -0.454363
   -0.454661
   -0.454403
   -0.454631
   -0.454427
   -0.454613
   -0.454434
   -0.454575
   -0.454451
   -0.454561
   -0.454456
   -0.454562
   -0.454450
   -0.454571
   -0.430821
   -0.430592
   -0.430784
   -0.430631
   -0.430753
   -0.430653
   -0.430736
   -0.430664
   -0.430781
   -0.430738
   -0.430774
   -0.430744
   -0.430776
   -0.430737
   -0.430789
   -0.430721
   -0.446418
   -0.446649
   -0.446445
   -0.446621
   -0.446465
   -0.446608
   -0.446475
   -0.446603
   -0.446444
   -0.446558
   -0.446445
   -0.446560
   -0.446436
   -0.446573
   -0.446416
   -0.446596
   -0.430676
   -0.430593
   -0.430657
   -0.430612
   -0.430644
   -0.430619
   -0.430639
   -0.430619
   -0.430592
   -0.430576
   -0.430598
   -0.430569
   -0.430609
   -0.430553
   -0.430633
   -0.430526
   -0.446390
   -0.446492
   -0.446401
   -0.446482
   -0.446406
   -0.446483
   -0.446405
   -0.446487
   -0.446302
   -0.446390
   -0.446292
   -0.446402
   -0.446277
   -0.446421
   -0.446249
   -0.446453
   -0.430772
   -0.430793
   -0.430764
   -0.430798
   -0.430763
   -0.430794
   -0.430767
   -0.430789
   -0.430637
   -0.430651
   -0.430649
   -0.430638
   -0.430664
   -0.430619
   -0.430694
   -0.430584
   -0.446165
   -0.446204
   -0.446171
   -0.446203
   -0.446167
   -0.446212
   -0.446160
   -0.446219
   -0.446017
   -0.446092
   -0.446000
   -0.446110
   -0.445981
   -0.446132
   -0.445947
   -0.446172
   -0.435114
   -0.435171
   -0.435108
   -0.435170
   -0.435114
   -0.435160
   -0.435122
   -0.435152
   -0.435292
   -0.435157
   -0.435167
   -0.435138
   -0.435185
   -0.435115
   -0.435223
   -0.435071
   -0.454547
   -0.454572
   -0.454553
   -0.454575
   -0.454545
   -0.454587
   -0.454536
   -0.454595
   -0.454208
   -0.454434
   -0.454335
   -0.454453
   -0.454318
   -0.454476
   -0.454278
   -0.454525
   -0.434929
   -0.434987
   -0.434919
   -0.434985
   -0.434928
   -0.434972
   -0.434938
   -0.434963
   -0.435048
   -0.434835
   -0.434848
   -0.434818
   -0.434862
   -0.434795
   -0.434904
   -0.434745
   -0.454585
   -0.454607
   -0.454595
   -0.454610
   -0.454584
   -0.454625
   -0.454573
   -0.454635
   -0.454583
   -0.454522
   -0.454423
   -0.454539
   -0.454408
   -0.454563
   -0.454363
   -0.454619
   -0.431125
   -0.430735
   -0.431074
   -0.430777
   -0.431019
   -0.430839
   -0.430971
   -0.430867
   -0.431009
   -0.430886
   -0.430911
   -0.430921
   -0.430885
   -0.430928
   -0.430896
   -0.430921
   -0.447535
   -0.447918
   -0.447581
   -0.447881
   -0.447630
   -0.447825
   -0.447671
   -0.447803
   -0.447854
   -0.447942
   -0.447875
   -0.447913
   -0.447896
   -0.447908
   -0.447884
   -0.447916
   -0.430052
   -0.429781
   -0.430012
   -0.429814
   -0.429969
   -0.429862
   -0.429934
   -0.429879
   -0.430190
   -0.429948
   -0.429956
   -0.429973
   -0.429937
   -0.429977
   -0.429948
   -0.429971
   -0.447174
   -0.447424
   -0.447205
   -0.447400
   -0.447238
   -0.447362
   -0.447264
   -0.447351
   -0.447153
   -0.447365
   -0.447310
   -0.447346
   -0.447325
   -0.447343
   -0.447315
   -0.447349
   -0.430874
   -0.430707
   -0.430846
   -0.430729
   -0.430818
   -0.430761
   -0.430797
   -0.430769
   -0.431184
   -0.430952
   -0.430955
   -0.430969
   -0.430941
   -0.430972
   -0.430949
   -0.430969
   -0.456327
   -0.456515
   -0.456351
   -0.456496
   -0.456374
   -0.456471
   -0.456390
   -0.456466
   -0.456139
   -0.456207
   -0.456150
   -0.456193
   -0.456161
   -0.456192
   -0.456152
   -0.456197
   -0.430029
   -0.429932
   -0.430008
   -0.429948
   -0.429990
   -0.429968
   -0.429978
   -0.429971
   -0.430681
   -0.430461
   -0.430454
   -0.430472
   -0.430446
   -0.430472
   -0.430457
   -0.430465
   -0.447204
   -0.447337
   -0.447222
   -0.447324
   -0.447235
   -0.447311
   -0.447242
   -0.447309
   -0.447394
   -0.447380
   -0.447331
   -0.447372
   -0.447336
   -0.447376
   -0.447321
   -0.447388
   -0.430959
   -0.430898
   -0.430942
   -0.430910
   -0.430932
   -0.430919
   -0.430927
   -0.430922
   -0.430922
   -0.430929
   -0.430912
   -0.430936
   -0.430909
   -0.430931
   -0.430924
   -0.430917
   -0.447681
   -0.447773
   -0.447696
   -0.447762
   -0.447702
   -0.447759
   -0.447702
   -0.447758
   -0.447860
   -0.447907
   -0.447868
   -0.447902
   -0.447868
   -0.447912
   -0.447849
   -0.447930
   -0.429927
   -0.429908
   -0.429913
   -0.429917
   -0.429910
   -0.429918
   -0.429912
   -0.429918
   -0.429969
   -0.429982
   -0.429963
   -0.429986
   -0.429965
   -0.429974
   -0.429985
   -0.429954
   -0.447270
   -0.447324
   -0.447280
   -0.447318
   -0.447279
   -0.447322
   -0.447272
   -0.447324
   -0.447294
   -0.447338
   -0.447299
   -0.447336
   -0.447294
   -0.447352
   -0.447269
   -0.447377
   -0.435004
   -0.435010
   -0.434994
   -0.435015
   -0.434997
   -0.435009
   -0.435005
   -0.435008
   -0.435258
   -0.435290
   -0.435270
   -0.435292
   -0.435277
   -0.435275
   -0.435303
   -0.435174
   -0.456313
   -0.456335
   -0.456321
   -0.456332
   -0.456315
   -0.456342
   -0.456304
   -0.456345
   -0.455930
   -0.455941
   -0.455918
   -0.455940
   -0.455910
   -0.455960
   -0.455881
   -0.455845
   -0.434484
   -0.434519
   -0.434475
   -0.434524
   -0.434481
   -0.434513
   -0.434493
   -0.434512
   -0.435040
   -0.435103
   -0.435060
   -0.435106
   -0.435067
   -0.435086
   -0.435097
   -0.434982
   -0.455666
   -0.455675
   -0.455675
   -0.455672
   -0.455668
   -0.455685
   -0.455654
   -0.455686
   -0.456015
   -0.456044
   -0.456044
   -0.456039
   -0.456039
   -0.456058
   -0.456009
   -0.456018
   -0.438489
   -0.437933
   -0.438441
   -0.437995
   -0.438381
   -0.438053
   -0.438323
   -0.438108
   -0.438259
   -0.438145
   -0.438245
   -0.438162
   -0.438233
   -0.438161
   -0.438237
   -0.438168
   -0.457552
   -0.457954
   -0.457597
   -0.457896
   -0.457653
   -0.457841
   -0.457708
   -0.457789
   -0.457863
   -0.457863
   -0.457895
   -0.457844
   -0.457908
   -0.457844
   -0.457905
   -0.457837
   -0.437986
   -0.437453
   -0.437942
   -0.437507
   -0.437890
   -0.437558
   -0.437839
   -0.437608
   -0.437966
   -0.437864
   -0.437984
   -0.437883
   -0.437969
   -0.437886
   -0.437971
   -0.437892
   -0.458373
   -0.458726
   -0.458414
   -0.458677
   -0.458462
   -0.458630
   -0.458509
   -0.458583
   -0.458767
   -0.458736
   -0.458764
   -0.458717
   -0.458778
   -0.458716
   -0.458776
   -0.458711
   -0.437220
   -0.436751
   -0.437182
   -0.436796
   -0.437137
   -0.436840
   -0.437094
   -0.436882
   -0.436754
   -0.436662
   -0.436774
   -0.436681
   -0.436761
   -0.436683
   -0.436763
   -0.436687
   -0.466989
   -0.467276
   -0.467024
   -0.467235
   -0.467065
   -0.467195
   -0.467105
   -0.467156
   -0.467201
   -0.467191
   -0.467230
   -0.467172
   -0.467242
   -0.467172
   -0.467238
   -0.467170
   -0.438078
   -0.437665
   -0.438046
   -0.437704
   -0.438007
   -0.437742
   -0.437969
   -0.437779
   -0.437519
   -0.437441
   -0.437539
   -0.437461
   -0.437526
   -0.437462
   -0.437528
   -0.437465
   -0.457441
   -0.457677
   -0.457471
   -0.457641
   -0.457507
   -0.457607
   -0.457540
   -0.457573
   -0.457514
   -0.457511
   -0.457561
   -0.457489
   -0.457574
   -0.457488
   -0.457574
   -0.457483
   -0.438304
   -0.437964
   -0.438277
   -0.437998
   -0.438243
   -0.438028
   -0.438215
   -0.438058
   -0.438184
   -0.438072
   -0.438155
   -0.438092
   -0.438143
   -0.438093
   -0.438144
   -0.438098
   -0.457758
   -0.457903
   -0.457780
   -0.457873
   -0.457811
   -0.457847
   -0.457833
   -0.457824
   -0.457970
   -0.457923
   -0.457996
   -0.457904
   -0.458006
   -0.457904
   -0.458005
   -0.457899
   -0.437761
   -0.437521
   -0.437743
   -0.437547
   -0.437716
   -0.437568
   -0.437700
   -0.437586
   -0.437899
   -0.437813
   -0.437875
   -0.437830
   -0.437867
   -0.437829
   -0.437868
   -0.437833
   -0.458610
   -0.458647
   -0.458625
   -0.458625
   -0.458648
   -0.458609
   -0.458657
   -0.458596
   -0.458862
   -0.458778
   -0.458882
   -0.458762
   -0.458888
   -0.458766
   -0.458885
   -0.458764
   -0.441212
   -0.441062
   -0.441200
   -0.441083
   -0.441178
   -0.441096
   -0.441173
   -0.441106
   -0.440629
   -0.440991
   -0.441014
   -0.441006
   -0.441011
   -0.441000
   -0.441015
   -0.441018
   -0.466860
   -0.466818
   -0.466869
   -0.466800
   -0.466889
   -0.466790
   -0.466891
   -0.466784
   -0.467906
   -0.467374
   -0.467516
   -0.467362
   -0.467515
   -0.467372
   -0.467507
   -0.467410
   -0.441764
   -0.441670
   -0.441756
   -0.441690
   -0.441735
   -0.441698
   -0.441735
   -0.441705
   -0.441292
   -0.441889
   -0.441887
   -0.441900
   -0.441890
   -0.441888
   -0.441900
   -0.441900
   -0.466579
   -0.466495
   -0.466585
   -0.466476
   -0.466606
   -0.466468
   -0.466604
   -0.466461
   -0.466467
   -0.466715
   -0.466881
   -0.466703
   -0.466877
   -0.466717
   -0.466865
   -0.466741
   -0.434626
   -0.434306
   -0.434549
   -0.434385
   -0.434498
   -0.434410
   -0.434478
   -0.434426
   -0.434311
   -0.434468
   -0.434498
   -0.434469
   -0.434498
   -0.434469
   -0.434494
   -0.434474
   -0.450354
   -0.450563
   -0.450419
   -0.450496
   -0.450460
   -0.450478
   -0.450474
   -0.450467
   -0.450018
   -0.450007
   -0.450030
   -0.450007
   -0.450028
   -0.450007
   -0.450033
   -0.450002
   -0.437027
   -0.436771
   -0.436969
   -0.436831
   -0.436931
   -0.436849
   -0.436916
   -0.436862
   -0.436047
   -0.436612
   -0.436634
   -0.436616
   -0.436632
   -0.436619
   -0.436624
   -0.436627
   -0.451530
   -0.451707
   -0.451581
   -0.451653
   -0.451617
   -0.451636
   -0.451632
   -0.451622
   -0.451964
   -0.451534
   -0.451576
   -0.451529
   -0.451578
   -0.451526
   -0.451585
   -0.451520
   -0.434758
   -0.434536
   -0.434712
   -0.434585
   -0.434678
   -0.434604
   -0.434662
   -0.434618
   -0.433566
   -0.434150
   -0.434157
   -0.434156
   -0.434153
   -0.434160
   -0.434147
   -0.434164
   -0.457873
   -0.458030
   -0.457912
   -0.457986
   -0.457943
   -0.457968
   -0.457960
   -0.457954
   -0.458755
   -0.458725
   -0.458763
   -0.458719
   -0.458766
   -0.458717
   -0.458771
   -0.458714
   -0.436896
   -0.436689
   -0.436862
   -0.436727
   -0.436832
   -0.436746
   -0.436816
   -0.436760
   -0.434924
   -0.435499
   -0.435520
   -0.435504
   -0.435518
   -0.435505
   -0.435514
   -0.435506
   -0.451530
   -0.451629
   -0.451556
   -0.451597
   -0.451581
   -0.451580
   -0.451596
   -0.451570
   -0.451217
   -0.451381
   -0.451416
   -0.451380
   -0.451416
   -0.451380
   -0.451418
   -0.451382
   -0.434523
   -0.434387
   -0.434501
   -0.434415
   -0.434477
   -0.434432
   -0.434463
   -0.434441
   -0.434483
   -0.434465
   -0.434487
   -0.434462
   -0.434491
   -0.434460
   -0.434492
   -0.434454
   -0.450433
   -0.450501
   -0.450450
   -0.450478
   -0.450471
   -0.450461
   -0.450486
   -0.450454
   -0.450044
   -0.450012
   -0.450035
   -0.450021
   -0.450027
   -0.450027
   -0.450022
   -0.450037
   -0.436938
   -0.436844
   -0.436926
   -0.436862
   -0.436907
   -0.436879
   -0.436893
   -0.436884
   -0.436621
   -0.436606
   -0.436634
   -0.436592
   -0.436647
   -0.436584
   -0.436655
   -0.436569
   -0.451629
   -0.451623
   -0.451636
   -0.451610
   -0.451650
   -0.451596
   -0.451662
   -0.451594
   -0.451591
   -0.451540
   -0.451572
   -0.451559
   -0.451554
   -0.451572
   -0.451542
   -0.451591
   -0.438846
   -0.438812
   -0.438841
   -0.438822
   -0.438828
   -0.438836
   -0.438815
   -0.438839
   -0.438229
   -0.438069
   -0.438090
   -0.438048
   -0.438109
   -0.438036
   -0.438120
   -0.438218
   -0.458478
   -0.458443
   -0.458479
   -0.458436
   -0.458490
   -0.458423
   -0.458501
   -0.458422
   -0.459302
   -0.459413
   -0.459438
   -0.459437
   -0.459418
   -0.459448
   -0.459407
   -0.459873
   -0.440276
   -0.440253
   -0.440277
   -0.440259
   -0.440266
   -0.440273
   -0.440252
   -0.440275
   -0.438805
   -0.438561
   -0.438589
   -0.438536
   -0.438609
   -0.438526
   -0.438618
   -0.438707
   -0.460041
   -0.460004
   -0.460038
   -0.459998
   -0.460049
   -0.459984
   -0.460064
   -0.459981
   -0.459095
   -0.458885
   -0.458909
   -0.458913
   -0.458886
   -0.458923
   -0.458878
   -0.459147
   -0.403302
   -0.403527
   -0.403311
   -0.403508
   -0.403331
   -0.403488
   -0.403354
   -0.403472
   -0.403523
   -0.403512
   -0.403457
   -0.403501
   -0.403450
   -0.403518
   -0.403428
   -0.403530
   -0.411554
   -0.411547
   -0.411544
   -0.411566
   -0.411523
   -0.411586
   -0.411501
   -0.411602
   -0.411314
   -0.411452
   -0.411278
   -0.411466
   -0.411279
   -0.411456
   -0.411295
   -0.411449
   -0.409912
   -0.410122
   -0.409918
   -0.410106
   -0.409934
   -0.410092
   -0.409952
   -0.410078
   -0.409785
   -0.409581
   -0.409517
   -0.409569
   -0.409517
   -0.409577
   -0.409504
   -0.409582
   -0.406155
   -0.406180
   -0.406148
   -0.406195
   -0.406131
   -0.406211
   -0.406112
   -0.406226
   -0.405434
   -0.405786
   -0.405601
   -0.405801
   -0.405597
   -0.405798
   -0.405605
   -0.405797
   -0.415340
   -0.415541
   -0.415346
   -0.415527
   -0.415362
   -0.415512
   -0.415381
   -0.415496
   -0.416613
   -0.416392
   -0.416343
   -0.416376
   -0.416349
   -0.416378
   -0.416344
   -0.416377
   -0.411410
   -0.411429
   -0.411401
   -0.411445
   -0.411381
   -0.411465
   -0.411358
   -0.411486
   -0.410948
   -0.411119
   -0.410915
   -0.411138
   -0.410905
   -0.411142
   -0.410905
   -0.411148
   -0.409407
   -0.409611
   -0.409414
   -0.409596
   -0.409435
   -0.409574
   -0.409460
   -0.409550
   -0.411194
   -0.410935
   -0.410926
   -0.410916
   -0.410938
   -0.410909
   -0.410942
   -0.410900
   -0.414822
   -0.414842
   -0.414810
   -0.414862
   -0.414783
   -0.414890
   -0.414753
   -0.414919
   -0.415014
   -0.415131
   -0.414879
   -0.415155
   -0.414862
   -0.415167
   -0.414852
   -0.415182
   -0.403402
   -0.403598
   -0.403415
   -0.403576
   -0.403444
   -0.403546
   -0.403475
   -0.403515
   -0.403569
   -0.403561
   -0.403604
   -0.403537
   -0.403621
   -0.403523
   -0.403635
   -0.403504
   -0.411454
   -0.411477
   -0.411436
   -0.411504
   -0.411400
   -0.411541
   -0.411364
   -0.411577
   -0.411148
   -0.411424
   -0.411109
   -0.411452
   -0.411086
   -0.411473
   -0.411064
   -0.411500
   -0.410001
   -0.410201
   -0.410020
   -0.410173
   -0.410058
   -0.410132
   -0.410098
   -0.410093
   -0.409662
   -0.409597
   -0.409701
   -0.409567
   -0.409726
   -0.409543
   -0.409753
   -0.409511
   -0.406069
   -0.406098
   -0.406046
   -0.406131
   -0.406002
   -0.406177
   -0.405957
   -0.406222
   -0.405444
   -0.405785
   -0.405400
   -0.405820
   -0.405368
   -0.405852
   -0.405333
   -0.405892
   -0.419448
   -0.419623
   -0.419470
   -0.419591
   -0.419515
   -0.419543
   -0.419561
   -0.419496
   -0.421273
   -0.420024
   -0.420211
   -0.419987
   -0.420245
   -0.419952
   -0.420285
   -0.419806
   -0.415103
   -0.415199
   -0.415081
   -0.415232
   -0.415035
   -0.415282
   -0.414985
   -0.415334
   -0.411873
   -0.413419
   -0.412934
   -0.413460
   -0.412896
   -0.413500
   -0.412850
   -0.413350
   -0.414595
   -0.414703
   -0.414613
   -0.414672
   -0.414660
   -0.414620
   -0.414712
   -0.414564
   -0.416368
   -0.414464
   -0.414754
   -0.414419
   -0.414795
   -0.414378
   -0.414843
   -0.414223
   -0.418574
   -0.418710
   -0.418555
   -0.418744
   -0.418503
   -0.418802
   -0.418443
   -0.418867
   -0.419054
   -0.418480
   -0.417898
   -0.418532
   -0.417850
   -0.418581
   -0.417795
   -0.418540
   -0.420188
   -0.420384
   -0.420210
   -0.420357
   -0.420239
   -0.420330
   -0.420261
   -0.420315
   -0.423549
   -0.423038
   -0.423030
   -0.423030
   -0.423031
   -0.423048
   -0.423016
   -0.423053
   -0.444196
   -0.444101
   -0.444178
   -0.444122
   -0.444154
   -0.444146
   -0.444135
   -0.444159
   -0.451129
   -0.451182
   -0.451105
   -0.451192
   -0.451103
   -0.451177
   -0.451115
   -0.451174
   -0.411295
   -0.411446
   -0.411307
   -0.411430
   -0.411328
   -0.411410
   -0.411343
   -0.411401
   -0.413877
   -0.412277
   -0.412270
   -0.412269
   -0.412271
   -0.412282
   -0.412260
   -0.412286
   -0.433927
   -0.433863
   -0.433915
   -0.433878
   -0.433895
   -0.433899
   -0.433879
   -0.433909
   -0.435932
   -0.437081
   -0.436998
   -0.437093
   -0.436993
   -0.437083
   -0.437001
   -0.437082
   -0.427425
   -0.427542
   -0.427432
   -0.427531
   -0.427449
   -0.427513
   -0.427463
   -0.427504
   -0.433110
   -0.431491
   -0.431498
   -0.431480
   -0.431502
   -0.431488
   -0.431495
   -0.431489
   -0.451783
   -0.451756
   -0.451776
   -0.451766
   -0.451761
   -0.451784
   -0.451746
   -0.451793
   -0.449574
   -0.449649
   -0.449560
   -0.449661
   -0.449554
   -0.449657
   -0.449556
   -0.449661
   -0.411718
   -0.411810
   -0.411722
   -0.411804
   -0.411734
   -0.411788
   -0.411747
   -0.411781
   -0.422334
   -0.420715
   -0.420714
   -0.420708
   -0.420717
   -0.420712
   -0.420714
   -0.420709
   -0.439941
   -0.439937
   -0.439936
   -0.439944
   -0.439924
   -0.439961
   -0.439910
   -0.439968
   -0.443757
   -0.443285
   -0.443210
   -0.443291
   -0.443208
   -0.443288
   -0.443209
   -0.443292
   -0.420284
   -0.420345
   -0.420288
   -0.420341
   -0.420297
   -0.420326
   -0.420309
   -0.420322
   -0.423065
   -0.423080
   -0.423065
   -0.423080
   -0.423063
   -0.423085
   -0.423060
   -0.423083
   -0.444105
   -0.444136
   -0.444102
   -0.444139
   -0.444094
   -0.444153
   -0.444082
   -0.444157
   -0.451067
   -0.451143
   -0.451071
   -0.451138
   -0.451078
   -0.451130
   -0.451083
   -0.451130
   -0.411391
   -0.411406
   -0.411390
   -0.411407
   -0.411393
   -0.411397
   -0.411403
   -0.411396
   -0.412311
   -0.412317
   -0.412300
   -0.412330
   -0.412285
   -0.412344
   -0.412275
   -0.412349
   -0.433828
   -0.433905
   -0.433831
   -0.433901
   -0.433831
   -0.433909
   -0.433822
   -0.433911
   -0.436962
   -0.437036
   -0.436976
   -0.437019
   -0.436994
   -0.437003
   -0.437006
   -0.436995
   -0.431630
   -0.431628
   -0.431625
   -0.431635
   -0.431620
   -0.431630
   -0.431628
   -0.431628
   -0.438571
   -0.439341
   -0.439298
   -0.439362
   -0.439275
   -0.439381
   -0.439261
   -0.438848
   -0.454687
   -0.454755
   -0.454691
   -0.454748
   -0.454696
   -0.454754
   -0.454685
   -0.454758
   -0.444642
   -0.443944
   -0.443916
   -0.443923
   -0.443940
   -0.443903
   -0.443954
   -0.442802
   -0.420463
   -0.420493
   -0.420458
   -0.420503
   -0.420450
   -0.420499
   -0.420460
   -0.420495
   -0.432704
   -0.433883
   -0.433798
   -0.433910
   -0.433767
   -0.433934
   -0.433750
   -0.433408
   -0.443522
   -0.443564
   -0.443527
   -0.443552
   -0.443537
   -0.443555
   -0.443527
   -0.443560
   -0.451777
   -0.452526
   -0.452546
   -0.452496
   -0.452581
   -0.452468
   -0.452600
   -0.451903
   -0.468185
   -0.467802
   -0.468139
   -0.467843
   -0.468106
   -0.467865
   -0.468087
   -0.467881
   -0.469307
   -0.469557
   -0.469713
   -0.469576
   -0.469695
   -0.469573
   -0.469706
   -0.469573
   -0.553561
   -0.553656
   -0.553604
   -0.553617
   -0.553635
   -0.553598
   -0.553652
   -0.553583
   -0.560428
   -0.560333
   -0.560447
   -0.560316
   -0.560463
   -0.560319
   -0.560452
   -0.560322
   -0.476246
   -0.475896
   -0.476206
   -0.475932
   -0.476177
   -0.475951
   -0.476161
   -0.475964
   -0.478778
   -0.479882
   -0.480039
   -0.479898
   -0.480024
   -0.479895
   -0.480035
   -0.479892
   -0.554247
   -0.554299
   -0.554282
   -0.554267
   -0.554307
   -0.554252
   -0.554319
   -0.554243
   -0.561146
   -0.560204
   -0.560305
   -0.560193
   -0.560315
   -0.560200
   -0.560300
   -0.560209
   -0.479399
   -0.479091
   -0.479367
   -0.479121
   -0.479343
   -0.479135
   -0.479333
   -0.479142
   -0.474110
   -0.475207
   -0.475379
   -0.475216
   -0.475372
   -0.475207
   -0.475388
   -0.475195
   -0.559249
   -0.559265
   -0.559278
   -0.559237
   -0.559300
   -0.559225
   -0.559308
   -0.559219
   -0.561010
   -0.560916
   -0.561015
   -0.560910
   -0.561018
   -0.560922
   -0.560999
   -0.560938
   -0.480520
   -0.480248
   -0.480494
   -0.480273
   -0.480475
   -0.480285
   -0.480467
   -0.480290
   -0.475190
   -0.476293
   -0.476464
   -0.476297
   -0.476464
   -0.476284
   -0.476484
   -0.476265
   -0.557465
   -0.557430
   -0.557484
   -0.557411
   -0.557499
   -0.557403
   -0.557504
   -0.557401
   -0.558297
   -0.558626
   -0.558722
   -0.558628
   -0.558716
   -0.558646
   -0.558691
   -0.558671
   -0.468086
   -0.467864
   -0.468070
   -0.467879
   -0.468058
   -0.467886
   -0.468054
   -0.467887
   -0.469715
   -0.469536
   -0.469719
   -0.469531
   -0.469730
   -0.469509
   -0.469759
   -0.469479
   -0.553665
   -0.553590
   -0.553675
   -0.553579
   -0.553684
   -0.553575
   -0.553686
   -0.553576
   -0.560446
   -0.560356
   -0.560438
   -0.560365
   -0.560422
   -0.560391
   -0.560390
   -0.560427
   -0.476146
   -0.475959
   -0.476138
   -0.475966
   -0.476132
   -0.475970
   -0.476131
   -0.475966
   -0.480045
   -0.479853
   -0.480056
   -0.479841
   -0.480075
   -0.479811
   -0.480113
   -0.479769
   -0.554337
   -0.554245
   -0.554341
   -0.554240
   -0.554345
   -0.554239
   -0.554343
   -0.554246
   -0.560299
   -0.560239
   -0.560283
   -0.560255
   -0.560258
   -0.560290
   -0.560216
   -0.560339
   -0.483961
   -0.483787
   -0.483958
   -0.483789
   -0.483957
   -0.483788
   -0.483961
   -0.483778
   -0.476937
   -0.485352
   -0.485601
   -0.485331
   -0.485631
   -0.485292
   -0.485678
   -0.485662
   -0.565184
   -0.565057
   -0.565182
   -0.565061
   -0.565178
   -0.565067
   -0.565168
   -0.565081
   -0.580033
   -0.571360
   -0.571362
   -0.571387
   -0.571326
   -0.571433
   -0.571271
   -0.572350
   -0.480706
   -0.480565
   -0.480711
   -0.480558
   -0.480719
   -0.480549
   -0.480729
   -0.480535
   -0.477981
   -0.490688
   -0.490975
   -0.490660
   -0.491014
   -0.490609
   -0.491073
   -0.490965
   -0.562262
   -0.562112
   -0.562253
   -0.562124
   -0.562241
   -0.562136
   -0.562227
   -0.562152
   -0.563364
   -0.572003
   -0.571975
   -0.572034
   -0.571932
   -0.572090
   -0.571865
   -0.572595
   -0.424234
   -0.424015
   -0.424207
   -0.424047
   -0.424174
   -0.424085
   -0.424144
   -0.424104
   -0.432162
   -0.436404
   -0.436439
   -0.436397
   -0.436457
   -0.436379
   -0.436469
   -0.436365
   -0.468123
   -0.468069
   -0.468143
   -0.468044
   -0.468172
   -0.468012
   -0.468196
   -0.467997
   -0.484649
   -0.484447
   -0.484649
   -0.484456
   -0.484630
   -0.484474
   -0.484618
   -0.484488
   -0.438776
   -0.438627
   -0.438762
   -0.438647
   -0.438738
   -0.438674
   -0.438719
   -0.438685
   -0.422034
   -0.434834
   -0.434874
   -0.434823
   -0.434894
   -0.434805
   -0.434906
   -0.434791
   -0.477898
   -0.477794
   -0.477908
   -0.477779
   -0.477926
   -0.477757
   -0.477941
   -0.477750
   -0.499212
   -0.490471
   -0.490649
   -0.490484
   -0.490628
   -0.490503
   -0.490614
   -0.490517
   -0.420330
   -0.420224
   -0.420325
   -0.420235
   -0.420311
   -0.420252
   -0.420300
   -0.420256
   -0.406504
   -0.419283
   -0.419348
   -0.419268
   -0.419369
   -0.419249
   -0.419384
   -0.419235
   -0.472121
   -0.471966
   -0.472123
   -0.471958
   -0.472133
   -0.471946
   -0.472140
   -0.471945
   -0.489243
   -0.489066
   -0.489237
   -0.489081
   -0.489216
   -0.489101
   -0.489202
   -0.489113
   -0.439155
   -0.439083
   -0.439155
   -0.439088
   -0.439149
   -0.439097
   -0.439144
   -0.439095
   -0.420531
   -0.433299
   -0.433378
   -0.433282
   -0.433400
   -0.433263
   -0.433413
   -0.433251
   -0.473353
   -0.473169
   -0.473350
   -0.473168
   -0.473351
   -0.473165
   -0.473351
   -0.473170
   -0.477068
   -0.481188
   -0.481336
   -0.481207
   -0.481312
   -0.481228
   -0.481298
   -0.481240
   -0.424131
   -0.424084
   -0.424135
   -0.424084
   -0.424137
   -0.424084
   -0.424138
   -0.424077
   -0.436455
   -0.436364
   -0.436466
   -0.436343
   -0.436492
   -0.436321
   -0.436506
   -0.436310
   -0.468208
   -0.468015
   -0.468203
   -0.468018
   -0.468197
   -0.468023
   -0.468192
   -0.468034
   -0.484624
   -0.484498
   -0.484609
   -0.484524
   -0.484579
   -0.484549
   -0.484561
   -0.484564
   -0.438707
   -0.438668
   -0.438714
   -0.438663
   -0.438723
   -0.438654
   -0.438732
   -0.438640
   -0.434906
   -0.434773
   -0.434925
   -0.434743
   -0.434959
   -0.434715
   -0.434980
   -0.434697
   -0.477952
   -0.477765
   -0.477945
   -0.477773
   -0.477932
   -0.477786
   -0.477919
   -0.477804
   -0.490611
   -0.490541
   -0.490589
   -0.490574
   -0.490551
   -0.490606
   -0.490527
   -0.490627
   -0.424529
   -0.424452
   -0.424534
   -0.424445
   -0.424548
   -0.424430
   -0.424562
   -0.424411
   -0.431213
   -0.431864
   -0.432089
   -0.431828
   -0.432131
   -0.431794
   -0.432155
   -0.436049
   -0.489030
   -0.488873
   -0.489025
   -0.488881
   -0.489008
   -0.488900
   -0.488990
   -0.488922
   -0.479448
   -0.478585
   -0.478570
   -0.478625
   -0.478523
   -0.478662
   -0.478497
   -0.487247
   -0.438135
   -0.438032
   -0.438140
   -0.438023
   -0.438160
   -0.438001
   -0.438181
   -0.437975
   -0.440447
   -0.441460
   -0.441754
   -0.441417
   -0.441804
   -0.441377
   -0.441832
   -0.445629
   -0.477712
   -0.477588
   -0.477707
   -0.477598
   -0.477684
   -0.477625
   -0.477659
   -0.477653
   -0.480810
   -0.481711
   -0.481632
   -0.481758
   -0.481576
   -0.481802
   -0.481546
   -0.486111
