   -0.481934
   -0.484736
   -0.481447
   -0.481711
   -0.495741
   -0.471370
   -0.451812
   -0.445122
   -0.461951
   -0.418266
   -0.185678
   -0.440563
    0.077734
    0.098182
    0.072809
   -0.033370
   -0.501767
   -0.503852
   -0.499169
   -0.497491
   -0.507909
   -0.497916
   -0.496128
   -0.441700
   -0.488678
   -0.431635
   -0.202951
   -0.419586
    0.099895
    0.101697
    0.065888
   -0.050655
   -0.458688
   -0.457549
   -0.456046
   -0.454802
   -0.464027
   -0.457974
   -0.440540
   -0.470330
   -0.422380
   -0.293064
   -0.321315
   -0.230404
    0.061521
    0.068655
    0.023928
   -0.085021
   -0.519831
   -0.517591
   -0.513553
   -0.510137
   -0.508488
   -0.524323
   -0.521580
   -0.508801
   -0.484128
   -0.321813
   -0.365077
   -0.177186
    0.112685
    0.091267
    0.005575
   -0.126890
   -0.455815
   -0.453008
   -0.451972
   -0.449352
   -0.440833
   -0.483496
   -0.470360
   -0.455033
   -0.435630
   -0.237148
   -0.307599
   -0.026737
    0.076372
    0.031158
   -0.051367
   -0.181837
   -0.517488
   -0.513923
   -0.508457
   -0.506496
   -0.491224
   -0.545209
   -0.508312
   -0.550864
   -0.480645
   -0.247154
   -0.362667
    0.023344
    0.127330
    0.056776
   -0.064040
   -0.231725
   -0.473865
   -0.470873
   -0.465806
   -0.468345
   -0.443522
   -0.512472
   -0.494587
   -0.470738
   -0.468266
   -0.268141
   -0.178285
    0.050120
    0.101233
    0.020555
   -0.112841
   -0.265013
   -0.498402
   -0.494695
   -0.487984
   -0.489443
   -0.466166
   -0.535342
   -0.492779
   -0.519075
   -0.480992
   -0.263135
   -0.199029
    0.068665
    0.128080
    0.030927
   -0.121576
   -0.290285
   -0.485994
   -0.480420
   -0.477049
   -0.478107
   -0.464988
   -0.480310
   -0.465788
   -0.419555
   -0.410855
   -0.150332
    0.042845
    0.094482
    0.066106
   -0.067618
   -0.243624
   -0.377777
   -0.502455
   -0.494867
   -0.489658
   -0.490156
   -0.489463
   -0.466650
   -0.475221
   -0.433154
   -0.439709
   -0.148065
    0.043787
    0.101819
    0.059263
   -0.074857
   -0.252740
   -0.382001
   -0.462691
   -0.456165
   -0.452368
   -0.456190
   -0.484339
   -0.444503
   -0.475613
   -0.399818
   -0.352094
   -0.031948
    0.074876
    0.056075
    0.002854
   -0.134274
   -0.296151
   -0.400994
   -0.522978
   -0.513454
   -0.509188
   -0.507621
   -0.521711
   -0.439765
   -0.487852
   -0.446189
   -0.393363
   -0.050864
    0.069715
    0.086217
   -0.008792
   -0.143567
   -0.312307
   -0.416387
   -0.459414
   -0.451808
   -0.449751
   -0.450710
   -0.496856
   -0.428244
   -0.488854
   -0.404075
   -0.228476
    0.091410
    0.101453
    0.035292
   -0.094579
   -0.229121
   -0.377609
   -0.441740
   -0.515848
   -0.509307
   -0.505654
   -0.503182
   -0.520979
   -0.452561
   -0.506674
   -0.457568
   -0.231869
    0.037005
    0.096693
    0.077780
   -0.103139
   -0.241807
   -0.396621
   -0.460158
   -0.477523
   -0.471920
   -0.468212
   -0.469322
   -0.487099
   -0.462215
   -0.500027
   -0.426070
   -0.090733
    0.115295
    0.119056
    0.056765
   -0.168491
   -0.297217
   -0.445903
   -0.485258
   -0.494750
   -0.490253
   -0.485314
   -0.485776
   -0.487235
   -0.486053
   -0.503414
   -0.448503
   -0.083979
    0.083264
    0.116101
    0.073577
   -0.167390
   -0.302953
   -0.449111
   -0.492803
   -0.504940
   -0.507442
   -0.505819
   -0.507846
   -0.488238
   -0.496307
   -0.478177
   -0.490152
   -0.474694
   -0.481248
   -0.409689
   -0.407301
    0.084946
    0.128869
    0.093359
   -0.038321
   -0.572577
   -0.581768
   -0.578908
   -0.586377
   -0.549416
   -0.580227
   -0.562293
   -0.544262
   -0.595506
   -0.572957
   -0.435459
   -0.439909
    0.115383
    0.145768
    0.111745
   -0.032825
   -0.492971
   -0.495121
   -0.487677
   -0.488260
   -0.469356
   -0.539991
   -0.464846
   -0.494473
   -0.496784
   -0.433048
   -0.492116
   -0.187523
    0.095364
    0.098410
    0.032595
   -0.108999
   -0.579285
   -0.594710
   -0.588594
   -0.592918
   -0.581222
   -0.593728
   -0.569102
   -0.569257
   -0.593887
   -0.515458
   -0.544160
   -0.171189
    0.159753
    0.147328
    0.060122
   -0.125062
   -0.490099
   -0.493174
   -0.485507
   -0.482693
   -0.488659
   -0.503059
   -0.496361
   -0.518979
   -0.522289
   -0.428019
   -0.416637
    0.061786
    0.112624
    0.049782
   -0.061574
   -0.216916
   -0.580022
   -0.596473
   -0.589343
   -0.587610
   -0.575319
   -0.595579
   -0.583817
   -0.598191
   -0.580146
   -0.494870
   -0.482931
    0.091529
    0.191589
    0.097458
   -0.051861
   -0.259361
   -0.505709
   -0.507358
   -0.497640
   -0.497427
   -0.490453
   -0.518342
   -0.511800
   -0.494691
   -0.528690
   -0.465171
   -0.171595
    0.134157
    0.125917
    0.015793
   -0.128877
   -0.302590
   -0.576157
   -0.586555
   -0.578105
   -0.575547
   -0.525637
   -0.596610
   -0.575212
   -0.583519
   -0.593602
   -0.531984
   -0.206330
    0.127335
    0.165470
    0.039309
   -0.134221
   -0.328766
   -0.507643
   -0.511247
   -0.505978
   -0.502834
   -0.506354
   -0.491045
   -0.496628
   -0.467925
   -0.515468
   -0.329530
    0.073897
    0.126214
    0.090074
   -0.049488
   -0.232979
   -0.414269
   -0.586587
   -0.588101
   -0.582581
   -0.581260
   -0.561260
   -0.571662
   -0.565348
   -0.541798
   -0.580808
   -0.369029
    0.074178
    0.122954
    0.073652
   -0.070190
   -0.274725
   -0.464049
   -0.493243
   -0.498108
   -0.491042
   -0.484937
   -0.525976
   -0.492236
   -0.487186
   -0.465369
   -0.456248
   -0.080614
    0.120090
    0.127353
   -0.015050
   -0.151917
   -0.320742
   -0.429145
   -0.589500
   -0.601016
   -0.590447
   -0.589103
   -0.589980
   -0.555354
   -0.566886
   -0.589948
   -0.514207
   -0.099409
    0.102963
    0.173470
   -0.025417
   -0.155840
   -0.359245
   -0.510479
   -0.486755
   -0.493482
   -0.487142
   -0.480485
   -0.502608
   -0.515341
   -0.504639
   -0.480979
   -0.327620
    0.081422
    0.104757
    0.026850
   -0.127625
   -0.271295
   -0.405190
   -0.455432
   -0.580948
   -0.600031
   -0.584350
   -0.584353
   -0.582098
   -0.573903
   -0.560413
   -0.575544
   -0.363815
    0.102150
    0.108344
    0.096231
   -0.161756
   -0.299200
   -0.476952
   -0.557620
   -0.498424
   -0.503108
   -0.496614
   -0.493895
   -0.484004
   -0.503574
   -0.519147
   -0.486968
   -0.116192
    0.157066
    0.107686
    0.002656
   -0.222476
   -0.346233
   -0.493751
   -0.517522
   -0.575381
   -0.584877
   -0.575557
   -0.573836
   -0.538920
   -0.587448
   -0.560000
   -0.522350
   -0.164786
    0.159388
    0.124355
    0.012892
   -0.261702
   -0.389475
   -0.549834
   -0.592477
   -0.418063
   -0.404546
   -0.407614
   -0.404158
   -0.394187
   -0.418371
   -0.396323
   -0.425353
   -0.404992
   -0.434845
   -0.405583
   -0.358442
    0.011181
    0.107855
    0.096799
   -0.020366
   -0.436686
   -0.422246
   -0.436814
   -0.442021
   -0.445742
   -0.439606
   -0.453132
   -0.466088
   -0.494642
   -0.504195
   -0.454789
   -0.376512
    0.030173
    0.121911
    0.121620
   -0.015623
   -0.427380
   -0.428275
   -0.430622
   -0.432103
   -0.388794
   -0.495537
   -0.405596
   -0.427718
   -0.468016
   -0.423062
   -0.450288
   -0.164404
    0.121433
    0.077170
    0.054390
   -0.116014
   -0.434090
   -0.441979
   -0.457896
   -0.472165
   -0.435906
   -0.490290
   -0.424626
   -0.425092
   -0.501530
   -0.470558
   -0.484602
   -0.164982
    0.136852
    0.097819
    0.089489
   -0.106491
   -0.424538
   -0.426735
   -0.428165
   -0.434129
   -0.422757
   -0.432128
   -0.435156
   -0.469809
   -0.484142
   -0.421060
   -0.388824
    0.072525
    0.156319
    0.086280
   -0.067389
   -0.223827
   -0.428678
   -0.436968
   -0.457410
   -0.466288
   -0.433043
   -0.461370
   -0.444339
   -0.488636
   -0.483941
   -0.461275
   -0.419197
    0.076279
    0.149794
    0.090035
   -0.050968
   -0.200742
   -0.422464
   -0.425615
   -0.438947
   -0.429511
   -0.408644
   -0.420244
   -0.424463
   -0.423626
   -0.465002
   -0.445645
   -0.146933
    0.136547
    0.107113
    0.031288
   -0.111404
   -0.286223
   -0.438788
   -0.446671
   -0.465054
   -0.461823
   -0.422522
   -0.467991
   -0.457843
   -0.485106
   -0.519099
   -0.500881
   -0.180440
    0.128537
    0.095399
    0.041266
   -0.117882
   -0.272158
   -0.400044
   -0.415705
   -0.431421
   -0.432846
   -0.417065
   -0.419046
   -0.401278
   -0.407410
   -0.464411
   -0.347190
    0.075528
    0.090015
    0.076104
   -0.033204
   -0.184802
   -0.316579
   -0.439112
   -0.460905
   -0.479397
   -0.493089
   -0.444920
   -0.458417
   -0.451016
   -0.453196
   -0.496912
   -0.363275
    0.069867
    0.094475
    0.080265
   -0.061517
   -0.210465
   -0.375665
   -0.404929
   -0.425231
   -0.446322
   -0.428735
   -0.450573
   -0.400414
   -0.415438
   -0.418974
   -0.410303
   -0.079834
    0.099922
    0.130728
   -0.008250
   -0.143792
   -0.301247
   -0.381446
   -0.425307
   -0.455017
   -0.469697
   -0.497326
   -0.480695
   -0.426876
   -0.453829
   -0.479770
   -0.440320
   -0.079390
    0.067385
    0.154986
    0.006451
   -0.137125
   -0.297197
   -0.448369
   -0.398161
   -0.424183
   -0.442746
   -0.433741
   -0.401086
   -0.440010
   -0.428423
   -0.396429
   -0.322359
    0.078597
    0.113605
    0.033184
   -0.123578
   -0.238871
   -0.368724
   -0.435886
   -0.438702
   -0.454978
   -0.472199
   -0.499283
   -0.447700
   -0.466854
   -0.430901
   -0.452931
   -0.327431
    0.111094
    0.095975
    0.059273
   -0.145050
   -0.223436
   -0.406729
   -0.466987
   -0.394056
   -0.417988
   -0.438214
   -0.436328
   -0.396216
   -0.432522
   -0.445150
   -0.435577
   -0.109759
    0.118363
    0.081861
   -0.026057
   -0.194401
   -0.316494
   -0.404683
   -0.411019
   -0.449221
   -0.468376
   -0.493038
   -0.501074
   -0.438437
   -0.483933
   -0.454396
   -0.460480
   -0.129760
    0.136356
    0.089659
   -0.014124
   -0.231615
   -0.340980
   -0.459567
   -0.434372
   -0.411451
   -0.403149
   -0.398677
   -0.385553
   -0.418711
   -0.419925
   -0.408564
   -0.429402
   -0.388491
   -0.460107
   -0.378768
   -0.387716
   -0.006288
    0.120693
    0.105043
   -0.027779
   -0.445179
   -0.411775
   -0.410293
   -0.397199
   -0.427534
   -0.401531
   -0.433384
   -0.440586
   -0.438236
   -0.486691
   -0.400157
   -0.369803
   -0.002661
    0.105332
    0.098649
   -0.017849
   -0.431341
   -0.428579
   -0.436780
   -0.426560
   -0.397365
   -0.478458
   -0.411475
   -0.418528
   -0.439875
   -0.421450
   -0.414014
   -0.188331
    0.122171
    0.081175
    0.033702
   -0.134077
   -0.430742
   -0.405281
   -0.423650
   -0.425610
   -0.427211
   -0.468695
   -0.407890
   -0.402309
   -0.459623
   -0.451019
   -0.438925
   -0.177263
    0.111366
    0.069063
    0.065572
   -0.105157
   -0.448120
   -0.424279
   -0.443067
   -0.434471
   -0.430728
   -0.427728
   -0.445405
   -0.459432
   -0.454324
   -0.417117
   -0.363985
    0.039990
    0.132722
    0.066988
   -0.064958
   -0.205281
   -0.435081
   -0.392354
   -0.409859
   -0.420922
   -0.426895
   -0.444317
   -0.431358
   -0.469631
   -0.444686
   -0.439640
   -0.387343
    0.052799
    0.120608
    0.084503
   -0.032930
   -0.188268
   -0.417442
   -0.400408
   -0.421686
   -0.419343
   -0.433357
   -0.423496
   -0.436436
   -0.422131
   -0.445620
   -0.445925
   -0.147460
    0.094948
    0.080763
    0.005262
   -0.099623
   -0.259887
   -0.441725
   -0.404365
   -0.418053
   -0.426312
   -0.417666
   -0.437735
   -0.436372
   -0.450753
   -0.463871
   -0.466911
   -0.158223
    0.122629
    0.084388
    0.038176
   -0.110485
   -0.257445
   -0.411787
   -0.395130
   -0.407826
   -0.425038
   -0.428514
   -0.417689
   -0.387068
   -0.410345
   -0.407926
   -0.354384
    0.065067
    0.086920
    0.059115
   -0.048243
   -0.213434
   -0.309748
   -0.398260
   -0.385633
   -0.401642
   -0.438882
   -0.449431
   -0.441692
   -0.430570
   -0.421085
   -0.446334
   -0.358684
    0.062890
    0.087688
    0.031519
   -0.052461
   -0.185109
   -0.334846
   -0.423160
   -0.404120
   -0.413919
   -0.433873
   -0.457301
   -0.399037
   -0.410842
   -0.390084
   -0.383129
   -0.091806
    0.092286
    0.124378
   -0.001935
   -0.166337
   -0.290597
   -0.398224
   -0.398269
   -0.361042
   -0.404193
   -0.445465
   -0.478390
   -0.421595
   -0.436425
   -0.413168
   -0.418780
   -0.089636
    0.066621
    0.132694
    0.016772
   -0.164904
   -0.267959
   -0.425558
   -0.451636
   -0.407253
   -0.427996
   -0.443341
   -0.411722
   -0.436406
   -0.425083
   -0.354552
   -0.303341
    0.062182
    0.111850
    0.031672
   -0.133611
   -0.197969
   -0.344430
   -0.409542
   -0.435268
   -0.371484
   -0.431323
   -0.453801
   -0.449242
   -0.450631
   -0.413046
   -0.404893
   -0.295481
    0.082060
    0.099858
    0.051982
   -0.101557
   -0.171228
   -0.376988
   -0.384555
   -0.447066
   -0.406180
   -0.429774
   -0.449620
   -0.413282
   -0.422114
   -0.428597
   -0.422789
   -0.081666
    0.086479
    0.078768
   -0.020982
   -0.126241
   -0.327062
   -0.350651
   -0.210861
   -0.441314
   -0.397282
   -0.439235
   -0.461336
   -0.449359
   -0.463058
   -0.429592
   -0.454420
   -0.077127
    0.095463
    0.084209
   -0.005856
   -0.152319
   -0.319147
   -0.374409
   -0.183126
   -0.442959
   -0.467625
   -0.442924
   -0.441434
   -0.467031
   -0.440586
   -0.456875
   -0.466905
   -0.427963
   -0.499178
   -0.421939
   -0.430477
    0.013811
    0.144205
    0.084942
   -0.015141
   -0.525828
   -0.543819
   -0.505512
   -0.483956
   -0.478989
   -0.438885
   -0.481334
   -0.496014
   -0.468190
   -0.540531
   -0.427374
   -0.425124
    0.033404
    0.132064
    0.043786
   -0.026712
   -0.465988
   -0.456504
   -0.465297
   -0.431498
   -0.435331
   -0.492369
   -0.454463
   -0.443729
   -0.466028
   -0.428633
   -0.459400
   -0.209426
    0.081999
    0.127233
    0.029345
   -0.093896
   -0.524663
   -0.509698
   -0.485649
   -0.431291
   -0.479363
   -0.504902
   -0.463307
   -0.470436
   -0.498911
   -0.488250
   -0.484515
   -0.208433
    0.086826
    0.104448
    0.052422
   -0.109384
   -0.495889
   -0.482452
   -0.468257
   -0.423850
   -0.463689
   -0.449067
   -0.473550
   -0.491630
   -0.458084
   -0.427902
   -0.383426
    0.024591
    0.115869
    0.079335
   -0.033125
   -0.196858
   -0.557006
   -0.525759
   -0.460944
   -0.429726
   -0.474964
   -0.479548
   -0.487252
   -0.514889
   -0.484597
   -0.449205
   -0.434083
    0.040111
    0.107290
    0.079333
    0.013298
   -0.179670
   -0.478021
   -0.463368
   -0.388512
   -0.398227
   -0.464706
   -0.456710
   -0.463151
   -0.462227
   -0.445808
   -0.463146
   -0.158215
    0.086209
    0.118829
    0.002095
   -0.085651
   -0.264587
   -0.557532
   -0.536922
   -0.434933
   -0.436094
   -0.450765
   -0.469237
   -0.485999
   -0.483523
   -0.475328
   -0.477037
   -0.177382
    0.113435
    0.117340
    0.032786
   -0.106144
   -0.242581
   -0.511883
   -0.452278
   -0.428866
   -0.437586
   -0.447204
   -0.461567
   -0.462708
   -0.471821
   -0.432546
   -0.373456
    0.024627
    0.094608
    0.046230
   -0.035872
   -0.155112
   -0.392930
   -0.568595
   -0.473250
   -0.416715
   -0.429998
   -0.502617
   -0.485069
   -0.490164
   -0.469334
   -0.470571
   -0.391032
    0.031506
    0.087898
    0.049581
   -0.052022
   -0.153631
   -0.348958
   -0.489550
   -0.431801
   -0.420233
   -0.442341
   -0.475185
   -0.456923
   -0.456700
   -0.442956
   -0.431174
   -0.116261
    0.067902
    0.145025
    0.028840
   -0.152402
   -0.324932
   -0.416364
   -0.582205
   -0.466946
   -0.407124
   -0.423968
   -0.498681
   -0.487226
   -0.505198
   -0.448477
   -0.462733
   -0.115268
    0.092277
    0.106356
    0.032195
   -0.124573
   -0.299687
   -0.390567
   -0.497609
   -0.445668
   -0.436420
   -0.440297
   -0.456177
   -0.451886
   -0.470433
   -0.434656
   -0.297356
    0.085602
    0.066087
    0.035392
   -0.096950
   -0.234111
   -0.361500
   -0.377997
   -0.543948
   -0.476420
   -0.425816
   -0.448310
   -0.497224
   -0.463762
   -0.472993
   -0.464743
   -0.319110
    0.058160
    0.103880
    0.072724
   -0.088743
   -0.210638
   -0.380956
   -0.382385
   -0.496768
   -0.471105
   -0.437918
   -0.436973
   -0.459809
   -0.456958
   -0.441631
   -0.463125
   -0.097907
    0.096312
    0.073037
   -0.021110
   -0.170632
   -0.317775
   -0.397956
   -0.253237
   -0.499576
   -0.477235
   -0.442746
   -0.457361
   -0.470269
   -0.492593
   -0.475475
   -0.507774
   -0.091565
    0.107201
    0.099878
   -0.009746
   -0.171749
   -0.347694
   -0.433864
   -0.240050
   -0.445104
   -0.438687
   -0.469588
   -0.487552
   -0.460316
   -0.440229
   -0.464760
   -0.459227
   -0.446856
   -0.473348
   -0.435814
   -0.428657
    0.032012
    0.116976
    0.113852
   -0.022332
   -0.458835
   -0.550065
   -0.541930
   -0.577807
   -0.493466
   -0.453431
   -0.479232
   -0.473241
   -0.475611
   -0.529152
   -0.457036
   -0.449251
    0.068623
    0.120463
    0.069251
   -0.047928
   -0.454810
   -0.455817
   -0.473747
   -0.464674
   -0.427117
   -0.494232
   -0.460737
   -0.439062
   -0.475718
   -0.424843
   -0.472554
   -0.206333
    0.063883
    0.120660
    0.062341
   -0.091393
   -0.432911
   -0.577058
   -0.534631
   -0.525380
   -0.466207
   -0.504678
   -0.467557
   -0.474755
   -0.507561
   -0.497692
   -0.503895
   -0.209864
    0.098355
    0.129783
    0.061497
   -0.109161
   -0.433807
   -0.516313
   -0.465898
   -0.473276
   -0.456048
   -0.446884
   -0.460452
   -0.495396
   -0.446431
   -0.425631
   -0.393518
    0.016149
    0.094888
    0.088183
   -0.025740
   -0.204718
   -0.455474
   -0.597824
   -0.535993
   -0.501810
   -0.467260
   -0.476739
   -0.474213
   -0.529388
   -0.479048
   -0.460565
   -0.445134
    0.031618
    0.124657
    0.099823
   -0.008011
   -0.195571
   -0.439984
   -0.527378
   -0.427694
   -0.425020
   -0.424341
   -0.458279
   -0.450471
   -0.488753
   -0.448334
   -0.478193
   -0.151129
    0.094010
    0.120883
    0.024012
   -0.108254
   -0.272104
   -0.482400
   -0.607537
   -0.519393
   -0.487558
   -0.428537
   -0.479449
   -0.469819
   -0.502452
   -0.473442
   -0.499397
   -0.180417
    0.096310
    0.136952
    0.038284
   -0.135747
   -0.270818
   -0.485315
   -0.528911
   -0.499974
   -0.465374
   -0.416650
   -0.462170
   -0.472368
   -0.462777
   -0.445292
   -0.390368
    0.010269
    0.099088
    0.040509
   -0.051382
   -0.153440
   -0.372945
   -0.576666
   -0.583054
   -0.563379
   -0.490691
   -0.473507
   -0.475370
   -0.485976
   -0.497356
   -0.473276
   -0.417695
    0.027511
    0.098110
    0.086281
   -0.059909
   -0.163710
   -0.366662
   -0.426945
   -0.485248
   -0.476446
   -0.425762
   -0.447483
   -0.441391
   -0.466273
   -0.447064
   -0.475686
   -0.118969
    0.078616
    0.148909
   -0.003113
   -0.140646
   -0.304487
   -0.401991
   -0.541970
   -0.600962
   -0.526014
   -0.453364
   -0.468150
   -0.448424
   -0.514961
   -0.512106
   -0.484454
   -0.122070
    0.095205
    0.121438
    0.010676
   -0.112577
   -0.329903
   -0.398136
   -0.410365
   -0.505933
   -0.435245
   -0.435676
   -0.425770
   -0.445441
   -0.464736
   -0.460829
   -0.334425
    0.078220
    0.085886
    0.037915
   -0.084910
   -0.228371
   -0.325542
   -0.429535
   -0.446656
   -0.613419
   -0.465988
   -0.462899
   -0.473837
   -0.432085
   -0.489731
   -0.494181
   -0.353332
    0.069562
    0.095911
    0.094615
   -0.121440
   -0.212677
   -0.412656
   -0.451881
   -0.462425
   -0.505569
   -0.425675
   -0.401444
   -0.433829
   -0.470082
   -0.439109
   -0.467961
   -0.099622
    0.085035
    0.082462
   -0.024355
   -0.177164
   -0.268254
   -0.417491
   -0.421761
   -0.470041
   -0.533238
   -0.460668
   -0.436128
   -0.444524
   -0.495794
   -0.493121
   -0.507232
   -0.101958
    0.113142
    0.088404
   -0.005973
   -0.202510
   -0.296928
   -0.484122
   -0.441360
   -0.269206
   -0.186887
   -0.456483
   -0.464076
   -0.491038
   -0.486254
   -0.437668
   -0.457877
   -0.415479
   -0.439960
   -0.436449
   -0.403386
    0.002863
    0.094987
    0.092000
   -0.028283
   -0.274829
   -0.178874
   -0.503907
   -0.529836
   -0.543846
   -0.511989
   -0.435902
   -0.456551
   -0.445900
   -0.480606
   -0.477291
   -0.430300
   -0.002983
    0.100435
    0.115560
   -0.055893
   -0.272970
   -0.344446
   -0.447328
   -0.491298
   -0.467569
   -0.502243
   -0.450655
   -0.421372
   -0.448633
   -0.436625
   -0.449286
   -0.200982
    0.089923
    0.094000
    0.087421
   -0.106968
   -0.291409
   -0.314026
   -0.533413
   -0.567443
   -0.528056
   -0.530122
   -0.426432
   -0.423775
   -0.455520
   -0.481771
   -0.498686
   -0.222401
    0.095302
    0.087277
    0.089313
   -0.090357
   -0.232212
   -0.385090
   -0.464505
   -0.493008
   -0.474547
   -0.451586
   -0.435407
   -0.472856
   -0.438740
   -0.430577
   -0.393287
    0.022652
    0.130564
    0.113109
   -0.013856
   -0.205962
   -0.214037
   -0.356233
   -0.553504
   -0.543323
   -0.518517
   -0.475535
   -0.441791
   -0.474423
   -0.431966
   -0.467347
   -0.441349
    0.002657
    0.130209
    0.106152
   -0.027343
   -0.187253
   -0.202336
   -0.345975
   -0.524940
   -0.468666
   -0.433619
   -0.464164
   -0.393009
   -0.476273
   -0.448410
   -0.467448
   -0.184273
    0.101139
    0.142357
    0.034397
   -0.109214
   -0.239208
   -0.166765
   -0.321201
   -0.570578
   -0.523915
   -0.459260
   -0.482747
   -0.404448
   -0.469741
   -0.461681
   -0.490893
   -0.209858
    0.088731
    0.120004
    0.053512
   -0.107929
   -0.264790
   -0.181185
   -0.407218
   -0.519617
   -0.507913
   -0.438347
   -0.427821
   -0.417266
   -0.441672
   -0.433301
   -0.429326
    0.022313
    0.092960
    0.086063
   -0.044791
   -0.152549
   -0.346958
   -0.168006
   -0.427448
   -0.605307
   -0.542136
   -0.480433
   -0.445368
   -0.437733
   -0.462816
   -0.454792
   -0.469548
    0.022382
    0.105363
    0.100914
   -0.030173
   -0.165461
   -0.357661
   -0.163273
   -0.392658
   -0.509635
   -0.486056
   -0.467182
   -0.385431
   -0.420441
   -0.429785
   -0.487280
   -0.141306
    0.086133
    0.130376
   -0.010939
   -0.134778
   -0.262413
   -0.407513
   -0.139141
   -0.446961
   -0.592969
   -0.561793
   -0.481988
   -0.395627
   -0.467889
   -0.473134
   -0.484844
   -0.156479
    0.084027
    0.128143
    0.008257
   -0.105607
   -0.317426
   -0.403597
   -0.154925
   -0.412158
   -0.462935
   -0.454553
   -0.421702
   -0.401882
   -0.437360
   -0.431685
   -0.350159
    0.038588
    0.087113
    0.041381
   -0.072248
   -0.221887
   -0.335071
   -0.433639
   -0.149903
   -0.435920
   -0.577871
   -0.555691
   -0.483316
   -0.368928
   -0.439673
   -0.469960
   -0.374099
    0.055135
    0.097352
    0.087576
   -0.087904
   -0.224291
   -0.415806
   -0.466680
   -0.179179
   -0.423523
   -0.467086
   -0.411952
   -0.430251
   -0.422805
   -0.426896
   -0.431489
   -0.107679
    0.050204
    0.059894
   -0.017352
   -0.137847
   -0.249196
   -0.415131
   -0.451839
   -0.180983
   -0.410532
   -0.534586
   -0.461390
   -0.455457
   -0.431207
   -0.467488
   -0.475963
   -0.123512
    0.096832
    0.074457
   -0.016842
   -0.172060
   -0.267361
   -0.449291
   -0.495288
   -0.403365
   -0.138154
   -0.301844
   -0.203560
   -0.465511
   -0.474415
   -0.470270
   -0.474234
   -0.396986
   -0.465324
   -0.443531
   -0.399395
   -0.004791
    0.100993
    0.082921
   -0.021003
   -0.415966
   -0.080402
   -0.288359
   -0.201095
   -0.524292
   -0.490122
   -0.475639
   -0.500226
   -0.430663
   -0.487474
   -0.466442
   -0.422739
   -0.013410
    0.090314
    0.103192
   -0.026896
   -0.423646
   -0.148248
   -0.364298
   -0.358054
   -0.473502
   -0.471898
   -0.480511
   -0.442759
   -0.448112
   -0.415387
   -0.447109
   -0.226017
    0.090805
    0.097847
    0.065885
   -0.088493
   -0.450000
   -0.100548
   -0.304851
   -0.338839
   -0.537307
   -0.537781
   -0.471600
   -0.450305
   -0.461405
   -0.456062
   -0.457470
   -0.227534
    0.079998
    0.086037
    0.067759
   -0.077589
   -0.398637
   -0.034488
   -0.366680
   -0.381428
   -0.476143
   -0.478054
   -0.471986
   -0.459225
   -0.440363
   -0.422250
   -0.379093
    0.003975
    0.138451
    0.099714
   -0.032391
   -0.186533
   -0.371979
   -0.000489
   -0.349319
   -0.372005
   -0.538387
   -0.522966
   -0.502511
   -0.458484
   -0.425812
   -0.437467
   -0.412128
    0.009824
    0.123385
    0.092465
   -0.039878
   -0.184823
   -0.260605
    0.048687
   -0.328580
   -0.388404
   -0.478171
   -0.488284
   -0.434512
   -0.463510
   -0.429434
   -0.438393
   -0.180081
    0.095483
    0.134913
    0.026389
   -0.118121
   -0.268071
   -0.259619
    0.102659
   -0.275111
   -0.415165
   -0.531213
   -0.483191
   -0.452780
   -0.479940
   -0.429820
   -0.438221
   -0.209030
    0.093730
    0.118349
    0.023924
   -0.105864
   -0.287795
   -0.090850
   -0.002898
   -0.339857
   -0.448719
   -0.526121
   -0.463425
   -0.438939
   -0.443800
   -0.391460
   -0.412314
    0.029012
    0.100015
    0.109252
   -0.077217
   -0.166788
   -0.352690
   -0.047173
   -0.006846
   -0.323159
   -0.461480
   -0.572040
   -0.505741
   -0.454195
   -0.436785
   -0.423217
   -0.456910
    0.035103
    0.108805
    0.115993
   -0.044256
   -0.204464
   -0.359595
   -0.187423
   -0.041998
   -0.360118
   -0.474492
   -0.518144
   -0.428529
   -0.436998
   -0.451555
   -0.460688
   -0.131182
    0.101977
    0.153860
   -0.008512
   -0.152080
   -0.258146
   -0.411724
   -0.165601
   -0.010342
   -0.350318
   -0.530001
   -0.565425
   -0.481573
   -0.451839
   -0.428841
   -0.473039
   -0.163181
    0.117846
    0.137132
    0.013406
   -0.124321
   -0.316428
   -0.407409
   -0.319520
   -0.036573
   -0.419895
   -0.426966
   -0.463374
   -0.430402
   -0.459547
   -0.456418
   -0.336735
    0.040597
    0.116243
    0.065507
   -0.081911
   -0.228170
   -0.355075
   -0.405959
   -0.318319
    0.027749
   -0.447247
   -0.498638
   -0.573660
   -0.426534
   -0.420917
   -0.431433
   -0.350568
    0.047642
    0.126783
    0.081297
   -0.102835
   -0.237159
   -0.397751
   -0.411811
   -0.299495
   -0.095692
   -0.349025
   -0.445738
   -0.483609
   -0.440117
   -0.432365
   -0.446708
   -0.084016
    0.058458
    0.062408
   -0.000347
   -0.132728
   -0.299790
   -0.402872
   -0.388036
   -0.281771
   -0.075054
   -0.377126
   -0.461925
   -0.536814
   -0.460216
   -0.454932
   -0.460491
   -0.083737
    0.100510
    0.076418
   -0.008414
   -0.177026
   -0.299371
   -0.424661
   -0.405047
   -0.392219
   -0.454593
   -0.294412
   -0.143506
   -0.286186
   -0.292935
   -0.442472
   -0.410379
   -0.481703
   -0.505445
   -0.460000
   -0.414633
   -0.002812
    0.093814
    0.092633
   -0.016522
   -0.441667
   -0.525538
   -0.310444
   -0.116784
   -0.284156
   -0.288872
   -0.492954
   -0.492765
   -0.505772
   -0.525729
   -0.456736
   -0.451944
   -0.017204
    0.089920
    0.098391
   -0.010292
   -0.466147
   -0.443111
   -0.319369
   -0.165303
   -0.288450
   -0.376556
   -0.462742
   -0.447409
   -0.503918
   -0.387374
   -0.467138
   -0.229763
    0.079553
    0.116879
    0.051754
   -0.079912
   -0.496045
   -0.492104
   -0.294120
   -0.125016
   -0.266783
   -0.405036
   -0.505415
   -0.529324
   -0.555491
   -0.451678
   -0.465876
   -0.229258
    0.054823
    0.093951
    0.058052
   -0.062351
   -0.475891
   -0.435901
   -0.239082
   -0.160371
   -0.376280
   -0.427461
   -0.464520
   -0.459105
   -0.460810
   -0.425770
   -0.377864
    0.011489
    0.136895
    0.091223
   -0.031301
   -0.193919
   -0.576518
   -0.461420
   -0.205172
   -0.181969
   -0.349499
   -0.459704
   -0.526165
   -0.520209
   -0.500882
   -0.443629
   -0.422007
    0.033963
    0.114062
    0.079823
   -0.024707
   -0.177466
   -0.487146
   -0.380682
   -0.051709
   -0.202990
   -0.407865
   -0.466818
   -0.501499
   -0.445461
   -0.432597
   -0.425627
   -0.164068
    0.063380
    0.133815
    0.023462
   -0.110417
   -0.273250
   -0.580154
   -0.429700
   -0.058524
   -0.190409
   -0.409364
   -0.457070
   -0.550353
   -0.512039
   -0.436608
   -0.396789
   -0.195843
    0.054778
    0.105289
    0.021792
   -0.111507
   -0.270264
   -0.463680
   -0.284753
    0.005333
   -0.241489
   -0.440539
   -0.462082
   -0.506584
   -0.472244
   -0.409917
   -0.376778
    0.028474
    0.081722
    0.096143
   -0.071256
   -0.154638
   -0.351164
   -0.527955
   -0.267362
    0.043420
   -0.228019
   -0.466122
   -0.545836
   -0.545690
   -0.506556
   -0.408859
   -0.410218
    0.042011
    0.066386
    0.090821
   -0.056917
   -0.205755
   -0.357146
   -0.418900
   -0.137363
   -0.067823
   -0.238687
   -0.410494
   -0.489512
   -0.478021
   -0.499188
   -0.412974
   -0.128065
    0.103120
    0.153335
   -0.001516
   -0.141903
   -0.256264
   -0.407355
   -0.494576
   -0.127040
   -0.043936
   -0.182377
   -0.478837
   -0.592179
   -0.538488
   -0.504902
   -0.441385
   -0.154170
    0.123196
    0.124841
    0.014652
   -0.119569
   -0.316396
   -0.405811
   -0.320158
   -0.177647
   -0.160368
   -0.280042
   -0.422305
   -0.469001
   -0.459714
   -0.487153
   -0.330847
    0.074135
    0.119795
    0.056178
   -0.076400
   -0.223575
   -0.354985
   -0.401308
   -0.382783
   -0.178848
   -0.130423
   -0.237250
   -0.512139
   -0.528935
   -0.531175
   -0.460510
   -0.329267
    0.082085
    0.122479
    0.059500
   -0.079607
   -0.222809
   -0.380364
   -0.403335
   -0.199253
   -0.306070
   -0.092384
   -0.315912
   -0.440144
   -0.485406
   -0.466498
   -0.463231
   -0.086873
    0.099834
    0.081048
   -0.027891
   -0.120323
   -0.304848
   -0.404908
   -0.384303
   -0.255149
   -0.322512
   -0.066114
   -0.330267
   -0.485564
   -0.551577
   -0.521839
   -0.464404
   -0.053376
    0.087182
    0.066789
   -0.003629
   -0.147765
   -0.295193
   -0.422354
   -0.391531
   -0.221600
   -0.450237
   -0.430517
   -0.423073
   -0.173844
   -0.259903
   -0.243114
   -0.198991
   -0.523694
   -0.429091
   -0.460083
   -0.467713
   -0.014632
    0.088230
    0.095148
   -0.005605
   -0.228252
   -0.569539
   -0.452337
   -0.509191
   -0.186607
   -0.243232
   -0.291848
   -0.247801
   -0.517713
   -0.446635
   -0.488565
   -0.517731
   -0.010799
    0.091839
    0.101245
   -0.017240
   -0.343155
   -0.478473
   -0.447018
   -0.441193
   -0.085027
   -0.338144
   -0.263122
   -0.387581
   -0.502681
   -0.433579
   -0.479090
   -0.229632
    0.070606
    0.118559
    0.059554
   -0.075816
   -0.369562
   -0.567760
   -0.477788
   -0.486611
   -0.099017
   -0.333677
   -0.268934
   -0.395228
   -0.513359
   -0.498084
   -0.539042
   -0.233897
    0.070145
    0.105432
    0.059924
   -0.074715
   -0.465634
   -0.484573
   -0.427004
   -0.468656
   -0.118015
   -0.342967
   -0.329421
   -0.438634
   -0.475521
   -0.467897
   -0.417614
    0.002909
    0.123689
    0.094012
   -0.016501
   -0.185074
   -0.509935
   -0.549329
   -0.519121
   -0.483222
   -0.086323
   -0.350574
   -0.302981
   -0.484812
   -0.511907
   -0.562004
   -0.453677
    0.050523
    0.112388
    0.090454
   -0.010044
   -0.177615
   -0.501337
   -0.485767
   -0.456987
   -0.414451
   -0.076994
   -0.358570
   -0.397042
   -0.463695
   -0.485615
   -0.478156
   -0.195520
    0.056440
    0.109197
    0.025240
   -0.084801
   -0.250070
   -0.538155
   -0.607577
   -0.522529
   -0.454464
   -0.049265
   -0.354946
   -0.386521
   -0.559124
   -0.509881
   -0.520426
   -0.192952
    0.064555
    0.078521
    0.028475
   -0.087908
   -0.247068
   -0.540748
   -0.559820
   -0.403206
   -0.262375
   -0.022429
   -0.321005
   -0.424345
   -0.510507
   -0.458844
   -0.404204
    0.036570
    0.088188
    0.077959
   -0.062342
   -0.145729
   -0.347593
   -0.624093
   -0.600368
   -0.453542
   -0.238255
   -0.003458
   -0.388792
   -0.471672
   -0.573588
   -0.485613
   -0.442143
    0.049500
    0.086187
    0.078061
   -0.053686
   -0.191940
   -0.347194
   -0.489509
   -0.443249
   -0.384581
   -0.118264
   -0.040491
   -0.343275
   -0.452240
   -0.500648
   -0.447881
   -0.139396
    0.117695
    0.145225
    0.014882
   -0.145869
   -0.273598
   -0.405640
   -0.597378
   -0.530981
   -0.405568
   -0.087336
   -0.007433
   -0.402255
   -0.552542
   -0.579242
   -0.540133
   -0.185004
    0.143747
    0.147700
    0.027139
   -0.116415
   -0.322155
   -0.408547
   -0.475023
   -0.455617
   -0.145474
   -0.258676
   -0.084113
   -0.413094
   -0.428371
   -0.483276
   -0.372729
    0.117271
    0.115342
    0.081446
   -0.069432
   -0.207373
   -0.344847
   -0.413632
   -0.543954
   -0.561832
   -0.174336
   -0.228283
   -0.067650
   -0.433194
   -0.545595
   -0.552110
   -0.425678
    0.103508
    0.128952
    0.109184
   -0.070284
   -0.210762
   -0.387183
   -0.434439
   -0.481100
   -0.289536
   -0.199415
   -0.298203
   -0.154206
   -0.429826
   -0.482891
   -0.465052
   -0.093253
    0.108068
    0.120785
   -0.009665
   -0.132083
   -0.293162
   -0.386864
   -0.385709
   -0.554056
   -0.352635
   -0.246270
   -0.303441
   -0.153801
   -0.476538
   -0.556121
   -0.517310
   -0.087392
    0.086811
    0.111628
    0.025189
   -0.144292
   -0.295277
   -0.431450
   -0.397346
   -0.378382
   -0.304885
   -0.242723
   -0.451194
   -0.388680
   -0.459356
   -0.151902
   -0.326736
   -0.335023
   -0.219139
   -0.424066
   -0.441964
   -0.002359
    0.112506
    0.100213
   -0.014418
   -0.339191
   -0.308493
   -0.278262
   -0.563165
   -0.439327
   -0.494181
   -0.177880
   -0.299752
   -0.362202
   -0.256243
   -0.477321
   -0.460157
   -0.018696
    0.091647
    0.103771
   -0.024725
   -0.372847
   -0.204618
   -0.405336
   -0.463573
   -0.415041
   -0.454952
   -0.117691
   -0.337268
   -0.220523
   -0.448555
   -0.455230
   -0.258859
    0.075996
    0.110416
    0.063917
   -0.071040
   -0.403615
   -0.191324
   -0.485436
   -0.572565
   -0.488729
   -0.475161
   -0.113203
   -0.332614
   -0.218875
   -0.520920
   -0.509688
   -0.237120
    0.096365
    0.104734
    0.075873
   -0.062266
   -0.332122
   -0.171753
   -0.510868
   -0.475863
   -0.433908
   -0.420109
   -0.159802
   -0.322215
   -0.377515
   -0.461736
   -0.447001
    0.012901
    0.144217
    0.092465
   -0.008815
   -0.173603
   -0.311992
   -0.163963
   -0.603989
   -0.540019
   -0.492450
   -0.399211
   -0.138988
   -0.331163
   -0.384825
   -0.533005
   -0.475764
    0.004743
    0.104892
    0.077288
   -0.011676
   -0.181234
   -0.220618
   -0.329657
   -0.521674
   -0.473984
   -0.438960
   -0.338355
   -0.165591
   -0.407506
   -0.454119
   -0.483736
   -0.234948
    0.119230
    0.085223
    0.007652
   -0.098479
   -0.252757
   -0.163051
   -0.332844
   -0.591274
   -0.570850
   -0.483378
   -0.335947
   -0.142702
   -0.404910
   -0.492015
   -0.519041
   -0.243999
    0.087006
    0.063108
    0.038217
   -0.088272
   -0.259624
   -0.319328
   -0.467702
   -0.551606
   -0.503134
   -0.408015
   -0.175763
   -0.177134
   -0.399880
   -0.450453
   -0.475964
    0.026770
    0.123902
    0.069194
   -0.045943
   -0.152551
   -0.348329
   -0.323283
   -0.486393
   -0.647252
   -0.553998
   -0.393934
   -0.164050
   -0.174824
   -0.412078
   -0.541646
   -0.511411
    0.042086
    0.141434
    0.073066
   -0.038634
   -0.199466
   -0.345777
   -0.393122
   -0.509881
   -0.510016
   -0.397242
   -0.284303
   -0.024641
   -0.256326
   -0.395361
   -0.502543
   -0.162620
    0.074038
    0.089263
    0.018213
   -0.148460
   -0.285173
   -0.402591
   -0.369524
   -0.580746
   -0.641930
   -0.478099
   -0.246457
   -0.017731
   -0.232869
   -0.436913
   -0.598505
   -0.226697
    0.092998
    0.157485
    0.034196
   -0.131997
   -0.332506
   -0.409551
   -0.394034
   -0.494071
   -0.471403
   -0.375633
   -0.169441
   -0.090122
   -0.267343
   -0.463878
   -0.428667
    0.036297
    0.096798
    0.058040
   -0.061153
   -0.221374
   -0.346700
   -0.418023
   -0.389247
   -0.552709
   -0.591770
   -0.441447
   -0.129510
   -0.041879
   -0.291018
   -0.550612
   -0.502556
    0.066308
    0.131365
    0.122408
   -0.063395
   -0.228598
   -0.397805
   -0.455807
   -0.414040
   -0.474958
   -0.498596
   -0.145317
   -0.302330
   -0.052981
   -0.365387
   -0.470674
   -0.100199
    0.071465
    0.122527
   -0.053491
   -0.134447
   -0.299175
   -0.389728
   -0.409762
   -0.434176
   -0.480106
   -0.593226
   -0.190760
   -0.294016
   -0.029269
   -0.424354
   -0.531823
   -0.164697
    0.101564
    0.157194
   -0.052652
   -0.153196
   -0.296617
   -0.439553
   -0.427473
   -0.242353
   -0.334785
   -0.376729
   -0.355175
   -0.279658
   -0.481990
   -0.410365
   -0.401405
   -0.147419
   -0.375100
   -0.316591
   -0.198033
    0.001225
    0.116804
    0.101494
   -0.018142
   -0.251003
   -0.262511
   -0.370732
   -0.325164
   -0.327099
   -0.512033
   -0.408411
   -0.398092
   -0.187504
   -0.375604
   -0.307149
   -0.227247
   -0.023342
    0.087728
    0.098903
   -0.027422
   -0.208522
   -0.294958
   -0.377720
   -0.272677
   -0.396820
   -0.408388
   -0.444612
   -0.332934
   -0.149178
   -0.389302
   -0.179836
   -0.167580
    0.070644
    0.100404
    0.056807
   -0.076793
   -0.251292
   -0.264803
   -0.386714
   -0.234866
   -0.519370
   -0.468876
   -0.432778
   -0.344334
   -0.154451
   -0.399603
   -0.173332
   -0.183433
    0.092767
    0.096390
    0.061382
   -0.077433
   -0.189992
   -0.273356
   -0.302961
   -0.240094
   -0.485980
   -0.462864
   -0.454641
   -0.257069
   -0.290747
   -0.237841
   -0.344588
    0.024966
    0.149321
    0.080651
   -0.028904
   -0.187690
   -0.142639
   -0.236997
   -0.256616
   -0.273472
   -0.611502
   -0.526872
   -0.499841
   -0.210972
   -0.268815
   -0.246581
   -0.367908
    0.049048
    0.110882
    0.061569
   -0.039239
   -0.202738
   -0.164761
   -0.282525
   -0.181999
   -0.382274
   -0.534891
   -0.474157
   -0.436771
   -0.176158
   -0.335551
   -0.327430
   -0.135582
    0.080787
    0.097082
   -0.002761
   -0.129335
   -0.273984
   -0.111579
   -0.227068
   -0.133756
   -0.441301
   -0.596961
   -0.503463
   -0.459619
   -0.126032
   -0.346364
   -0.324115
   -0.161054
    0.115600
    0.082281
    0.027338
   -0.121210
   -0.279048
   -0.165171
   -0.243968
   -0.314648
   -0.481511
   -0.539223
   -0.464011
   -0.359245
   -0.080729
   -0.329810
   -0.392513
    0.049014
    0.078472
    0.072601
   -0.053046
   -0.158212
   -0.349014
   -0.127402
   -0.227797
   -0.352320
   -0.554515
   -0.592904
   -0.479120
   -0.328559
   -0.080057
   -0.390598
   -0.361643
    0.061936
    0.090048
    0.071071
   -0.046716
   -0.209846
   -0.350053
   -0.214214
   -0.328806
   -0.418557
   -0.493364
   -0.474203
   -0.372140
   -0.205865
   -0.020832
   -0.393600
   -0.099353
    0.105869
    0.113005
    0.021477
   -0.147937
   -0.277283
   -0.392772
   -0.155055
   -0.313519
   -0.459969
   -0.597292
   -0.578476
   -0.373961
   -0.120730
    0.004942
   -0.412375
   -0.095438
    0.078239
    0.115226
    0.027901
   -0.138916
   -0.330921
   -0.409566
   -0.135957
   -0.326711
   -0.468001
   -0.495419
   -0.431890
   -0.220162
   -0.141221
   -0.185744
   -0.305147
    0.015013
    0.123327
    0.045304
   -0.081238
   -0.238571
   -0.356619
   -0.421602
   -0.084555
   -0.290443
   -0.487113
   -0.573401
   -0.500381
   -0.180613
   -0.062753
   -0.123781
   -0.299321
    0.054046
    0.132029
    0.055182
   -0.073887
   -0.237034
   -0.393444
   -0.448432
   -0.067713
   -0.350360
   -0.461423
   -0.468134
   -0.403821
   -0.175600
   -0.151358
   -0.248007
   -0.039072
    0.064111
    0.113333
   -0.040429
   -0.157638
   -0.325538
   -0.410336
   -0.422972
   -0.038258
   -0.320882
   -0.481603
   -0.520701
   -0.421397
   -0.184541
   -0.127765
   -0.213294
   -0.071795
    0.116468
    0.150216
   -0.039486
   -0.167483
   -0.305036
   -0.438497
   -0.432433
   -0.431226
   -0.424204
   -0.187782
   -0.334931
   -0.394244
   -0.334307
   -0.238122
   -0.451026
   -0.368873
   -0.293397
   -0.201954
   -0.367627
    0.024169
    0.134412
    0.120637
   -0.017823
   -0.422922
   -0.403359
   -0.155264
   -0.273075
   -0.371551
   -0.320511
   -0.293517
   -0.436549
   -0.336796
   -0.311819
   -0.187207
   -0.311483
    0.028379
    0.125109
    0.105181
   -0.027173
   -0.412764
   -0.432686
   -0.138515
   -0.327031
   -0.403235
   -0.216245
   -0.440374
   -0.423535
   -0.399773
   -0.166869
   -0.269052
   -0.144876
    0.055255
    0.111531
    0.042341
   -0.106870
   -0.416299
   -0.442518
   -0.096082
   -0.240679
   -0.354719
   -0.172902
   -0.497590
   -0.425647
   -0.387117
   -0.179997
   -0.270587
   -0.118349
    0.062999
    0.095011
    0.016849
   -0.120503
   -0.407161
   -0.460785
   -0.129953
   -0.331093
   -0.250625
   -0.273663
   -0.489235
   -0.425887
   -0.413874
   -0.096122
   -0.320517
    0.032568
    0.104584
    0.075588
   -0.065356
   -0.225910
   -0.438620
   -0.460622
   -0.067487
   -0.270651
   -0.212747
   -0.314703
   -0.519484
   -0.401222
   -0.411200
   -0.062249
   -0.319655
    0.037302
    0.097556
    0.053643
   -0.091784
   -0.225304
   -0.425389
   -0.426438
   -0.113338
   -0.314978
   -0.176676
   -0.455350
   -0.474763
   -0.428211
   -0.391379
   -0.125935
   -0.096687
    0.046948
    0.118928
    0.037182
   -0.142611
   -0.294064
   -0.447576
   -0.412231
   -0.056021
   -0.265393
   -0.168037
   -0.518427
   -0.499337
   -0.400781
   -0.368678
   -0.093610
   -0.088655
    0.083954
    0.113758
    0.025798
   -0.152433
   -0.289980
   -0.420554
   -0.397547
   -0.095046
   -0.234148
   -0.364910
   -0.466456
   -0.458179
   -0.455275
   -0.269115
   -0.111945
    0.031411
    0.089535
    0.056028
   -0.089151
   -0.229746
   -0.357414
   -0.406643
   -0.375814
   -0.051207
   -0.205916
   -0.356419
   -0.524105
   -0.488061
   -0.463884
   -0.202892
   -0.123944
    0.052555
    0.100910
    0.065560
   -0.088720
   -0.231644
   -0.357387
   -0.409594
   -0.352753
   -0.093277
   -0.292329
   -0.420833
   -0.485725
   -0.464915
   -0.360799
   -0.065180
   -0.043312
    0.048693
    0.105802
   -0.003566
   -0.153735
   -0.277284
   -0.375426
   -0.395386
   -0.319527
   -0.054470
   -0.265527
   -0.448922
   -0.589507
   -0.493074
   -0.335947
   -0.045716
    0.008182
    0.045746
    0.103477
    0.009670
   -0.140963
   -0.278757
   -0.386452
   -0.384731
   -0.285020
   -0.124977
   -0.397415
   -0.447297
   -0.481309
   -0.402528
   -0.178281
    0.014799
    0.025513
    0.125003
    0.027551
   -0.108433
   -0.245567
   -0.343973
   -0.404231
   -0.355870
   -0.232055
   -0.080356
   -0.360282
   -0.522292
   -0.550664
   -0.425691
   -0.081777
    0.042942
    0.005797
    0.137992
    0.018149
   -0.088895
   -0.238636
   -0.339078
   -0.399632
   -0.339371
   -0.187849
   -0.117148
   -0.462793
   -0.473154
   -0.449456
   -0.139264
   -0.193571
    0.024724
    0.087672
    0.084741
   -0.013977
   -0.187809
   -0.312700
   -0.388419
   -0.410993
   -0.311521
   -0.144280
   -0.076729
   -0.425060
   -0.483724
   -0.520684
   -0.106341
   -0.149199
    0.068972
    0.064331
    0.054897
    0.013613
   -0.176639
   -0.306920
   -0.380500
   -0.402310
   -0.478688
   -0.469474
   -0.392871
   -0.369954
   -0.236523
   -0.392609
   -0.436149
   -0.390085
   -0.202993
   -0.347805
   -0.407969
   -0.242830
   -0.022274
    0.118015
    0.098609
   -0.035956
   -0.508134
   -0.504763
   -0.389659
   -0.372081
   -0.224586
   -0.339222
   -0.416175
   -0.411202
   -0.261563
   -0.389397
   -0.399222
   -0.270250
    0.063120
    0.151665
    0.110775
   -0.031594
   -0.478790
   -0.444911
   -0.388765
   -0.353487
   -0.215353
   -0.379709
   -0.410508
   -0.250208
   -0.361083
   -0.343607
   -0.465123
   -0.074313
    0.063881
    0.125322
    0.042735
   -0.117451
   -0.520018
   -0.516833
   -0.406582
   -0.367357
   -0.181633
   -0.350645
   -0.390081
   -0.274949
   -0.461615
   -0.381517
   -0.475952
   -0.095360
    0.078244
    0.119795
    0.037074
   -0.115079
   -0.484781
   -0.439999
   -0.421201
   -0.369605
   -0.187875
   -0.371148
   -0.246373
   -0.291265
   -0.429961
   -0.414727
   -0.358624
    0.061073
    0.089460
    0.086128
   -0.050436
   -0.212825
   -0.529272
   -0.522816
   -0.457960
   -0.367087
   -0.102779
   -0.350967
   -0.238325
   -0.394043
   -0.471137
   -0.415179
   -0.402012
    0.055744
    0.105760
    0.079320
   -0.065793
   -0.215063
   -0.503245
   -0.458048
   -0.446353
   -0.346384
   -0.182955
   -0.284231
   -0.165905
   -0.489887
   -0.437827
   -0.428233
   -0.200489
    0.062950
    0.107455
    0.059969
   -0.119811
   -0.284009
   -0.534334
   -0.498870
   -0.469206
   -0.324221
   -0.138380
   -0.315140
   -0.177461
   -0.542622
   -0.450132
   -0.415793
   -0.167260
    0.077658
    0.110828
    0.038322
   -0.138293
   -0.291687
   -0.501508
   -0.462336
   -0.417337
   -0.242973
   -0.249150
   -0.173390
   -0.407879
   -0.521729
   -0.470522
   -0.399687
    0.051579
    0.099061
    0.062866
   -0.038323
   -0.200551
   -0.339790
   -0.536618
   -0.492211
   -0.412855
   -0.218119
   -0.230830
   -0.201588
   -0.399981
   -0.604366
   -0.453804
   -0.376786
    0.033556
    0.094730
    0.055230
   -0.089930
   -0.232397
   -0.373525
   -0.477477
   -0.447806
   -0.375499
   -0.199195
   -0.257425
   -0.294725
   -0.463209
   -0.484329
   -0.428504
   -0.154159
    0.061638
    0.111994
    0.004003
   -0.138526
   -0.271415
   -0.381132
   -0.538541
   -0.505402
   -0.375282
   -0.173027
   -0.237870
   -0.346402
   -0.572480
   -0.605928
   -0.429911
   -0.101809
    0.048443
    0.142508
    0.007952
   -0.143271
   -0.283301
   -0.398907
   -0.466654
   -0.440775
   -0.338200
   -0.169792
   -0.296616
   -0.422235
   -0.483983
   -0.425152
   -0.276755
    0.047174
    0.110421
    0.062266
   -0.074614
   -0.220951
   -0.342963
   -0.420959
   -0.520734
   -0.482509
   -0.338987
   -0.132712
   -0.291987
   -0.467256
   -0.606799
   -0.467691
   -0.293579
    0.056683
    0.113548
    0.098027
   -0.090833
   -0.241753
   -0.360481
   -0.423794
   -0.481163
   -0.407007
   -0.308163
   -0.112983
   -0.348289
   -0.451367
   -0.468216
   -0.407748
   -0.066408
    0.099897
    0.062586
    0.005974
   -0.154072
   -0.297591
   -0.395319
   -0.433819
   -0.510469
   -0.420013
   -0.299730
   -0.076138
   -0.358638
   -0.443031
   -0.505353
   -0.462011
   -0.031622
    0.112285
    0.051244
    0.053751
   -0.185235
   -0.324664
   -0.405148
   -0.428326
   -0.490143
   -0.489886
   -0.527047
   -0.493524
   -0.456166
   -0.417252
   -0.323719
   -0.442674
   -0.420965
   -0.445307
   -0.263827
   -0.290708
    0.006941
    0.139625
    0.101820
   -0.040486
   -0.573500
   -0.579122
   -0.612170
   -0.577191
   -0.541985
   -0.470392
   -0.376445
   -0.523201
   -0.473772
   -0.534013
   -0.337028
   -0.377303
    0.073402
    0.170536
    0.127555
   -0.025501
   -0.497190
   -0.489903
   -0.522847
   -0.485074
   -0.445156
   -0.379700
   -0.347376
   -0.412141
   -0.498674
   -0.309847
   -0.386126
   -0.167529
    0.122190
    0.154792
    0.039288
   -0.131701
   -0.580961
   -0.581463
   -0.629555
   -0.599489
   -0.555966
   -0.501268
   -0.408845
   -0.422233
   -0.574564
   -0.417361
   -0.449501
   -0.200354
    0.100351
    0.146577
    0.062959
   -0.128920
   -0.477674
   -0.478776
   -0.524731
   -0.489195
   -0.490425
   -0.344003
   -0.311271
   -0.443935
   -0.339694
   -0.364959
   -0.416640
    0.018478
    0.124169
    0.104473
   -0.055508
   -0.235174
   -0.568688
   -0.574182
   -0.641484
   -0.605683
   -0.557277
   -0.380247
   -0.369297
   -0.498522
   -0.446813
   -0.471315
   -0.491991
    0.043875
    0.130124
    0.104357
   -0.061711
   -0.276861
   -0.483320
   -0.507957
   -0.544934
   -0.503352
   -0.492518
   -0.250652
   -0.312630
   -0.375632
   -0.249572
   -0.554004
   -0.211694
    0.080800
    0.107418
    0.061237
   -0.135132
   -0.324470
   -0.568529
   -0.589238
   -0.645582
   -0.595664
   -0.560130
   -0.297092
   -0.378328
   -0.448415
   -0.344293
   -0.621360
   -0.232191
    0.092517
    0.122350
    0.060700
   -0.146034
   -0.357659
   -0.490326
   -0.503885
   -0.541227
   -0.491790
   -0.451893
   -0.192401
   -0.410830
   -0.287718
   -0.480046
   -0.436996
    0.062746
    0.132761
    0.062971
   -0.046781
   -0.213629
   -0.377618
   -0.578548
   -0.598972
   -0.643083
   -0.571670
   -0.469934
   -0.230672
   -0.413912
   -0.351690
   -0.553270
   -0.524858
    0.074513
    0.094720
    0.070436
   -0.093204
   -0.268871
   -0.440472
   -0.508526
   -0.511486
   -0.536633
   -0.473550
   -0.471982
   -0.228711
   -0.350587
   -0.398365
   -0.543382
   -0.140505
    0.110909
    0.096123
   -0.014932
   -0.167532
   -0.311240
   -0.424490
   -0.568766
   -0.605865
   -0.638454
   -0.555899
   -0.475896
   -0.240014
   -0.413663
   -0.504570
   -0.623378
   -0.205658
    0.147158
    0.133981
    0.003200
   -0.177222
   -0.353957
   -0.487387
   -0.498969
   -0.505763
   -0.523829
   -0.442441
   -0.449541
   -0.235502
   -0.393112
   -0.480200
   -0.409290
    0.106299
    0.105421
    0.068488
   -0.094389
   -0.253607
   -0.391164
   -0.468540
   -0.583438
   -0.609828
   -0.627512
   -0.524984
   -0.429441
   -0.249282
   -0.472397
   -0.570450
   -0.499101
    0.111100
    0.138630
    0.086343
   -0.126167
   -0.311762
   -0.463524
   -0.551089
   -0.530286
   -0.525799
   -0.511459
   -0.391992
   -0.333528
   -0.251442
   -0.499010
   -0.515596
   -0.081017
    0.132798
    0.110650
   -0.051591
   -0.190685
   -0.356447
   -0.456742
   -0.496554
   -0.609279
   -0.625498
   -0.604716
   -0.463807
   -0.356436
   -0.252213
   -0.557943
   -0.618648
   -0.127896
    0.142226
    0.127475
   -0.052777
   -0.237633
   -0.401691
   -0.510341
   -0.542780
   -0.414898
   -0.417646
   -0.445832
   -0.459144
   -0.480682
   -0.453239
   -0.371038
   -0.334677
   -0.284570
   -0.414051
   -0.391520
   -0.382474
    0.018274
    0.133658
    0.098224
   -0.027313
   -0.466400
   -0.465786
   -0.496535
   -0.515821
   -0.550825
   -0.512521
   -0.403799
   -0.365750
   -0.321344
   -0.476350
   -0.428940
   -0.434826
    0.055498
    0.148484
    0.111915
   -0.018045
   -0.430733
   -0.440616
   -0.461708
   -0.457866
   -0.440402
   -0.411103
   -0.444277
   -0.288014
   -0.369223
   -0.406875
   -0.380726
   -0.188141
    0.095908
    0.125610
    0.030907
   -0.115129
   -0.468782
   -0.473349
   -0.512079
   -0.524726
   -0.572264
   -0.509122
   -0.490613
   -0.253250
   -0.381353
   -0.442626
   -0.406030
   -0.177223
    0.112994
    0.150225
    0.067705
   -0.111017
   -0.410144
   -0.426823
   -0.438194
   -0.442535
   -0.476702
   -0.439325
   -0.444367
   -0.279628
   -0.337872
   -0.449077
   -0.332103
    0.046756
    0.094778
    0.082992
   -0.056519
   -0.212311
   -0.450305
   -0.466788
   -0.497643
   -0.514415
   -0.577542
   -0.468657
   -0.495063
   -0.270879
   -0.364160
   -0.455993
   -0.364212
    0.067323
    0.134097
    0.104033
   -0.051189
   -0.246226
   -0.424532
   -0.439395
   -0.449372
   -0.464310
   -0.487918
   -0.407477
   -0.412514
   -0.156083
   -0.331853
   -0.445775
   -0.105414
    0.112467
    0.068662
    0.029879
   -0.141709
   -0.298130
   -0.461779
   -0.490608
   -0.505041
   -0.528092
   -0.556822
   -0.459114
   -0.469069
   -0.176192
   -0.390472
   -0.458372
   -0.087732
    0.104565
    0.123867
    0.062267
   -0.123483
   -0.321819
   -0.424524
   -0.435811
   -0.448415
   -0.467932
   -0.467172
   -0.424363
   -0.398080
   -0.155641
   -0.399002
   -0.185258
    0.040894
    0.146621
    0.052278
   -0.049051
   -0.186039
   -0.327074
   -0.465543
   -0.487260
   -0.510247
   -0.531722
   -0.493999
   -0.445829
   -0.398184
   -0.139101
   -0.414569
   -0.258971
    0.036540
    0.113981
    0.062469
   -0.080774
   -0.234716
   -0.375555
   -0.422701
   -0.441301
   -0.461169
   -0.473374
   -0.475090
   -0.435649
   -0.308283
   -0.258353
   -0.309524
   -0.061598
    0.104247
    0.100454
   -0.016363
   -0.155259
   -0.277316
   -0.381723
   -0.456760
   -0.471938
   -0.514282
   -0.550746
   -0.539721
   -0.429934
   -0.289793
   -0.236241
   -0.350954
   -0.103983
    0.138034
    0.087767
    0.006087
   -0.151601
   -0.306511
   -0.420116
   -0.420649
   -0.437495
   -0.459710
   -0.473062
   -0.487415
   -0.422864
   -0.254309
   -0.300723
   -0.220842
    0.061501
    0.089426
    0.035623
   -0.087926
   -0.231047
   -0.357733
   -0.431990
   -0.466981
   -0.478970
   -0.524715
   -0.555281
   -0.525490
   -0.413194
   -0.202588
   -0.302446
   -0.290082
    0.062019
    0.130057
    0.020305
   -0.109830
   -0.276291
   -0.413821
   -0.486939
   -0.436366
   -0.467081
   -0.473850
   -0.479187
   -0.436972
   -0.361403
   -0.147273
   -0.350234
   -0.073507
    0.125544
    0.091382
   -0.079989
   -0.168922
   -0.321593
   -0.417694
   -0.454283
   -0.489905
   -0.521017
   -0.543144
   -0.551074
   -0.463483
   -0.358344
   -0.143678
   -0.411203
   -0.087981
    0.122415
    0.095706
   -0.065653
   -0.207602
   -0.359909
   -0.459930
   -0.489344
