   -0.431738
   -0.432543
   -0.432349
   -0.432766
   -0.432360
   -0.432944
   -0.432391
   -0.432460
   -0.431104
   -0.431361
   -0.431127
   -0.431337
   -0.431155
   -0.431314
   -0.431168
   -0.431293
   -0.483876
   -0.483362
   -0.483925
   -0.483993
   -0.484125
   -0.483814
   -0.483881
   -0.484060
   -0.485727
   -0.485750
   -0.485721
   -0.485773
   -0.485696
   -0.485793
   -0.485471
   -0.485172
   -0.442444
   -0.443577
   -0.443431
   -0.443812
   -0.443443
   -0.443780
   -0.443472
   -0.443742
   -0.443769
   -0.443994
   -0.443782
   -0.443974
   -0.443804
   -0.443956
   -0.443385
   -0.443514
   -0.467544
   -0.467467
   -0.467348
   -0.466820
   -0.466695
   -0.466637
   -0.466667
   -0.466666
   -0.467620
   -0.467700
   -0.467637
   -0.467719
   -0.467616
   -0.467735
   -0.467396
   -0.467326
   -0.451579
   -0.452937
   -0.453046
   -0.453374
   -0.452631
   -0.452707
   -0.452442
   -0.452888
   -0.452515
   -0.452716
   -0.452536
   -0.452699
   -0.452554
   -0.452686
   -0.452559
   -0.452671
   -0.480265
   -0.480438
   -0.480479
   -0.480427
   -0.480467
   -0.480885
   -0.480443
   -0.480257
   -0.481304
   -0.481384
   -0.481291
   -0.481400
   -0.481273
   -0.481413
   -0.481053
   -0.481217
   -0.439366
   -0.439775
   -0.439522
   -0.439588
   -0.439320
   -0.439560
   -0.439337
   -0.439751
   -0.438965
   -0.439126
   -0.438976
   -0.439114
   -0.438990
   -0.439103
   -0.438995
   -0.439089
   -0.487401
   -0.487559
   -0.487980
   -0.487989
   -0.487972
   -0.487586
   -0.487532
   -0.488025
   -0.489226
   -0.489338
   -0.489216
   -0.489348
   -0.489205
   -0.489357
   -0.488773
   -0.488728
   -0.432682
   -0.432668
   -0.431813
   -0.431611
   -0.431822
   -0.432874
   -0.432472
   -0.432411
   -0.431149
   -0.431292
   -0.431167
   -0.431283
   -0.431175
   -0.431277
   -0.431179
   -0.431271
   -0.484023
   -0.484095
   -0.484031
   -0.484517
   -0.484025
   -0.483887
   -0.483800
   -0.484110
   -0.485683
   -0.485818
   -0.485683
   -0.485825
   -0.485677
   -0.485830
   -0.485461
   -0.485192
   -0.443523
   -0.443716
   -0.443531
   -0.443722
   -0.443533
   -0.443716
   -0.443543
   -0.443702
   -0.443803
   -0.443936
   -0.443810
   -0.443931
   -0.443814
   -0.443928
   -0.443387
   -0.443504
   -0.466443
   -0.466577
   -0.466482
   -0.466570
   -0.466483
   -0.466572
   -0.466477
   -0.466583
   -0.467625
   -0.467748
   -0.467619
   -0.467751
   -0.467618
   -0.467750
   -0.467408
   -0.467320
   -0.452599
   -0.452885
   -0.452434
   -0.452437
   -0.452508
   -0.452668
   -0.452432
   -0.452891
   -0.452615
   -0.452755
   -0.452619
   -0.452755
   -0.452617
   -0.452758
   -0.452612
   -0.452766
   -0.480818
   -0.481002
   -0.480597
   -0.480540
   -0.480679
   -0.480762
   -0.480603
   -0.480997
   -0.480856
   -0.480967
   -0.480852
   -0.480966
   -0.480855
   -0.480962
   -0.480862
   -0.480952
   -0.439676
   -0.439949
   -0.439511
   -0.439501
   -0.439582
   -0.439737
   -0.439502
   -0.439965
   -0.439681
   -0.439829
   -0.439682
   -0.439833
   -0.439676
   -0.439840
   -0.439666
   -0.439853
   -0.487522
   -0.487726
   -0.487303
   -0.487263
   -0.487465
   -0.487556
   -0.487316
   -0.487712
   -0.487552
   -0.487660
   -0.487551
   -0.487657
   -0.487558
   -0.487647
   -0.487570
   -0.487632
   -0.482961
   -0.482436
   -0.482486
   -0.482380
   -0.482455
   -0.482330
   -0.482427
   -0.482100
   -0.469245
   -0.469564
   -0.469424
   -0.469587
   -0.469425
   -0.469574
   -0.469435
   -0.469575
   -0.560458
   -0.561080
   -0.560514
   -0.560813
   -0.560465
   -0.560864
   -0.560575
   -0.560531
   -0.556198
   -0.556568
   -0.556445
   -0.556544
   -0.556447
   -0.556553
   -0.556521
   -0.556794
   -0.479467
   -0.478674
   -0.478778
   -0.478640
   -0.478744
   -0.478673
   -0.478712
   -0.478714
   -0.479025
   -0.479113
   -0.478989
   -0.479140
   -0.478983
   -0.479135
   -0.479149
   -0.479298
   -0.554958
   -0.555613
   -0.555277
   -0.555829
   -0.555552
   -0.555878
   -0.555583
   -0.555625
   -0.551213
   -0.551419
   -0.551282
   -0.551395
   -0.551287
   -0.551400
   -0.551362
   -0.551560
   -0.484153
   -0.483137
   -0.483136
   -0.483002
   -0.483264
   -0.483276
   -0.483313
   -0.483234
   -0.483695
   -0.483985
   -0.483876
   -0.484007
   -0.483872
   -0.484002
   -0.483877
   -0.484002
   -0.560843
   -0.561176
   -0.560788
   -0.561155
   -0.560818
   -0.560963
   -0.560846
   -0.560743
   -0.556025
   -0.556202
   -0.556051
   -0.556184
   -0.556053
   -0.556190
   -0.556127
   -0.556273
   -0.478571
   -0.478309
   -0.478419
   -0.478424
   -0.478475
   -0.478451
   -0.478452
   -0.478399
   -0.478797
   -0.478876
   -0.478776
   -0.478890
   -0.478775
   -0.478882
   -0.478783
   -0.478878
   -0.556915
   -0.557284
   -0.556833
   -0.557131
   -0.556850
   -0.557273
   -0.557027
   -0.556876
   -0.556664
   -0.556845
   -0.556680
   -0.556835
   -0.556678
   -0.556845
   -0.556829
   -0.557094
   -0.482574
   -0.482421
   -0.482677
   -0.482830
   -0.482664
   -0.482358
   -0.482412
   -0.482109
   -0.469272
   -0.469553
   -0.469474
   -0.469560
   -0.469476
   -0.469550
   -0.469488
   -0.469539
   -0.560506
   -0.560741
   -0.560507
   -0.560577
   -0.560513
   -0.560813
   -0.560602
   -0.560508
   -0.556181
   -0.556573
   -0.556398
   -0.556571
   -0.556394
   -0.556582
   -0.556461
   -0.556838
   -0.478658
   -0.478739
   -0.478679
   -0.478737
   -0.478678
   -0.478739
   -0.478673
   -0.478745
   -0.479036
   -0.479113
   -0.479034
   -0.479111
   -0.479040
   -0.479100
   -0.479216
   -0.479245
   -0.555298
   -0.555493
   -0.555324
   -0.555499
   -0.555320
   -0.555503
   -0.555320
   -0.555501
   -0.551239
   -0.551418
   -0.551238
   -0.551421
   -0.551231
   -0.551434
   -0.551297
   -0.551610
   -0.483940
   -0.484036
   -0.483972
   -0.484080
   -0.483969
   -0.484048
   -0.483980
   -0.484019
   -0.483909
   -0.483976
   -0.483912
   -0.483971
   -0.483919
   -0.483960
   -0.483933
   -0.483943
   -0.560753
   -0.560891
   -0.560765
   -0.560954
   -0.560747
   -0.560936
   -0.560752
   -0.560912
   -0.560603
   -0.560808
   -0.560597
   -0.560815
   -0.560590
   -0.560827
   -0.560574
   -0.560845
   -0.478594
   -0.478678
   -0.478629
   -0.478719
   -0.478630
   -0.478685
   -0.478642
   -0.478654
   -0.478574
   -0.478609
   -0.478582
   -0.478600
   -0.478590
   -0.478586
   -0.478608
   -0.478566
   -0.556478
   -0.556624
   -0.556485
   -0.556691
   -0.556453
   -0.556668
   -0.556465
   -0.556655
   -0.556371
   -0.556613
   -0.556360
   -0.556624
   -0.556351
   -0.556640
   -0.556329
   -0.556664
   -0.412082
   -0.410870
   -0.410441
   -0.410271
   -0.410435
   -0.409716
   -0.410416
   -0.411068
   -0.409823
   -0.409668
   -0.409734
   -0.409677
   -0.409728
   -0.409684
   -0.409727
   -0.409702
   -0.438148
   -0.439221
   -0.438021
   -0.437486
   -0.437444
   -0.438043
   -0.438045
   -0.437516
   -0.425523
   -0.425409
   -0.425450
   -0.425400
   -0.425456
   -0.425394
   -0.426041
   -0.427129
   -0.424624
   -0.422481
   -0.421981
   -0.421840
   -0.421975
   -0.421867
   -0.421954
   -0.421893
   -0.418297
   -0.418252
   -0.418287
   -0.418265
   -0.418277
   -0.418275
   -0.419440
   -0.419459
   -0.432374
   -0.432301
   -0.432863
   -0.434063
   -0.434621
   -0.434620
   -0.434641
   -0.434674
   -0.424673
   -0.424502
   -0.424585
   -0.424488
   -0.424597
   -0.424476
   -0.425188
   -0.425621
   -0.424173
   -0.421317
   -0.420259
   -0.420140
   -0.421416
   -0.421918
   -0.421977
   -0.421363
   -0.421762
   -0.421680
   -0.421668
   -0.421696
   -0.421653
   -0.421712
   -0.421642
   -0.421737
   -0.433348
   -0.432744
   -0.432764
   -0.432758
   -0.432773
   -0.431559
   -0.432795
   -0.433445
   -0.426074
   -0.425955
   -0.426088
   -0.425940
   -0.426103
   -0.425924
   -0.426700
   -0.426480
   -0.418813
   -0.418391
   -0.418402
   -0.418915
   -0.418974
   -0.418948
   -0.418955
   -0.418386
   -0.419997
   -0.420045
   -0.419982
   -0.420062
   -0.419965
   -0.420080
   -0.419948
   -0.420110
   -0.441182
   -0.440726
   -0.439571
   -0.439522
   -0.439580
   -0.440660
   -0.440764
   -0.439550
   -0.430294
   -0.430124
   -0.430309
   -0.430110
   -0.430325
   -0.430092
   -0.431511
   -0.431814
   -0.409699
   -0.410313
   -0.412115
   -0.413227
   -0.412100
   -0.409753
   -0.410330
   -0.411110
   -0.409738
   -0.409740
   -0.409642
   -0.409755
   -0.409625
   -0.409774
   -0.409605
   -0.409799
   -0.437507
   -0.437450
   -0.437503
   -0.436280
   -0.437516
   -0.438010
   -0.438124
   -0.437476
   -0.425601
   -0.425342
   -0.425535
   -0.425330
   -0.425549
   -0.425315
   -0.426151
   -0.427045
   -0.421967
   -0.421872
   -0.421921
   -0.421874
   -0.421913
   -0.421889
   -0.421889
   -0.421920
   -0.418234
   -0.418303
   -0.418220
   -0.418313
   -0.418209
   -0.418327
   -0.419361
   -0.419510
   -0.435212
   -0.435046
   -0.435107
   -0.435046
   -0.435112
   -0.435036
   -0.435133
   -0.435007
   -0.424626
   -0.424465
   -0.424635
   -0.424460
   -0.424643
   -0.424449
   -0.425239
   -0.425601
   -0.421525
   -0.421060
   -0.421962
   -0.422341
   -0.421739
   -0.421712
   -0.421933
   -0.421098
   -0.421432
   -0.421487
   -0.421423
   -0.421492
   -0.421415
   -0.421503
   -0.421403
   -0.421516
   -0.431634
   -0.431370
   -0.432270
   -0.432644
   -0.432059
   -0.431999
   -0.432293
   -0.431327
   -0.431613
   -0.431454
   -0.431620
   -0.431452
   -0.431626
   -0.431442
   -0.431637
   -0.431430
   -0.418107
   -0.417652
   -0.418542
   -0.418933
   -0.418319
   -0.418304
   -0.418511
   -0.417695
   -0.418007
   -0.418086
   -0.417998
   -0.418089
   -0.417992
   -0.418101
   -0.417978
   -0.418114
   -0.440811
   -0.440538
   -0.441448
   -0.441814
   -0.441022
   -0.440956
   -0.441472
   -0.440491
   -0.440837
   -0.440655
   -0.440845
   -0.440654
   -0.440850
   -0.440643
   -0.440862
   -0.440632
   -0.399688
   -0.400481
   -0.401356
   -0.400893
   -0.401338
   -0.401303
   -0.401301
   -0.401751
   -0.402625
   -0.401788
   -0.401998
   -0.401829
   -0.401965
   -0.401854
   -0.401953
   -0.401854
   -0.417782
   -0.417194
   -0.417756
   -0.418310
   -0.418149
   -0.417905
   -0.417800
   -0.418834
   -0.410750
   -0.410180
   -0.410207
   -0.410144
   -0.410237
   -0.410121
   -0.409866
   -0.408980
   -0.413213
   -0.415009
   -0.415753
   -0.415374
   -0.415743
   -0.415395
   -0.415715
   -0.415426
   -0.410143
   -0.409909
   -0.410107
   -0.409944
   -0.410078
   -0.409968
   -0.409305
   -0.409210
   -0.414082
   -0.413642
   -0.413151
   -0.412487
   -0.412013
   -0.412091
   -0.412035
   -0.412650
   -0.404279
   -0.404194
   -0.404236
   -0.404164
   -0.404261
   -0.404144
   -0.403892
   -0.403380
   -0.413668
   -0.416383
   -0.417469
   -0.417158
   -0.416704
   -0.416032
   -0.416302
   -0.416436
   -0.415116
   -0.414334
   -0.414503
   -0.414365
   -0.414477
   -0.414388
   -0.414462
   -0.414395
   -0.411792
   -0.412240
   -0.412195
   -0.412228
   -0.412199
   -0.412976
   -0.412218
   -0.412982
   -0.410316
   -0.410254
   -0.410346
   -0.410224
   -0.410372
   -0.410200
   -0.410009
   -0.409809
   -0.410733
   -0.410948
   -0.411185
   -0.410546
   -0.410797
   -0.410561
   -0.410776
   -0.410963
   -0.409410
   -0.409268
   -0.409378
   -0.409299
   -0.409350
   -0.409327
   -0.409328
   -0.409344
   -0.421678
   -0.421665
   -0.422390
   -0.422375
   -0.422397
   -0.421602
   -0.421653
   -0.422927
   -0.414599
   -0.414479
   -0.414628
   -0.414450
   -0.414656
   -0.414422
   -0.413919
   -0.413261
   -0.400969
   -0.400930
   -0.400008
   -0.399045
   -0.399997
   -0.401341
   -0.401121
   -0.401770
   -0.402441
   -0.401779
   -0.401828
   -0.401809
   -0.401799
   -0.401840
   -0.401771
   -0.401865
   -0.418324
   -0.418287
   -0.418344
   -0.419032
   -0.418355
   -0.417878
   -0.417988
   -0.418824
   -0.410937
   -0.410185
   -0.410382
   -0.410157
   -0.410409
   -0.410127
   -0.410057
   -0.408960
   -0.415613
   -0.415389
   -0.415554
   -0.415407
   -0.415542
   -0.415418
   -0.415529
   -0.415437
   -0.409954
   -0.409908
   -0.409929
   -0.409936
   -0.409901
   -0.409966
   -0.409109
   -0.409236
   -0.412991
   -0.412853
   -0.412939
   -0.412835
   -0.412952
   -0.412825
   -0.412964
   -0.412807
   -0.404393
   -0.404195
   -0.404416
   -0.404170
   -0.404442
   -0.404140
   -0.404094
   -0.403346
   -0.414337
   -0.414328
   -0.414149
   -0.413866
   -0.414215
   -0.414119
   -0.414121
   -0.414384
   -0.414427
   -0.414415
   -0.414403
   -0.414442
   -0.414376
   -0.414473
   -0.414340
   -0.414510
   -0.413062
   -0.413032
   -0.412842
   -0.412530
   -0.412939
   -0.412762
   -0.412868
   -0.412985
   -0.413491
   -0.413243
   -0.413512
   -0.413220
   -0.413536
   -0.413190
   -0.413571
   -0.413154
   -0.410358
   -0.410406
   -0.410169
   -0.409945
   -0.410234
   -0.410195
   -0.410143
   -0.410460
   -0.410446
   -0.410489
   -0.410424
   -0.410514
   -0.410399
   -0.410545
   -0.410361
   -0.410585
   -0.423418
   -0.423351
   -0.423202
   -0.422846
   -0.423382
   -0.423160
   -0.423229
   -0.423300
   -0.423679
   -0.423382
   -0.423700
   -0.423358
   -0.423724
   -0.423330
   -0.423761
   -0.423289
   -0.422630
   -0.431935
   -0.435536
   -0.436269
   -0.435611
   -0.440595
   -0.435690
   -0.430932
   -0.431596
   -0.432221
   -0.432038
   -0.432168
   -0.432080
   -0.432146
   -0.432087
   -0.432128
   -0.447754
   -0.438488
   -0.447985
   -0.451766
   -0.452318
   -0.447437
   -0.447839
   -0.451550
   -0.466532
   -0.466751
   -0.466854
   -0.466802
   -0.466813
   -0.466824
   -0.462401
   -0.453630
   -0.419286
   -0.436618
   -0.440474
   -0.441113
   -0.440540
   -0.441042
   -0.440609
   -0.440962
   -0.432094
   -0.432313
   -0.432147
   -0.432266
   -0.432186
   -0.432244
   -0.423387
   -0.423418
   -0.466832
   -0.466566
   -0.462755
   -0.453409
   -0.449478
   -0.449073
   -0.449414
   -0.448767
   -0.452514
   -0.452683
   -0.452762
   -0.452729
   -0.452723
   -0.452753
   -0.448307
   -0.443963
   -0.418425
   -0.440318
   -0.448540
   -0.449076
   -0.439790
   -0.435800
   -0.435445
   -0.440136
   -0.436312
   -0.436866
   -0.436736
   -0.436826
   -0.436770
   -0.436805
   -0.436781
   -0.436787
   -0.449696
   -0.453590
   -0.454059
   -0.453636
   -0.454004
   -0.462505
   -0.453949
   -0.448594
   -0.466636
   -0.466548
   -0.466599
   -0.466582
   -0.466569
   -0.466602
   -0.462155
   -0.462214
   -0.431873
   -0.436101
   -0.435799
   -0.431807
   -0.431445
   -0.431751
   -0.431495
   -0.436099
   -0.423142
   -0.423260
   -0.423171
   -0.423234
   -0.423193
   -0.423221
   -0.423198
   -0.423210
   -0.450373
   -0.453981
   -0.463272
   -0.462977
   -0.463224
   -0.454224
   -0.454368
   -0.462703
   -0.462435
   -0.462416
   -0.462413
   -0.462434
   -0.462398
   -0.462442
   -0.453589
   -0.449235
   -0.440518
   -0.436106
   -0.422553
   -0.414048
   -0.422600
   -0.440418
   -0.435859
   -0.430801
   -0.431719
   -0.432148
   -0.432115
   -0.432137
   -0.432122
   -0.432136
   -0.432118
   -0.432135
   -0.452191
   -0.451939
   -0.452160
   -0.460785
   -0.452114
   -0.447625
   -0.447665
   -0.451694
   -0.466397
   -0.466835
   -0.466768
   -0.466840
   -0.466767
   -0.466837
   -0.462371
   -0.453621
   -0.440538
   -0.440926
   -0.440713
   -0.440894
   -0.440754
   -0.440846
   -0.440791
   -0.440809
   -0.432239
   -0.432222
   -0.432240
   -0.432225
   -0.432234
   -0.432233
   -0.423412
   -0.423435
   -0.447586
   -0.447790
   -0.447866
   -0.447817
   -0.447830
   -0.447861
   -0.447798
   -0.447891
   -0.452661
   -0.452780
   -0.452668
   -0.452769
   -0.452681
   -0.452755
   -0.448295
   -0.443929
   -0.437251
   -0.438500
   -0.436091
   -0.434976
   -0.436712
   -0.436684
   -0.436154
   -0.438416
   -0.437430
   -0.437352
   -0.437416
   -0.437369
   -0.437397
   -0.437388
   -0.437374
   -0.437409
   -0.462661
   -0.463246
   -0.460896
   -0.459774
   -0.461450
   -0.461560
   -0.460842
   -0.463334
   -0.462684
   -0.462856
   -0.462701
   -0.462836
   -0.462722
   -0.462816
   -0.462745
   -0.462794
   -0.436922
   -0.438092
   -0.435760
   -0.434570
   -0.436380
   -0.436279
   -0.435818
   -0.438016
   -0.437088
   -0.436956
   -0.437068
   -0.436978
   -0.437045
   -0.436999
   -0.437022
   -0.437021
   -0.453719
   -0.454337
   -0.451953
   -0.450865
   -0.453090
   -0.453237
   -0.451896
   -0.454428
   -0.453671
   -0.453882
   -0.453688
   -0.453861
   -0.453709
   -0.453843
   -0.453730
   -0.453822
   -0.437759
   -0.434271
   -0.434501
   -0.434659
   -0.434495
   -0.435044
   -0.434480
   -0.425486
   -0.433506
   -0.438100
   -0.437919
   -0.438085
   -0.437941
   -0.438050
   -0.437971
   -0.438039
   -0.456631
   -0.455986
   -0.456756
   -0.457122
   -0.457139
   -0.456740
   -0.456770
   -0.452708
   -0.455257
   -0.459629
   -0.459650
   -0.459645
   -0.459628
   -0.459679
   -0.459217
   -0.458552
   -0.439831
   -0.436915
   -0.437199
   -0.437366
   -0.437196
   -0.437366
   -0.437187
   -0.437372
   -0.437113
   -0.437293
   -0.437125
   -0.437277
   -0.437146
   -0.437245
   -0.436414
   -0.436470
   -0.467740
   -0.472103
   -0.471754
   -0.470960
   -0.470612
   -0.470582
   -0.470618
   -0.466176
   -0.467324
   -0.467437
   -0.467441
   -0.467453
   -0.467421
   -0.467482
   -0.467013
   -0.466735
   -0.431126
   -0.424407
   -0.424993
   -0.425167
   -0.424233
   -0.424021
   -0.423849
   -0.424400
   -0.432667
   -0.437221
   -0.437088
   -0.437203
   -0.437108
   -0.437175
   -0.437134
   -0.437160
   -0.466445
   -0.466768
   -0.466810
   -0.466774
   -0.466804
   -0.467543
   -0.466803
   -0.457598
   -0.459629
   -0.459643
   -0.459609
   -0.459663
   -0.459588
   -0.459691
   -0.459181
   -0.459326
   -0.432775
   -0.433137
   -0.433034
   -0.432815
   -0.432661
   -0.432806
   -0.432662
   -0.433180
   -0.436321
   -0.436426
   -0.436343
   -0.436406
   -0.436363
   -0.436380
   -0.436387
   -0.436365
   -0.465136
   -0.469640
   -0.470466
   -0.470473
   -0.470459
   -0.469720
   -0.469698
   -0.466085
   -0.458586
   -0.458656
   -0.458564
   -0.458675
   -0.458545
   -0.458700
   -0.457761
   -0.457572
   -0.439360
   -0.434705
   -0.433448
   -0.432797
   -0.433455
   -0.435072
   -0.434595
   -0.425497
   -0.433653
   -0.438109
   -0.438078
   -0.438091
   -0.438094
   -0.438068
   -0.438115
   -0.438056
   -0.457019
   -0.457064
   -0.457005
   -0.457832
   -0.456996
   -0.456699
   -0.456617
   -0.452680
   -0.455101
   -0.459629
   -0.459483
   -0.459648
   -0.459467
   -0.459669
   -0.459067
   -0.458539
   -0.437259
   -0.437415
   -0.437341
   -0.437405
   -0.437351
   -0.437397
   -0.437349
   -0.437391
   -0.437279
   -0.437283
   -0.437303
   -0.437263
   -0.437320
   -0.437242
   -0.436578
   -0.436470
   -0.465755
   -0.465931
   -0.465866
   -0.465944
   -0.465853
   -0.465955
   -0.465852
   -0.465964
   -0.467287
   -0.467450
   -0.467258
   -0.467473
   -0.467239
   -0.467496
   -0.466839
   -0.466747
   -0.437309
   -0.436634
   -0.438089
   -0.438902
   -0.437723
   -0.437748
   -0.438106
   -0.436594
   -0.436866
   -0.436818
   -0.436900
   -0.436792
   -0.436921
   -0.436767
   -0.436941
   -0.436755
   -0.467564
   -0.467249
   -0.468686
   -0.469547
   -0.468290
   -0.468419
   -0.468666
   -0.467293
   -0.466444
   -0.466664
   -0.466405
   -0.466694
   -0.466382
   -0.466720
   -0.466361
   -0.466733
   -0.437690
   -0.436992
   -0.438470
   -0.439259
   -0.438105
   -0.438105
   -0.438489
   -0.436947
   -0.437258
   -0.437163
   -0.437301
   -0.437131
   -0.437325
   -0.437104
   -0.437346
   -0.437090
   -0.456540
   -0.456232
   -0.457660
   -0.458532
   -0.456883
   -0.457024
   -0.457639
   -0.456282
   -0.455926
   -0.456179
   -0.455878
   -0.456214
   -0.455851
   -0.456245
   -0.455827
   -0.456261
   -0.431948
   -0.430157
   -0.429796
   -0.429590
   -0.429771
   -0.429043
   -0.429739
   -0.429473
   -0.430364
   -0.430712
   -0.430726
   -0.430722
   -0.430725
   -0.430713
   -0.430736
   -0.430713
   -0.457126
   -0.457561
   -0.456262
   -0.455797
   -0.455699
   -0.456348
   -0.456307
   -0.455369
   -0.444546
   -0.444897
   -0.444943
   -0.444889
   -0.444943
   -0.444898
   -0.445515
   -0.446643
   -0.428715
   -0.430589
   -0.429747
   -0.429575
   -0.429725
   -0.429606
   -0.429704
   -0.429619
   -0.430701
   -0.430662
   -0.430685
   -0.430671
   -0.430683
   -0.430665
   -0.431854
   -0.431839
   -0.446167
   -0.446677
   -0.447136
   -0.448412
   -0.448906
   -0.448967
   -0.448924
   -0.448576
   -0.457250
   -0.456355
   -0.456380
   -0.456348
   -0.456381
   -0.456353
   -0.456959
   -0.457514
   -0.432134
   -0.428270
   -0.427285
   -0.427122
   -0.428429
   -0.428901
   -0.428994
   -0.428331
   -0.429662
   -0.430005
   -0.430029
   -0.430013
   -0.430027
   -0.430009
   -0.430030
   -0.430018
   -0.448307
   -0.447860
   -0.447722
   -0.447838
   -0.447745
   -0.446648
   -0.447761
   -0.447624
   -0.445035
   -0.445034
   -0.445047
   -0.445027
   -0.445048
   -0.445032
   -0.445627
   -0.445608
   -0.426142
   -0.430149
   -0.429899
   -0.430313
   -0.430457
   -0.430337
   -0.430437
   -0.429773
   -0.431937
   -0.431893
   -0.431926
   -0.431899
   -0.431927
   -0.431892
   -0.431932
   -0.431901
   -0.443652
   -0.448796
   -0.447070
   -0.447165
   -0.447095
   -0.448305
   -0.448281
   -0.446744
   -0.445553
   -0.445537
   -0.445560
   -0.445535
   -0.445556
   -0.445545
   -0.446712
   -0.447288
   -0.429552
   -0.429575
   -0.431495
   -0.432510
   -0.431472
   -0.429044
   -0.429702
   -0.429464
   -0.430321
   -0.430670
   -0.430695
   -0.430671
   -0.430700
   -0.430662
   -0.430709
   -0.430672
   -0.455715
   -0.455808
   -0.455722
   -0.454632
   -0.455744
   -0.456348
   -0.456339
   -0.455373
   -0.444593
   -0.444935
   -0.444977
   -0.444937
   -0.444968
   -0.444949
   -0.445539
   -0.446689
   -0.430146
   -0.429567
   -0.429699
   -0.429577
   -0.429675
   -0.429613
   -0.429665
   -0.429623
   -0.430645
   -0.430632
   -0.430646
   -0.430626
   -0.430657
   -0.430612
   -0.431835
   -0.431787
   -0.458149
   -0.457299
   -0.457265
   -0.457293
   -0.457286
   -0.457261
   -0.457292
   -0.457254
   -0.456435
   -0.456373
   -0.456429
   -0.456385
   -0.456412
   -0.456403
   -0.456979
   -0.457566
   -0.425704
   -0.416831
   -0.434516
   -0.443260
   -0.430091
   -0.430079
   -0.434490
   -0.416874
   -0.425568
   -0.425586
   -0.425577
   -0.425571
   -0.425595
   -0.425551
   -0.425613
   -0.425555
   -0.446545
   -0.442122
   -0.459751
   -0.468545
   -0.455366
   -0.455302
   -0.459774
   -0.442085
   -0.446488
   -0.446405
   -0.446475
   -0.446424
   -0.446453
   -0.446447
   -0.446432
   -0.446445
   -0.425826
   -0.417002
   -0.434641
   -0.443429
   -0.430217
   -0.430247
   -0.434617
   -0.417040
   -0.425698
   -0.425749
   -0.425713
   -0.425727
   -0.425736
   -0.425705
   -0.425756
   -0.425708
   -0.442657
   -0.438200
   -0.455862
   -0.464624
   -0.447073
   -0.446976
   -0.455886
   -0.438163
   -0.442660
   -0.442545
   -0.442643
   -0.442569
   -0.442617
   -0.442593
   -0.442597
   -0.442589
   -0.430302
   -0.431271
   -0.430710
   -0.431121
   -0.430774
   -0.430982
   -0.430846
   -0.432237
   -0.431036
   -0.430514
   -0.430470
   -0.430502
   -0.430492
   -0.430479
   -0.430504
   -0.430470
   -0.456337
   -0.455810
   -0.456141
   -0.455629
   -0.456004
   -0.455760
   -0.456021
   -0.456327
   -0.446541
   -0.445826
   -0.445940
   -0.445838
   -0.445919
   -0.445859
   -0.445989
   -0.446107
   -0.425696
   -0.431117
   -0.430636
   -0.430915
   -0.430683
   -0.430873
   -0.430737
   -0.430819
   -0.430636
   -0.430657
   -0.430650
   -0.430647
   -0.430668
   -0.430629
   -0.430837
   -0.430785
   -0.445147
   -0.444174
   -0.444606
   -0.444459
   -0.444806
   -0.444576
   -0.444759
   -0.445205
   -0.454372
   -0.454142
   -0.454219
   -0.454152
   -0.454203
   -0.454169
   -0.454274
   -0.454335
   -0.431562
   -0.432570
   -0.432193
   -0.432374
   -0.432389
   -0.432586
   -0.432508
   -0.432469
   -0.431379
   -0.430795
   -0.430806
   -0.430787
   -0.430820
   -0.430773
   -0.430826
   -0.430771
   -0.445360
   -0.445014
   -0.445259
   -0.445041
   -0.445230
   -0.444907
   -0.445195
   -0.446343
   -0.445826
   -0.445757
   -0.445815
   -0.445766
   -0.445801
   -0.445779
   -0.445875
   -0.445861
   -0.426697
   -0.431535
   -0.431342
   -0.431525
   -0.431446
   -0.431503
   -0.431474
   -0.431402
   -0.431067
   -0.431051
   -0.431076
   -0.431043
   -0.431087
   -0.431034
   -0.431091
   -0.431036
   -0.440929
   -0.444918
   -0.444879
   -0.444705
   -0.444859
   -0.444884
   -0.444995
   -0.445323
   -0.446080
   -0.446010
   -0.446070
   -0.446020
   -0.446058
   -0.446028
   -0.446214
   -0.446267
   -0.430182
   -0.430925
   -0.431088
   -0.431315
   -0.431103
   -0.430821
   -0.430882
   -0.432133
   -0.431025
   -0.430431
   -0.430449
   -0.430422
   -0.430459
   -0.430418
   -0.430459
   -0.430426
   -0.456014
   -0.455886
   -0.456021
   -0.455734
   -0.456012
   -0.455979
   -0.456075
   -0.456492
   -0.446566
   -0.445894
   -0.445975
   -0.445904
   -0.445965
   -0.445905
   -0.446048
   -0.446137
   -0.430734
   -0.430676
   -0.430649
   -0.430675
   -0.430648
   -0.430679
   -0.430660
   -0.430675
   -0.430591
   -0.430611
   -0.430594
   -0.430603
   -0.430601
   -0.430604
   -0.430756
   -0.430778
   -0.454762
   -0.454544
   -0.454640
   -0.454541
   -0.454645
   -0.454533
   -0.454637
   -0.454533
   -0.454291
   -0.454173
   -0.454288
   -0.454183
   -0.454280
   -0.454181
   -0.454367
   -0.454329
   -0.426058
   -0.425278
   -0.426797
   -0.427570
   -0.426405
   -0.426442
   -0.426787
   -0.425309
   -0.430337
   -0.430405
   -0.430335
   -0.430397
   -0.430341
   -0.430404
   -0.430331
   -0.430421
   -0.444767
   -0.444317
   -0.445932
   -0.446588
   -0.445565
   -0.445431
   -0.445946
   -0.444278
   -0.453496
   -0.453323
   -0.453500
   -0.453331
   -0.453493
   -0.453323
   -0.453506
   -0.453305
   -0.426090
   -0.425296
   -0.426824
   -0.427596
   -0.426424
   -0.426474
   -0.426801
   -0.425348
   -0.430343
   -0.430451
   -0.430336
   -0.430446
   -0.430340
   -0.430458
   -0.430325
   -0.430477
   -0.442065
   -0.441631
   -0.443236
   -0.443895
   -0.442496
   -0.442351
   -0.443262
   -0.441572
   -0.446488
   -0.446276
   -0.446496
   -0.446281
   -0.446493
   -0.446267
   -0.446511
   -0.446246
   -0.430162
   -0.430633
   -0.430866
   -0.430877
   -0.430837
   -0.431108
   -0.430833
   -0.430847
   -0.430362
   -0.430336
   -0.430279
   -0.430332
   -0.430293
   -0.430330
   -0.430290
   -0.430326
   -0.445417
   -0.453331
   -0.453672
   -0.453945
   -0.453911
   -0.453717
   -0.453702
   -0.454003
   -0.447255
   -0.447196
   -0.447176
   -0.447200
   -0.447163
   -0.447203
   -0.446952
   -0.446572
   -0.425834
   -0.426563
   -0.430887
   -0.430921
   -0.430865
   -0.430935
   -0.430859
   -0.430942
   -0.430529
   -0.430598
   -0.430527
   -0.430594
   -0.430538
   -0.430592
   -0.430111
   -0.430159
   -0.446464
   -0.446431
   -0.446179
   -0.445781
   -0.445554
   -0.445561
   -0.445555
   -0.445638
   -0.445701
   -0.453959
   -0.453941
   -0.453966
   -0.453929
   -0.453970
   -0.453715
   -0.453552
   -0.429966
   -0.431247
   -0.431613
   -0.431679
   -0.431176
   -0.431043
   -0.430964
   -0.431257
   -0.430968
   -0.430948
   -0.430895
   -0.430939
   -0.430906
   -0.430937
   -0.430906
   -0.430929
   -0.445667
   -0.445841
   -0.445884
   -0.445848
   -0.445886
   -0.446273
   -0.445880
   -0.445801
   -0.447081
   -0.447082
   -0.447069
   -0.447094
   -0.447057
   -0.447097
   -0.446843
   -0.446894
   -0.426528
   -0.426698
   -0.430659
   -0.430594
   -0.430449
   -0.430591
   -0.430460
   -0.430792
   -0.429992
   -0.430080
   -0.430004
   -0.430070
   -0.430012
   -0.430071
   -0.430010
   -0.430063
   -0.445828
   -0.441508
   -0.446172
   -0.446078
   -0.446161
   -0.445662
   -0.445720
   -0.446181
   -0.447057
   -0.447038
   -0.447044
   -0.447049
   -0.447036
   -0.447048
   -0.446614
   -0.446416
   -0.430932
   -0.431014
   -0.430172
   -0.429932
   -0.430180
   -0.431197
   -0.430833
   -0.430921
   -0.430388
   -0.430420
   -0.430318
   -0.430412
   -0.430322
   -0.430416
   -0.430315
   -0.430410
   -0.453933
   -0.453803
   -0.453921
   -0.454241
   -0.453912
   -0.453618
   -0.453692
   -0.453920
   -0.447228
   -0.447112
   -0.447137
   -0.447119
   -0.447135
   -0.447113
   -0.446931
   -0.446480
   -0.426735
   -0.431053
   -0.430865
   -0.431041
   -0.430875
   -0.431026
   -0.430878
   -0.431020
   -0.430561
   -0.430679
   -0.430567
   -0.430676
   -0.430565
   -0.430685
   -0.430128
   -0.430257
   -0.445253
   -0.453393
   -0.453491
   -0.453405
   -0.453480
   -0.453420
   -0.453479
   -0.453424
   -0.453911
   -0.453876
   -0.453906
   -0.453877
   -0.453910
   -0.453865
   -0.453712
   -0.453436
   -0.426958
   -0.428274
   -0.425802
   -0.424768
   -0.426389
   -0.426505
   -0.425805
   -0.428248
   -0.431512
   -0.431609
   -0.431514
   -0.431612
   -0.431506
   -0.431628
   -0.431486
   -0.431634
   -0.446645
   -0.447193
   -0.444898
   -0.443697
   -0.445470
   -0.445462
   -0.444891
   -0.447208
   -0.455611
   -0.455598
   -0.455612
   -0.455592
   -0.455622
   -0.455575
   -0.455643
   -0.455568
   -0.426762
   -0.427986
   -0.425596
   -0.424485
   -0.426179
   -0.426227
   -0.425590
   -0.427975
   -0.431293
   -0.431345
   -0.431289
   -0.431354
   -0.431278
   -0.431372
   -0.431256
   -0.431380
   -0.442508
   -0.443128
   -0.440768
   -0.439629
   -0.441925
   -0.441974
   -0.440767
   -0.443133
   -0.446989
   -0.447015
   -0.446993
   -0.447007
   -0.447004
   -0.446991
   -0.447024
   -0.446984
   -0.430299
   -0.429754
   -0.430099
   -0.429771
   -0.430091
   -0.429792
   -0.430069
   -0.429378
   -0.430513
   -0.430528
   -0.430695
   -0.430551
   -0.430660
   -0.430607
   -0.430615
   -0.430632
   -0.446167
   -0.455666
   -0.455341
   -0.455687
   -0.455355
   -0.455668
   -0.455366
   -0.455438
   -0.447128
   -0.447572
   -0.447372
   -0.447550
   -0.447405
   -0.447498
   -0.447438
   -0.447448
   -0.426930
   -0.425819
   -0.430671
   -0.430415
   -0.430666
   -0.430424
   -0.430648
   -0.430448
   -0.430892
   -0.430741
   -0.430864
   -0.430763
   -0.430831
   -0.430813
   -0.430773
   -0.430820
   -0.447773
   -0.448263
   -0.447979
   -0.448235
   -0.447955
   -0.448220
   -0.447970
   -0.447988
   -0.446718
   -0.456066
   -0.455908
   -0.456045
   -0.455939
   -0.456000
   -0.455967
   -0.455960
   -0.430396
   -0.429837
   -0.430032
   -0.429855
   -0.430011
   -0.429834
   -0.429990
   -0.429859
   -0.430323
   -0.430437
   -0.430516
   -0.430457
   -0.430487
   -0.430499
   -0.430453
   -0.430520
   -0.447798
   -0.447987
   -0.447801
   -0.447988
   -0.447804
   -0.448000
   -0.447814
   -0.447537
   -0.447751
   -0.447875
   -0.447770
   -0.447856
   -0.447799
   -0.447817
   -0.447822
   -0.447788
   -0.425969
   -0.425227
   -0.429903
   -0.429798
   -0.429891
   -0.429803
   -0.429881
   -0.429821
   -0.430055
   -0.430022
   -0.430036
   -0.430042
   -0.430007
   -0.430079
   -0.429977
   -0.430099
   -0.448744
   -0.443832
   -0.448308
   -0.448436
   -0.448311
   -0.448413
   -0.448303
   -0.448210
   -0.447826
   -0.447895
   -0.447844
   -0.447874
   -0.447872
   -0.447842
   -0.447881
   -0.447797
   -0.430192
   -0.429927
   -0.429952
   -0.429885
   -0.429945
   -0.429944
   -0.429961
   -0.429511
   -0.430418
   -0.430647
   -0.430613
   -0.430668
   -0.430586
   -0.430696
   -0.430563
   -0.430712
   -0.455254
   -0.455331
   -0.455245
   -0.455345
   -0.455252
   -0.455312
   -0.455254
   -0.455100
   -0.447219
   -0.447457
   -0.447450
   -0.447437
   -0.447474
   -0.447414
   -0.447484
   -0.447375
   -0.426200
   -0.430758
   -0.430791
   -0.430763
   -0.430783
   -0.430770
   -0.430770
   -0.430779
   -0.430809
   -0.430850
   -0.430791
   -0.430871
   -0.430768
   -0.430891
   -0.430734
   -0.430886
   -0.446930
   -0.456150
   -0.456086
   -0.456144
   -0.456096
   -0.456135
   -0.456110
   -0.456126
   -0.455967
   -0.455954
   -0.455986
   -0.455930
   -0.456010
   -0.455911
   -0.456017
   -0.455881
   -0.426571
   -0.426742
   -0.426424
   -0.426265
   -0.426493
   -0.426517
   -0.426397
   -0.426766
   -0.430544
   -0.430624
   -0.430523
   -0.430649
   -0.430499
   -0.430667
   -0.430484
   -0.430680
   -0.448593
   -0.448691
   -0.448340
   -0.448201
   -0.448430
   -0.448433
   -0.448366
   -0.448665
   -0.456619
   -0.456563
   -0.456639
   -0.456537
   -0.456662
   -0.456523
   -0.456675
   -0.456509
   -0.426134
   -0.426334
   -0.425985
   -0.425857
   -0.426052
   -0.426114
   -0.425952
   -0.426364
   -0.430100
   -0.430222
   -0.430078
   -0.430250
   -0.430053
   -0.430264
   -0.430040
   -0.430280
   -0.443558
   -0.443645
   -0.443307
   -0.443156
   -0.443477
   -0.443464
   -0.443338
   -0.443614
   -0.447592
   -0.447512
   -0.447613
   -0.447484
   -0.447637
   -0.447472
   -0.447649
   -0.447456
   -0.437815
   -0.437839
   -0.437624
   -0.437715
   -0.437671
   -0.437613
   -0.437692
   -0.437721
   -0.438374
   -0.438319
   -0.438401
   -0.438319
   -0.438386
   -0.438331
   -0.438379
   -0.438336
   -0.459303
   -0.468331
   -0.468429
   -0.468143
   -0.468314
   -0.468239
   -0.468373
   -0.468177
   -0.457700
   -0.457625
   -0.457694
   -0.457624
   -0.457708
   -0.457613
   -0.457791
   -0.457834
   -0.433070
   -0.432982
   -0.437424
   -0.437454
   -0.437453
   -0.437441
   -0.437465
   -0.437425
   -0.437497
   -0.437445
   -0.437508
   -0.437449
   -0.437493
   -0.437461
   -0.437636
   -0.437622
   -0.458868
   -0.458677
   -0.458928
   -0.458927
   -0.459132
   -0.459010
   -0.459127
   -0.459011
   -0.458802
   -0.467865
   -0.467958
   -0.467860
   -0.467973
   -0.467848
   -0.468058
   -0.467989
   -0.437730
   -0.437350
   -0.437201
   -0.437182
   -0.437371
   -0.437407
   -0.437446
   -0.437329
   -0.437068
   -0.437043
   -0.437076
   -0.437052
   -0.437059
   -0.437065
   -0.437048
   -0.437079
   -0.459293
   -0.459092
   -0.459199
   -0.459102
   -0.459186
   -0.458952
   -0.459188
   -0.459162
   -0.457816
   -0.457721
   -0.457819
   -0.457712
   -0.457835
   -0.457698
   -0.457923
   -0.457759
   -0.433247
   -0.433235
   -0.437897
   -0.437889
   -0.437979
   -0.437892
   -0.437969
   -0.437825
   -0.438102
   -0.438055
   -0.438096
   -0.438066
   -0.438080
   -0.438079
   -0.438067
   -0.438096
   -0.459057
   -0.454482
   -0.458964
   -0.458909
   -0.458962
   -0.459054
   -0.459126
   -0.458883
   -0.457296
   -0.457193
   -0.457304
   -0.457182
   -0.457321
   -0.457167
   -0.457486
   -0.457376
   -0.437578
   -0.437556
   -0.437878
   -0.437937
   -0.437879
   -0.437493
   -0.437638
   -0.437640
   -0.438281
   -0.438266
   -0.438280
   -0.438279
   -0.438261
   -0.438296
   -0.438245
   -0.438319
   -0.468439
   -0.468364
   -0.468433
   -0.468214
   -0.468432
   -0.468431
   -0.468518
   -0.468334
   -0.457797
   -0.457675
   -0.457818
   -0.457661
   -0.457837
   -0.457642
   -0.457932
   -0.457843
   -0.432739
   -0.437245
   -0.437324
   -0.437245
   -0.437323
   -0.437259
   -0.437312
   -0.437273
   -0.437396
   -0.437399
   -0.437382
   -0.437414
   -0.437361
   -0.437436
   -0.437490
   -0.437618
   -0.459289
   -0.468369
   -0.468444
   -0.468370
   -0.468444
   -0.468358
   -0.468455
   -0.468343
   -0.468067
   -0.467911
   -0.468082
   -0.467897
   -0.468103
   -0.467874
   -0.468203
   -0.467995
   -0.432306
   -0.431825
   -0.432733
   -0.433099
   -0.432523
   -0.432473
   -0.432723
   -0.431856
   -0.436754
   -0.436789
   -0.436736
   -0.436805
   -0.436712
   -0.436833
   -0.436684
   -0.436868
   -0.457843
   -0.457532
   -0.458470
   -0.458817
   -0.458259
   -0.458163
   -0.458485
   -0.457507
   -0.466890
   -0.466710
   -0.466912
   -0.466692
   -0.466939
   -0.466660
   -0.466972
   -0.466619
   -0.433091
   -0.432621
   -0.433523
   -0.433893
   -0.433315
   -0.433267
   -0.433512
   -0.432655
   -0.437533
   -0.437594
   -0.437507
   -0.437617
   -0.437476
   -0.437654
   -0.437436
   -0.437701
   -0.452940
   -0.452635
   -0.453565
   -0.453921
   -0.453142
   -0.453052
   -0.453584
   -0.452602
   -0.457499
   -0.457297
   -0.457530
   -0.457271
   -0.457567
   -0.457227
   -0.457613
   -0.457174
   -0.436796
   -0.436862
   -0.436878
   -0.436883
   -0.436862
   -0.436891
   -0.436864
   -0.437027
   -0.435133
   -0.435071
   -0.435055
   -0.435073
   -0.435068
   -0.435054
   -0.435071
   -0.435053
   -0.450823
   -0.459034
   -0.459068
   -0.459030
   -0.459086
   -0.459022
   -0.459082
   -0.459108
   -0.451711
   -0.451582
   -0.451635
   -0.451582
   -0.451622
   -0.451600
   -0.451615
   -0.451590
   -0.430707
   -0.430985
   -0.435137
   -0.435122
   -0.435125
   -0.435126
   -0.435125
   -0.435121
   -0.434514
   -0.434512
   -0.434513
   -0.434513
   -0.434524
   -0.434498
   -0.434518
   -0.434489
   -0.450977
   -0.450886
   -0.450905
   -0.450861
   -0.450904
   -0.450853
   -0.450905
   -0.450931
   -0.451111
   -0.459308
   -0.459351
   -0.459308
   -0.459342
   -0.459320
   -0.459337
   -0.459313
   -0.435220
   -0.435345
   -0.435391
   -0.435363
   -0.435375
   -0.435357
   -0.435368
   -0.435363
   -0.435515
   -0.435432
   -0.435433
   -0.435435
   -0.435437
   -0.435429
   -0.435434
   -0.435433
   -0.450907
   -0.450898
   -0.450916
   -0.450891
   -0.450922
   -0.450894
   -0.450926
   -0.451029
   -0.450597
   -0.450549
   -0.450603
   -0.450546
   -0.450602
   -0.450548
   -0.450603
   -0.450539
   -0.432313
   -0.432508
   -0.436657
   -0.436626
   -0.436651
   -0.436628
   -0.436647
   -0.436639
   -0.436564
   -0.436557
   -0.436560
   -0.436559
   -0.436559
   -0.436560
   -0.436552
   -0.436568
   -0.449573
   -0.445567
   -0.449733
   -0.449696
   -0.449730
   -0.449689
   -0.449725
   -0.449765
   -0.450391
   -0.450349
   -0.450394
   -0.450348
   -0.450395
   -0.450344
   -0.450397
   -0.450323
   -0.436805
   -0.436861
   -0.436867
   -0.436837
   -0.436872
   -0.436859
   -0.436880
   -0.437011
   -0.435148
   -0.435059
   -0.435070
   -0.435061
   -0.435066
   -0.435069
   -0.435053
   -0.435083
   -0.459665
   -0.459617
   -0.459664
   -0.459631
   -0.459657
   -0.459620
   -0.459660
   -0.459689
   -0.451710
   -0.451580
   -0.451634
   -0.451579
   -0.451640
   -0.451568
   -0.451653
   -0.451538
   -0.430434
   -0.434527
   -0.434550
   -0.434524
   -0.434554
   -0.434528
   -0.434543
   -0.434545
   -0.434509
   -0.434523
   -0.434506
   -0.434526
   -0.434495
   -0.434543
   -0.434465
   -0.434560
   -0.450243
   -0.458489
   -0.458487
   -0.458491
   -0.458484
   -0.458485
   -0.458499
   -0.458463
   -0.459354
   -0.459298
   -0.459358
   -0.459296
   -0.459369
   -0.459275
   -0.459391
   -0.459238
   -0.431125
   -0.431043
   -0.431132
   -0.431095
   -0.431126
   -0.431076
   -0.431117
   -0.431076
   -0.435420
   -0.435438
   -0.435414
   -0.435442
   -0.435400
   -0.435467
   -0.435369
   -0.435502
   -0.449273
   -0.449266
   -0.449308
   -0.449325
   -0.449294
   -0.449293
   -0.449318
   -0.449240
   -0.457970
   -0.457902
   -0.457976
   -0.457899
   -0.457991
   -0.457871
   -0.458027
   -0.457831
   -0.432258
   -0.432187
   -0.432267
   -0.432235
   -0.432265
   -0.432212
   -0.432256
   -0.432216
   -0.436555
   -0.436580
   -0.436548
   -0.436584
   -0.436531
   -0.436617
   -0.436490
   -0.436661
   -0.446652
   -0.446627
   -0.446685
   -0.446687
   -0.446660
   -0.446648
   -0.446696
   -0.446598
   -0.451020
   -0.450926
   -0.451027
   -0.450922
   -0.451046
   -0.450886
   -0.451089
   -0.450840
   -0.410420
   -0.409589
   -0.410395
   -0.409719
   -0.410287
   -0.409851
   -0.410175
   -0.409894
   -0.403145
   -0.403058
   -0.403084
   -0.403110
   -0.403055
   -0.403133
   -0.403040
   -0.403136
   -0.402244
   -0.403033
   -0.402193
   -0.403023
   -0.402312
   -0.402906
   -0.402382
   -0.402839
   -0.410694
   -0.411004
   -0.410751
   -0.410962
   -0.410773
   -0.410946
   -0.410756
   -0.410869
   -0.411464
   -0.410856
   -0.411380
   -0.410891
   -0.411301
   -0.410969
   -0.411216
   -0.411047
   -0.411503
   -0.411448
   -0.411457
   -0.411484
   -0.411440
   -0.411496
   -0.411381
   -0.411440
   -0.402021
   -0.402774
   -0.402062
   -0.402632
   -0.402048
   -0.402543
   -0.402117
   -0.402475
   -0.406298
   -0.406436
   -0.406197
   -0.406410
   -0.406206
   -0.406406
   -0.406179
   -0.406362
   -0.411324
   -0.411010
   -0.411445
   -0.411116
   -0.411338
   -0.411090
   -0.411253
   -0.411170
   -0.415064
   -0.415031
   -0.415038
   -0.415049
   -0.415035
   -0.415049
   -0.415039
   -0.415037
   -0.401528
   -0.402131
   -0.401601
   -0.402090
   -0.401644
   -0.402099
   -0.401691
   -0.401971
   -0.410799
   -0.411064
   -0.410820
   -0.411052
   -0.410818
   -0.411057
   -0.410784
   -0.411046
   -0.409856
   -0.409561
   -0.409713
   -0.409498
   -0.409653
   -0.409532
   -0.409616
   -0.409590
   -0.409554
   -0.409535
   -0.409538
   -0.409543
   -0.409543
   -0.409536
   -0.409553
   -0.409519
   -0.402338
   -0.402761
   -0.402379
   -0.402725
   -0.402400
   -0.402651
   -0.402371
   -0.402679
   -0.415450
   -0.415698
   -0.415454
   -0.415700
   -0.415442
   -0.415714
   -0.415373
   -0.415658
   -0.410201
   -0.410050
   -0.410072
   -0.409935
   -0.410056
   -0.410108
   -0.410115
   -0.410063
   -0.403181
   -0.403163
   -0.403185
   -0.403157
   -0.403202
   -0.403138
   -0.403220
   -0.403114
   -0.402037
   -0.402324
   -0.402050
   -0.402367
   -0.402058
   -0.402281
   -0.402045
   -0.402297
   -0.410648
   -0.410907
   -0.410643
   -0.410922
   -0.410619
   -0.410948
   -0.410567
   -0.410900
   -0.411654
   -0.411573
   -0.411576
   -0.411578
   -0.411574
   -0.411580
   -0.411566
   -0.411581
   -0.411556
   -0.411538
   -0.411571
   -0.411519
   -0.411599
   -0.411488
   -0.411577
   -0.411402
   -0.402767
   -0.402830
   -0.402633
   -0.402832
   -0.402630
   -0.402835
   -0.402632
   -0.402840
   -0.406097
   -0.406355
   -0.406075
   -0.406380
   -0.406039
   -0.406419
   -0.405977
   -0.406405
   -0.415218
   -0.415429
   -0.415067
   -0.414973
   -0.415147
   -0.415193
   -0.415073
   -0.415407
   -0.415211
   -0.415183
   -0.415238
   -0.415154
   -0.415278
   -0.415110
   -0.415318
   -0.415068
   -0.411535
   -0.411752
   -0.411309
   -0.411306
   -0.411372
   -0.411546
   -0.411290
   -0.411788
   -0.411348
   -0.411614
   -0.411313
   -0.411651
   -0.411265
   -0.411703
   -0.411218
   -0.411752
   -0.409771
   -0.410027
   -0.409623
   -0.409565
   -0.409709
   -0.409779
   -0.409642
   -0.409983
   -0.409794
   -0.409744
   -0.409834
   -0.409703
   -0.409888
   -0.409644
   -0.409941
   -0.409591
   -0.415118
   -0.415314
   -0.414890
   -0.414871
   -0.415024
   -0.415190
   -0.414863
   -0.415365
   -0.414969
   -0.415262
   -0.414923
   -0.415309
   -0.414862
   -0.415376
   -0.414801
   -0.415437
   -0.411341
   -0.411471
   -0.411317
   -0.411451
   -0.411338
   -0.411431
   -0.411351
   -0.411380
   -0.418612
   -0.418710
   -0.418659
   -0.418686
   -0.418669
   -0.418697
   -0.418656
   -0.418702
   -0.438512
   -0.437534
   -0.437615
   -0.437541
   -0.437590
   -0.437562
   -0.437579
   -0.437541
   -0.435317
   -0.435353
   -0.435322
   -0.435377
   -0.435312
   -0.435368
   -0.435326
   -0.435376
   -0.422273
   -0.422321
   -0.421730
   -0.421861
   -0.421750
   -0.421846
   -0.421762
   -0.421838
   -0.426171
   -0.426235
   -0.426190
   -0.426214
   -0.426198
   -0.426223
   -0.426196
   -0.426234
   -0.430993
   -0.430931
   -0.431007
   -0.430959
   -0.430998
   -0.430979
   -0.430985
   -0.430963
   -0.435961
   -0.435105
   -0.435061
   -0.435127
   -0.435049
   -0.435122
   -0.435058
   -0.435130
   -0.424475
   -0.424561
   -0.424412
   -0.424537
   -0.424439
   -0.424532
   -0.424457
   -0.424516
   -0.425275
   -0.425340
   -0.425322
   -0.425318
   -0.425335
   -0.425319
   -0.425333
   -0.425315
   -0.434129
   -0.434050
   -0.434108
   -0.434067
   -0.434088
   -0.434077
   -0.434072
   -0.434051
   -0.443923
   -0.443984
   -0.443902
   -0.444006
   -0.443886
   -0.444011
   -0.443887
   -0.444023
   -0.412751
   -0.412796
   -0.412251
   -0.412345
   -0.412271
   -0.412331
   -0.412285
   -0.412311
   -0.412331
   -0.412332
   -0.412350
   -0.412311
   -0.412366
   -0.412305
   -0.412370
   -0.412295
   -0.440181
   -0.440532
   -0.440108
   -0.440099
   -0.440092
   -0.440121
   -0.440083
   -0.440106
   -0.445913
   -0.446003
   -0.445894
   -0.446024
   -0.445876
   -0.446034
   -0.445874
   -0.446061
   -0.411380
   -0.411446
   -0.411384
   -0.411450
   -0.411398
   -0.411414
   -0.411403
   -0.411351
   -0.418680
   -0.418672
   -0.418724
   -0.418653
   -0.418742
   -0.418640
   -0.418755
   -0.418620
   -0.433168
   -0.433167
   -0.433151
   -0.433174
   -0.433137
   -0.433200
   -0.433122
   -0.433191
   -0.435237
   -0.435402
   -0.435245
   -0.435422
   -0.435224
   -0.435441
   -0.435208
   -0.435480
   -0.426618
   -0.426230
   -0.426193
   -0.426215
   -0.426207
   -0.426200
   -0.426227
   -0.426177
   -0.426263
   -0.426173
   -0.426282
   -0.426154
   -0.426303
   -0.426131
   -0.426336
   -0.426105
   -0.439584
   -0.438708
   -0.438684
   -0.438726
   -0.438668
   -0.438745
   -0.438641
   -0.438776
   -0.434984
   -0.435172
   -0.434961
   -0.435196
   -0.434933
   -0.435228
   -0.434901
   -0.435280
   -0.425817
   -0.425871
   -0.425843
   -0.425874
   -0.425856
   -0.425842
   -0.425890
   -0.425795
   -0.425403
   -0.425259
   -0.425428
   -0.425234
   -0.425458
   -0.425197
   -0.425501
   -0.425145
   -0.452766
   -0.452777
   -0.452757
   -0.452818
   -0.452733
   -0.452833
   -0.452700
   -0.452866
   -0.451619
   -0.451869
   -0.451589
   -0.451898
   -0.451554
   -0.451943
   -0.451501
   -0.452006
   -0.412820
   -0.412864
   -0.412848
   -0.412864
   -0.412866
   -0.412826
   -0.412909
   -0.412768
   -0.412432
   -0.412222
   -0.412465
   -0.412192
   -0.412502
   -0.412141
   -0.412561
   -0.412073
   -0.442043
   -0.442072
   -0.442030
   -0.442118
   -0.441998
   -0.442136
   -0.441960
   -0.442183
   -0.441383
   -0.441713
   -0.441345
   -0.441748
   -0.441302
   -0.441805
   -0.441237
   -0.441880
   -0.476142
   -0.476003
   -0.476091
   -0.476017
   -0.476083
   -0.476011
   -0.476079
   -0.476030
   -0.469313
   -0.469226
   -0.469312
   -0.469220
   -0.469321
   -0.469213
   -0.469322
   -0.469211
   -0.550173
   -0.550161
   -0.550318
   -0.550115
   -0.550317
   -0.550121
   -0.550329
   -0.550120
   -0.552947
   -0.552754
   -0.552941
   -0.552758
   -0.552934
   -0.552764
   -0.552942
   -0.552790
   -0.475537
   -0.475410
   -0.475562
   -0.475481
   -0.475553
   -0.475486
   -0.475547
   -0.475484
   -0.475937
   -0.475862
   -0.475937
   -0.475859
   -0.475942
   -0.475856
   -0.475957
   -0.475874
   -0.548473
   -0.548333
   -0.548500
   -0.548339
   -0.548536
   -0.548341
   -0.548543
   -0.548343
   -0.552727
   -0.552645
   -0.552847
   -0.552646
   -0.552843
   -0.552649
   -0.552854
   -0.552665
   -0.477291
   -0.477106
   -0.477216
   -0.477109
   -0.477222
   -0.477144
   -0.477220
   -0.477141
   -0.480977
   -0.480907
   -0.480970
   -0.480909
   -0.480971
   -0.480910
   -0.480966
   -0.480913
   -0.554465
   -0.554341
   -0.554476
   -0.554322
   -0.554488
   -0.554295
   -0.554497
   -0.554321
   -0.558444
   -0.558239
   -0.558448
   -0.558238
   -0.558447
   -0.558238
   -0.558458
   -0.558246
   -0.479963
   -0.479818
   -0.480023
   -0.479905
   -0.480020
   -0.479916
   -0.480009
   -0.479916
   -0.480010
   -0.479940
   -0.480005
   -0.479943
   -0.480004
   -0.479943
   -0.480003
   -0.479943
   -0.553536
   -0.553385
   -0.553552
   -0.553411
   -0.553563
   -0.553418
   -0.553589
   -0.553396
   -0.556625
   -0.556425
   -0.556630
   -0.556422
   -0.556630
   -0.556423
   -0.556646
   -0.556452
   -0.476122
   -0.475976
   -0.476144
   -0.476033
   -0.476136
   -0.475991
   -0.476102
   -0.476024
   -0.469299
   -0.469222
   -0.469291
   -0.469224
   -0.469292
   -0.469222
   -0.469295
   -0.469215
   -0.549901
   -0.549779
   -0.549912
   -0.549753
   -0.549915
   -0.549773
   -0.549928
   -0.549761
   -0.552951
   -0.552768
   -0.552949
   -0.552770
   -0.552945
   -0.552773
   -0.552947
   -0.552810
   -0.475912
   -0.475814
   -0.475963
   -0.475822
   -0.475960
   -0.475826
   -0.475959
   -0.475832
   -0.475946
   -0.475833
   -0.475947
   -0.475828
   -0.475953
   -0.475823
   -0.475979
   -0.475824
   -0.549302
   -0.549301
   -0.549428
   -0.549298
   -0.549425
   -0.549298
   -0.549422
   -0.549295
   -0.552824
   -0.552688
   -0.552821
   -0.552697
   -0.552810
   -0.552705
   -0.552806
   -0.552743
   -0.480938
   -0.480728
   -0.480983
   -0.480879
   -0.480966
   -0.480799
   -0.480997
   -0.480725
   -0.480986
   -0.480821
   -0.480993
   -0.480809
   -0.481006
   -0.480799
   -0.481021
   -0.480774
   -0.559149
   -0.558998
   -0.559224
   -0.559156
   -0.559186
   -0.559090
   -0.559200
   -0.559019
   -0.559266
   -0.559193
   -0.559256
   -0.559208
   -0.559238
   -0.559221
   -0.559220
   -0.559251
   -0.479935
   -0.479745
   -0.479989
   -0.479885
   -0.479984
   -0.479794
   -0.480026
   -0.479711
   -0.480022
   -0.479801
   -0.480035
   -0.479783
   -0.480054
   -0.479769
   -0.480073
   -0.479736
   -0.556159
   -0.555992
   -0.556226
   -0.556159
   -0.556152
   -0.556079
   -0.556179
   -0.556042
   -0.556176
   -0.556158
   -0.556160
   -0.556180
   -0.556138
   -0.556196
   -0.556115
   -0.556234
   -0.438731
   -0.438625
   -0.438770
   -0.438603
   -0.438788
   -0.438590
   -0.438804
   -0.438597
   -0.437058
   -0.436854
   -0.437029
   -0.436876
   -0.437010
   -0.436891
   -0.437003
   -0.436888
   -0.468533
   -0.468712
   -0.468802
   -0.468738
   -0.468788
   -0.468749
   -0.468771
   -0.468767
   -0.469224
   -0.469172
   -0.469234
   -0.469153
   -0.469249
   -0.469142
   -0.469251
   -0.469141
   -0.424642
   -0.424551
   -0.424848
   -0.424682
   -0.424860
   -0.424672
   -0.424873
   -0.424667
   -0.424315
   -0.424136
   -0.424297
   -0.424154
   -0.424283
   -0.424164
   -0.424275
   -0.424157
   -0.460994
   -0.460884
   -0.460966
   -0.460894
   -0.460951
   -0.460901
   -0.460941
   -0.460913
   -0.460786
   -0.461013
   -0.461096
   -0.460996
   -0.461108
   -0.460988
   -0.461109
   -0.460988
   -0.437126
   -0.437024
   -0.437170
   -0.437014
   -0.437175
   -0.437003
   -0.437181
   -0.437003
   -0.437480
   -0.437319
   -0.437454
   -0.437336
   -0.437443
   -0.437345
   -0.437438
   -0.437344
   -0.473708
   -0.473602
   -0.473698
   -0.473612
   -0.473691
   -0.473620
   -0.473685
   -0.473633
   -0.472857
   -0.472760
   -0.472872
   -0.472746
   -0.472881
   -0.472739
   -0.472883
   -0.472738
   -0.434734
   -0.434640
   -0.434914
   -0.434776
   -0.434917
   -0.434774
   -0.434921
   -0.434777
   -0.434897
   -0.434776
   -0.434883
   -0.434789
   -0.434874
   -0.434796
   -0.434869
   -0.434797
   -0.460309
   -0.460074
   -0.460321
   -0.460229
   -0.460319
   -0.460225
   -0.460315
   -0.460233
   -0.459938
   -0.459815
   -0.459952
   -0.459803
   -0.459961
   -0.459795
   -0.459963
   -0.459786
   -0.438751
   -0.438624
   -0.438756
   -0.438614
   -0.438755
   -0.438629
   -0.438755
   -0.438652
   -0.437000
   -0.436905
   -0.436974
   -0.436919
   -0.436962
   -0.436931
   -0.436953
   -0.436938
   -0.469358
   -0.469262
   -0.469357
   -0.469263
   -0.469361
   -0.469250
   -0.469369
   -0.469246
   -0.469293
   -0.469107
   -0.469305
   -0.469090
   -0.469320
   -0.469075
   -0.469331
   -0.469058
   -0.424152
   -0.424156
   -0.424296
   -0.424162
   -0.424287
   -0.424176
   -0.424271
   -0.424197
   -0.424236
   -0.424213
   -0.424210
   -0.424236
   -0.424189
   -0.424257
   -0.424165
   -0.424274
   -0.459934
   -0.460135
   -0.460232
   -0.460125
   -0.460244
   -0.460107
   -0.460267
   -0.460079
   -0.461169
   -0.460920
   -0.461201
   -0.460891
   -0.461228
   -0.460863
   -0.461255
   -0.460831
   -0.437297
   -0.437155
   -0.437285
   -0.437154
   -0.437271
   -0.437185
   -0.437239
   -0.437229
   -0.437372
   -0.437430
   -0.437333
   -0.437466
   -0.437298
   -0.437503
   -0.437260
   -0.437542
   -0.471762
   -0.471654
   -0.471761
   -0.471623
   -0.471783
   -0.471603
   -0.471815
   -0.471568
   -0.472213
   -0.471871
   -0.472256
   -0.471831
   -0.472297
   -0.471787
   -0.472343
   -0.471738
   -0.434731
   -0.434612
   -0.434718
   -0.434615
   -0.434695
   -0.434657
   -0.434651
   -0.434715
   -0.434772
   -0.434929
   -0.434722
   -0.434975
   -0.434674
   -0.435026
   -0.434620
   -0.435083
   -0.460314
   -0.460197
   -0.460316
   -0.460159
   -0.460350
   -0.460130
   -0.460394
   -0.460077
   -0.460635
   -0.460194
   -0.460692
   -0.460142
   -0.460745
   -0.460083
   -0.460807
   -0.460019
