   -0.461185
   -0.461683
   -0.461211
   -0.461628
   -0.461243
   -0.461638
   -0.461236
   -0.461557
   -0.461273
   -0.461509
   -0.461312
   -0.461474
   -0.461333
   -0.461502
   -0.461354
   -0.461509
   -0.485115
   -0.484899
   -0.485114
   -0.484899
   -0.485085
   -0.484964
   -0.485010
   -0.484951
   -0.484978
   -0.484997
   -0.484941
   -0.485029
   -0.484916
   -0.485077
   -0.484963
   -0.485048
   -0.443978
   -0.444404
   -0.443973
   -0.444376
   -0.444000
   -0.444366
   -0.444016
   -0.444340
   -0.444054
   -0.444299
   -0.444087
   -0.444270
   -0.444111
   -0.444304
   -0.444131
   -0.444302
   -0.496339
   -0.496159
   -0.496319
   -0.496130
   -0.496295
   -0.496191
   -0.496223
   -0.496162
   -0.496188
   -0.496199
   -0.496158
   -0.496225
   -0.496141
   -0.496274
   -0.496190
   -0.496263
   -0.440480
   -0.440867
   -0.440159
   -0.440528
   -0.440488
   -0.440851
   -0.440515
   -0.440817
   -0.440545
   -0.440784
   -0.440569
   -0.440763
   -0.440587
   -0.440790
   -0.440594
   -0.440792
   -0.492976
   -0.492865
   -0.492584
   -0.492491
   -0.492943
   -0.492875
   -0.492947
   -0.492914
   -0.492920
   -0.492943
   -0.492899
   -0.492960
   -0.492884
   -0.492926
   -0.492872
   -0.492923
   -0.451799
   -0.452165
   -0.451808
   -0.452142
   -0.451827
   -0.452163
   -0.451843
   -0.452121
   -0.451867
   -0.452096
   -0.451882
   -0.452084
   -0.451884
   -0.452080
   -0.451864
   -0.452084
   -0.480873
   -0.480598
   -0.480409
   -0.480370
   -0.480854
   -0.480831
   -0.480861
   -0.480865
   -0.480841
   -0.480886
   -0.480831
   -0.480892
   -0.480823
   -0.480881
   -0.480839
   -0.480876
   -0.461370
   -0.461584
   -0.461391
   -0.461619
   -0.461323
   -0.461540
   -0.461319
   -0.461540
   -0.461334
   -0.461525
   -0.461338
   -0.461525
   -0.461408
   -0.461601
   -0.461384
   -0.461610
   -0.485129
   -0.485164
   -0.484764
   -0.484777
   -0.484988
   -0.485007
   -0.484959
   -0.485016
   -0.484947
   -0.485026
   -0.484948
   -0.485021
   -0.485102
   -0.485150
   -0.485118
   -0.485140
   -0.444281
   -0.444173
   -0.443978
   -0.444158
   -0.444054
   -0.444237
   -0.444060
   -0.444242
   -0.444068
   -0.444237
   -0.444062
   -0.444247
   -0.444208
   -0.444424
   -0.444190
   -0.444437
   -0.496272
   -0.496533
   -0.496211
   -0.496284
   -0.496215
   -0.496202
   -0.496419
   -0.496508
   -0.496415
   -0.496509
   -0.496426
   -0.496494
   -0.496512
   -0.496530
   -0.496523
   -0.496513
   -0.440702
   -0.440472
   -0.440259
   -0.440401
   -0.440351
   -0.440617
   -0.440352
   -0.440509
   -0.440353
   -0.440512
   -0.440338
   -0.440531
   -0.440477
   -0.440712
   -0.440449
   -0.440732
   -0.492986
   -0.492999
   -0.492502
   -0.492608
   -0.492812
   -0.492877
   -0.492647
   -0.492749
   -0.492648
   -0.492744
   -0.492665
   -0.492723
   -0.492832
   -0.492833
   -0.492849
   -0.492813
   -0.451898
   -0.452111
   -0.451969
   -0.452110
   -0.451882
   -0.452043
   -0.452032
   -0.452192
   -0.452032
   -0.452120
   -0.451938
   -0.452143
   -0.451990
   -0.452236
   -0.451958
   -0.452255
   -0.480720
   -0.480631
   -0.480276
   -0.480400
   -0.480439
   -0.480625
   -0.480592
   -0.480686
   -0.480576
   -0.480451
   -0.480368
   -0.480428
   -0.480460
   -0.480466
   -0.480480
   -0.480447
   -0.489729
   -0.489828
   -0.489707
   -0.489903
   -0.489701
   -0.489903
   -0.489778
   -0.489935
   -0.489789
   -0.489930
   -0.489805
   -0.489908
   -0.489725
   -0.489838
   -0.489717
   -0.489836
   -0.566441
   -0.566601
   -0.566434
   -0.566549
   -0.566442
   -0.566563
   -0.566430
   -0.566533
   -0.566419
   -0.566537
   -0.566404
   -0.566558
   -0.566194
   -0.566353
   -0.566227
   -0.566384
   -0.483728
   -0.483812
   -0.483626
   -0.483830
   -0.483617
   -0.483825
   -0.483697
   -0.483834
   -0.483693
   -0.483832
   -0.483704
   -0.483815
   -0.483912
   -0.484034
   -0.483903
   -0.484045
   -0.567629
   -0.567777
   -0.567724
   -0.567831
   -0.567730
   -0.567844
   -0.567717
   -0.567828
   -0.567722
   -0.567828
   -0.567713
   -0.567841
   -0.567430
   -0.567557
   -0.567466
   -0.567556
   -0.484024
   -0.484123
   -0.484038
   -0.484186
   -0.483997
   -0.484152
   -0.483986
   -0.484143
   -0.483980
   -0.484146
   -0.483986
   -0.484137
   -0.484189
   -0.484375
   -0.484190
   -0.484393
   -0.562606
   -0.562678
   -0.562665
   -0.562738
   -0.562623
   -0.562701
   -0.562591
   -0.562668
   -0.562593
   -0.562667
   -0.562587
   -0.562675
   -0.562382
   -0.562484
   -0.562426
   -0.562465
   -0.484332
   -0.484513
   -0.484321
   -0.484520
   -0.484323
   -0.484518
   -0.484329
   -0.484518
   -0.484327
   -0.484519
   -0.484332
   -0.484514
   -0.484320
   -0.484535
   -0.484315
   -0.484557
   -0.565796
   -0.565845
   -0.565856
   -0.565896
   -0.565791
   -0.565847
   -0.565755
   -0.565819
   -0.565753
   -0.565819
   -0.565748
   -0.565824
   -0.565546
   -0.565636
   -0.565595
   -0.565613
   -0.489981
   -0.489868
   -0.489671
   -0.490180
   -0.489686
   -0.490188
   -0.489996
   -0.490176
   -0.489997
   -0.490177
   -0.490000
   -0.490176
   -0.489976
   -0.490191
   -0.489967
   -0.490219
   -0.566630
   -0.566305
   -0.566301
   -0.566731
   -0.566260
   -0.566712
   -0.566632
   -0.566711
   -0.566630
   -0.566709
   -0.566629
   -0.566707
   -0.566415
   -0.566466
   -0.566439
   -0.566434
   -0.483565
   -0.483759
   -0.483595
   -0.483772
   -0.483591
   -0.483760
   -0.483592
   -0.483751
   -0.483591
   -0.483755
   -0.483588
   -0.483763
   -0.483762
   -0.483975
   -0.483733
   -0.484014
   -0.567826
   -0.567659
   -0.567610
   -0.568148
   -0.567596
   -0.568163
   -0.568023
   -0.568125
   -0.568023
   -0.568121
   -0.568026
   -0.568111
   -0.567825
   -0.567886
   -0.567868
   -0.567845
   -0.483991
   -0.484259
   -0.484103
   -0.484185
   -0.484087
   -0.484172
   -0.484009
   -0.484161
   -0.484010
   -0.484165
   -0.484005
   -0.484177
   -0.484178
   -0.484469
   -0.484223
   -0.484513
   -0.562767
   -0.562473
   -0.562432
   -0.562753
   -0.562366
   -0.562739
   -0.562615
   -0.562716
   -0.562613
   -0.562712
   -0.562618
   -0.562698
   -0.562409
   -0.562602
   -0.562592
   -0.562556
   -0.484262
   -0.484395
   -0.484253
   -0.484466
   -0.484269
   -0.484478
   -0.484318
   -0.484467
   -0.484317
   -0.484483
   -0.484317
   -0.484500
   -0.484284
   -0.484668
   -0.484400
   -0.484717
   -0.566019
   -0.565909
   -0.565825
   -0.565940
   -0.565777
   -0.565926
   -0.565693
   -0.566100
   -0.565999
   -0.566119
   -0.566035
   -0.566098
   -0.565838
   -0.565928
   -0.565951
   -0.565875
   -0.424775
   -0.424380
   -0.424803
   -0.424437
   -0.424789
   -0.424360
   -0.424836
   -0.424501
   -0.424839
   -0.424546
   -0.424792
   -0.424598
   -0.424753
   -0.424572
   -0.424653
   -0.424573
   -0.435758
   -0.436013
   -0.435675
   -0.436099
   -0.435688
   -0.435953
   -0.435859
   -0.436068
   -0.435852
   -0.436027
   -0.435895
   -0.435981
   -0.436017
   -0.435871
   -0.435914
   -0.435926
   -0.421681
   -0.421441
   -0.421794
   -0.421456
   -0.421778
   -0.421451
   -0.421751
   -0.421459
   -0.421731
   -0.421498
   -0.421691
   -0.421541
   -0.421572
   -0.421418
   -0.421476
   -0.421442
   -0.448159
   -0.448353
   -0.448121
   -0.448481
   -0.448136
   -0.448334
   -0.448307
   -0.448478
   -0.448325
   -0.448443
   -0.448361
   -0.448404
   -0.448485
   -0.448309
   -0.448378
   -0.448315
   -0.416725
   -0.416513
   -0.417685
   -0.417408
   -0.416811
   -0.416478
   -0.416765
   -0.416536
   -0.416746
   -0.416571
   -0.416712
   -0.416607
   -0.416597
   -0.416508
   -0.416530
   -0.416530
   -0.438653
   -0.438725
   -0.439694
   -0.439823
   -0.438644
   -0.438765
   -0.438610
   -0.438703
   -0.438629
   -0.438672
   -0.438658
   -0.438640
   -0.438769
   -0.438746
   -0.438839
   -0.438725
   -0.426278
   -0.426071
   -0.426301
   -0.426089
   -0.426282
   -0.426014
   -0.426261
   -0.426103
   -0.426239
   -0.426135
   -0.426210
   -0.426168
   -0.426177
   -0.426222
   -0.426184
   -0.426247
   -0.435831
   -0.436485
   -0.437089
   -0.437160
   -0.435817
   -0.435879
   -0.435784
   -0.435810
   -0.435808
   -0.435781
   -0.435834
   -0.435749
   -0.435946
   -0.435779
   -0.435943
   -0.435754
   -0.424377
   -0.424492
   -0.424429
   -0.424283
   -0.424632
   -0.424503
   -0.424574
   -0.424497
   -0.424547
   -0.424528
   -0.424519
   -0.424561
   -0.424272
   -0.424405
   -0.424276
   -0.424433
   -0.435465
   -0.435507
   -0.436558
   -0.436517
   -0.435925
   -0.435869
   -0.435905
   -0.435848
   -0.435934
   -0.435817
   -0.435960
   -0.435786
   -0.435645
   -0.435411
   -0.435667
   -0.435382
   -0.421108
   -0.421898
   -0.421976
   -0.421931
   -0.421751
   -0.421727
   -0.421725
   -0.421726
   -0.421691
   -0.421760
   -0.421663
   -0.421793
   -0.421120
   -0.421322
   -0.421094
   -0.421355
   -0.448022
   -0.447565
   -0.448245
   -0.448143
   -0.448256
   -0.448346
   -0.447584
   -0.447466
   -0.447621
   -0.447432
   -0.447649
   -0.447399
   -0.447551
   -0.447260
   -0.447604
   -0.447226
   -0.416383
   -0.417348
   -0.417608
   -0.417578
   -0.417319
   -0.417010
   -0.417305
   -0.417353
   -0.417262
   -0.417391
   -0.417231
   -0.417428
   -0.416683
   -0.416949
   -0.416644
   -0.416987
   -0.438302
   -0.438649
   -0.439762
   -0.439676
   -0.438939
   -0.438872
   -0.439371
   -0.439206
   -0.439418
   -0.439166
   -0.439450
   -0.439129
   -0.439144
   -0.438729
   -0.439158
   -0.438690
   -0.426279
   -0.426016
   -0.426076
   -0.426016
   -0.426274
   -0.426250
   -0.425801
   -0.425874
   -0.425746
   -0.426135
   -0.425923
   -0.426177
   -0.425663
   -0.425989
   -0.425609
   -0.426035
   -0.435970
   -0.436587
   -0.437281
   -0.437220
   -0.436878
   -0.436540
   -0.436500
   -0.436279
   -0.436523
   -0.436872
   -0.437199
   -0.436829
   -0.437114
   -0.436645
   -0.437141
   -0.436599
   -0.413665
   -0.413360
   -0.413644
   -0.413180
   -0.413634
   -0.413201
   -0.413388
   -0.413121
   -0.413314
   -0.413141
   -0.413288
   -0.413177
   -0.413484
   -0.413418
   -0.413502
   -0.413453
   -0.411048
   -0.411072
   -0.411154
   -0.411154
   -0.411152
   -0.411154
   -0.411155
   -0.411168
   -0.411224
   -0.411152
   -0.411246
   -0.411121
   -0.411844
   -0.411702
   -0.411809
   -0.411573
   -0.410587
   -0.410336
   -0.410779
   -0.410324
   -0.410785
   -0.410344
   -0.410551
   -0.410358
   -0.410527
   -0.410376
   -0.410504
   -0.410407
   -0.409907
   -0.409858
   -0.409917
   -0.409855
   -0.420573
   -0.420567
   -0.420367
   -0.420349
   -0.420365
   -0.420349
   -0.420366
   -0.420321
   -0.420388
   -0.420304
   -0.420410
   -0.420275
   -0.421221
   -0.421065
   -0.421193
   -0.421021
   -0.401819
   -0.401615
   -0.401477
   -0.401238
   -0.401797
   -0.401586
   -0.401821
   -0.401636
   -0.401798
   -0.401656
   -0.401772
   -0.401687
   -0.401170
   -0.401093
   -0.401127
   -0.401097
   -0.416480
   -0.416551
   -0.416081
   -0.416071
   -0.416485
   -0.416452
   -0.416598
   -0.416530
   -0.416622
   -0.416509
   -0.416648
   -0.416478
   -0.417252
   -0.416942
   -0.417170
   -0.416935
   -0.414612
   -0.414418
   -0.414609
   -0.414408
   -0.414603
   -0.414435
   -0.414580
   -0.414440
   -0.414554
   -0.414465
   -0.414523
   -0.414498
   -0.414503
   -0.414486
   -0.414443
   -0.414498
   -0.412307
   -0.412093
   -0.411822
   -0.411771
   -0.412331
   -0.412250
   -0.412446
   -0.412326
   -0.412474
   -0.412298
   -0.412507
   -0.412264
   -0.413113
   -0.412728
   -0.413048
   -0.412715
   -0.412731
   -0.413351
   -0.413584
   -0.412524
   -0.413489
   -0.412455
   -0.412609
   -0.412521
   -0.412575
   -0.412555
   -0.412536
   -0.412594
   -0.412591
   -0.412669
   -0.412523
   -0.412687
   -0.410905
   -0.411908
   -0.411560
   -0.410443
   -0.411831
   -0.410658
   -0.410800
   -0.410636
   -0.410838
   -0.410598
   -0.410879
   -0.410558
   -0.411654
   -0.411258
   -0.411679
   -0.411238
   -0.410931
   -0.410455
   -0.410609
   -0.410411
   -0.410675
   -0.410526
   -0.410641
   -0.410600
   -0.410596
   -0.410645
   -0.410549
   -0.410690
   -0.410091
   -0.410316
   -0.410059
   -0.410342
   -0.420300
   -0.421032
   -0.420858
   -0.419503
   -0.420893
   -0.419384
   -0.419895
   -0.419675
   -0.419943
   -0.419626
   -0.419992
   -0.419580
   -0.420695
   -0.420148
   -0.420684
   -0.420120
   -0.401767
   -0.401075
   -0.401128
   -0.401220
   -0.401239
   -0.401437
   -0.401414
   -0.401438
   -0.401360
   -0.401493
   -0.401304
   -0.401544
   -0.400837
   -0.400963
   -0.400582
   -0.401000
   -0.416284
   -0.417150
   -0.416852
   -0.416093
   -0.417263
   -0.416306
   -0.416500
   -0.416223
   -0.416560
   -0.416162
   -0.416621
   -0.416107
   -0.417417
   -0.416362
   -0.417041
   -0.416319
   -0.414727
   -0.414696
   -0.414797
   -0.414501
   -0.414676
   -0.414461
   -0.414585
   -0.414668
   -0.414518
   -0.414656
   -0.414368
   -0.414719
   -0.414388
   -0.414441
   -0.413904
   -0.414494
   -0.411668
   -0.411999
   -0.411886
   -0.411739
   -0.412154
   -0.411892
   -0.412573
   -0.411386
   -0.411794
   -0.411069
   -0.411627
   -0.411000
   -0.412360
   -0.411374
   -0.412215
   -0.411312
   -0.441718
   -0.441555
   -0.441664
   -0.441500
   -0.441629
   -0.441772
   -0.441469
   -0.441447
   -0.441404
   -0.441447
   -0.441403
   -0.441436
   -0.441338
   -0.441560
   -0.441541
   -0.441631
   -0.462266
   -0.462441
   -0.462442
   -0.462133
   -0.462465
   -0.462502
   -0.462058
   -0.462131
   -0.462120
   -0.462133
   -0.462120
   -0.462144
   -0.461724
   -0.462201
   -0.462094
   -0.462003
   -0.441507
   -0.441210
   -0.441168
   -0.441212
   -0.441155
   -0.441263
   -0.441222
   -0.441271
   -0.441224
   -0.441268
   -0.441224
   -0.441258
   -0.441618
   -0.441846
   -0.441820
   -0.441857
   -0.461620
   -0.461717
   -0.461742
   -0.461376
   -0.461749
   -0.461762
   -0.461327
   -0.461332
   -0.461322
   -0.461337
   -0.461322
   -0.461345
   -0.460850
   -0.461317
   -0.461222
   -0.461240
   -0.441942
   -0.441778
   -0.439350
   -0.439372
   -0.441690
   -0.441949
   -0.441753
   -0.441802
   -0.441760
   -0.441796
   -0.441760
   -0.441790
   -0.442148
   -0.442318
   -0.442284
   -0.442334
   -0.463800
   -0.463968
   -0.460916
   -0.460948
   -0.463824
   -0.463833
   -0.463945
   -0.463961
   -0.463934
   -0.463971
   -0.463932
   -0.463977
   -0.463545
   -0.463471
   -0.463433
   -0.463454
   -0.435989
   -0.436026
   -0.435957
   -0.436007
   -0.435970
   -0.436240
   -0.435977
   -0.436023
   -0.435988
   -0.436014
   -0.435989
   -0.436010
   -0.435993
   -0.435951
   -0.435914
   -0.435969
   -0.463622
   -0.461996
   -0.460147
   -0.460144
   -0.463646
   -0.463636
   -0.463760
   -0.463771
   -0.463746
   -0.463784
   -0.463743
   -0.463788
   -0.463362
   -0.463487
   -0.463466
   -0.463467
   -0.442516
   -0.441677
   -0.442173
   -0.442502
   -0.441597
   -0.441925
   -0.441932
   -0.441979
   -0.441946
   -0.441967
   -0.441948
   -0.441965
   -0.442528
   -0.442496
   -0.442444
   -0.442519
   -0.463673
   -0.463255
   -0.460373
   -0.460761
   -0.462114
   -0.462513
   -0.462499
   -0.462523
   -0.462484
   -0.462536
   -0.462481
   -0.462537
   -0.463277
   -0.463307
   -0.463301
   -0.463283
   -0.442544
   -0.440257
   -0.440190
   -0.440184
   -0.440788
   -0.440771
   -0.440802
   -0.440827
   -0.440814
   -0.440815
   -0.440815
   -0.440816
   -0.442353
   -0.442379
   -0.442327
   -0.442405
   -0.462545
   -0.463481
   -0.461743
   -0.462227
   -0.461731
   -0.461645
   -0.463957
   -0.463983
   -0.463946
   -0.463994
   -0.463945
   -0.463991
   -0.464164
   -0.464106
   -0.464131
   -0.464077
   -0.442510
   -0.439862
   -0.439220
   -0.439192
   -0.439970
   -0.440791
   -0.439889
   -0.439930
   -0.439898
   -0.439921
   -0.439896
   -0.439928
   -0.441425
   -0.441584
   -0.441470
   -0.441619
   -0.465190
   -0.463787
   -0.460891
   -0.461121
   -0.463160
   -0.463292
   -0.462224
   -0.462240
   -0.462216
   -0.462248
   -0.462218
   -0.462241
   -0.463029
   -0.463153
   -0.463227
   -0.463117
   -0.435675
   -0.436296
   -0.436230
   -0.436381
   -0.435645
   -0.435800
   -0.436899
   -0.436961
   -0.436904
   -0.436370
   -0.436317
   -0.436379
   -0.436874
   -0.437161
   -0.436992
   -0.437203
   -0.463624
   -0.461593
   -0.459853
   -0.459837
   -0.460973
   -0.461651
   -0.462050
   -0.462367
   -0.462366
   -0.460620
   -0.460624
   -0.460610
   -0.460857
   -0.460850
   -0.460984
   -0.460805
   -0.445957
   -0.445796
   -0.445912
   -0.446359
   -0.445908
   -0.446330
   -0.446558
   -0.446726
   -0.446698
   -0.446725
   -0.446699
   -0.446727
   -0.446112
   -0.446083
   -0.446026
   -0.445943
   -0.480616
   -0.480925
   -0.480365
   -0.480752
   -0.480392
   -0.480569
   -0.480566
   -0.480559
   -0.480425
   -0.480559
   -0.480425
   -0.480556
   -0.476023
   -0.475974
   -0.476014
   -0.476408
   -0.438184
   -0.438082
   -0.437639
   -0.438126
   -0.437603
   -0.438140
   -0.438174
   -0.438162
   -0.438171
   -0.438162
   -0.438172
   -0.438165
   -0.442567
   -0.442495
   -0.442483
   -0.442497
   -0.482774
   -0.483085
   -0.483397
   -0.483792
   -0.483418
   -0.483614
   -0.483586
   -0.483757
   -0.483585
   -0.483760
   -0.483582
   -0.483761
   -0.478596
   -0.478610
   -0.478582
   -0.478758
   -0.438176
   -0.437962
   -0.439743
   -0.439663
   -0.438212
   -0.438082
   -0.438063
   -0.438030
   -0.438068
   -0.438022
   -0.438076
   -0.438017
   -0.442484
   -0.442484
   -0.442555
   -0.442475
   -0.478976
   -0.478952
   -0.480912
   -0.481117
   -0.479021
   -0.479208
   -0.478725
   -0.478910
   -0.478713
   -0.478925
   -0.478697
   -0.478938
   -0.474281
   -0.474840
   -0.474560
   -0.474855
   -0.437925
   -0.437812
   -0.437896
   -0.437837
   -0.437896
   -0.437768
   -0.437905
   -0.437852
   -0.437921
   -0.437832
   -0.437943
   -0.437812
   -0.437953
   -0.437931
   -0.438118
   -0.437908
   -0.474307
   -0.475391
   -0.476616
   -0.476804
   -0.474284
   -0.474471
   -0.473977
   -0.474182
   -0.473953
   -0.474210
   -0.473922
   -0.474238
   -0.469499
   -0.470082
   -0.469683
   -0.470112
   -0.447962
   -0.445914
   -0.445608
   -0.448034
   -0.446000
   -0.448435
   -0.448351
   -0.448282
   -0.448383
   -0.448244
   -0.448422
   -0.448209
   -0.448068
   -0.447931
   -0.448246
   -0.447895
   -0.481017
   -0.478290
   -0.480030
   -0.483097
   -0.478858
   -0.481954
   -0.481745
   -0.481967
   -0.481708
   -0.482010
   -0.481663
   -0.482051
   -0.476466
   -0.476936
   -0.476428
   -0.476977
   -0.436581
   -0.438044
   -0.438086
   -0.438200
   -0.437695
   -0.437792
   -0.437719
   -0.437630
   -0.437761
   -0.437581
   -0.437813
   -0.437532
   -0.441497
   -0.441121
   -0.441540
   -0.441074
   -0.483640
   -0.481271
   -0.482283
   -0.485915
   -0.482254
   -0.486312
   -0.484581
   -0.484812
   -0.484533
   -0.484868
   -0.484474
   -0.484924
   -0.479642
   -0.480346
   -0.479739
   -0.480400
   -0.437798
   -0.440067
   -0.440441
   -0.439857
   -0.439868
   -0.438920
   -0.439314
   -0.439214
   -0.439369
   -0.439151
   -0.439435
   -0.439088
   -0.443133
   -0.443249
   -0.443770
   -0.443189
   -0.479525
   -0.477250
   -0.479050
   -0.480919
   -0.477365
   -0.479644
   -0.479846
   -0.480081
   -0.479782
   -0.480154
   -0.479705
   -0.480227
   -0.474477
   -0.476308
   -0.475578
   -0.476377
   -0.437349
   -0.436993
   -0.436981
   -0.437559
   -0.437399
   -0.437931
   -0.437253
   -0.437128
   -0.437323
   -0.437429
   -0.437788
   -0.437348
   -0.437480
   -0.438050
   -0.438717
   -0.437972
   -0.476409
   -0.475757
   -0.476788
   -0.476920
   -0.475819
   -0.475901
   -0.474440
   -0.477047
   -0.476695
   -0.478276
   -0.477745
   -0.478363
   -0.472878
   -0.474257
   -0.473379
   -0.474344
   -0.430536
   -0.430674
   -0.430582
   -0.430722
   -0.430604
   -0.430119
   -0.430815
   -0.430984
   -0.430969
   -0.430977
   -0.430972
   -0.430974
   -0.431359
   -0.430765
   -0.430783
   -0.430620
   -0.456526
   -0.456342
   -0.456200
   -0.457238
   -0.456185
   -0.456099
   -0.457348
   -0.457121
   -0.457193
   -0.457129
   -0.457188
   -0.457134
   -0.456798
   -0.455593
   -0.455766
   -0.456025
   -0.423670
   -0.424353
   -0.424673
   -0.424347
   -0.424680
   -0.424322
   -0.424303
   -0.424321
   -0.424316
   -0.424313
   -0.424322
   -0.424306
   -0.424712
   -0.424092
   -0.424140
   -0.424082
   -0.462219
   -0.462090
   -0.461800
   -0.462882
   -0.461789
   -0.461738
   -0.462955
   -0.462905
   -0.462943
   -0.462913
   -0.462933
   -0.462924
   -0.462920
   -0.461771
   -0.461881
   -0.461927
   -0.415928
   -0.416405
   -0.434162
   -0.434162
   -0.416552
   -0.415946
   -0.416410
   -0.416387
   -0.416420
   -0.416380
   -0.416429
   -0.416368
   -0.416825
   -0.416292
   -0.416401
   -0.416275
   -0.447618
   -0.447268
   -0.469610
   -0.469566
   -0.447588
   -0.447562
   -0.447308
   -0.447278
   -0.447300
   -0.447285
   -0.447290
   -0.447298
   -0.446894
   -0.447217
   -0.447157
   -0.447236
   -0.430576
   -0.430564
   -0.430601
   -0.430570
   -0.430603
   -0.429975
   -0.430600
   -0.430562
   -0.430607
   -0.430554
   -0.430617
   -0.430541
   -0.430632
   -0.430662
   -0.430793
   -0.430642
   -0.442793
   -0.455681
   -0.469196
   -0.469166
   -0.442758
   -0.442743
   -0.442476
   -0.442457
   -0.442468
   -0.442465
   -0.442455
   -0.442481
   -0.442057
   -0.441824
   -0.441732
   -0.441846
   -0.424694
   -0.430568
   -0.426236
   -0.424795
   -0.430641
   -0.429187
   -0.429119
   -0.429050
   -0.429127
   -0.429040
   -0.429142
   -0.429022
   -0.424758
   -0.424735
   -0.424925
   -0.424711
   -0.446890
   -0.448781
   -0.470794
   -0.468888
   -0.457577
   -0.455692
   -0.455672
   -0.455691
   -0.455661
   -0.455704
   -0.455643
   -0.455725
   -0.446430
   -0.446567
   -0.446398
   -0.446596
   -0.412518
   -0.430067
   -0.430153
   -0.430219
   -0.425745
   -0.425787
   -0.425750
   -0.425645
   -0.425763
   -0.425629
   -0.425784
   -0.425605
   -0.417383
   -0.417144
   -0.417419
   -0.417113
   -0.456563
   -0.448896
   -0.462089
   -0.459817
   -0.462080
   -0.464249
   -0.446574
   -0.446639
   -0.446557
   -0.446661
   -0.446529
   -0.446691
   -0.441709
   -0.442089
   -0.441806
   -0.442129
   -0.411558
   -0.429903
   -0.434384
   -0.434693
   -0.426758
   -0.424680
   -0.427162
   -0.427002
   -0.427183
   -0.426974
   -0.427217
   -0.426939
   -0.418830
   -0.418081
   -0.418500
   -0.418035
   -0.440685
   -0.448152
   -0.470153
   -0.469032
   -0.449867
   -0.454689
   -0.457520
   -0.457615
   -0.457492
   -0.457651
   -0.457451
   -0.457693
   -0.448213
   -0.447802
   -0.447393
   -0.447855
   -0.434491
   -0.430050
   -0.430112
   -0.429663
   -0.434543
   -0.434027
   -0.425382
   -0.425197
   -0.425413
   -0.429560
   -0.429862
   -0.429515
   -0.425512
   -0.424285
   -0.424816
   -0.424229
   -0.445038
   -0.456713
   -0.469919
   -0.469937
   -0.458421
   -0.459409
   -0.449972
   -0.448579
   -0.448414
   -0.461836
   -0.461575
   -0.461885
   -0.456732
   -0.456794
   -0.456279
   -0.456856
   -0.433840
   -0.433970
   -0.433869
   -0.429622
   -0.433803
   -0.429922
   -0.429028
   -0.428623
   -0.428577
   -0.428629
   -0.428586
   -0.428611
   -0.432958
   -0.433335
   -0.433350
   -0.433779
   -0.452456
   -0.452207
   -0.453326
   -0.452366
   -0.453311
   -0.453135
   -0.452536
   -0.452846
   -0.452985
   -0.452844
   -0.452974
   -0.452860
   -0.453590
   -0.454265
   -0.453890
   -0.452917
   -0.426472
   -0.426258
   -0.430528
   -0.426236
   -0.430569
   -0.426254
   -0.426179
   -0.426236
   -0.426177
   -0.426240
   -0.426185
   -0.426229
   -0.425588
   -0.425998
   -0.425973
   -0.425998
   -0.461739
   -0.461463
   -0.457300
   -0.456322
   -0.457282
   -0.457093
   -0.456505
   -0.456351
   -0.456506
   -0.456347
   -0.456499
   -0.456356
   -0.461503
   -0.462128
   -0.461812
   -0.461675
   -0.429210
   -0.429465
   -0.430384
   -0.430513
   -0.428854
   -0.429337
   -0.429319
   -0.429392
   -0.429315
   -0.429398
   -0.429317
   -0.429395
   -0.428712
   -0.428727
   -0.428636
   -0.428736
   -0.452066
   -0.452686
   -0.453932
   -0.453712
   -0.452012
   -0.451819
   -0.452903
   -0.452732
   -0.452909
   -0.452723
   -0.452911
   -0.452721
   -0.453521
   -0.452407
   -0.452633
   -0.452393
   -0.425528
   -0.425725
   -0.425560
   -0.425703
   -0.425550
   -0.426050
   -0.425558
   -0.425662
   -0.425547
   -0.425676
   -0.425538
   -0.425687
   -0.425528
   -0.425266
   -0.425055
   -0.425289
   -0.456922
   -0.458691
   -0.459173
   -0.458950
   -0.457031
   -0.456827
   -0.457930
   -0.457730
   -0.457948
   -0.457708
   -0.457965
   -0.457688
   -0.458567
   -0.457708
   -0.458080
   -0.457677
   -0.415734
   -0.433916
   -0.433375
   -0.415454
   -0.433712
   -0.415780
   -0.416092
   -0.416236
   -0.416066
   -0.416267
   -0.416038
   -0.416299
   -0.415628
   -0.415520
   -0.415135
   -0.415560
   -0.442899
   -0.464652
   -0.466799
   -0.444546
   -0.465704
   -0.443457
   -0.443693
   -0.443445
   -0.443725
   -0.443407
   -0.443761
   -0.443366
   -0.443620
   -0.443128
   -0.443671
   -0.443081
   -0.428976
   -0.430647
   -0.430510
   -0.430191
   -0.430180
   -0.429867
   -0.430162
   -0.430340
   -0.430120
   -0.430388
   -0.430072
   -0.430442
   -0.428681
   -0.429171
   -0.428618
   -0.429229
   -0.452462
   -0.464719
   -0.466048
   -0.439434
   -0.466080
   -0.439828
   -0.438540
   -0.438274
   -0.438591
   -0.438217
   -0.438649
   -0.438153
   -0.438908
   -0.437819
   -0.438530
   -0.437752
   -0.428836
   -0.425274
   -0.425570
   -0.430069
   -0.424008
   -0.430064
   -0.428374
   -0.428587
   -0.428309
   -0.428657
   -0.428237
   -0.428736
   -0.426823
   -0.423091
   -0.422332
   -0.423172
   -0.443983
   -0.465497
   -0.467538
   -0.454168
   -0.464517
   -0.453758
   -0.452115
   -0.451797
   -0.452194
   -0.451713
   -0.452280
   -0.451619
   -0.452187
   -0.442513
   -0.443481
   -0.442419
   -0.431670
   -0.431307
   -0.431267
   -0.426932
   -0.431563
   -0.427301
   -0.426338
   -0.426612
   -0.426247
   -0.427089
   -0.426526
   -0.427199
   -0.426045
   -0.418149
   -0.417117
   -0.418259
   -0.444373
   -0.457109
   -0.458374
   -0.458215
   -0.456259
   -0.458678
   -0.459971
   -0.441962
   -0.442455
   -0.442996
   -0.443709
   -0.442875
   -0.444023
   -0.438521
   -0.439751
   -0.438399
   -0.431479
   -0.431430
   -0.431445
   -0.426960
   -0.431410
   -0.431383
   -0.426621
   -0.426423
   -0.426336
   -0.426417
   -0.426340
   -0.426421
   -0.426714
   -0.431196
   -0.431127
   -0.431458
   -0.454334
   -0.454452
   -0.454933
   -0.446184
   -0.454959
   -0.454975
   -0.446154
   -0.446444
   -0.446441
   -0.446448
   -0.446438
   -0.446443
   -0.446527
   -0.455338
   -0.455043
   -0.454504
   -0.440057
   -0.435640
   -0.436007
   -0.435658
   -0.435984
   -0.435675
   -0.435600
   -0.435682
   -0.435593
   -0.435681
   -0.435592
   -0.435689
   -0.435502
   -0.440011
   -0.439908
   -0.440003
   -0.454510
   -0.454564
   -0.454149
   -0.445364
   -0.454167
   -0.454160
   -0.445361
   -0.445346
   -0.445367
   -0.445348
   -0.445367
   -0.445341
   -0.445837
   -0.454609
   -0.454360
   -0.454332
   -0.437071
   -0.433006
   -0.430321
   -0.430397
   -0.432633
   -0.437147
   -0.432914
   -0.433032
   -0.432908
   -0.433030
   -0.432907
   -0.433038
   -0.432819
   -0.437080
   -0.436939
   -0.437078
   -0.455606
   -0.456156
   -0.452695
   -0.452669
   -0.455618
   -0.455581
   -0.456188
   -0.456140
   -0.456192
   -0.456145
   -0.456188
   -0.456142
   -0.456274
   -0.455651
   -0.455712
   -0.455653
   -0.425691
   -0.425815
   -0.425685
   -0.425814
   -0.425678
   -0.430228
   -0.425672
   -0.425829
   -0.425669
   -0.425823
   -0.425674
   -0.425826
   -0.425669
   -0.425549
   -0.425383
   -0.425549
   -0.460802
   -0.459590
   -0.457306
   -0.457277
   -0.460805
   -0.460768
   -0.461381
   -0.461331
   -0.461383
   -0.461338
   -0.461376
   -0.461338
   -0.461458
   -0.465248
   -0.465302
   -0.465250
   -0.430481
   -0.431540
   -0.431988
   -0.430315
   -0.431409
   -0.429754
   -0.429875
   -0.430039
   -0.429870
   -0.430033
   -0.429877
   -0.430032
   -0.430458
   -0.430341
   -0.430172
   -0.430340
   -0.454769
   -0.456671
   -0.453778
   -0.451854
   -0.455524
   -0.453575
   -0.453639
   -0.453568
   -0.453645
   -0.453574
   -0.453636
   -0.453578
   -0.454880
   -0.454818
   -0.454884
   -0.454820
   -0.429251
   -0.426988
   -0.426890
   -0.426700
   -0.427474
   -0.427324
   -0.427453
   -0.427618
   -0.427443
   -0.427616
   -0.427449
   -0.427613
   -0.428534
   -0.428712
   -0.428527
   -0.428712
   -0.458424
   -0.460765
   -0.459011
   -0.456734
   -0.459018
   -0.456108
   -0.458505
   -0.458426
   -0.458517
   -0.458427
   -0.458511
   -0.458432
   -0.459173
   -0.458798
   -0.458899
   -0.458797
   -0.437704
   -0.426227
   -0.425570
   -0.426024
   -0.417912
   -0.436048
   -0.418263
   -0.418459
   -0.418246
   -0.418463
   -0.418248
   -0.418462
   -0.419328
   -0.419191
   -0.418935
   -0.419196
   -0.468561
   -0.461117
   -0.458190
   -0.457054
   -0.447907
   -0.467562
   -0.445632
   -0.445514
   -0.445652
   -0.445507
   -0.445652
   -0.445506
   -0.446902
   -0.445968
   -0.446159
   -0.445960
   -0.430559
   -0.431169
   -0.431103
   -0.430793
   -0.430501
   -0.430272
   -0.431242
   -0.431472
   -0.431217
   -0.430903
   -0.430630
   -0.430906
   -0.431204
   -0.430763
   -0.430419
   -0.430776
   -0.467511
   -0.454313
   -0.452570
   -0.452556
   -0.441127
   -0.466871
   -0.442716
   -0.441022
   -0.441220
   -0.439263
   -0.439472
   -0.439261
   -0.440145
   -0.439507
   -0.439792
   -0.439492
   -0.430414
   -0.430257
   -0.430406
   -0.426266
   -0.430610
   -0.426857
   -0.430801
   -0.434902
   -0.434990
   -0.434917
   -0.434969
   -0.434936
   -0.434507
   -0.434890
   -0.434883
   -0.430682
   -0.456897
   -0.457071
   -0.448502
   -0.447901
   -0.448512
   -0.448670
   -0.447761
   -0.443690
   -0.443570
   -0.443679
   -0.443588
   -0.443664
   -0.443248
   -0.444057
   -0.448211
   -0.456667
   -0.431829
   -0.431340
   -0.430859
   -0.431340
   -0.430778
   -0.431258
   -0.431352
   -0.431274
   -0.431340
   -0.431284
   -0.431324
   -0.431297
   -0.431594
   -0.431968
   -0.431977
   -0.431963
   -0.455142
   -0.455305
   -0.455730
   -0.455127
   -0.455739
   -0.455898
   -0.454987
   -0.455124
   -0.454996
   -0.455116
   -0.455008
   -0.455108
   -0.454153
   -0.454999
   -0.459109
   -0.459207
   -0.431392
   -0.426704
   -0.430684
   -0.430585
   -0.431068
   -0.431350
   -0.426859
   -0.426780
   -0.426851
   -0.426787
   -0.426840
   -0.426794
   -0.427115
   -0.431656
   -0.431704
   -0.431649
   -0.456868
   -0.448640
   -0.456468
   -0.456637
   -0.456880
   -0.457052
   -0.448485
   -0.448638
   -0.448490
   -0.448635
   -0.448496
   -0.448634
   -0.448216
   -0.456761
   -0.456608
   -0.456772
   -0.434734
   -0.434615
   -0.434726
   -0.434619
   -0.434788
   -0.435063
   -0.434782
   -0.434687
   -0.434780
   -0.434686
   -0.434780
   -0.434681
   -0.434781
   -0.438864
   -0.439001
   -0.438848
   -0.456230
   -0.447760
   -0.455751
   -0.455920
   -0.455801
   -0.455980
   -0.447403
   -0.447577
   -0.447400
   -0.447584
   -0.447392
   -0.447597
   -0.447172
   -0.456190
   -0.455931
   -0.456213
   -0.432887
   -0.430374
   -0.430545
   -0.436984
   -0.430619
   -0.437032
   -0.432954
   -0.432822
   -0.432962
   -0.432809
   -0.432976
   -0.432790
   -0.433070
   -0.437042
   -0.437303
   -0.437016
   -0.458371
   -0.455605
   -0.455051
   -0.458122
   -0.455148
   -0.458222
   -0.458063
   -0.458237
   -0.458046
   -0.458259
   -0.458023
   -0.458285
   -0.457951
   -0.458272
   -0.457916
   -0.458304
   -0.426203
   -0.425826
   -0.425880
   -0.430014
   -0.425828
   -0.429934
   -0.425843
   -0.425711
   -0.425867
   -0.425683
   -0.425896
   -0.425651
   -0.426294
   -0.425982
   -0.426333
   -0.425946
   -0.461062
   -0.459576
   -0.459226
   -0.462841
   -0.459148
   -0.462699
   -0.462867
   -0.463049
   -0.462836
   -0.463084
   -0.462801
   -0.463122
   -0.462640
   -0.467241
   -0.466798
   -0.467282
   -0.431443
   -0.430919
   -0.430870
   -0.430242
   -0.430359
   -0.431213
   -0.429811
   -0.429659
   -0.429848
   -0.429619
   -0.429889
   -0.429576
   -0.430294
   -0.430478
   -0.430926
   -0.430435
   -0.459298
   -0.455615
   -0.455124
   -0.456976
   -0.454364
   -0.458007
   -0.455909
   -0.456145
   -0.455862
   -0.456194
   -0.455813
   -0.456245
   -0.455722
   -0.457423
   -0.456832
   -0.457474
   -0.425933
   -0.425999
   -0.426023
   -0.426559
   -0.426120
   -0.426588
   -0.426915
   -0.426703
   -0.426967
   -0.426570
   -0.426940
   -0.426514
   -0.427064
   -0.427691
   -0.428293
   -0.427636
   -0.462823
   -0.459850
   -0.459516
   -0.459636
   -0.458215
   -0.460612
   -0.457739
   -0.460367
   -0.460015
   -0.460185
   -0.459714
   -0.460246
   -0.459534
   -0.460771
   -0.460053
   -0.460830
   -0.436563
   -0.436529
   -0.436587
   -0.432012
   -0.436557
   -0.431372
   -0.437223
   -0.442268
   -0.442396
   -0.442267
   -0.442396
   -0.442272
   -0.442276
   -0.441589
   -0.441674
   -0.436447
   -0.466795
   -0.466710
   -0.456449
   -0.457556
   -0.456437
   -0.456393
   -0.457601
   -0.452406
   -0.452431
   -0.452405
   -0.452434
   -0.452399
   -0.452464
   -0.451248
   -0.456479
   -0.466722
   -0.435863
   -0.436345
   -0.436377
   -0.436340
   -0.436406
   -0.436355
   -0.436485
   -0.436349
   -0.436487
   -0.436352
   -0.436483
   -0.436358
   -0.436469
   -0.435779
   -0.435870
   -0.435797
   -0.466533
   -0.466508
   -0.466608
   -0.467752
   -0.466601
   -0.466586
   -0.467767
   -0.467756
   -0.467767
   -0.467753
   -0.467770
   -0.467749
   -0.467701
   -0.466507
   -0.471709
   -0.471656
   -0.436231
   -0.431513
   -0.437664
   -0.437533
   -0.436807
   -0.436081
   -0.431641
   -0.431500
   -0.431641
   -0.431503
   -0.431637
   -0.431508
   -0.431625
   -0.436084
   -0.436194
   -0.436098
   -0.466234
   -0.455871
   -0.467296
   -0.467266
   -0.466223
   -0.466199
   -0.455892
   -0.455877
   -0.455890
   -0.455875
   -0.455893
   -0.455873
   -0.455902
   -0.466209
   -0.466236
   -0.466198
   -0.443048
   -0.442943
   -0.443048
   -0.442948
   -0.443039
   -0.442345
   -0.443042
   -0.442921
   -0.443044
   -0.442923
   -0.443041
   -0.442925
   -0.443041
   -0.448087
   -0.448201
   -0.448095
   -0.466175
   -0.456415
   -0.467450
   -0.467379
   -0.466273
   -0.466206
   -0.455939
   -0.455889
   -0.455934
   -0.455888
   -0.455937
   -0.455886
   -0.455927
   -0.465629
   -0.465672
   -0.465623
   -0.436608
   -0.436417
   -0.436290
   -0.441697
   -0.436471
   -0.441860
   -0.436802
   -0.436684
   -0.436806
   -0.436686
   -0.436802
   -0.436687
   -0.436592
   -0.441631
   -0.441758
   -0.441635
   -0.466573
   -0.466083
   -0.467223
   -0.467541
   -0.466625
   -0.466949
   -0.467020
   -0.466962
   -0.467015
   -0.466961
   -0.467019
   -0.466959
   -0.466583
   -0.466534
   -0.466579
   -0.466531
   -0.431613
   -0.432403
   -0.432473
   -0.437582
   -0.432291
   -0.437383
   -0.432302
   -0.432206
   -0.432307
   -0.432209
   -0.432301
   -0.432213
   -0.431886
   -0.431782
   -0.431892
   -0.431784
   -0.471162
   -0.470401
   -0.471126
   -0.471506
   -0.471150
   -0.471749
   -0.470988
   -0.470911
   -0.470983
   -0.470908
   -0.470990
   -0.470904
   -0.470767
   -0.475860
   -0.475922
   -0.475860
   -0.435897
   -0.437925
   -0.438209
   -0.438081
   -0.438926
   -0.436462
   -0.438850
   -0.438776
   -0.438855
   -0.438779
   -0.438847
   -0.438783
   -0.438435
   -0.438428
   -0.438530
   -0.438424
   -0.464556
   -0.465428
   -0.466596
   -0.466713
   -0.467286
   -0.464927
   -0.467932
   -0.467867
   -0.467926
   -0.467864
   -0.467933
   -0.467862
   -0.467493
   -0.467609
   -0.467634
   -0.467617
   -0.432173
   -0.431904
   -0.431961
   -0.432010
   -0.432136
   -0.432167
   -0.431811
   -0.431721
   -0.431817
   -0.431936
   -0.432023
   -0.431937
   -0.431819
   -0.431856
   -0.432007
   -0.431844
   -0.470746
   -0.472582
   -0.473312
   -0.473197
   -0.474510
   -0.471139
   -0.473976
   -0.474257
   -0.474291
   -0.474890
   -0.474939
   -0.474890
   -0.474706
   -0.474782
   -0.474756
   -0.474798
   -0.435541
   -0.435702
   -0.435557
   -0.431350
   -0.434991
   -0.430679
   -0.434861
   -0.439153
   -0.439062
   -0.439152
   -0.439069
   -0.439142
   -0.438905
   -0.438860
   -0.438842
   -0.434649
   -0.458331
   -0.458143
   -0.449912
   -0.449921
   -0.449878
   -0.449749
   -0.450036
   -0.445716
   -0.445833
   -0.445716
   -0.445828
   -0.445725
   -0.446285
   -0.446055
   -0.450308
   -0.458670
   -0.435567
   -0.435736
   -0.435872
   -0.435726
   -0.436103
   -0.435941
   -0.435891
   -0.435938
   -0.435892
   -0.435941
   -0.435894
   -0.435935
   -0.435634
   -0.435567
   -0.435566
   -0.435556
   -0.460423
   -0.460291
   -0.460203
   -0.460247
   -0.460174
   -0.460071
   -0.460332
   -0.460236
   -0.460330
   -0.460234
   -0.460327
   -0.460241
   -0.460801
   -0.460580
   -0.464827
   -0.464792
   -0.435137
   -0.431062
   -0.435257
   -0.435293
   -0.435047
   -0.434992
   -0.430845
   -0.430873
   -0.430845
   -0.430877
   -0.430846
   -0.430873
   -0.430581
   -0.434711
   -0.434709
   -0.434701
   -0.458556
   -0.450060
   -0.458603
   -0.458506
   -0.458536
   -0.458445
   -0.450134
   -0.450043
   -0.450135
   -0.450039
   -0.450135
   -0.450041
   -0.450403
   -0.458725
   -0.458795
   -0.458734
   -0.440083
   -0.440096
   -0.440080
   -0.440097
   -0.439899
   -0.439834
   -0.439896
   -0.439921
   -0.439892
   -0.439929
   -0.439888
   -0.439932
   -0.439891
   -0.444133
   -0.444092
   -0.444129
   -0.459658
   -0.451213
   -0.459719
   -0.459637
   -0.460861
   -0.460772
   -0.452459
   -0.452365
   -0.452464
   -0.452355
   -0.452470
   -0.452350
   -0.452546
   -0.460745
   -0.460868
   -0.460745
   -0.434570
   -0.435415
   -0.435415
   -0.438767
   -0.435022
   -0.438393
   -0.434165
   -0.434204
   -0.434157
   -0.434216
   -0.434148
   -0.434226
   -0.434135
   -0.438426
   -0.438328
   -0.438430
   -0.457415
   -0.458419
   -0.458536
   -0.457392
   -0.458902
   -0.457764
   -0.457835
   -0.457753
   -0.457843
   -0.457741
   -0.457852
   -0.457731
   -0.457916
   -0.457779
   -0.457924
   -0.457774
   -0.431642
   -0.431679
   -0.431667
   -0.435890
   -0.432064
   -0.436292
   -0.432059
   -0.432102
   -0.432052
   -0.432112
   -0.432045
   -0.432121
   -0.431947
   -0.432035
   -0.431942
   -0.432039
   -0.463879
   -0.464421
   -0.464538
   -0.463165
   -0.464726
   -0.463374
   -0.463424
   -0.463332
   -0.463429
   -0.463324
   -0.463432
   -0.463317
   -0.463503
   -0.467579
   -0.467706
   -0.467578
   -0.435140
   -0.435145
   -0.435122
   -0.435374
   -0.435067
   -0.435004
   -0.435268
   -0.435334
   -0.435261
   -0.435342
   -0.435258
   -0.435350
   -0.435161
   -0.435051
   -0.434945
   -0.435051
   -0.457874
   -0.459022
   -0.459168
   -0.458421
   -0.459362
   -0.458228
   -0.458750
   -0.458625
   -0.458759
   -0.458615
   -0.458763
   -0.458607
   -0.458826
   -0.458232
   -0.458401
   -0.458233
   -0.432023
   -0.432026
   -0.432001
   -0.431828
   -0.431601
   -0.431448
   -0.431351
   -0.431444
   -0.431337
   -0.431467
   -0.431339
   -0.431480
   -0.431321
   -0.431059
   -0.430888
   -0.431060
   -0.463280
   -0.464093
   -0.464220
   -0.464104
   -0.465450
   -0.464842
   -0.465659
   -0.464652
   -0.464822
   -0.464662
   -0.464857
   -0.464648
   -0.464935
   -0.464488
   -0.464727
   -0.464486
   -0.419065
   -0.419053
   -0.419043
   -0.419142
   -0.419313
   -0.419650
   -0.419078
   -0.418897
   -0.418796
   -0.418899
   -0.418795
   -0.418907
   -0.418992
   -0.419321
   -0.419212
   -0.419593
   -0.415185
   -0.415393
   -0.415756
   -0.415510
   -0.415781
   -0.415939
   -0.415369
   -0.415779
   -0.415645
   -0.415781
   -0.415641
   -0.415779
   -0.415443
   -0.416005
   -0.415578
   -0.415180
   -0.415116
   -0.414952
   -0.414904
   -0.414974
   -0.414777
   -0.414870
   -0.414757
   -0.414884
   -0.414764
   -0.414882
   -0.414767
   -0.414883
   -0.414867
   -0.415190
   -0.415090
   -0.415172
   -0.418540
   -0.418724
   -0.418538
   -0.418275
   -0.418559
   -0.418704
   -0.418146
   -0.418269
   -0.418139
   -0.418272
   -0.418134
   -0.418272
   -0.418041
   -0.418608
   -0.418176
   -0.418347
   -0.411540
   -0.411657
   -0.411025
   -0.411088
   -0.411402
   -0.411701
   -0.411670
   -0.411778
   -0.411676
   -0.411777
   -0.411679
   -0.411778
   -0.411781
   -0.411810
   -0.411721
   -0.411790
   -0.415668
   -0.416416
   -0.415299
   -0.415461
   -0.415699
   -0.415841
   -0.416268
   -0.416393
   -0.416265
   -0.416393
   -0.416263
   -0.416391
   -0.416161
   -0.415732
   -0.415593
   -0.415751
   -0.414140
   -0.414175
   -0.414135
   -0.414186
   -0.414211
   -0.414501
   -0.414200
   -0.414304
   -0.414200
   -0.414306
   -0.414199
   -0.414311
   -0.414195
   -0.414031
   -0.413915
   -0.414015
   -0.410595
   -0.411116
   -0.410151
   -0.410320
   -0.410017
   -0.410168
   -0.410585
   -0.410714
   -0.410585
   -0.410712
   -0.410586
   -0.410708
   -0.410587
   -0.410357
   -0.410237
   -0.410373
   -0.419254
   -0.419269
   -0.419282
   -0.419036
   -0.419388
   -0.419177
   -0.419340
   -0.419477
   -0.419338
   -0.419480
   -0.419337
   -0.419486
   -0.419405
   -0.419285
   -0.419120
   -0.419272
   -0.415451
   -0.415669
   -0.415129
   -0.415244
   -0.415164
   -0.415257
   -0.415127
   -0.415241
   -0.415127
   -0.415240
   -0.415126
   -0.415236
   -0.415278
   -0.415381
   -0.415279
   -0.415397
   -0.415178
   -0.414935
   -0.414864
   -0.414660
   -0.414720
   -0.414559
   -0.414707
   -0.414856
   -0.414705
   -0.414858
   -0.414705
   -0.414864
   -0.414852
   -0.415025
   -0.414848
   -0.415011
   -0.418548
   -0.418896
   -0.418511
   -0.418613
   -0.418426
   -0.418418
   -0.418607
   -0.418705
   -0.418608
   -0.418705
   -0.418607
   -0.418699
   -0.418686
   -0.418487
   -0.418411
   -0.418501
   -0.411699
   -0.411029
   -0.410877
   -0.410966
   -0.410686
   -0.411662
   -0.410687
   -0.410833
   -0.410683
   -0.410836
   -0.410681
   -0.410846
   -0.410823
   -0.411001
   -0.410803
   -0.410991
   -0.416283
   -0.415993
   -0.415461
   -0.415584
   -0.415222
   -0.416207
   -0.415064
   -0.415126
   -0.415065
   -0.415127
   -0.415064
   -0.415117
   -0.415223
   -0.415237
   -0.415218
   -0.415248
   -0.414806
   -0.414974
   -0.414868
   -0.414968
   -0.414972
   -0.415125
   -0.415095
   -0.415293
   -0.415094
   -0.415216
   -0.415019
   -0.415229
   -0.415079
   -0.415300
   -0.415045
   -0.415290
   -0.410484
   -0.409846
   -0.409513
   -0.409616
   -0.408623
   -0.409860
   -0.408807
   -0.408774
   -0.408772
   -0.408551
   -0.408544
   -0.408538
   -0.408633
   -0.408584
   -0.408642
   -0.408593
   -0.428934
   -0.429693
   -0.429040
   -0.430105
   -0.430744
   -0.431629
   -0.430892
   -0.430656
   -0.430495
   -0.430615
   -0.430525
   -0.430594
   -0.431540
   -0.431601
   -0.431557
   -0.432037
   -0.455175
   -0.454549
   -0.455973
   -0.455527
   -0.455906
   -0.455651
   -0.455812
   -0.456140
   -0.456211
   -0.456178
   -0.456183
   -0.456198
   -0.455064
   -0.455115
   -0.454628
   -0.453780
   -0.420680
   -0.421301
   -0.420687
   -0.421214
   -0.420199
   -0.420574
   -0.420341
   -0.420523
   -0.420385
   -0.420491
   -0.420407
   -0.420476
   -0.420979
   -0.421050
   -0.420992
   -0.421038
   -0.443259
   -0.442771
   -0.443249
   -0.442907
   -0.443201
   -0.443018
   -0.443122
   -0.443045
   -0.443081
   -0.443074
   -0.443061
   -0.443088
   -0.442413
   -0.442466
   -0.441981
   -0.442027
   -0.423769
   -0.424708
   -0.423848
   -0.424204
   -0.424418
   -0.424659
   -0.424921
   -0.425056
   -0.424958
   -0.425030
   -0.424975
   -0.425019
   -0.425547
   -0.425146
   -0.425108
   -0.425136
   -0.451326
   -0.451867
   -0.451280
   -0.451047
   -0.451228
   -0.451107
   -0.452075
   -0.452048
   -0.452040
   -0.452072
   -0.452023
   -0.452084
   -0.451449
   -0.450621
   -0.450546
   -0.450633
   -0.420363
   -0.420709
   -0.420416
   -0.420657
   -0.420985
   -0.421140
   -0.421031
   -0.421096
   -0.421061
   -0.421076
   -0.421074
   -0.421066
   -0.421079
   -0.420611
   -0.420632
   -0.420598
   -0.438692
   -0.439381
   -0.438669
   -0.438540
   -0.435357
   -0.435323
   -0.436212
   -0.436256
   -0.436181
   -0.436275
   -0.436168
   -0.436287
   -0.436135
   -0.435381
   -0.435238
   -0.435397
   -0.430070
   -0.430022
   -0.429807
   -0.429826
   -0.430925
   -0.430862
   -0.431268
   -0.431281
   -0.431299
   -0.431262
   -0.431312
   -0.431249
   -0.431318
   -0.430783
   -0.430876
   -0.430764
   -0.456123
   -0.455613
   -0.455724
   -0.456048
   -0.454603
   -0.454996
   -0.454942
   -0.455029
   -0.454908
   -0.455052
   -0.454892
   -0.455068
   -0.454844
   -0.455053
   -0.454830
   -0.455079
   -0.421830
   -0.422002
   -0.421874
   -0.421518
   -0.420800
   -0.420389
   -0.420837
   -0.420808
   -0.420868
   -0.420789
   -0.420882
   -0.420773
   -0.420915
   -0.420774
   -0.420930
   -0.420746
   -0.443252
   -0.442978
   -0.443002
   -0.443471
   -0.442446
   -0.442968
   -0.442851
   -0.442985
   -0.442819
   -0.443006
   -0.442804
   -0.443022
   -0.442757
   -0.442566
   -0.442290
   -0.442599
   -0.424008
   -0.424158
   -0.424104
   -0.424059
   -0.424636
   -0.424578
   -0.424600
   -0.424509
   -0.424632
   -0.424490
   -0.424646
   -0.424473
   -0.424683
   -0.424543
   -0.424776
   -0.424508
   -0.451277
   -0.450918
   -0.450881
   -0.451187
   -0.450824
   -0.451225
   -0.451021
   -0.451207
   -0.450988
   -0.451227
   -0.450973
   -0.451245
   -0.450920
   -0.451390
   -0.451051
   -0.451430
   -0.420843
   -0.420865
   -0.420855
   -0.420915
   -0.421961
   -0.421973
   -0.422069
   -0.421934
   -0.422103
   -0.421918
   -0.422122
   -0.421898
   -0.422140
   -0.422014
   -0.422317
   -0.421969
   -0.437786
   -0.437597
   -0.437530
   -0.437637
   -0.434749
   -0.434973
   -0.434626
   -0.435165
   -0.434891
   -0.435198
   -0.434885
   -0.435220
   -0.434829
   -0.435301
   -0.434874
   -0.435354
   -0.485862
   -0.485972
   -0.485914
   -0.485859
   -0.484677
   -0.484490
   -0.484761
   -0.484809
   -0.484900
   -0.484802
   -0.484904
   -0.484798
   -0.484067
   -0.483873
   -0.484001
   -0.483738
   -0.565293
   -0.564920
   -0.564983
   -0.564846
   -0.564946
   -0.564718
   -0.565074
   -0.564750
   -0.564935
   -0.564758
   -0.564930
   -0.564763
   -0.565774
   -0.565479
   -0.565754
   -0.565877
   -0.480350
   -0.480490
   -0.480465
   -0.480449
   -0.480925
   -0.480860
   -0.480936
   -0.480844
   -0.480942
   -0.480837
   -0.480946
   -0.480833
   -0.480526
   -0.480327
   -0.480459
   -0.480328
   -0.562788
   -0.562456
   -0.562749
   -0.562633
   -0.562720
   -0.562502
   -0.562850
   -0.562663
   -0.562843
   -0.562671
   -0.562838
   -0.562675
   -0.563261
   -0.562969
   -0.563243
   -0.563100
   -0.477423
   -0.477384
   -0.477623
   -0.477588
   -0.477123
   -0.476978
   -0.477004
   -0.476904
   -0.477010
   -0.476898
   -0.477014
   -0.476894
   -0.476593
   -0.476518
   -0.476657
   -0.476521
   -0.559642
   -0.559121
   -0.559742
   -0.559537
   -0.559595
   -0.559418
   -0.559321
   -0.559166
   -0.559316
   -0.559171
   -0.559313
   -0.559176
   -0.559733
   -0.559875
   -0.559991
   -0.559874
   -0.480792
   -0.480745
   -0.480811
   -0.480728
   -0.480400
   -0.480225
   -0.480408
   -0.480285
   -0.480413
   -0.480281
   -0.480415
   -0.480276
   -0.480425
   -0.480400
   -0.480564
   -0.480400
   -0.558107
   -0.557718
   -0.558240
   -0.558070
   -0.560637
   -0.560478
   -0.560366
   -0.560227
   -0.560361
   -0.560232
   -0.560357
   -0.560239
   -0.560349
   -0.560442
   -0.560533
   -0.560444
   -0.485509
   -0.485434
   -0.485536
   -0.485521
   -0.484714
   -0.484690
   -0.484708
   -0.484543
   -0.484713
   -0.484540
   -0.484717
   -0.484532
   -0.484704
   -0.484629
   -0.484845
   -0.484627
   -0.564275
   -0.564139
   -0.564403
   -0.564253
   -0.565179
   -0.565034
   -0.565154
   -0.565050
   -0.565147
   -0.565054
   -0.565142
   -0.565065
   -0.565080
   -0.565030
   -0.565070
   -0.565034
   -0.480041
   -0.479994
   -0.480154
   -0.480126
   -0.480982
   -0.480946
   -0.480992
   -0.480797
   -0.480999
   -0.480794
   -0.481004
   -0.480782
   -0.480967
   -0.480715
   -0.480977
   -0.480711
   -0.562293
   -0.562123
   -0.562316
   -0.562180
   -0.562741
   -0.562640
   -0.562633
   -0.562559
   -0.562623
   -0.562565
   -0.562614
   -0.562582
   -0.562570
   -0.562710
   -0.562687
   -0.562718
   -0.477482
   -0.477563
   -0.477760
   -0.477593
   -0.477429
   -0.476963
   -0.477446
   -0.477230
   -0.477456
   -0.477224
   -0.477467
   -0.477204
   -0.477437
   -0.477127
   -0.477452
   -0.477118
   -0.559333
   -0.559397
   -0.559634
   -0.559514
   -0.559721
   -0.559311
   -0.559737
   -0.559701
   -0.559724
   -0.559708
   -0.559712
   -0.559732
   -0.559637
   -0.559701
   -0.559611
   -0.559713
   -0.480958
   -0.480772
   -0.480946
   -0.480768
   -0.480126
   -0.479921
   -0.480098
   -0.479842
   -0.480114
   -0.479858
   -0.480153
   -0.479832
   -0.480158
   -0.479774
   -0.480175
   -0.479760
   -0.558505
   -0.558659
   -0.558841
   -0.558738
   -0.561102
   -0.560632
   -0.561019
   -0.561014
   -0.560986
   -0.561101
   -0.561044
   -0.561133
   -0.560986
   -0.561140
   -0.560955
   -0.561157
   -0.445945
   -0.445561
   -0.445916
   -0.445429
   -0.433044
   -0.432639
   -0.432987
   -0.432952
   -0.433118
   -0.432962
   -0.433114
   -0.432966
   -0.424576
   -0.424441
   -0.424571
   -0.424306
   -0.488853
   -0.488963
   -0.488589
   -0.488635
   -0.488617
   -0.488595
   -0.488642
   -0.488430
   -0.488510
   -0.488422
   -0.488512
   -0.488420
   -0.497082
   -0.496983
   -0.497233
   -0.497408
   -0.438072
   -0.437762
   -0.438075
   -0.437792
   -0.442332
   -0.442109
   -0.442285
   -0.442124
   -0.442273
   -0.442130
   -0.442272
   -0.442132
   -0.437982
   -0.437849
   -0.437978
   -0.437861
   -0.481905
   -0.481949
   -0.481898
   -0.481897
   -0.481917
   -0.481865
   -0.481933
   -0.481852
   -0.481943
   -0.481848
   -0.481941
   -0.481848
   -0.486256
   -0.486159
   -0.486404
   -0.486295
   -0.441481
   -0.441076
   -0.441452
   -0.441234
   -0.437167
   -0.436995
   -0.437007
   -0.436861
   -0.436997
   -0.436863
   -0.436999
   -0.436863
   -0.432713
   -0.432725
   -0.432859
   -0.432734
   -0.480485
   -0.480188
   -0.480486
   -0.480447
   -0.480510
   -0.480434
   -0.480233
   -0.480133
   -0.480240
   -0.480133
   -0.480236
   -0.480134
   -0.484522
   -0.484710
   -0.484810
   -0.484704
   -0.438161
   -0.437946
   -0.438147
   -0.437963
   -0.433861
   -0.433708
   -0.433850
   -0.433714
   -0.433844
   -0.433713
   -0.433849
   -0.433711
   -0.433852
   -0.433860
   -0.434002
   -0.433864
   -0.473708
   -0.473374
   -0.473703
   -0.473643
   -0.499398
   -0.499318
   -0.499117
   -0.499022
   -0.499122
   -0.499025
   -0.499115
   -0.499028
   -0.499118
   -0.499325
   -0.499405
   -0.499322
   -0.441464
   -0.441364
   -0.441554
   -0.441425
   -0.432992
   -0.432881
   -0.432882
   -0.432739
   -0.432876
   -0.432737
   -0.432883
   -0.432733
   -0.432891
   -0.432884
   -0.433043
   -0.432887
   -0.480340
   -0.480410
   -0.480466
   -0.480257
   -0.489030
   -0.488812
   -0.488909
   -0.488809
   -0.488915
   -0.488811
   -0.488907
   -0.488816
   -0.488914
   -0.488827
   -0.488908
   -0.488824
   -0.433604
   -0.433419
   -0.433583
   -0.433576
   -0.442150
   -0.442149
   -0.442143
   -0.442008
   -0.442137
   -0.442005
   -0.442145
   -0.442000
   -0.442147
   -0.442001
   -0.442153
   -0.442006
   -0.477795
   -0.477792
   -0.477877
   -0.477624
   -0.482146
   -0.481892
   -0.482008
   -0.481898
   -0.482013
   -0.481901
   -0.482006
   -0.481906
   -0.482012
   -0.482055
   -0.482153
   -0.482049
   -0.441419
   -0.441239
   -0.441371
   -0.441270
   -0.437103
   -0.437007
   -0.437118
   -0.437011
   -0.437111
   -0.437010
   -0.437117
   -0.437007
   -0.437116
   -0.436988
   -0.437092
   -0.436999
   -0.480495
   -0.480511
   -0.480612
   -0.480414
   -0.480614
   -0.480415
   -0.480542
   -0.480403
   -0.480551
   -0.480403
   -0.480547
   -0.480405
   -0.480559
   -0.480355
   -0.480509
   -0.480341
   -0.442124
   -0.442001
   -0.442121
   -0.441985
   -0.433566
   -0.433434
   -0.433533
   -0.433450
   -0.433521
   -0.433450
   -0.433520
   -0.433452
   -0.433520
   -0.433422
   -0.433463
   -0.433442
   -0.478105
   -0.478047
   -0.478171
   -0.478030
   -0.499566
   -0.499426
   -0.499609
   -0.499341
   -0.499521
   -0.499329
   -0.499514
   -0.499325
   -0.499531
   -0.499288
   -0.499516
   -0.499264
