   -0.125656
   -0.183353
   -0.178068
   -0.350811
   -0.267207
   -0.350808
   -0.268677
   -0.326908
   -0.196222
   -0.265648
   -0.328201
   -0.342089
   -0.230441
   -0.128095
   -0.324238
   -0.415254
   -0.137921
   -0.180904
   -0.191118
   -0.339750
   -0.297216
   -0.348862
   -0.294630
   -0.348046
   -0.207887
   -0.267139
   -0.350944
   -0.471819
   -0.312875
   -0.145019
   -0.317327
   -0.426766
   -0.101395
   -0.138868
   -0.179568
   -0.285885
   -0.284311
   -0.302578
   -0.268314
   -0.321733
   -0.338998
   -0.087284
   -0.374885
   -0.351943
   -0.341687
   -0.468911
   -0.191761
   -0.302899
   -0.103465
   -0.137292
   -0.206724
   -0.280518
   -0.325090
   -0.320450
   -0.310787
   -0.356095
   -0.371382
   -0.091122
   -0.327140
   -0.394822
   -0.387137
   -0.493944
   -0.194139
   -0.282492
   -0.047294
   -0.079593
   -0.178285
   -0.252465
   -0.316459
   -0.310846
   -0.308204
   -0.317022
   -0.290865
   -0.371841
   -0.325362
   -0.407672
   -0.387583
   -0.413466
   -0.420048
   -0.310241
   -0.053951
   -0.095722
   -0.183713
   -0.281400
   -0.343458
   -0.348390
   -0.341168
   -0.355117
   -0.346427
   -0.409106
   -0.276916
   -0.365304
   -0.434989
   -0.404983
   -0.424510
   -0.338487
   -0.024908
   -0.069669
   -0.137787
   -0.244346
   -0.306623
   -0.321714
   -0.319065
   -0.346081
   -0.294939
   -0.442887
   -0.310547
   -0.317235
   -0.458755
   -0.386400
   -0.416447
   -0.335149
   -0.019642
   -0.085827
   -0.137621
   -0.277835
   -0.320587
   -0.341726
   -0.341263
   -0.369308
   -0.341000
   -0.477246
   -0.327054
   -0.358242
   -0.552379
   -0.380918
   -0.418161
   -0.397591
   -0.056584
   -0.122502
   -0.143195
   -0.200359
   -0.358232
   -0.349654
   -0.338770
   -0.259973
   -0.275897
   -0.335600
   -0.403383
   -0.399511
   -0.300466
   -0.470360
   -0.336400
   -0.404189
   -0.031355
   -0.115625
   -0.147343
   -0.234445
   -0.360668
   -0.367037
   -0.350524
   -0.280611
   -0.329351
   -0.385674
   -0.467102
   -0.402221
   -0.369779
   -0.494191
   -0.407531
   -0.438640
   -0.099230
   -0.183784
   -0.173964
   -0.235008
   -0.300124
   -0.334137
   -0.329259
   -0.304697
   -0.409158
   -0.250963
   -0.214343
   -0.277255
   -0.250217
   -0.415662
   -0.357635
   -0.351257
   -0.059856
   -0.172257
   -0.207817
   -0.299004
   -0.327827
   -0.362708
   -0.369753
   -0.353727
   -0.459549
   -0.306547
   -0.219615
   -0.275198
   -0.324857
   -0.437975
   -0.412448
   -0.387660
   -0.177282
   -0.264135
   -0.285339
   -0.283543
   -0.245069
   -0.276374
   -0.366333
   -0.361325
   -0.402462
   -0.370097
   -0.175126
    0.086048
   -0.236652
   -0.300801
   -0.406401
   -0.381025
   -0.136824
   -0.234117
   -0.339488
   -0.320124
   -0.291264
   -0.279982
   -0.422807
   -0.411274
   -0.462562
   -0.410609
   -0.169388
    0.051094
   -0.252799
   -0.327603
   -0.467054
   -0.412146
   -0.219966
   -0.290120
   -0.404084
   -0.287246
   -0.258133
   -0.185875
   -0.408568
   -0.428403
   -0.434331
   -0.298389
   -0.049853
    0.013026
    0.032292
   -0.127221
   -0.405296
   -0.473402
   -0.216453
   -0.269645
   -0.426112
   -0.298701
   -0.290732
   -0.182859
   -0.428047
   -0.443341
   -0.493598
   -0.334872
   -0.088138
   -0.027570
    0.022544
   -0.168647
   -0.493510
   -0.514794
   -0.198490
   -0.324485
   -0.279681
   -0.421629
   -0.393134
   -0.357176
   -0.339117
   -0.319853
   -0.196747
   -0.268559
   -0.237375
   -0.287992
   -0.204712
   -0.288532
   -0.430809
   -0.437085
   -0.235507
   -0.360742
   -0.329557
   -0.431332
   -0.458130
   -0.417648
   -0.404192
   -0.387568
   -0.264246
   -0.283714
   -0.314050
   -0.319306
   -0.239147
   -0.353421
   -0.460759
   -0.484699
   -0.234040
   -0.190028
   -0.303488
   -0.232546
   -0.203164
   -0.317145
   -0.284902
   -0.315460
   -0.248109
   -0.201583
   -0.268725
   -0.230882
   -0.320123
   -0.326290
   -0.187838
   -0.332279
   -0.265316
   -0.217567
   -0.349836
   -0.251236
   -0.236961
   -0.364890
   -0.341434
   -0.380066
   -0.353412
   -0.198865
   -0.303048
   -0.327301
   -0.412682
   -0.348535
   -0.190573
   -0.348281
   -0.150086
   -0.244703
   -0.261612
   -0.259116
   -0.261046
   -0.226752
   -0.277244
   -0.289304
   -0.367328
   -0.275689
   -0.180068
   -0.238611
   -0.405682
   -0.369952
   -0.346459
   -0.229418
   -0.238713
   -0.288647
   -0.249007
   -0.291190
   -0.291737
   -0.250575
   -0.295509
   -0.308816
   -0.407650
   -0.380061
   -0.174564
   -0.226084
   -0.459531
   -0.425002
   -0.375019
   -0.214982
   -0.272480
   -0.181710
   -0.181168
   -0.239705
   -0.216768
   -0.279888
   -0.277358
   -0.300587
   -0.309992
   -0.363053
   -0.258962
   -0.319192
   -0.392015
   -0.421370
   -0.369322
   -0.296453
   -0.323009
   -0.231454
   -0.210037
   -0.295087
   -0.257978
   -0.308940
   -0.313296
   -0.354299
   -0.345841
   -0.446110
   -0.265789
   -0.338121
   -0.470224
   -0.519163
   -0.413787
   -0.347471
   -0.248580
   -0.256633
   -0.197482
   -0.178461
   -0.219872
   -0.277947
   -0.296912
   -0.293513
   -0.268289
   -0.328841
   -0.404350
   -0.291516
   -0.276679
   -0.490641
   -0.429094
   -0.378104
   -0.246444
   -0.285948
   -0.229027
   -0.248186
   -0.271549
   -0.315932
   -0.367872
   -0.341279
   -0.334718
   -0.369168
   -0.502930
   -0.308667
   -0.318601
   -0.564194
   -0.549008
   -0.448714
   -0.095025
   -0.168396
   -0.222175
   -0.255218
   -0.213100
   -0.312485
   -0.322569
   -0.266965
   -0.280187
   -0.330566
   -0.397612
   -0.326170
   -0.338215
   -0.326152
   -0.480328
   -0.450771
   -0.158667
   -0.198549
   -0.260181
   -0.319689
   -0.269524
   -0.372450
   -0.388443
   -0.352206
   -0.339421
   -0.393397
   -0.450666
   -0.375842
   -0.443285
   -0.354708
   -0.597694
   -0.532286
   -0.146159
   -0.133807
   -0.281100
   -0.311315
   -0.280333
   -0.356627
   -0.299069
   -0.261096
   -0.338936
   -0.395436
   -0.345833
   -0.221720
   -0.310166
   -0.253386
   -0.369351
   -0.431440
   -0.183526
   -0.143795
   -0.316627
   -0.338953
   -0.359624
   -0.437707
   -0.391300
   -0.403393
   -0.416776
   -0.501250
   -0.365494
   -0.281614
   -0.321450
   -0.255325
   -0.416232
   -0.468207
   -0.086367
   -0.209900
   -0.317977
   -0.356600
   -0.389541
   -0.304294
   -0.312262
   -0.285756
   -0.433025
   -0.469454
   -0.446068
   -0.299316
   -0.011399
   -0.231168
   -0.277284
   -0.413978
   -0.093053
   -0.229822
   -0.309947
   -0.378491
   -0.472458
   -0.361810
   -0.392671
   -0.378639
   -0.526684
   -0.563553
   -0.510701
   -0.354571
    0.018598
   -0.235050
   -0.309350
   -0.490492
   -0.169115
   -0.236776
   -0.116764
   -0.260402
   -0.313870
   -0.283126
   -0.252036
   -0.169806
   -0.292121
   -0.218587
   -0.218163
   -0.161549
   -0.330238
   -0.316937
   -0.367037
   -0.361141
   -0.198662
   -0.224268
   -0.122622
   -0.308584
   -0.325390
   -0.332617
   -0.295575
   -0.191173
   -0.321493
   -0.229524
   -0.175945
   -0.082601
   -0.321335
   -0.362647
   -0.431910
   -0.406535
   -0.243354
   -0.133037
   -0.209432
   -0.178607
   -0.257571
   -0.332470
   -0.289081
   -0.194597
   -0.170460
   -0.259396
   -0.151906
   -0.215190
   -0.257597
   -0.259755
   -0.319430
   -0.386754
   -0.289008
   -0.155295
   -0.258919
   -0.216659
   -0.270351
   -0.366751
   -0.333524
   -0.215496
   -0.167793
   -0.272770
   -0.186888
   -0.204487
   -0.270381
   -0.247892
   -0.314420
   -0.420039
   -0.265060
   -0.267186
   -0.148979
   -0.129671
   -0.167948
   -0.091941
   -0.256439
   -0.236484
   -0.197925
   -0.099229
   -0.146209
   -0.239735
   -0.265536
   -0.359998
   -0.259086
   -0.171077
   -0.322559
   -0.272664
   -0.169522
   -0.134827
   -0.173205
   -0.091140
   -0.260959
   -0.253312
   -0.205575
   -0.124685
   -0.158780
   -0.179510
   -0.268731
   -0.409290
   -0.280527
   -0.200690
   -0.287927
   -0.136227
   -0.175687
   -0.219788
   -0.120193
   -0.215164
   -0.175808
   -0.217827
   -0.162265
   -0.181639
   -0.215528
   -0.193435
   -0.055265
   -0.333107
   -0.370595
   -0.398433
   -0.350261
   -0.159632
   -0.198461
   -0.181386
   -0.058224
   -0.190836
   -0.143310
   -0.208364
   -0.171485
   -0.181543
   -0.194161
   -0.164504
   -0.030749
   -0.354270
   -0.412163
   -0.421921
   -0.322249
   -0.304109
   -0.157017
   -0.071596
   -0.037285
   -0.123702
   -0.162230
   -0.248271
   -0.254504
   -0.240465
   -0.221640
   -0.146096
   -0.236110
   -0.160915
   -0.379736
   -0.378026
   -0.345850
   -0.342556
   -0.184660
   -0.064755
   -0.059833
   -0.121519
   -0.184833
   -0.243029
   -0.227767
   -0.225655
   -0.226347
   -0.144696
   -0.200485
   -0.187141
   -0.427054
   -0.398957
   -0.274302
   -0.276071
   -0.222913
   -0.078875
   -0.002523
   -0.090721
   -0.244335
   -0.223136
   -0.282719
   -0.260924
   -0.246997
   -0.206279
   -0.241438
   -0.181271
   -0.410625
   -0.378331
   -0.318306
   -0.257439
   -0.224534
   -0.059005
   -0.011625
   -0.090524
   -0.218109
   -0.228512
   -0.269489
   -0.270524
   -0.297206
   -0.256954
   -0.202132
   -0.135987
   -0.404151
   -0.448693
   -0.318517
   -0.145956
   -0.102990
   -0.078323
   -0.161695
   -0.154258
   -0.187703
   -0.341292
   -0.252138
   -0.234608
   -0.258072
   -0.340885
   -0.282144
   -0.207317
   -0.215581
   -0.352263
   -0.344962
   -0.184496
   -0.108070
   -0.085162
   -0.168201
   -0.184269
   -0.188036
   -0.336550
   -0.241297
   -0.262469
   -0.308802
   -0.405529
   -0.271727
   -0.211094
   -0.187527
   -0.391515
   -0.302407
   -0.222363
   -0.085112
   -0.109354
   -0.189579
   -0.277049
   -0.297191
   -0.267274
   -0.254465
   -0.304941
   -0.413224
   -0.406026
   -0.221671
   -0.215833
   -0.129140
   -0.167865
   -0.239410
   -0.259963
   -0.071094
   -0.116645
   -0.194685
   -0.309850
   -0.362630
   -0.308721
   -0.264072
   -0.347946
   -0.450295
   -0.453375
   -0.263267
   -0.239876
   -0.061921
   -0.123277
   -0.223633
   -0.010663
    0.016626
   -0.173090
    0.017346
   -0.087338
   -0.326040
   -0.305173
   -0.426898
   -0.341277
   -0.313572
   -0.108728
   -0.301784
   -0.069022
   -0.213178
   -0.271395
   -0.225745
    0.002689
    0.069065
   -0.183151
    0.024765
   -0.115052
   -0.307898
   -0.269475
   -0.395212
   -0.380039
   -0.327629
   -0.072636
   -0.325137
   -0.058137
   -0.169395
   -0.334628
   -0.220076
   -0.119708
   -0.158234
   -0.111403
   -0.239591
   -0.297236
   -0.260685
   -0.332292
   -0.290844
   -0.413562
   -0.217170
   -0.209866
   -0.113420
   -0.276573
   -0.314973
   -0.383923
   -0.216056
   -0.122030
   -0.150237
   -0.101138
   -0.238834
   -0.279663
   -0.272248
   -0.315839
   -0.255741
   -0.446408
   -0.250119
   -0.191959
   -0.049754
   -0.251879
   -0.317360
   -0.425214
   -0.114337
   -0.236525
   -0.151324
   -0.090128
   -0.173230
   -0.163672
   -0.360428
   -0.312538
   -0.315844
   -0.315420
   -0.279667
   -0.192208
   -0.185322
   -0.252622
   -0.266471
   -0.310206
   -0.094852
   -0.230670
   -0.207172
   -0.121593
   -0.179070
   -0.174348
   -0.388782
   -0.330249
   -0.345225
   -0.289812
   -0.295950
   -0.181736
   -0.124396
   -0.229669
   -0.291890
   -0.287350
   -0.094471
   -0.181489
   -0.215237
   -0.174558
   -0.071702
   -0.130684
   -0.132856
   -0.276240
   -0.288046
   -0.227512
   -0.296307
   -0.149466
   -0.206583
   -0.201678
   -0.347087
   -0.292578
   -0.088419
   -0.176451
   -0.200816
   -0.167013
   -0.068795
   -0.133777
   -0.089635
   -0.303691
   -0.310349
   -0.189310
   -0.304086
   -0.145051
   -0.127002
   -0.101814
   -0.363150
   -0.327021
   -0.196055
   -0.213285
   -0.118973
   -0.178756
   -0.219966
   -0.142278
   -0.115643
   -0.156406
   -0.189391
   -0.233030
   -0.182599
   -0.331973
   -0.246118
   -0.005047
   -0.242865
   -0.376299
   -0.227946
   -0.230649
   -0.098673
   -0.157117
   -0.176967
   -0.101596
   -0.097213
   -0.111389
   -0.153784
   -0.242430
   -0.169885
   -0.305498
   -0.211532
    0.015815
   -0.197969
   -0.396250
   -0.221638
   -0.216353
   -0.233583
   -0.163709
   -0.070718
   -0.081656
   -0.075819
   -0.048562
   -0.181919
   -0.157413
   -0.314928
   -0.283566
   -0.256143
   -0.282914
   -0.106256
   -0.293999
   -0.170129
   -0.154267
   -0.253468
   -0.131440
   -0.060838
   -0.098151
   -0.100766
   -0.053463
   -0.200198
   -0.148101
   -0.281649
   -0.243461
   -0.224652
   -0.283143
   -0.058076
   -0.309501
   -0.210567
   -0.134271
   -0.200983
   -0.200798
   -0.170374
   -0.058906
   -0.095878
   -0.144621
   -0.120506
   -0.230870
   -0.252674
   -0.287787
   -0.280851
   -0.281984
   -0.225764
   -0.336766
   -0.173906
   -0.159431
   -0.201217
   -0.165881
   -0.128455
   -0.020580
   -0.051272
   -0.089772
   -0.114584
   -0.192703
   -0.242616
   -0.295143
   -0.314539
   -0.288664
   -0.185030
   -0.275212
   -0.262254
   -0.229133
   -0.154675
   -0.036208
   -0.046428
   -0.186189
   -0.211080
   -0.153057
   -0.206033
   -0.163474
   -0.169677
   -0.186144
   -0.327377
   -0.405193
   -0.328106
   -0.261000
   -0.286296
   -0.316498
   -0.121338
   -0.047302
   -0.004589
   -0.170037
   -0.208270
   -0.128015
   -0.199166
   -0.132101
   -0.167147
   -0.218759
   -0.387936
   -0.423246
   -0.333101
   -0.232585
   -0.399973
   -0.246068
   -0.024871
   -0.194989
   -0.107442
    0.038835
   -0.192499
   -0.319276
   -0.172178
   -0.402013
   -0.446586
   -0.378080
   -0.227334
   -0.239183
   -0.092240
   -0.174748
   -0.431322
   -0.173642
    0.070330
   -0.140627
   -0.089542
    0.086447
   -0.188332
   -0.315779
   -0.203294
   -0.463632
   -0.476341
   -0.409614
   -0.261746
   -0.231883
   -0.074030
   -0.170055
   -0.359758
   -0.243633
   -0.253170
    0.032435
   -0.167081
   -0.203938
    0.087248
   -0.328587
   -0.276865
   -0.363595
   -0.457567
   -0.301546
   -0.280470
   -0.153310
   -0.226007
   -0.093514
   -0.290861
   -0.234416
   -0.253264
    0.112769
   -0.177875
   -0.227740
    0.098495
   -0.355296
   -0.295088
   -0.405110
   -0.491772
   -0.378250
   -0.291199
   -0.146061
   -0.272105
   -0.075881
   -0.205690
   -0.368853
   -0.175187
   -0.160669
   -0.255510
   -0.179905
   -0.346571
   -0.293801
   -0.318432
   -0.352871
   -0.328603
   -0.374166
   -0.136714
   -0.244090
   -0.170631
   -0.343724
   -0.134709
   -0.361971
   -0.181368
   -0.169201
   -0.196217
   -0.191877
   -0.405428
   -0.278643
   -0.359176
   -0.385751
   -0.364731
   -0.443368
   -0.166797
   -0.177608
   -0.179510
   -0.349868
   -0.143970
   -0.178977
   -0.228445
   -0.194524
   -0.164342
   -0.211007
   -0.169831
   -0.360482
   -0.367124
   -0.351726
   -0.364766
   -0.258867
   -0.311527
   -0.189412
   -0.302049
   -0.246746
   -0.115056
   -0.200085
   -0.216612
   -0.221875
   -0.187855
   -0.240370
   -0.216724
   -0.372044
   -0.396449
   -0.386710
   -0.373679
   -0.285323
   -0.372203
   -0.120080
   -0.260885
   -0.272755
   -0.127481
   -0.056402
   -0.119003
   -0.229978
   -0.230595
   -0.140614
   -0.168306
   -0.229564
   -0.193638
   -0.346995
   -0.319228
   -0.332294
   -0.230571
   -0.254188
   -0.246646
   -0.287711
   -0.108797
   -0.042040
   -0.140258
   -0.251077
   -0.240674
   -0.170336
   -0.155411
   -0.201392
   -0.214443
   -0.397892
   -0.301160
   -0.365043
   -0.250800
   -0.239814
   -0.176355
   -0.298798
   -0.124908
   -0.140433
   -0.186283
   -0.171613
   -0.143317
   -0.224920
   -0.156363
   -0.139726
   -0.273051
   -0.157343
   -0.282323
   -0.268856
   -0.325553
   -0.346721
   -0.076610
   -0.218866
   -0.090302
   -0.127253
   -0.178323
   -0.164522
   -0.202961
   -0.261806
   -0.181071
   -0.105883
   -0.267778
   -0.150212
   -0.229618
   -0.278269
   -0.307830
   -0.373365
   -0.074629
   -0.212800
   -0.153893
   -0.146850
   -0.192714
   -0.172568
   -0.218562
   -0.126269
   -0.114595
   -0.032506
   -0.120627
   -0.240554
   -0.235424
   -0.214683
   -0.315227
   -0.238296
   -0.341301
   -0.130838
   -0.088932
   -0.124913
   -0.184801
   -0.201021
   -0.249798
   -0.124975
   -0.127910
   -0.053632
   -0.113485
   -0.234811
   -0.206384
   -0.197110
   -0.326278
   -0.281867
   -0.381532
   -0.103437
   -0.275278
   -0.237272
   -0.190186
   -0.156953
   -0.164228
   -0.161738
   -0.082198
    0.015316
   -0.185942
   -0.167996
   -0.201206
   -0.261839
   -0.269960
   -0.269351
   -0.310580
   -0.320111
   -0.281302
   -0.217199
   -0.181149
   -0.213181
   -0.174365
   -0.191906
   -0.043565
    0.063199
   -0.186564
   -0.142068
   -0.157948
   -0.223717
   -0.283520
   -0.314918
   -0.411087
   -0.396500
   -0.467071
   -0.464023
   -0.289442
   -0.201710
   -0.053073
    0.159774
   -0.145023
   -0.291202
   -0.231864
   -0.320945
   -0.370155
   -0.442879
   -0.302512
   -0.412550
   -0.345623
   -0.254247
   -0.567014
   -0.539800
   -0.299804
   -0.168774
   -0.066732
    0.178839
   -0.153065
   -0.254401
   -0.246506
   -0.388461
   -0.411391
   -0.497941
   -0.340037
   -0.460751
   -0.370472
   -0.239032
   -0.436983
   -0.390538
   -0.373813
   -0.102813
   -0.038438
   -0.157871
    0.135789
   -0.097377
   -0.341064
   -0.107828
   -0.373476
   -0.462769
   -0.464657
   -0.180223
   -0.342483
    0.033626
   -0.496541
   -0.428612
   -0.394944
   -0.027127
   -0.011023
   -0.180686
    0.186146
   -0.125027
   -0.351287
   -0.111015
   -0.437227
   -0.524778
   -0.525729
   -0.211011
   -0.330554
    0.065945
   -0.400313
   -0.425401
   -0.287948
   -0.286521
   -0.185560
    0.064257
   -0.244663
   -0.003772
   -0.152366
   -0.274111
   -0.282920
   -0.476308
   -0.395811
   -0.331168
   -0.255640
   -0.309356
   -0.424213
   -0.421481
   -0.219631
   -0.278371
   -0.144292
    0.066682
   -0.277512
    0.023021
   -0.139182
   -0.329040
   -0.298937
   -0.507652
   -0.480218
   -0.372643
   -0.254072
   -0.373060
   -0.372213
   -0.269021
   -0.302592
   -0.257815
   -0.148298
   -0.273912
   -0.113358
   -0.240093
   -0.244999
   -0.293098
   -0.369394
   -0.334929
   -0.420587
   -0.315553
   -0.155839
   -0.171022
   -0.442865
   -0.228610
   -0.288868
   -0.259258
   -0.125886
   -0.282925
   -0.130827
   -0.293077
   -0.233227
   -0.362960
   -0.395974
   -0.357032
   -0.467630
   -0.390454
   -0.151291
   -0.196959
   -0.374576
   -0.280326
   -0.260524
   -0.173137
   -0.260055
   -0.218238
   -0.210815
   -0.173422
   -0.283566
   -0.367523
   -0.372612
   -0.351751
   -0.380068
   -0.258128
   -0.309024
   -0.134163
   -0.352364
   -0.252259
   -0.268057
   -0.179903
   -0.261786
   -0.238515
   -0.242320
   -0.242546
   -0.297238
   -0.398641
   -0.423085
   -0.375058
   -0.395555
   -0.325549
   -0.324849
   -0.133073
   -0.326852
   -0.332354
   -0.156081
   -0.135556
   -0.186586
   -0.291507
   -0.190944
   -0.180701
   -0.249646
   -0.175224
   -0.366331
   -0.305854
   -0.296675
   -0.363551
   -0.233447
   -0.328923
   -0.353110
   -0.313252
   -0.139769
   -0.174213
   -0.188870
   -0.292212
   -0.224675
   -0.195975
   -0.235083
   -0.192988
   -0.378844
   -0.341974
   -0.329245
   -0.412115
   -0.255632
   -0.343983
   -0.237134
   -0.154902
   -0.222633
   -0.187148
   -0.202381
   -0.181598
   -0.285396
   -0.237550
   -0.091754
   -0.269163
   -0.090950
   -0.255243
   -0.331988
   -0.216915
   -0.410723
   -0.191187
   -0.224315
   -0.124668
   -0.212293
   -0.218208
   -0.213368
   -0.198011
   -0.303229
   -0.218971
   -0.125982
   -0.281637
   -0.106771
   -0.256226
   -0.305622
   -0.214335
   -0.439514
   -0.199618
   -0.248337
   -0.167510
   -0.161266
   -0.232441
   -0.190008
   -0.269220
   -0.243457
   -0.189863
   -0.143596
   -0.114303
   -0.225164
   -0.266278
   -0.170691
   -0.267281
   -0.279721
   -0.325032
   -0.267882
   -0.161979
   -0.141613
   -0.236630
   -0.245542
   -0.321166
   -0.217473
   -0.164131
   -0.175301
   -0.141958
   -0.270731
   -0.253833
   -0.111863
   -0.264963
   -0.329120
   -0.372680
   -0.398094
   -0.545729
   -0.504077
   -0.397908
   -0.108970
    0.158839
   -0.069491
   -0.204795
   -0.164484
   -0.282773
   -0.313558
   -0.293103
   -0.385923
   -0.364349
   -0.396909
   -0.314484
   -0.429471
   -0.664933
   -0.643389
   -0.436779
   -0.081517
    0.151771
   -0.056947
   -0.193288
   -0.221238
   -0.292076
   -0.330547
   -0.339201
   -0.408619
   -0.357085
   -0.432678
   -0.353243
   -0.474501
   -0.501175
   -0.450151
   -0.423140
   -0.164719
   -0.131506
    0.101001
    0.040216
   -0.265675
   -0.264604
   -0.273124
   -0.383674
   -0.308719
   -0.351255
   -0.257299
   -0.277251
   -0.635087
   -0.648573
   -0.554149
   -0.479051
   -0.175196
   -0.098903
    0.117868
    0.081787
   -0.276565
   -0.247494
   -0.303737
   -0.400619
   -0.328171
   -0.344976
   -0.296883
   -0.316743
   -0.508575
   -0.428345
   -0.407301
   -0.393301
   -0.246272
    0.049865
   -0.181934
    0.060670
    0.005988
   -0.278223
   -0.215731
   -0.263948
   -0.425273
   -0.395332
   -0.295470
   -0.225600
   -0.666120
   -0.540604
   -0.476047
   -0.403156
   -0.200390
    0.093373
   -0.138472
    0.098471
    0.008099
   -0.313601
   -0.268619
   -0.262894
   -0.483466
   -0.482922
   -0.328718
   -0.257258
   -0.429958
   -0.389532
   -0.435123
   -0.343863
   -0.243439
   -0.262192
    0.056092
   -0.150751
   -0.067991
    0.058240
   -0.319474
   -0.181112
   -0.397930
   -0.408337
   -0.307712
   -0.269959
   -0.544408
   -0.391027
   -0.445284
   -0.299489
   -0.174815
   -0.254566
    0.139249
   -0.217891
   -0.070972
    0.074449
   -0.375488
   -0.174764
   -0.401790
   -0.502808
   -0.331454
   -0.304328
   -0.456663
   -0.439276
   -0.287776
   -0.250964
   -0.340760
   -0.168929
   -0.177984
   -0.093702
   -0.198750
   -0.175347
   -0.253130
   -0.387927
   -0.340564
   -0.359942
   -0.314395
   -0.175301
   -0.548302
   -0.499258
   -0.334733
   -0.239866
   -0.286942
   -0.161425
   -0.172854
   -0.130201
   -0.201520
   -0.220148
   -0.297633
   -0.399746
   -0.356762
   -0.392755
   -0.371055
   -0.194774
   -0.457114
   -0.426001
   -0.345231
   -0.257964
   -0.175024
   -0.189421
   -0.214965
   -0.175986
   -0.166041
   -0.188938
   -0.417384
   -0.318528
   -0.371884
   -0.346152
   -0.287999
   -0.206775
   -0.488343
   -0.407166
   -0.339835
   -0.294870
   -0.121065
   -0.177045
   -0.259475
   -0.219627
   -0.190501
   -0.244916
   -0.445752
   -0.350659
   -0.432028
   -0.337581
   -0.326289
   -0.252686
   -0.286517
   -0.350566
   -0.346829
   -0.281481
   -0.105983
   -0.137904
   -0.256940
   -0.265514
   -0.114004
   -0.278931
   -0.140925
   -0.362145
   -0.320734
   -0.307007
   -0.240262
   -0.256262
   -0.308534
   -0.326754
   -0.319902
   -0.267020
   -0.113195
   -0.154968
   -0.262282
   -0.247808
   -0.154218
   -0.278759
   -0.130308
   -0.406215
   -0.358139
   -0.314813
   -0.287075
   -0.292856
   -0.318224
   -0.229921
   -0.150749
   -0.187940
   -0.228358
   -0.215041
   -0.165331
   -0.242882
   -0.251870
   -0.138427
   -0.243329
   -0.161238
   -0.266894
   -0.240981
   -0.261847
   -0.231440
   -0.331126
   -0.214737
   -0.164797
   -0.181473
   -0.284510
   -0.285580
   -0.177296
   -0.278834
   -0.246773
   -0.145356
   -0.265928
   -0.183216
   -0.264834
   -0.248414
   -0.241699
   -0.212072
    0.059357
   -0.355176
   -0.465510
   -0.454045
   -0.309084
   -0.057360
   -0.077775
   -0.213923
   -0.195738
   -0.089973
   -0.162904
   -0.205614
   -0.379831
   -0.308657
   -0.384140
   -0.429651
    0.175305
   -0.287367
   -0.527640
   -0.588504
   -0.327192
   -0.062735
   -0.068284
   -0.220828
   -0.222374
   -0.076862
   -0.197835
   -0.235434
   -0.403883
   -0.316035
   -0.392413
   -0.477384
   -0.280784
   -0.411079
   -0.441187
   -0.566359
   -0.469823
   -0.278521
    0.024095
    0.028368
   -0.173512
   -0.086535
   -0.229887
   -0.197561
   -0.232172
   -0.346253
   -0.309982
   -0.455689
   -0.313401
   -0.419226
   -0.519937
   -0.678630
   -0.553406
   -0.240297
    0.005131
    0.055124
   -0.151901
   -0.137493
   -0.253726
   -0.192461
   -0.223650
   -0.380260
   -0.362807
   -0.472678
   -0.428434
   -0.481707
   -0.499942
   -0.443782
   -0.450374
   -0.293530
   -0.198693
    0.012355
    0.117212
   -0.222223
   -0.253731
   -0.187301
   -0.295283
   -0.257412
   -0.375938
   -0.268519
   -0.530742
   -0.596067
   -0.654677
   -0.564178
   -0.537791
   -0.329513
   -0.177059
    0.029146
    0.150413
   -0.244861
   -0.269918
   -0.185353
   -0.276068
   -0.260129
   -0.415077
   -0.293715
   -0.447950
   -0.454905
   -0.482507
   -0.446258
   -0.401715
   -0.295336
   -0.069357
   -0.124867
   -0.014369
    0.081322
   -0.165992
   -0.207840
   -0.174255
   -0.260351
   -0.452235
   -0.417837
   -0.492135
   -0.606008
   -0.607559
   -0.519192
   -0.430703
   -0.320422
    0.038566
   -0.097681
   -0.009812
    0.127604
   -0.195127
   -0.262421
   -0.173908
   -0.238775
   -0.465281
   -0.469311
   -0.485466
   -0.503764
   -0.341026
   -0.416522
   -0.449172
   -0.279842
   -0.296558
   -0.063186
   -0.059700
   -0.121474
    0.107712
   -0.264384
   -0.065486
   -0.257847
   -0.307912
   -0.427667
   -0.574087
   -0.583452
   -0.390461
   -0.433243
   -0.412456
   -0.230727
   -0.260585
   -0.021277
   -0.047464
   -0.168552
    0.120048
   -0.279341
   -0.075967
   -0.277676
   -0.307255
   -0.458395
   -0.474111
   -0.457994
   -0.433219
   -0.345721
   -0.280276
   -0.329094
   -0.232457
   -0.155579
   -0.181456
   -0.114222
   -0.213385
   -0.100647
   -0.331168
   -0.239779
   -0.286517
   -0.243948
   -0.533509
   -0.519946
   -0.533056
   -0.386471
   -0.245705
   -0.331404
   -0.253338
   -0.155141
   -0.194659
   -0.123411
   -0.228824
   -0.153224
   -0.365035
   -0.245883
   -0.285457
   -0.252358
   -0.405084
   -0.452494
   -0.410977
   -0.400526
   -0.315559
   -0.216903
   -0.168154
   -0.212481
   -0.171375
   -0.228608
   -0.140865
   -0.362615
   -0.181320
   -0.380842
   -0.183294
   -0.235721
   -0.423894
   -0.479860
   -0.426682
   -0.372349
   -0.301114
   -0.217982
   -0.191467
   -0.235087
   -0.220347
   -0.219327
   -0.148339
   -0.421744
   -0.258417
   -0.427690
   -0.210416
   -0.272586
   -0.373707
   -0.307550
   -0.332796
   -0.345885
   -0.323267
   -0.172892
   -0.127447
   -0.226355
   -0.257549
   -0.111649
   -0.209173
   -0.093546
   -0.349390
   -0.278973
   -0.272668
   -0.158479
   -0.394529
   -0.322171
   -0.311778
   -0.333793
   -0.313890
   -0.150309
   -0.159014
   -0.256138
   -0.247646
   -0.098797
   -0.200447
   -0.097283
   -0.389579
   -0.346157
   -0.264660
   -0.218582
    0.128339
    0.255941
    0.011624
   -0.431697
   -0.403306
   -0.051253
   -0.133744
   -0.194669
   -0.122351
   -0.105264
   -0.156858
   -0.236899
   -0.248480
   -0.360231
   -0.374559
   -0.450477
    0.170320
    0.331733
    0.080109
   -0.475954
   -0.514160
   -0.073224
   -0.138169
   -0.235313
   -0.061941
   -0.053358
   -0.108828
   -0.253574
   -0.292606
   -0.393963
   -0.412639
   -0.484629
    0.225415
    0.163835
   -0.248481
   -0.415719
   -0.509517
   -0.462556
   -0.115651
   -0.064534
   -0.152803
   -0.180977
   -0.222298
   -0.162694
   -0.254982
   -0.305311
   -0.376995
   -0.384394
    0.346019
    0.298993
   -0.128609
   -0.398987
   -0.614836
   -0.551482
   -0.121643
   -0.096140
   -0.161411
   -0.154762
   -0.221066
   -0.188461
   -0.289901
   -0.340945
   -0.439822
   -0.397269
    0.170621
   -0.181739
   -0.361204
   -0.435570
   -0.538636
   -0.512660
   -0.360353
   -0.085199
    0.055687
   -0.155144
   -0.124930
   -0.213599
   -0.256906
   -0.284810
   -0.340130
   -0.352375
    0.294359
   -0.168262
   -0.398659
   -0.498050
   -0.664614
   -0.664528
   -0.413599
   -0.052749
    0.023253
   -0.112139
   -0.155612
   -0.284977
   -0.262919
   -0.265554
   -0.363140
   -0.384223
   -0.140165
   -0.393759
   -0.474401
   -0.499039
   -0.464974
   -0.420088
   -0.372665
   -0.198205
   -0.038713
    0.027350
   -0.144429
   -0.248015
   -0.246867
   -0.298974
   -0.370233
   -0.356489
   -0.103503
   -0.485108
   -0.574456
   -0.627893
   -0.601531
   -0.530294
   -0.441731
   -0.139606
   -0.020708
    0.046092
   -0.150896
   -0.309720
   -0.263057
   -0.259001
   -0.354964
   -0.368538
   -0.380914
   -0.436342
   -0.455148
   -0.518208
   -0.448941
   -0.353778
   -0.356022
   -0.113312
   -0.047517
   -0.114002
    0.089864
   -0.117782
   -0.236971
   -0.246769
   -0.382566
   -0.447883
   -0.362107
   -0.422593
   -0.562953
   -0.629785
   -0.538945
   -0.421923
   -0.399388
   -0.083621
    0.010523
   -0.073672
    0.127962
   -0.143692
   -0.289661
   -0.245579
   -0.342120
   -0.478729
   -0.443415
   -0.484796
   -0.526056
   -0.379293
   -0.395169
   -0.444653
   -0.268587
   -0.301498
   -0.182638
    0.008281
   -0.107259
    0.051119
   -0.180101
   -0.260764
   -0.207376
   -0.421099
   -0.550729
   -0.589005
   -0.600447
   -0.432050
   -0.427576
   -0.451304
   -0.255309
   -0.268342
   -0.142920
    0.053351
   -0.125414
    0.068649
   -0.157819
   -0.297358
   -0.199282
   -0.418374
   -0.521178
   -0.488548
   -0.493113
   -0.441913
   -0.388481
   -0.320655
   -0.272362
   -0.286365
   -0.115357
   -0.153115
   -0.111312
   -0.219324
   -0.003468
   -0.331382
   -0.366416
   -0.343455
   -0.590858
   -0.569554
   -0.556511
   -0.527470
   -0.464234
   -0.304570
   -0.240058
   -0.287609
   -0.111482
   -0.142246
   -0.116262
   -0.187370
   -0.022346
   -0.379819
   -0.392136
   -0.328526
   -0.456850
   -0.455202
   -0.456364
   -0.465973
   -0.408788
   -0.317926
   -0.263840
   -0.125934
   -0.162253
   -0.077979
   -0.139392
   -0.057089
   -0.289166
   -0.245536
   -0.357842
   -0.354220
   -0.461390
   -0.460307
   -0.489166
   -0.494982
   -0.406907
   -0.286659
   -0.230954
   -0.121054
   -0.177367
   -0.098357
   -0.134214
   -0.079620
   -0.344046
   -0.256585
   -0.415832
   -0.429960
   -0.447429
   -0.124877
    0.004679
    0.014537
   -0.219899
   -0.070817
    0.048948
   -0.319624
   -0.240628
   -0.146574
    0.079793
   -0.133041
   -0.200366
   -0.220279
   -0.263291
   -0.286923
   -0.538866
   -0.162919
    0.088371
    0.054471
   -0.246716
   -0.083605
    0.044615
   -0.349163
   -0.224247
   -0.166796
    0.118043
   -0.129508
   -0.169438
   -0.257187
   -0.292912
   -0.354740
    0.092647
    0.066004
    0.172665
    0.207983
   -0.252967
   -0.462965
   -0.252530
   -0.047115
   -0.236029
   -0.251890
    0.022669
   -0.173576
   -0.226304
   -0.202728
   -0.341815
   -0.286032
    0.142040
    0.107534
    0.256403
    0.279980
   -0.268808
   -0.534297
   -0.307862
   -0.073207
   -0.269743
   -0.236148
    0.018306
   -0.175487
   -0.217341
   -0.201172
   -0.407637
   -0.342626
    0.264672
    0.250413
    0.229999
   -0.035335
   -0.301303
   -0.437730
   -0.501308
   -0.238979
   -0.065598
   -0.069984
   -0.177940
   -0.248190
   -0.195765
   -0.284281
   -0.274548
   -0.309842
    0.462511
    0.370647
    0.325060
    0.094159
   -0.227169
   -0.508074
   -0.610770
   -0.267966
   -0.121991
   -0.015907
   -0.230267
   -0.264371
   -0.184992
   -0.339628
   -0.315747
   -0.382039
    0.051132
    0.224282
    0.025272
   -0.255469
   -0.328290
   -0.443778
   -0.516851
   -0.383393
   -0.229827
    0.055267
   -0.075875
   -0.260706
   -0.065386
   -0.218492
   -0.311425
   -0.303478
    0.109133
    0.279635
    0.061823
   -0.287212
   -0.334743
   -0.592496
   -0.677186
   -0.478160
   -0.220500
    0.031306
   -0.036630
   -0.270712
   -0.119530
   -0.302430
   -0.319501
   -0.300906
    0.109993
    0.014434
   -0.410918
   -0.449766
   -0.348032
   -0.341878
   -0.397826
   -0.431412
   -0.258498
   -0.146463
    0.021674
    0.001138
   -0.321193
   -0.206623
   -0.281827
   -0.317021
    0.174129
    0.058056
   -0.459588
   -0.529256
   -0.446914
   -0.482960
   -0.521597
   -0.519904
   -0.278618
   -0.103789
    0.017226
    0.020054
   -0.414149
   -0.226044
   -0.281001
   -0.330471
   -0.227652
   -0.354223
   -0.433947
   -0.449442
   -0.430130
   -0.354153
   -0.365341
   -0.392179
   -0.272231
   -0.013212
   -0.186198
    0.096227
   -0.018462
   -0.327547
   -0.215773
   -0.386009
   -0.218864
   -0.337895
   -0.418444
   -0.514527
   -0.542416
   -0.461273
   -0.432057
   -0.436784
   -0.278821
    0.006917
   -0.145308
    0.149737
   -0.025490
   -0.349962
   -0.247665
   -0.349615
   -0.446987
   -0.466189
   -0.456451
   -0.491415
   -0.383162
   -0.261164
   -0.332429
   -0.373779
   -0.229686
   -0.339045
    0.053626
   -0.187097
    0.034348
   -0.037828
   -0.404278
   -0.111843
   -0.476254
   -0.517268
   -0.546022
   -0.615355
   -0.452554
   -0.286145
   -0.319683
   -0.347790
   -0.175630
   -0.356653
    0.098830
   -0.203112
    0.074153
    0.014229
   -0.410323
   -0.095772
   -0.496716
   -0.498101
   -0.441978
   -0.423144
   -0.420459
   -0.394374
   -0.185729
   -0.218652
   -0.310046
   -0.151704
   -0.163674
   -0.098859
   -0.194881
    0.007154
   -0.236885
   -0.310636
   -0.605024
   -0.582880
   -0.514213
   -0.499691
   -0.500524
   -0.461881
   -0.195692
   -0.182935
   -0.283709
   -0.173262
   -0.141604
   -0.113338
   -0.191198
    0.046185
   -0.289306
   -0.368970
   -0.085571
   -0.447615
   -0.367746
    0.271619
    0.116097
    0.087946
    0.183441
   -0.181646
   -0.430608
   -0.327057
   -0.270468
   -0.147560
   -0.029817
    0.075393
   -0.148317
   -0.178878
   -0.163396
   -0.571013
   -0.434645
    0.309891
    0.198384
    0.105212
    0.205685
   -0.207531
   -0.541429
   -0.358035
   -0.282794
   -0.167059
    0.039778
    0.148205
   -0.130237
   -0.182671
   -0.012598
   -0.333185
   -0.401781
    0.063878
    0.067539
    0.101295
   -0.252069
    0.180833
   -0.238120
   -0.370116
   -0.243060
    0.029482
    0.076341
   -0.181552
   -0.156735
   -0.162221
   -0.030388
   -0.415835
   -0.465035
    0.041329
    0.130619
    0.144366
   -0.295097
    0.198721
   -0.251180
   -0.379720
   -0.230046
    0.029559
    0.108316
   -0.171437
   -0.132829
   -0.227412
   -0.061285
    0.177810
    0.010320
    0.145436
    0.285009
    0.097341
   -0.425873
   -0.328231
    0.065130
   -0.208433
   -0.249444
    0.064066
   -0.072534
   -0.265057
   -0.187896
   -0.228947
   -0.115024
    0.246188
    0.052180
    0.170477
    0.419623
    0.119233
   -0.507220
   -0.436739
    0.058905
   -0.225216
   -0.233246
    0.121125
    0.002146
   -0.253051
   -0.174269
   -0.253852
   -0.064123
    0.200590
    0.244943
    0.238623
    0.183331
   -0.196647
   -0.402843
   -0.458233
   -0.415057
    0.047281
   -0.075835
   -0.227336
   -0.126765
   -0.221675
   -0.247747
   -0.247420
   -0.087747
    0.357897
    0.383814
    0.309939
    0.333648
   -0.157422
   -0.418850
   -0.633532
   -0.514058
    0.029772
   -0.040298
   -0.150814
   -0.041287
   -0.182882
   -0.301013
   -0.287714
   -0.052320
   -0.002814
    0.181588
    0.157199
   -0.140334
   -0.396877
   -0.374049
   -0.500017
   -0.480240
   -0.354846
    0.004517
    0.028418
   -0.253349
   -0.052440
   -0.098573
   -0.319211
   -0.054859
    0.016704
    0.263673
    0.190831
   -0.124654
   -0.371729
   -0.455141
   -0.675886
   -0.620862
   -0.425796
   -0.003206
    0.073423
   -0.227835
   -0.044055
   -0.163070
   -0.345941
    0.082954
    0.054792
    0.079790
   -0.237287
   -0.405307
   -0.461144
   -0.473368
   -0.423879
   -0.442301
   -0.416868
   -0.240439
    0.082139
    0.103855
   -0.235820
   -0.164572
   -0.245932
    0.178805
    0.138687
    0.136999
   -0.277449
   -0.481011
   -0.511587
   -0.606853
   -0.590836
   -0.567087
   -0.482886
   -0.220406
    0.093933
    0.110588
   -0.221261
   -0.240346
   -0.220734
    0.054651
   -0.122005
   -0.210198
   -0.406448
   -0.395058
   -0.431069
   -0.486364
   -0.411939
   -0.396300
   -0.429159
    0.013427
   -0.174160
    0.048677
    0.079977
   -0.222431
   -0.204012
    0.036966
   -0.093592
   -0.207491
   -0.389472
   -0.429365
   -0.572981
   -0.616775
   -0.520963
   -0.470398
   -0.491253
    0.017613
   -0.180228
    0.108732
    0.140384
   -0.245478
   -0.221981
   -0.437478
   -0.378256
   -0.312036
   -0.417531
   -0.471723
   -0.481693
   -0.319954
   -0.408999
   -0.432583
   -0.301751
   -0.352284
   -0.047548
   -0.132348
    0.026432
    0.043159
   -0.267606
   -0.541083
   -0.411798
   -0.341230
   -0.453807
   -0.554623
   -0.617837
   -0.377690
   -0.422169
   -0.434986
   -0.312925
   -0.346093
   -0.021765
   -0.102482
    0.062537
    0.100160
   -0.243919
    0.261032
    0.097654
   -0.084321
    0.181129
    0.314633
    0.092450
    0.016589
   -0.058514
   -0.418479
   -0.276715
   -0.173256
   -0.222443
   -0.336066
   -0.141574
   -0.159592
    0.026582
    0.345762
    0.069514
   -0.086644
    0.195941
    0.376712
    0.045548
    0.090955
   -0.067682
   -0.523191
   -0.359950
   -0.217340
   -0.259479
   -0.334605
   -0.152639
   -0.172748
    0.048326
    0.175638
    0.039987
   -0.323898
   -0.469835
    0.120075
    0.261852
    0.066219
    0.157382
   -0.049381
   -0.408775
   -0.229343
   -0.249129
   -0.159317
   -0.205798
    0.096096
   -0.095393
    0.157433
   -0.017940
   -0.387677
   -0.520627
    0.182786
    0.342174
    0.104135
    0.177179
   -0.060114
   -0.532494
   -0.257699
   -0.248298
   -0.128109
   -0.262114
    0.138541
   -0.112222
   -0.225640
    0.082004
   -0.171457
   -0.382682
    0.033161
    0.138048
    0.175289
   -0.192516
    0.131773
   -0.166860
   -0.321827
   -0.210215
   -0.155676
    0.126513
   -0.111667
   -0.188601
   -0.315941
    0.056759
   -0.287569
   -0.476385
   -0.013657
    0.160882
    0.247525
   -0.281706
    0.206996
   -0.173832
   -0.309433
   -0.120439
   -0.108971
    0.126003
   -0.125288
   -0.155687
    0.050922
   -0.036074
    0.187710
    0.056547
    0.041115
    0.217957
    0.249652
   -0.393238
   -0.426262
    0.086818
   -0.185830
   -0.175479
   -0.056048
   -0.003489
   -0.192458
   -0.265325
    0.023362
   -0.056901
    0.223029
    0.118562
    0.053880
    0.315770
    0.347981
   -0.459412
   -0.495937
    0.072362
   -0.173390
   -0.141780
    0.027711
    0.101079
   -0.187540
   -0.225636
   -0.151219
   -0.235458
    0.186012
    0.337589
    0.264628
    0.206971
   -0.088550
   -0.418971
   -0.444981
   -0.490993
    0.045807
   -0.109872
   -0.190766
   -0.037539
   -0.224636
   -0.268703
   -0.218554
   -0.198478
    0.339539
    0.454819
    0.317261
    0.344841
   -0.003428
   -0.396094
   -0.558452
   -0.599864
    0.079274
   -0.100423
   -0.124053
   -0.010965
   -0.141124
   -0.298764
    0.021624
   -0.125854
    0.040333
    0.173851
    0.251509
   -0.040063
   -0.374612
   -0.376126
   -0.470522
   -0.533384
   -0.407335
   -0.002344
    0.064522
   -0.114140
   -0.097933
   -0.106951
    0.040630
   -0.145516
    0.035258
    0.215590
    0.289846
   -0.014133
   -0.383131
   -0.434246
   -0.613383
   -0.648435
   -0.445613
   -0.021642
    0.098578
   -0.100574
   -0.101416
   -0.123651
    0.049692
    0.071639
    0.059815
    0.115585
   -0.105041
   -0.396534
   -0.450712
   -0.480032
   -0.460447
   -0.472033
   -0.416010
   -0.290006
    0.031280
    0.043464
   -0.179252
   -0.065658
    0.055175
    0.129208
    0.152900
    0.197314
   -0.118173
   -0.476130
   -0.555600
   -0.614700
   -0.618226
   -0.510900
   -0.481058
   -0.238028
    0.055674
    0.045808
   -0.186834
   -0.119721
    0.088122
    0.030953
   -0.066840
   -0.240767
   -0.385963
   -0.376324
   -0.483176
   -0.520468
   -0.488569
   -0.377340
   -0.397248
   -0.035003
   -0.142937
    0.048803
    0.036280
   -0.156037
    0.073912
    0.089861
   -0.004487
   -0.225111
   -0.373558
   -0.427720
   -0.601085
   -0.634906
   -0.584552
   -0.388296
   -0.448632
   -0.003609
   -0.154840
    0.036562
    0.128561
   -0.201762
    0.177389
    0.206001
    0.188148
    0.145842
    0.097148
   -0.021375
    0.009492
    0.027072
   -0.034094
   -0.316821
   -0.188830
   -0.194157
   -0.332901
   -0.365799
   -0.229147
   -0.312598
    0.222039
    0.247311
    0.301046
    0.177215
    0.072354
   -0.016245
    0.010348
    0.023460
   -0.007020
   -0.332422
   -0.213876
   -0.196718
   -0.364311
   -0.438955
   -0.227562
   -0.293358
    0.138696
    0.288344
    0.209248
    0.040008
    0.037988
    0.271580
    0.152332
   -0.060975
    0.086628
   -0.395964
   -0.426417
   -0.373073
   -0.269026
   -0.328017
   -0.220323
   -0.112527
    0.205084
    0.359557
    0.278340
    0.069822
    0.036680
    0.269985
    0.239363
   -0.128085
    0.070809
   -0.419556
   -0.495240
   -0.402864
   -0.324160
   -0.347641
   -0.249922
   -0.071349
   -0.053147
    0.150108
    0.111805
   -0.112035
   -0.391609
   -0.206519
    0.238907
    0.094671
    0.065829
    0.007246
   -0.450440
   -0.424978
   -0.395957
   -0.200811
   -0.254849
   -0.005272
   -0.028689
    0.124052
    0.096487
   -0.193365
   -0.497863
   -0.275034
    0.356489
    0.106956
    0.072355
    0.033648
   -0.517862
   -0.501653
   -0.482398
   -0.171998
   -0.263447
    0.017638
   -0.228175
   -0.304646
   -0.030614
    0.016071
   -0.452056
   -0.312674
    0.193407
    0.098944
    0.040959
    0.004471
    0.007972
   -0.467860
   -0.370736
   -0.293624
   -0.000605
    0.030894
   -0.239733
   -0.374774
   -0.014020
   -0.041404
   -0.568499
   -0.350926
    0.220403
    0.182965
    0.081430
    0.034710
   -0.027114
   -0.529625
   -0.443443
   -0.296860
    0.046883
    0.048654
    0.159574
    0.192200
   -0.102805
    0.183982
    0.083695
   -0.017565
    0.065483
    0.246947
   -0.061663
   -0.389294
   -0.020316
   -0.125743
   -0.314884
   -0.314334
    0.068341
   -0.013534
    0.178307
    0.171209
   -0.131380
    0.210100
    0.116432
    0.008994
    0.113033
    0.343295
   -0.035020
   -0.405701
    0.015285
   -0.138146
   -0.381690
   -0.271682
    0.111503
    0.034818
   -0.112055
   -0.207412
   -0.158976
    0.114004
    0.289159
    0.277389
    0.256089
    0.156364
   -0.249849
   -0.238752
   -0.467891
   -0.023529
   -0.129489
   -0.269852
   -0.083357
   -0.245016
   -0.197831
   -0.293672
   -0.127147
    0.219958
    0.426761
    0.346104
    0.298456
    0.214301
   -0.167871
   -0.245797
   -0.568301
   -0.072321
   -0.158789
   -0.292923
   -0.037553
   -0.210883
    0.027077
    0.116768
   -0.090602
   -0.034749
    0.077412
    0.193151
    0.194885
   -0.265381
   -0.325958
   -0.265310
   -0.438226
   -0.473709
   -0.118295
   -0.002513
   -0.280298
   -0.177342
    0.020717
    0.112572
   -0.042942
   -0.014992
    0.118916
    0.306172
    0.233037
   -0.234526
   -0.267874
   -0.262868
   -0.560067
   -0.508581
   -0.109041
    0.020992
   -0.284168
   -0.134206
    0.164564
    0.102049
    0.041229
    0.128294
    0.105415
    0.108876
   -0.314249
   -0.424677
   -0.448778
   -0.314276
   -0.327041
   -0.354109
   -0.296134
   -0.049611
   -0.017583
   -0.289585
    0.269918
    0.178340
    0.075492
    0.148040
    0.118920
    0.174745
   -0.351802
   -0.503927
   -0.500736
   -0.364809
   -0.371881
   -0.401753
   -0.359005
   -0.010057
   -0.084929
   -0.293838
    0.002462
   -0.174249
    0.001761
   -0.061527
    0.030900
    0.121130
    0.233332
    0.237532
    0.186910
   -0.011655
   -0.405254
   -0.147332
   -0.152915
   -0.334406
   -0.212557
   -0.305493
    0.007502
   -0.178345
    0.021350
   -0.090782
    0.014505
    0.032782
    0.260893
    0.250207
    0.260928
   -0.026338
   -0.398145
   -0.162206
   -0.155170
   -0.343869
   -0.236708
   -0.376823
    0.152470
    0.156680
    0.090325
    0.144596
    0.139924
    0.121577
    0.051477
    0.015030
    0.046212
    0.043621
   -0.404362
   -0.185445
   -0.351065
   -0.193433
   -0.332511
   -0.213195
    0.156518
    0.269118
    0.128899
    0.270005
    0.179904
    0.105710
    0.068471
   -0.014173
    0.054192
    0.049726
   -0.472826
   -0.216330
   -0.358633
   -0.136873
   -0.388457
   -0.220381
   -0.114857
   -0.045785
    0.212152
    0.234817
    0.048964
   -0.032943
    0.137459
    0.244067
   -0.029495
    0.093145
   -0.375693
   -0.389666
   -0.408347
   -0.328666
   -0.262278
   -0.271531
   -0.118825
    0.000890
    0.316644
    0.295179
    0.083438
   -0.033037
    0.168424
    0.314775
   -0.052519
    0.082543
   -0.395988
   -0.460995
   -0.489577
   -0.331740
   -0.310136
   -0.301009
   -0.123503
   -0.217808
    0.095156
    0.110938
    0.000549
   -0.317197
   -0.261079
    0.214917
    0.249928
    0.071060
    0.026893
   -0.368298
   -0.482886
   -0.354713
   -0.297550
   -0.227197
   -0.119486
   -0.234572
    0.073282
    0.052638
   -0.059827
   -0.405178
   -0.357238
    0.267750
    0.305244
    0.040921
    0.081505
   -0.418534
   -0.600151
   -0.463981
   -0.331941
   -0.273254
    0.117567
   -0.093403
   -0.386836
   -0.142494
    0.027812
   -0.294188
   -0.348015
    0.099333
    0.160207
    0.136211
   -0.125784
    0.041299
   -0.372026
   -0.400948
   -0.295447
   -0.112538
    0.121599
   -0.077782
   -0.487721
   -0.144603
    0.021268
   -0.409046
   -0.413172
    0.103447
    0.217763
    0.218274
   -0.123175
    0.032662
   -0.470715
   -0.445291
   -0.357232
   -0.096828
    0.052577
    0.038844
    0.166394
    0.024882
   -0.007450
    0.126672
   -0.041669
    0.054848
    0.135507
    0.158024
   -0.420300
   -0.201480
   -0.061750
   -0.378940
   -0.252217
   -0.125760
    0.002359
    0.042982
    0.145634
    0.026398
   -0.012424
    0.171571
    0.009756
    0.065702
    0.224671
    0.259334
   -0.476283
   -0.182550
   -0.087844
   -0.432744
   -0.224661
   -0.088852
    0.118285
    0.105322
   -0.240752
   -0.106850
   -0.025565
    0.183221
    0.318261
    0.263283
    0.271904
   -0.065343
   -0.383151
   -0.447540
   -0.220565
   -0.035314
   -0.256840
   -0.162850
    0.126943
    0.081167
   -0.303514
   -0.156918
    0.021999
    0.306232
    0.441896
    0.295068
    0.375305
   -0.019963
   -0.375543
   -0.546335
   -0.281919
   -0.072143
   -0.258919
   -0.144591
   -0.024536
   -0.029069
    0.054090
    0.002589
   -0.122963
    0.065051
    0.117185
    0.238304
    0.031088
   -0.334989
   -0.426875
   -0.478070
   -0.492448
   -0.245418
   -0.010534
   -0.218581
   -0.067372
   -0.046467
    0.049911
    0.001437
   -0.123689
    0.049576
    0.199708
    0.302479
    0.097637
   -0.337228
   -0.399996
   -0.589640
   -0.568373
   -0.231673
   -0.034718
   -0.196103
   -0.007451
    0.083255
   -0.202641
   -0.256225
    0.138197
    0.036970
    0.171900
    0.206341
    0.078668
    0.055129
   -0.220573
   -0.460485
   -0.393331
   -0.426858
   -0.267380
   -0.428477
    0.031148
    0.040936
   -0.294697
   -0.296321
    0.195469
    0.085933
    0.194977
    0.254446
    0.165065
    0.103628
   -0.225176
   -0.499550
   -0.454906
   -0.379462
   -0.337991
   -0.558021
   -0.011354
    0.188405
   -0.241729
   -0.143810
    0.046280
   -0.017921
    0.095053
    0.211282
    0.166950
    0.119519
    0.046602
   -0.281923
   -0.354558
   -0.054281
   -0.350452
   -0.422948
   -0.034230
    0.191507
   -0.282480
   -0.147270
   -0.003830
   -0.018489
    0.025868
    0.210833
    0.200970
    0.187691
    0.068421
   -0.245182
   -0.367296
   -0.049126
   -0.393480
   -0.505838
   -0.244653
   -0.082566
    0.182719
    0.092928
    0.164409
    0.150655
    0.077046
    0.084356
   -0.017551
    0.083266
   -0.013914
   -0.109168
   -0.257747
   -0.209700
   -0.221205
   -0.364900
   -0.262241
   -0.048330
    0.250686
    0.176294
    0.203424
    0.192596
    0.061127
    0.089002
    0.005597
    0.084075
    0.033081
   -0.089962
   -0.272537
   -0.278621
   -0.223161
   -0.393992
   -0.114333
    0.000298
   -0.211384
    0.192504
    0.294098
    0.120638
    0.047821
    0.032559
    0.146123
   -0.002476
    0.065784
   -0.056689
   -0.290363
   -0.346893
   -0.366102
   -0.255469
   -0.105489
   -0.016380
   -0.228998
    0.217584
    0.393284
    0.136848
    0.024674
    0.011370
    0.214315
   -0.000697
    0.105645
   -0.067977
   -0.295817
   -0.417807
   -0.443427
   -0.328653
   -0.156504
   -0.044492
   -0.361422
   -0.009720
    0.198855
    0.147420
   -0.104939
   -0.243768
    0.019652
    0.260290
   -0.008663
    0.091047
   -0.166328
   -0.383152
   -0.441152
   -0.380097
   -0.117045
   -0.073359
   -0.359646
   -0.109565
    0.172514
    0.111789
   -0.162075
   -0.335320
    0.047405
    0.351282
   -0.009012
    0.073673
   -0.129288
   -0.479336
   -0.553110
   -0.489390
    0.092505
    0.032353
    0.003224
   -0.329070
   -0.266753
   -0.046461
   -0.124315
   -0.395557
   -0.174247
    0.201346
    0.013337
    0.028404
    0.095080
   -0.213446
   -0.363411
   -0.404534
    0.159793
    0.064766
    0.018565
   -0.372675
   -0.335906
   -0.081864
   -0.148698
   -0.452255
   -0.205298
    0.226888
    0.077634
    0.048109
    0.107290
   -0.254328
   -0.426865
   -0.418007
    0.093853
    0.174545
   -0.113821
    0.203118
    0.078990
   -0.070760
    0.154315
   -0.066328
   -0.002005
   -0.034586
    0.153813
   -0.176421
   -0.229517
    0.005056
   -0.286624
   -0.270341
    0.125033
    0.158000
   -0.119802
    0.201476
    0.063325
   -0.118611
    0.173398
   -0.028971
   -0.003846
   -0.048971
    0.238634
   -0.184491
   -0.261876
    0.045179
   -0.278554
   -0.322213
   -0.166797
    0.003206
    0.135421
   -0.177846
   -0.099741
   -0.160172
    0.154703
    0.338878
    0.269652
    0.169812
    0.055447
   -0.377292
   -0.430004
   -0.282585
    0.001552
   -0.147163
   -0.251720
   -0.035126
    0.201071
   -0.256172
   -0.139350
   -0.195640
    0.224618
    0.475526
    0.288812
    0.168920
    0.088683
   -0.395269
   -0.443120
   -0.302278
    0.056759
   -0.207847
   -0.174534
   -0.063523
    0.057677
   -0.007526
    0.092984
    0.180048
   -0.055830
    0.015596
    0.077320
    0.161977
    0.046355
   -0.292972
   -0.400641
   -0.409045
   -0.410409
   -0.435617
   -0.096545
   -0.021461
    0.007393
   -0.012501
    0.119341
    0.182901
   -0.067236
    0.023360
    0.062220
    0.154632
    0.051937
   -0.367118
   -0.486671
   -0.419694
   -0.469385
   -0.464627
   -0.121454
    0.026150
    0.128739
   -0.157695
   -0.232065
   -0.052672
    0.002068
    0.023224
    0.202356
    0.187919
    0.178007
   -0.019939
   -0.415963
   -0.403047
   -0.396209
   -0.242641
   -0.125051
    0.019138
    0.096491
   -0.230190
   -0.258200
   -0.027425
   -0.002092
    0.035995
    0.221716
    0.211649
    0.246620
   -0.032573
   -0.411473
   -0.440620
   -0.400620
   -0.283828
   -0.026069
   -0.089300
    0.199078
   -0.126911
   -0.239430
    0.052846
   -0.080697
   -0.031311
    0.132671
    0.211572
    0.249292
    0.163945
   -0.185065
   -0.379248
   -0.185418
   -0.052370
   -0.080800
   -0.130672
    0.159529
   -0.170983
   -0.234158
    0.033167
   -0.104168
   -0.129165
    0.182432
    0.270832
    0.270203
    0.223479
   -0.170897
   -0.406709
   -0.171448
   -0.071015
   -0.080555
   -0.244308
   -0.109659
    0.184058
    0.114780
    0.178126
    0.065117
   -0.029634
    0.067932
    0.032194
    0.079762
    0.007336
    0.056514
   -0.358351
   -0.061872
   -0.219010
   -0.043565
   -0.241773
   -0.154631
    0.224925
    0.174415
    0.232102
    0.162059
   -0.055765
    0.029196
    0.040280
    0.077028
    0.046304
    0.127555
   -0.381563
   -0.052979
   -0.203264
   -0.040687
   -0.153349
    0.013674
   -0.169708
    0.054868
    0.277843
    0.127424
    0.025163
   -0.034090
    0.022267
    0.043838
    0.007624
    0.099568
   -0.370470
   -0.180709
   -0.409161
   -0.035170
   -0.116126
    0.031425
   -0.155891
    0.037977
    0.347416
    0.158088
   -0.049710
   -0.069954
    0.051856
    0.048790
   -0.018397
    0.143588
   -0.361970
   -0.232075
   -0.490558
    0.064181
   -0.168631
   -0.062615
   -0.224699
   -0.131725
    0.186369
    0.085876
   -0.118606
   -0.232178
   -0.063495
    0.293115
    0.022310
    0.121300
   -0.081028
   -0.376770
   -0.425541
    0.102843
   -0.121095
   -0.071568
   -0.302744
   -0.161738
    0.173829
    0.085504
   -0.155820
   -0.321288
   -0.072671
    0.360015
    0.012788
    0.114413
   -0.057390
   -0.415981
   -0.478319
    0.049535
    0.045126
   -0.066526
    0.116429
   -0.280931
   -0.266875
   -0.152224
   -0.095254
   -0.371993
   -0.294330
    0.184331
    0.004435
    0.084882
    0.103010
   -0.177597
   -0.364970
    0.089547
    0.052359
   -0.010114
    0.121632
   -0.305473
   -0.314873
   -0.210399
   -0.140507
   -0.439997
   -0.302370
    0.203072
    0.067824
    0.080838
    0.136112
   -0.213861
   -0.424625
   -0.027384
   -0.043143
    0.231226
   -0.129816
    0.165202
    0.155948
   -0.091187
    0.154752
   -0.103538
   -0.061130
    0.083016
   -0.015140
    0.015103
   -0.295905
    0.175272
   -0.299583
   -0.043040
   -0.050958
    0.270524
   -0.170513
    0.182980
    0.111921
   -0.134689
    0.183099
   -0.096050
   -0.052507
    0.081658
    0.018766
    0.043470
   -0.263576
    0.187219
   -0.331327
