   -0.418580
   -0.446097
   -0.409163
   -0.422400
   -0.416375
   -0.441819
   -0.335986
    0.098520
    0.108930
    0.029252
   -0.065036
   -0.308411
   -0.423293
   -0.385198
   -0.451663
   -0.443071
   -0.500968
   -0.494256
   -0.428444
   -0.448927
   -0.459543
   -0.487865
   -0.354457
    0.087442
    0.119956
    0.057343
   -0.096277
   -0.326283
   -0.440860
   -0.445721
   -0.447228
   -0.413926
   -0.379023
   -0.442836
   -0.449246
   -0.439843
   -0.381660
   -0.423068
   -0.439745
   -0.185113
    0.165292
   -0.015270
    0.015171
   -0.171213
   -0.422745
   -0.418894
   -0.438175
   -0.468716
   -0.499864
   -0.509312
   -0.486712
   -0.492003
   -0.479534
   -0.509775
   -0.458347
   -0.217227
    0.176286
    0.021718
   -0.001952
   -0.191900
   -0.466180
   -0.507329
   -0.460978
   -0.436530
   -0.424515
   -0.449804
   -0.454363
   -0.438480
   -0.394798
   -0.432347
   -0.491217
   -0.421694
   -0.011258
    0.063793
    0.005731
   -0.015829
   -0.264838
   -0.475227
   -0.364613
   -0.455605
   -0.430055
   -0.450303
   -0.491532
   -0.506924
   -0.473566
   -0.480397
   -0.497597
   -0.469144
   -0.038752
    0.111651
    0.033549
   -0.015425
   -0.284536
   -0.534112
   -0.409245
   -0.489959
   -0.444868
   -0.418709
   -0.427455
   -0.440402
   -0.425965
   -0.439545
   -0.455752
   -0.476024
   -0.282018
    0.085448
    0.088948
    0.015440
   -0.083672
   -0.357491
   -0.436297
   -0.395751
   -0.415442
   -0.399470
   -0.446245
   -0.468224
   -0.457672
   -0.453727
   -0.462164
   -0.501102
   -0.314326
    0.120549
    0.099613
    0.028708
   -0.083272
   -0.384689
   -0.446163
   -0.441891
   -0.429415
   -0.414731
   -0.439153
   -0.416557
   -0.416064
   -0.440106
   -0.414964
   -0.430641
   -0.429938
   -0.166399
    0.133697
    0.073818
    0.023399
   -0.162882
   -0.459917
   -0.427549
   -0.448966
   -0.428276
   -0.457307
   -0.435302
   -0.436299
   -0.459608
   -0.428613
   -0.448858
   -0.466401
   -0.178543
    0.119310
    0.100370
    0.011488
   -0.122893
   -0.536288
   -0.449106
   -0.427272
   -0.408278
   -0.437566
   -0.417611
   -0.418403
   -0.439448
   -0.408405
   -0.425199
   -0.383900
   -0.399836
    0.072363
    0.091090
    0.036148
   -0.067902
   -0.257473
   -0.424845
   -0.467998
   -0.448283
   -0.473048
   -0.453457
   -0.453408
   -0.473997
   -0.447455
   -0.465661
   -0.449944
   -0.411463
    0.007186
    0.102874
    0.066930
   -0.110016
   -0.301695
   -0.485482
   -0.442417
   -0.417958
   -0.443676
   -0.423202
   -0.423055
   -0.443140
   -0.416304
   -0.439232
   -0.429206
   -0.398955
   -0.290605
    0.113930
    0.028628
    0.096685
   -0.127983
   -0.303251
   -0.477024
   -0.454250
   -0.485695
   -0.463417
   -0.462117
   -0.482619
   -0.451472
   -0.473709
   -0.444928
   -0.437026
   -0.351580
    0.083553
    0.025947
    0.024174
   -0.108870
   -0.343679
   -0.451674
   -0.432377
   -0.464370
   -0.444716
   -0.442307
   -0.458832
   -0.428619
   -0.451871
   -0.430514
   -0.418368
   -0.433263
   -0.206943
    0.216680
    0.073113
   -0.038294
   -0.141997
   -0.475405
   -0.457192
   -0.484479
   -0.458309
   -0.455344
   -0.477006
   -0.452976
   -0.475252
   -0.415460
   -0.456677
   -0.452245
   -0.216990
    0.179461
    0.074415
   -0.051801
   -0.139246
   -0.488998
   -0.470328
   -0.466314
   -0.467982
   -0.446831
   -0.461628
   -0.394907
    0.125862
    0.113761
    0.069068
   -0.071076
   -0.369574
   -0.436142
   -0.474909
   -0.454277
   -0.416339
   -0.591951
   -0.522799
   -0.521238
   -0.543820
   -0.515511
   -0.535446
   -0.445635
    0.112271
    0.106795
    0.077531
   -0.095170
   -0.414444
   -0.513885
   -0.514843
   -0.501479
   -0.400837
   -0.429508
   -0.509248
   -0.500330
   -0.452075
   -0.434539
   -0.451281
   -0.477526
   -0.216956
    0.215545
    0.052846
   -0.002023
   -0.195316
   -0.473132
   -0.456169
   -0.423582
   -0.364133
   -0.566308
   -0.550839
   -0.556187
   -0.546496
   -0.542246
   -0.546079
   -0.518683
   -0.232785
    0.203891
    0.048706
   -0.003525
   -0.258436
   -0.550386
   -0.512183
   -0.469799
   -0.315685
   -0.438527
   -0.487687
   -0.487155
   -0.434099
   -0.447266
   -0.446956
   -0.498708
   -0.438522
    0.013738
    0.090118
    0.037551
   -0.059156
   -0.323008
   -0.482865
   -0.390770
   -0.378721
   -0.516392
   -0.540914
   -0.574137
   -0.549074
   -0.559120
   -0.534655
   -0.561044
   -0.550829
   -0.005118
    0.134282
    0.058696
   -0.056226
   -0.339881
   -0.555698
   -0.456353
   -0.405032
   -0.456500
   -0.433363
   -0.459650
   -0.447761
   -0.468290
   -0.439397
   -0.461500
   -0.472705
   -0.365867
    0.150162
    0.071384
    0.037963
   -0.088490
   -0.377716
   -0.451727
   -0.395937
   -0.505767
   -0.488461
   -0.531288
   -0.524795
   -0.554134
   -0.519302
   -0.532352
   -0.583741
   -0.384184
    0.196365
    0.064246
    0.067208
   -0.113453
   -0.433662
   -0.517293
   -0.461113
   -0.469012
   -0.434181
   -0.457448
   -0.446538
   -0.463108
   -0.495353
   -0.437132
   -0.439031
   -0.459391
   -0.187405
    0.176753
    0.068520
    0.000949
   -0.162831
   -0.467677
   -0.457022
   -0.550064
   -0.518795
   -0.546568
   -0.527672
   -0.544161
   -0.572241
   -0.521898
   -0.528565
   -0.508923
   -0.125821
    0.186582
    0.110405
    0.007701
   -0.187100
   -0.528058
   -0.555884
   -0.477177
   -0.449874
   -0.469113
   -0.454777
   -0.454744
   -0.482319
   -0.449330
   -0.467722
   -0.423199
   -0.481896
    0.082452
    0.083161
    0.036898
   -0.023017
   -0.244827
   -0.457319
   -0.565517
   -0.550134
   -0.560051
   -0.542077
   -0.533750
   -0.557220
   -0.550088
   -0.572421
   -0.500974
   -0.487072
    0.064463
    0.153445
    0.077485
   -0.047559
   -0.361211
   -0.580130
   -0.490670
   -0.479781
   -0.481547
   -0.462964
   -0.458604
   -0.477405
   -0.474757
   -0.488568
   -0.457677
   -0.425399
   -0.352067
    0.137890
    0.039269
    0.060395
   -0.097792
   -0.352439
   -0.565200
   -0.554482
   -0.556988
   -0.550840
   -0.554870
   -0.560637
   -0.553296
   -0.555387
   -0.541940
   -0.546192
   -0.439280
    0.151974
    0.090848
    0.042082
   -0.090759
   -0.384630
   -0.470288
   -0.465249
   -0.458825
   -0.466017
   -0.481950
   -0.483573
   -0.468051
   -0.452662
   -0.445320
   -0.461812
   -0.437493
   -0.228619
    0.144650
    0.097603
   -0.072431
   -0.137239
   -0.551756
   -0.542890
   -0.528257
   -0.542302
   -0.562502
   -0.560068
   -0.549681
   -0.522007
   -0.495756
   -0.518162
   -0.508351
   -0.235003
    0.168322
    0.089271
   -0.011473
   -0.137759
   -0.426047
   -0.429556
   -0.413202
   -0.410955
   -0.371146
   -0.386137
   -0.356248
    0.163112
    0.124949
    0.079184
   -0.067401
   -0.330778
   -0.372945
   -0.429849
   -0.415884
   -0.396908
   -0.432704
   -0.396293
   -0.405504
   -0.434990
   -0.389131
   -0.389259
   -0.352216
    0.171904
    0.103172
    0.068948
   -0.089484
   -0.362707
   -0.426640
   -0.430580
   -0.458460
   -0.397059
   -0.383207
   -0.451509
   -0.428300
   -0.397600
   -0.400538
   -0.388850
   -0.418376
   -0.165487
    0.185147
    0.050064
    0.007932
   -0.149899
   -0.400169
   -0.401241
   -0.396664
   -0.353039
   -0.418309
   -0.400877
   -0.416892
   -0.437887
   -0.426767
   -0.395392
   -0.408489
   -0.162415
    0.191450
    0.052042
    0.008996
   -0.200167
   -0.432058
   -0.398520
   -0.437002
   -0.349263
   -0.368722
   -0.410749
   -0.409867
   -0.395852
   -0.412230
   -0.379465
   -0.435485
   -0.391205
   -0.017477
    0.067230
    0.046702
   -0.032883
   -0.265153
   -0.415009
   -0.374178
   -0.361076
   -0.423112
   -0.420667
   -0.426726
   -0.419490
   -0.454802
   -0.415850
   -0.437609
   -0.412322
    0.009716
    0.116480
    0.047996
   -0.032212
   -0.260640
   -0.447264
   -0.418453
   -0.391291
   -0.396951
   -0.374806
   -0.397268
   -0.388815
   -0.418696
   -0.385371
   -0.414763
   -0.398924
   -0.316554
    0.152958
    0.062890
    0.042749
   -0.077101
   -0.337912
   -0.427297
   -0.389624
   -0.432045
   -0.403203
   -0.408837
   -0.397097
   -0.439421
   -0.406777
   -0.419940
   -0.423634
   -0.320413
    0.183805
    0.030797
    0.060674
   -0.093184
   -0.372455
   -0.462768
   -0.426781
   -0.423209
   -0.374291
   -0.403364
   -0.405657
   -0.423962
   -0.431955
   -0.374861
   -0.389876
   -0.375651
   -0.157113
    0.171757
    0.032692
    0.002512
   -0.163372
   -0.418544
   -0.427134
   -0.435402
   -0.401649
   -0.434016
   -0.422921
   -0.428488
   -0.439892
   -0.401978
   -0.420254
   -0.404159
   -0.118397
    0.147412
    0.059170
    0.003896
   -0.154609
   -0.395459
   -0.468467
   -0.411894
   -0.403925
   -0.426992
   -0.402821
   -0.394431
   -0.423609
   -0.403250
   -0.423969
   -0.377395
   -0.401411
    0.055481
    0.082036
   -0.003900
   -0.006849
   -0.259290
   -0.411357
   -0.433272
   -0.443468
   -0.461722
   -0.429162
   -0.420097
   -0.449051
   -0.451143
   -0.463682
   -0.388395
   -0.414418
    0.039914
    0.116293
    0.028440
   -0.001720
   -0.270553
   -0.435879
   -0.406589
   -0.422168
   -0.426446
   -0.401884
   -0.397864
   -0.426514
   -0.433967
   -0.436239
   -0.421653
   -0.396698
   -0.337956
    0.113952
    0.030536
    0.050713
   -0.060248
   -0.295614
   -0.431965
   -0.434125
   -0.425495
   -0.427596
   -0.441437
   -0.455763
   -0.459495
   -0.452912
   -0.429074
   -0.425887
   -0.371256
    0.131871
    0.060741
    0.027065
   -0.071824
   -0.266606
   -0.419958
   -0.396502
   -0.374645
   -0.403011
   -0.438659
   -0.445388
   -0.431501
   -0.405336
   -0.393266
   -0.438794
   -0.368050
   -0.209080
    0.129517
    0.094259
   -0.033182
   -0.099134
   -0.432207
   -0.395399
   -0.369066
   -0.421406
   -0.468915
   -0.465569
   -0.439290
   -0.407914
   -0.415096
   -0.413619
   -0.411680
   -0.196674
    0.133240
    0.074098
   -0.014335
   -0.085408
   -0.418917
   -0.428149
   -0.411325
   -0.410202
   -0.366306
   -0.383941
   -0.357766
    0.158063
    0.087855
    0.062568
   -0.064118
   -0.280842
   -0.364312
   -0.402196
   -0.439832
   -0.445099
   -0.414619
   -0.389059
   -0.390426
   -0.421038
   -0.376612
   -0.378300
   -0.341384
    0.165440
    0.092763
    0.041537
   -0.094611
   -0.309745
   -0.380281
   -0.406882
   -0.487532
   -0.529617
   -0.383220
   -0.441165
   -0.421418
   -0.400503
   -0.396143
   -0.385319
   -0.415927
   -0.160351
    0.157330
    0.038368
    0.046608
   -0.129567
   -0.358601
   -0.415877
   -0.420769
   -0.409969
   -0.402366
   -0.388771
   -0.404891
   -0.435270
   -0.416026
   -0.386105
   -0.404319
   -0.157774
    0.166333
    0.006448
    0.044112
   -0.132116
   -0.386527
   -0.414224
   -0.493584
   -0.507855
   -0.368301
   -0.407257
   -0.409594
   -0.403729
   -0.414942
   -0.381464
   -0.439837
   -0.390164
   -0.016962
    0.086791
    0.065616
    0.004755
   -0.244820
   -0.417957
   -0.412287
   -0.419770
   -0.409930
   -0.405124
   -0.411258
   -0.410619
   -0.440784
   -0.405933
   -0.430492
   -0.398443
   -0.024702
    0.062794
    0.034416
    0.016784
   -0.237388
   -0.423854
   -0.439715
   -0.489403
   -0.400760
   -0.373869
   -0.394843
   -0.391591
   -0.415958
   -0.386779
   -0.418113
   -0.401446
   -0.307345
    0.155925
    0.089078
    0.066741
   -0.088913
   -0.357205
   -0.443582
   -0.390534
   -0.422325
   -0.389542
   -0.393866
   -0.384741
   -0.421916
   -0.394180
   -0.407754
   -0.405443
   -0.321965
    0.146879
    0.028142
    0.058333
   -0.078697
   -0.368481
   -0.436217
   -0.448047
   -0.416099
   -0.368257
   -0.397821
   -0.400169
   -0.417939
   -0.423934
   -0.371509
   -0.387732
   -0.384971
   -0.165268
    0.160854
    0.028679
    0.006361
   -0.157686
   -0.403535
   -0.404339
   -0.409429
   -0.375489
   -0.409405
   -0.394885
   -0.402575
   -0.413049
   -0.378155
   -0.395569
   -0.414008
   -0.146313
    0.121911
    0.048799
    0.008494
   -0.133138
   -0.371374
   -0.424375
   -0.408397
   -0.398715
   -0.424784
   -0.398858
   -0.390074
   -0.418846
   -0.400358
   -0.421594
   -0.394750
   -0.402275
    0.040797
    0.080114
   -0.007135
    0.001387
   -0.246337
   -0.387775
   -0.402750
   -0.415697
   -0.438735
   -0.402755
   -0.390494
   -0.419333
   -0.421428
   -0.437956
   -0.388604
   -0.418194
    0.017460
    0.103788
    0.027114
    0.001820
   -0.237635
   -0.391884
   -0.407507
   -0.419453
   -0.429478
   -0.403445
   -0.399514
   -0.429000
   -0.435146
   -0.443759
   -0.436056
   -0.408367
   -0.340380
    0.102977
    0.032082
    0.063918
   -0.042008
   -0.268434
   -0.408806
   -0.410371
   -0.406012
   -0.406638
   -0.419980
   -0.438010
   -0.439851
   -0.434497
   -0.424917
   -0.415771
   -0.367143
    0.116790
    0.054015
    0.027845
   -0.051466
   -0.230797
   -0.420243
   -0.391945
   -0.378536
   -0.401471
   -0.441319
   -0.446566
   -0.430324
   -0.412687
   -0.404101
   -0.446484
   -0.375899
   -0.210974
    0.144036
    0.094596
   -0.006186
   -0.079586
   -0.413670
   -0.371169
   -0.349150
   -0.399636
   -0.449840
   -0.450131
   -0.418835
   -0.393266
   -0.415278
   -0.410773
   -0.410994
   -0.193681
    0.135082
    0.074941
    0.000161
   -0.067332
   -0.447770
   -0.453050
   -0.435231
   -0.440140
   -0.403760
   -0.414027
   -0.378518
    0.145220
    0.055284
    0.036494
   -0.042021
   -0.296573
   -0.405744
   -0.400870
   -0.444792
   -0.423926
   -0.462338
   -0.442563
   -0.439752
   -0.460843
   -0.416816
   -0.436127
   -0.387752
    0.147976
    0.051681
    0.037908
   -0.107721
   -0.325867
   -0.414302
   -0.440337
   -0.453642
   -0.472424
   -0.411299
   -0.460817
   -0.441029
   -0.433993
   -0.422781
   -0.404711
   -0.434461
   -0.184446
    0.169993
    0.044342
    0.042723
   -0.136915
   -0.382490
   -0.445047
   -0.432828
   -0.404044
   -0.445849
   -0.450927
   -0.463089
   -0.472040
   -0.454606
   -0.449082
   -0.456580
   -0.186249
    0.174825
    0.028680
    0.037641
   -0.142993
   -0.440055
   -0.487083
   -0.477821
   -0.438764
   -0.404983
   -0.424890
   -0.425183
   -0.434658
   -0.440692
   -0.396211
   -0.455501
   -0.420275
    0.003246
    0.083356
    0.058749
    0.011417
   -0.250852
   -0.432963
   -0.420465
   -0.416190
   -0.443640
   -0.461171
   -0.470357
   -0.451011
   -0.478278
   -0.462858
   -0.483870
   -0.441635
   -0.002017
    0.063622
    0.076421
    0.018111
   -0.285258
   -0.448960
   -0.469469
   -0.452260
   -0.435086
   -0.395877
   -0.416550
   -0.422274
   -0.444887
   -0.408419
   -0.437974
   -0.438904
   -0.346759
    0.160208
    0.097075
    0.077994
   -0.074155
   -0.357462
   -0.432285
   -0.390215
   -0.452736
   -0.422719
   -0.436870
   -0.425322
   -0.464982
   -0.436779
   -0.445387
   -0.450177
   -0.365670
    0.167940
    0.057412
    0.067412
   -0.074847
   -0.378954
   -0.429572
   -0.451936
   -0.442398
   -0.403574
   -0.431051
   -0.429564
   -0.443268
   -0.452734
   -0.401873
   -0.416370
   -0.414712
   -0.178322
    0.171801
    0.025062
    0.023164
   -0.170548
   -0.417544
   -0.416704
   -0.458848
   -0.422059
   -0.458958
   -0.440179
   -0.446102
   -0.463770
   -0.421449
   -0.443036
   -0.449347
   -0.156718
    0.130002
    0.046026
    0.024094
   -0.148524
   -0.391278
   -0.442926
   -0.432491
   -0.418119
   -0.443752
   -0.419131
   -0.410038
   -0.440081
   -0.419420
   -0.440355
   -0.421425
   -0.438050
    0.039774
    0.076141
    0.011343
   -0.009300
   -0.231735
   -0.400516
   -0.460604
   -0.466567
   -0.489000
   -0.452107
   -0.441954
   -0.471270
   -0.472846
   -0.488929
   -0.435284
   -0.447506
    0.003475
    0.112287
    0.046715
   -0.020050
   -0.225380
   -0.415749
   -0.434177
   -0.439014
   -0.450858
   -0.426034
   -0.420360
   -0.449585
   -0.453280
   -0.462759
   -0.461752
   -0.434351
   -0.356972
    0.113516
    0.042414
    0.049462
   -0.022619
   -0.282579
   -0.465463
   -0.464170
   -0.462493
   -0.462368
   -0.473548
   -0.490873
   -0.489872
   -0.481459
   -0.449030
   -0.442775
   -0.393409
    0.129079
    0.066106
    0.003734
   -0.023454
   -0.270241
   -0.445889
   -0.421499
   -0.410641
   -0.433961
   -0.467921
   -0.471446
   -0.452566
   -0.439403
   -0.411239
   -0.453150
   -0.404331
   -0.199659
    0.155112
    0.060715
    0.018847
   -0.116470
   -0.460592
   -0.421579
   -0.405484
   -0.443632
   -0.495396
   -0.496190
   -0.464150
   -0.441124
   -0.412770
   -0.424880
   -0.437357
   -0.180608
    0.143075
    0.035017
    0.037144
   -0.113967
   -0.440466
   -0.463234
   -0.438404
   -0.447110
   -0.418553
   -0.416238
   -0.364676
    0.149604
    0.056755
    0.024506
   -0.027381
   -0.346201
   -0.445617
   -0.429548
   -0.318676
   -0.151688
   -0.455617
   -0.450588
   -0.446112
   -0.456626
   -0.427507
   -0.442003
   -0.381344
    0.148835
    0.041349
    0.009344
   -0.076026
   -0.384148
   -0.458465
   -0.443874
   -0.278147
   -0.117589
   -0.414426
   -0.473706
   -0.438457
   -0.421405
   -0.434455
   -0.404623
   -0.423728
   -0.200253
    0.127222
    0.033647
   -0.005251
   -0.142959
   -0.426251
   -0.411448
   -0.306372
   -0.164796
   -0.454560
   -0.469473
   -0.459636
   -0.454706
   -0.452581
   -0.452040
   -0.453983
   -0.204455
    0.146633
    0.049906
   -0.013494
   -0.161050
   -0.468483
   -0.440037
   -0.263534
   -0.107907
   -0.409308
   -0.436526
   -0.418997
   -0.415095
   -0.435309
   -0.394289
   -0.448989
   -0.437419
   -0.003636
    0.074458
    0.018117
   -0.009318
   -0.274258
   -0.383194
   -0.342241
   -0.285201
   -0.447946
   -0.476160
   -0.473111
   -0.444725
   -0.486060
   -0.469459
   -0.486132
   -0.455439
    0.031567
    0.115679
    0.062267
    0.000607
   -0.334025
   -0.399855
   -0.371393
   -0.270503
   -0.419398
   -0.401625
   -0.414137
   -0.414818
   -0.451943
   -0.411548
   -0.424338
   -0.437353
   -0.324677
    0.174810
    0.079510
    0.023393
   -0.060528
   -0.354150
   -0.380195
   -0.389203
   -0.441780
   -0.435052
   -0.440776
   -0.435348
   -0.482955
   -0.446713
   -0.442350
   -0.451152
   -0.316747
    0.169299
    0.075238
    0.003498
   -0.095359
   -0.356456
   -0.401132
   -0.418440
   -0.447053
   -0.414761
   -0.446724
   -0.441006
   -0.440649
   -0.440918
   -0.390463
   -0.416233
   -0.440694
   -0.179561
    0.136113
    0.006905
    0.048605
   -0.163312
   -0.389132
   -0.400216
   -0.476538
   -0.444163
   -0.480526
   -0.457977
   -0.453587
   -0.466927
   -0.424068
   -0.448955
   -0.448646
   -0.110066
    0.147144
    0.043316
    0.022268
   -0.172813
   -0.405235
   -0.464404
   -0.446210
   -0.432773
   -0.449372
   -0.424510
   -0.415195
   -0.444408
   -0.419229
   -0.435808
   -0.402494
   -0.419919
    0.023943
    0.070499
    0.039007
   -0.016887
   -0.246667
   -0.407891
   -0.480857
   -0.475529
   -0.483569
   -0.455620
   -0.450345
   -0.483559
   -0.471252
   -0.475875
   -0.459523
   -0.439460
    0.016961
    0.098222
    0.049930
   -0.005973
   -0.230512
   -0.415929
   -0.437094
   -0.436963
   -0.433099
   -0.412377
   -0.411566
   -0.444211
   -0.439969
   -0.431758
   -0.449827
   -0.419565
   -0.353884
    0.125413
    0.053194
    0.030528
   -0.049257
   -0.284765
   -0.471187
   -0.467500
   -0.455586
   -0.455771
   -0.471812
   -0.483708
   -0.478979
   -0.471232
   -0.440626
   -0.430088
   -0.382465
    0.123974
    0.068175
    0.011608
   -0.033127
   -0.310768
   -0.448245
   -0.432930
   -0.417039
   -0.438435
   -0.466461
   -0.466318
   -0.449661
   -0.434073
   -0.416515
   -0.466247
   -0.387883
   -0.189769
    0.152007
    0.061014
    0.000264
   -0.100369
   -0.478111
   -0.450539
   -0.439068
   -0.471009
   -0.503582
   -0.499947
   -0.475957
   -0.459328
   -0.424200
   -0.440266
   -0.436071
   -0.192279
    0.148665
    0.058704
    0.034416
   -0.114750
   -0.429933
   -0.457660
   -0.432609
   -0.441244
   -0.409800
   -0.405718
   -0.354070
    0.158497
    0.061456
    0.036022
   -0.072158
   -0.362207
   -0.412983
   -0.470278
   -0.421576
   -0.339472
   -0.442063
   -0.439740
   -0.435887
   -0.446769
   -0.417742
   -0.425158
   -0.363777
    0.160382
    0.073663
    0.008954
   -0.074066
   -0.385361
   -0.452175
   -0.478027
   -0.425175
   -0.335495
   -0.403853
   -0.463318
   -0.428547
   -0.411723
   -0.426558
   -0.392970
   -0.411751
   -0.191556
    0.130014
   -0.001537
    0.008989
   -0.122244
   -0.418884
   -0.413354
   -0.407401
   -0.329897
   -0.443677
   -0.457055
   -0.445677
   -0.444617
   -0.440814
   -0.433874
   -0.436308
   -0.194013
    0.148439
    0.015508
   -0.021316
   -0.136302
   -0.430078
   -0.427893
   -0.384852
   -0.332035
   -0.399214
   -0.430963
   -0.413068
   -0.406695
   -0.429107
   -0.388219
   -0.441688
   -0.431909
    0.014142
    0.114139
    0.019800
   -0.010913
   -0.284976
   -0.435458
   -0.406870
   -0.370680
   -0.439862
   -0.464623
   -0.460510
   -0.433687
   -0.475746
   -0.454770
   -0.471777
   -0.442047
    0.048252
    0.151251
    0.027124
   -0.010186
   -0.318648
   -0.436574
   -0.430576
   -0.385562
   -0.409404
   -0.396866
   -0.408270
   -0.406530
   -0.447760
   -0.406219
   -0.416409
   -0.430418
   -0.309137
    0.172041
    0.053774
    0.004210
   -0.066810
   -0.357693
   -0.398202
   -0.427124
   -0.431756
   -0.426278
   -0.428903
   -0.425728
   -0.473330
   -0.434454
   -0.428724
   -0.437309
   -0.282252
    0.148352
    0.081101
   -0.010216
   -0.129968
   -0.368177
   -0.435102
   -0.446392
   -0.455543
   -0.405169
   -0.450156
   -0.451079
   -0.436489
   -0.436982
   -0.402825
   -0.409523
   -0.433510
   -0.159197
    0.120494
    0.003899
    0.045741
   -0.153020
   -0.368879
   -0.407302
   -0.473186
   -0.431805
   -0.475603
   -0.464114
   -0.448956
   -0.459370
   -0.425546
   -0.443198
   -0.438863
   -0.100976
    0.151672
    0.028638
    0.011721
   -0.147861
   -0.403740
   -0.464170
   -0.439026
   -0.436292
   -0.449243
   -0.419823
   -0.419598
   -0.444121
   -0.413524
   -0.433572
   -0.397899
   -0.403005
    0.014827
    0.057430
    0.035819
    0.001616
   -0.246057
   -0.414071
   -0.464584
   -0.473516
   -0.472592
   -0.438605
   -0.448328
   -0.479006
   -0.446960
   -0.465292
   -0.442138
   -0.446054
    0.035340
    0.077667
    0.030327
    0.015861
   -0.235064
   -0.419729
   -0.425614
   -0.439552
   -0.416028
   -0.394219
   -0.407745
   -0.439155
   -0.426501
   -0.426116
   -0.448520
   -0.412687
   -0.372231
    0.125010
    0.035435
    0.010121
   -0.019644
   -0.315913
   -0.456549
   -0.455995
   -0.437180
   -0.431960
   -0.457867
   -0.466786
   -0.459541
   -0.458869
   -0.430358
   -0.434474
   -0.386886
    0.112706
    0.039974
    0.011718
   -0.025709
   -0.333173
   -0.440061
   -0.415101
   -0.404977
   -0.425880
   -0.445709
   -0.454045
   -0.443491
   -0.414420
   -0.431299
   -0.461266
   -0.403397
   -0.213207
    0.142293
    0.055848
   -0.003479
   -0.113331
   -0.471650
   -0.419940
   -0.419865
   -0.462507
   -0.476258
   -0.474634
   -0.465632
   -0.439610
   -0.441211
   -0.430429
   -0.437960
   -0.237178
    0.138924
    0.074387
   -0.013280
   -0.110507
   -0.411801
   -0.442947
   -0.418134
   -0.432754
   -0.408312
   -0.415645
   -0.368014
    0.149833
    0.039004
    0.061074
   -0.020775
   -0.326743
   -0.395436
   -0.469726
   -0.461658
   -0.447045
   -0.441001
   -0.436948
   -0.433575
   -0.454669
   -0.428547
   -0.441976
   -0.384072
    0.145975
    0.063611
    0.058365
   -0.057835
   -0.320686
   -0.405164
   -0.435799
   -0.532899
   -0.532238
   -0.387875
   -0.443940
   -0.418603
   -0.406814
   -0.416305
   -0.388348
   -0.419886
   -0.188846
    0.125186
   -0.002149
    0.025450
   -0.109697
   -0.404847
   -0.418395
   -0.449463
   -0.441821
   -0.441578
   -0.452156
   -0.446370
   -0.457899
   -0.446452
   -0.440982
   -0.445958
   -0.198522
    0.143397
   -0.000396
    0.061085
   -0.068702
   -0.422006
   -0.447916
   -0.507999
   -0.506243
   -0.403982
   -0.435437
   -0.419389
   -0.415152
   -0.437815
   -0.389452
   -0.442018
   -0.430858
    0.002765
    0.116400
    0.047247
    0.002266
   -0.251813
   -0.477212
   -0.460807
   -0.460304
   -0.438284
   -0.463202
   -0.454266
   -0.431907
   -0.470864
   -0.440428
   -0.455602
   -0.430858
    0.016359
    0.123844
    0.052994
    0.017952
   -0.220472
   -0.468896
   -0.468111
   -0.515883
   -0.430710
   -0.411128
   -0.427274
   -0.420858
   -0.460082
   -0.405090
   -0.416005
   -0.433431
   -0.296985
    0.147406
    0.072031
    0.044260
   -0.081288
   -0.338793
   -0.437513
   -0.435882
   -0.443992
   -0.429484
   -0.434628
   -0.429874
   -0.469588
   -0.423369
   -0.415537
   -0.428292
   -0.341860
    0.154819
    0.062854
    0.066221
   -0.079462
   -0.351969
   -0.455719
   -0.466670
   -0.444330
   -0.395604
   -0.443912
   -0.449607
   -0.436257
   -0.445751
   -0.417115
   -0.415551
   -0.445893
   -0.187902
    0.162993
    0.037937
   -0.003692
   -0.128388
   -0.408785
   -0.419719
   -0.463892
   -0.414692
   -0.466196
   -0.460576
   -0.448258
   -0.464952
   -0.434378
   -0.454497
   -0.460670
   -0.171269
    0.179695
    0.036046
   -0.017391
   -0.127255
   -0.398275
   -0.459202
   -0.435263
   -0.431960
   -0.443086
   -0.417208
   -0.420942
   -0.449345
   -0.418497
   -0.439808
   -0.412499
   -0.428555
   -0.012422
    0.089829
    0.001756
    0.009188
   -0.211405
   -0.432762
   -0.463452
   -0.472516
   -0.470579
   -0.434851
   -0.447482
   -0.477521
   -0.445146
   -0.467210
   -0.433620
   -0.439438
   -0.010262
    0.074330
    0.019377
   -0.012848
   -0.191315
   -0.446916
   -0.429070
   -0.439445
   -0.415702
   -0.395342
   -0.410743
   -0.440876
   -0.427175
   -0.431921
   -0.436138
   -0.412723
   -0.397610
    0.082628
    0.034994
    0.005242
   -0.011842
   -0.317323
   -0.460551
   -0.457989
   -0.439671
   -0.431652
   -0.458322
   -0.463933
   -0.455470
   -0.453957
   -0.427485
   -0.417541
   -0.433762
    0.052811
    0.029589
    0.024170
   -0.028645
   -0.289462
   -0.448151
   -0.424361
   -0.408885
   -0.425073
   -0.446154
   -0.448625
   -0.435873
   -0.402321
   -0.440224
   -0.438320
   -0.436796
   -0.291947
    0.149384
    0.023587
    0.023505
   -0.064711
   -0.476255
   -0.426262
   -0.422632
   -0.458530
   -0.475339
   -0.470845
   -0.454052
   -0.423196
   -0.427607
   -0.408731
   -0.449013
   -0.299846
    0.111301
    0.049991
   -0.027055
   -0.058799
   -0.411154
   -0.435063
   -0.402360
   -0.416782
   -0.411352
   -0.438053
   -0.406812
    0.089939
    0.018253
    0.036122
   -0.024049
   -0.285779
   -0.403030
   -0.422162
   -0.415173
   -0.415511
   -0.439975
   -0.430107
   -0.424620
   -0.447547
   -0.438208
   -0.475536
   -0.443702
    0.068727
    0.024393
    0.045906
   -0.049878
   -0.276973
   -0.417117
   -0.404125
   -0.487520
   -0.480824
   -0.406542
   -0.463028
   -0.429310
   -0.407889
   -0.428671
   -0.416667
   -0.460546
   -0.233841
    0.098296
   -0.011449
    0.019128
   -0.087882
   -0.398091
   -0.393977
   -0.406914
   -0.412671
   -0.436828
   -0.444694
   -0.442824
   -0.454524
   -0.458909
   -0.469637
   -0.490970
   -0.249528
    0.116555
   -0.008371
    0.056144
   -0.064337
   -0.412135
   -0.414721
   -0.463255
   -0.465160
   -0.416416
   -0.438660
   -0.417042
   -0.415135
   -0.436517
   -0.388689
   -0.446257
   -0.432863
   -0.049246
    0.112781
    0.058107
    0.006095
   -0.228731
   -0.446557
   -0.434087
   -0.433695
   -0.427094
   -0.456288
   -0.440032
   -0.423720
   -0.468590
   -0.444547
   -0.462016
   -0.437950
   -0.032502
    0.111993
    0.061086
    0.016558
   -0.191950
   -0.435368
   -0.432809
   -0.481519
   -0.443478
   -0.417432
   -0.432717
   -0.428738
   -0.454839
   -0.399869
   -0.414947
   -0.417930
   -0.327646
    0.119280
    0.070002
    0.035133
   -0.044023
   -0.305572
   -0.411206
   -0.428491
   -0.456884
   -0.438949
   -0.443710
   -0.432219
   -0.472551
   -0.431874
   -0.424681
   -0.424861
   -0.390473
    0.132223
    0.077167
    0.065877
   -0.043287
   -0.324384
   -0.430742
   -0.444178
   -0.440173
   -0.401952
   -0.434098
   -0.424186
   -0.410890
   -0.441041
   -0.420565
   -0.415178
   -0.465524
   -0.217011
    0.168804
    0.032227
    0.010636
   -0.099235
   -0.396889
   -0.429095
   -0.463101
   -0.417503
   -0.458687
   -0.438873
   -0.433398
   -0.460115
   -0.436480
   -0.455436
   -0.475239
   -0.216795
    0.185609
    0.014600
    0.013992
   -0.102267
   -0.376772
   -0.453898
   -0.439317
   -0.426835
   -0.432240
   -0.408039
   -0.408231
   -0.438760
   -0.416003
   -0.443741
   -0.420898
   -0.429624
   -0.053277
    0.114879
    0.020901
    0.007313
   -0.200159
   -0.435376
   -0.466800
   -0.463028
   -0.458532
   -0.438161
   -0.443804
   -0.460907
   -0.439320
   -0.472657
   -0.458754
   -0.440790
   -0.081804
    0.101463
    0.030859
   -0.000833
   -0.169480
   -0.427177
   -0.426553
   -0.427254
   -0.411733
   -0.403119
   -0.414504
   -0.429086
   -0.410069
   -0.433120
   -0.410519
   -0.435905
   -0.403215
    0.068501
    0.039702
    0.023255
   -0.035303
   -0.296945
   -0.445944
   -0.447777
   -0.439472
   -0.439607
   -0.464512
   -0.458445
   -0.441268
   -0.443163
   -0.432117
   -0.443972
   -0.444713
    0.032436
    0.027964
    0.055577
   -0.025575
   -0.251286
   -0.434646
   -0.419205
   -0.409956
   -0.426775
   -0.449562
   -0.447698
   -0.428316
   -0.388005
   -0.433424
   -0.431380
   -0.460351
   -0.302932
    0.142086
    0.028881
    0.045069
   -0.054491
   -0.453886
   -0.427201
   -0.428873
   -0.453817
   -0.473521
   -0.477937
   -0.444900
   -0.395476
   -0.425507
   -0.416838
   -0.442712
   -0.334783
    0.111421
    0.051296
    0.025536
   -0.049537
   -0.433348
   -0.439899
   -0.405014
   -0.437019
   -0.417757
   -0.415736
   -0.407019
    0.045016
    0.065878
   -0.022781
   -0.055087
   -0.235609
   -0.415988
   -0.422180
   -0.368222
   -0.294408
   -0.455244
   -0.443052
   -0.426644
   -0.453262
   -0.455298
   -0.464091
   -0.432720
    0.022947
    0.061900
    0.031585
   -0.045240
   -0.263384
   -0.442756
   -0.444808
   -0.420636
   -0.307195
   -0.416000
   -0.487772
   -0.426676
   -0.404212
   -0.444749
   -0.410645
   -0.443806
   -0.276739
    0.123146
    0.023389
    0.023551
   -0.081881
   -0.358993
   -0.409460
   -0.353457
   -0.316848
   -0.443248
   -0.460293
   -0.438803
   -0.440568
   -0.464387
   -0.467905
   -0.489116
   -0.273146
    0.127969
    0.044603
    0.018202
   -0.115608
   -0.400907
   -0.414980
   -0.356395
   -0.294449
   -0.426439
   -0.435125
   -0.413508
   -0.409288
   -0.415794
   -0.388755
   -0.464395
   -0.431501
   -0.067961
    0.155206
    0.005913
   -0.020067
   -0.177135
   -0.378092
   -0.376136
   -0.361272
   -0.431991
   -0.443644
   -0.439439
   -0.412051
   -0.437480
   -0.456483
   -0.494936
   -0.419708
   -0.073683
    0.113345
    0.019455
   -0.017194
   -0.217490
   -0.387068
   -0.360226
   -0.344884
   -0.442719
   -0.413621
   -0.427200
   -0.405400
   -0.423804
   -0.409612
   -0.435894
   -0.394771
   -0.360919
    0.056323
    0.060019
    0.022799
   -0.024662
   -0.249113
   -0.371084
   -0.405236
   -0.448313
   -0.443807
   -0.435610
   -0.400308
   -0.455566
   -0.449773
   -0.437538
   -0.399521
   -0.387523
    0.023462
    0.081076
    0.032555
   -0.051098
   -0.271144
   -0.390514
   -0.439005
   -0.438686
   -0.407625
   -0.444400
   -0.422909
   -0.395916
   -0.423919
   -0.415489
   -0.436343
   -0.430503
   -0.312754
    0.095552
    0.005502
    0.074800
   -0.049501
   -0.365992
   -0.407693
   -0.458767
   -0.428402
   -0.472690
   -0.443799
   -0.423496
   -0.442620
   -0.436423
   -0.466309
   -0.429636
   -0.276851
    0.121291
    0.001172
    0.081463
   -0.047000
   -0.372158
   -0.467325
   -0.428495
   -0.424621
   -0.445582
   -0.418546
   -0.401794
   -0.428781
   -0.410691
   -0.446424
   -0.434340
   -0.439243
   -0.143118
    0.123914
    0.052864
   -0.001858
   -0.174816
   -0.396345
   -0.449249
   -0.461264
   -0.470169
   -0.457175
   -0.446063
   -0.452228
   -0.434706
   -0.472781
   -0.480356
   -0.446365
   -0.132994
    0.132579
    0.066564
    0.006949
   -0.188806
   -0.407416
   -0.403267
   -0.427077
   -0.426506
   -0.413741
   -0.413807
   -0.417508
   -0.403362
   -0.429787
   -0.411978
   -0.424170
   -0.421806
    0.065419
    0.032055
    0.023766
   -0.058702
   -0.262169
   -0.431099
   -0.447459
   -0.455533
   -0.447061
   -0.462025
   -0.446582
   -0.435537
   -0.446849
   -0.485111
   -0.453916
   -0.435107
    0.060335
    0.025823
    0.040419
   -0.036673
   -0.221068
   -0.428828
   -0.425740
   -0.416482
   -0.431510
   -0.441265
   -0.434092
   -0.428067
   -0.406166
   -0.412733
   -0.435833
   -0.427934
   -0.312082
    0.118999
    0.028950
    0.031391
   -0.061562
   -0.452508
   -0.431030
   -0.440334
   -0.455419
   -0.458567
   -0.465376
   -0.447933
   -0.414414
   -0.444280
   -0.425349
   -0.409045
   -0.326051
    0.099300
    0.018878
    0.042325
   -0.054518
   -0.449723
   -0.464155
   -0.425345
   -0.445965
   -0.408845
   -0.413672
   -0.421079
    0.031936
    0.075985
   -0.034508
   -0.066180
   -0.283494
   -0.430429
   -0.479687
   -0.441584
   -0.389830
   -0.478649
   -0.479100
   -0.442172
   -0.460588
   -0.473722
   -0.461273
   -0.422023
    0.001008
    0.069605
    0.026626
   -0.058097
   -0.316307
   -0.467999
   -0.514333
   -0.500270
   -0.424155
   -0.440361
   -0.482589
   -0.437311
   -0.432589
   -0.450216
   -0.391952
   -0.451638
   -0.309891
    0.124347
    0.004455
    0.010364
   -0.120570
   -0.377959
   -0.455296
   -0.409135
   -0.403721
   -0.460317
   -0.480837
   -0.452019
   -0.467615
   -0.480541
   -0.468935
   -0.486199
   -0.297628
    0.145033
    0.047230
    0.012426
   -0.151602
   -0.415073
   -0.479672
   -0.437007
   -0.414635
   -0.420463
   -0.452065
   -0.439908
   -0.419868
   -0.421453
   -0.402748
   -0.478803
   -0.447692
   -0.070765
    0.127722
   -0.002072
   -0.033134
   -0.200680
   -0.430940
   -0.412782
   -0.416988
   -0.435139
   -0.447324
   -0.471737
   -0.440958
   -0.436273
   -0.472075
   -0.532126
   -0.421554
   -0.069892
    0.098344
    0.024406
   -0.030156
   -0.240767
   -0.450397
   -0.424062
   -0.417491
   -0.436635
   -0.438113
   -0.441165
   -0.415135
   -0.445496
   -0.424080
   -0.435293
   -0.410192
   -0.388866
    0.055542
    0.067824
    0.011337
   -0.042279
   -0.281022
   -0.410216
   -0.437847
   -0.455470
   -0.445864
   -0.448517
   -0.435660
   -0.480936
   -0.458748
   -0.442769
   -0.413506
   -0.410060
    0.024486
    0.087118
    0.009837
   -0.065154
   -0.315190
   -0.442884
   -0.483949
   -0.423269
   -0.408566
   -0.477730
   -0.446354
   -0.401569
   -0.424182
   -0.419132
   -0.441516
   -0.428725
   -0.324449
    0.085224
    0.000492
    0.055898
   -0.059023
   -0.365333
   -0.435059
   -0.457996
   -0.425402
   -0.501098
   -0.473906
   -0.439806
   -0.450887
   -0.436529
   -0.478448
   -0.431090
   -0.300060
    0.108252
    0.012203
    0.061180
   -0.065700
   -0.380186
   -0.493096
   -0.429349
   -0.423965
   -0.459870
   -0.435096
   -0.421764
   -0.441407
   -0.411012
   -0.449272
   -0.440858
   -0.450262
   -0.140022
    0.109090
    0.037017
   -0.005451
   -0.157283
   -0.412410
   -0.462988
   -0.471182
   -0.479480
   -0.461205
   -0.473537
   -0.476829
   -0.441933
   -0.475648
   -0.478549
   -0.466238
   -0.135985
    0.131036
    0.062595
   -0.004617
   -0.204152
   -0.425856
   -0.418314
   -0.429772
   -0.421932
   -0.413312
   -0.423640
   -0.437490
   -0.415181
   -0.430761
   -0.438809
   -0.425862
   -0.426116
    0.066275
    0.030780
    0.026477
   -0.051953
   -0.271083
   -0.453822
   -0.454286
   -0.460501
   -0.450399
   -0.464289
   -0.458667
   -0.455611
   -0.454631
   -0.494269
   -0.465606
   -0.459174
    0.069376
    0.043935
    0.021619
   -0.049908
   -0.223216
   -0.442797
   -0.436697
   -0.427291
   -0.434375
   -0.433950
   -0.433185
   -0.445315
   -0.419470
   -0.435454
   -0.425746
   -0.430339
   -0.331715
    0.113874
    0.029300
    0.011096
   -0.067909
   -0.469118
   -0.441838
   -0.456256
   -0.460960
   -0.452556
   -0.455478
   -0.458232
   -0.454314
   -0.468063
   -0.426167
   -0.432134
   -0.340922
    0.110429
    0.007983
    0.015816
   -0.063501
   -0.460304
   -0.451985
   -0.412732
   -0.441097
   -0.412596
   -0.422291
   -0.414766
    0.036828
    0.041655
    0.010826
   -0.050553
   -0.308368
   -0.409149
   -0.457918
   -0.446625
   -0.466097
   -0.468057
   -0.465127
   -0.429756
   -0.460628
   -0.471004
   -0.447716
   -0.417162
   -0.002020
    0.013612
    0.035985
   -0.080000
   -0.319136
   -0.426181
   -0.488212
   -0.490723
   -0.527195
   -0.438517
   -0.472553
   -0.440780
   -0.443027
   -0.442342
   -0.377731
   -0.442681
   -0.310668
    0.125271
   -0.000830
    0.023508
   -0.134348
   -0.386549
   -0.424498
   -0.440500
   -0.486434
   -0.450632
   -0.467869
   -0.447470
   -0.471027
   -0.474716
   -0.452191
   -0.477288
   -0.300873
    0.136699
    0.036746
    0.032116
   -0.151322
   -0.387542
   -0.456275
   -0.503132
   -0.578369
   -0.429341
   -0.450307
   -0.434610
   -0.419187
   -0.436018
   -0.402718
   -0.469374
   -0.442346
   -0.032339
    0.059183
    0.041867
    0.004853
   -0.243149
   -0.459004
   -0.409748
   -0.467004
   -0.444504
   -0.439247
   -0.454550
   -0.438855
   -0.443779
   -0.467532
   -0.512471
   -0.413300
   -0.043414
    0.072078
    0.064329
   -0.021336
   -0.211213
   -0.470104
   -0.467113
   -0.508831
   -0.439998
   -0.435039
   -0.436983
   -0.423470
   -0.451471
   -0.414506
   -0.420912
   -0.415491
   -0.373187
    0.095419
    0.061887
    0.026341
   -0.065493
   -0.276626
   -0.430788
   -0.437395
   -0.451696
   -0.435937
   -0.451869
   -0.445966
   -0.474683
   -0.434173
   -0.427750
   -0.423197
   -0.415178
    0.101929
    0.030345
   -0.014467
   -0.050222
   -0.296533
   -0.479216
   -0.456031
   -0.420366
   -0.405008
   -0.477746
   -0.449832
   -0.394208
   -0.432355
   -0.435697
   -0.429401
   -0.409015
   -0.260955
    0.112555
   -0.004849
    0.000155
   -0.096237
   -0.409850
   -0.443838
   -0.460048
   -0.416698
   -0.479119
   -0.471607
   -0.445444
   -0.444087
   -0.421608
   -0.478340
   -0.440765
   -0.279619
    0.126270
    0.033979
   -0.003908
   -0.123683
   -0.402827
   -0.471089
   -0.417731
   -0.434754
   -0.453028
   -0.419539
   -0.433674
   -0.444182
   -0.404654
   -0.448529
   -0.408749
   -0.435442
   -0.067981
    0.051267
    0.057353
   -0.019936
   -0.117143
   -0.416433
   -0.448172
   -0.477665
   -0.473208
   -0.442826
   -0.467309
   -0.479573
   -0.439133
   -0.464475
   -0.429466
   -0.427335
   -0.078476
    0.080851
    0.031467
    0.001407
   -0.163969
   -0.442270
   -0.433243
   -0.413916
   -0.413584
   -0.418211
   -0.423701
   -0.424939
   -0.415818
   -0.435293
   -0.425721
   -0.454473
   -0.387150
    0.119648
    0.061757
    0.033172
   -0.030939
   -0.268657
   -0.463254
   -0.443143
   -0.451801
   -0.452145
   -0.446997
   -0.448867
   -0.462786
   -0.447463
   -0.412107
   -0.422679
   -0.442030
    0.100920
    0.086247
    0.009842
   -0.016284
   -0.243105
   -0.437195
   -0.439394
   -0.436224
   -0.423071
   -0.420716
   -0.434793
   -0.450160
   -0.409779
   -0.435080
   -0.422581
   -0.421595
   -0.301763
    0.116781
    0.061328
   -0.008182
   -0.061934
   -0.462338
   -0.443602
   -0.444015
   -0.447847
   -0.458902
   -0.446216
   -0.440003
   -0.455193
   -0.445632
   -0.437481
   -0.451471
   -0.315624
    0.146697
    0.053992
    0.007884
   -0.078205
   -0.425754
   -0.422547
   -0.393069
   -0.398001
   -0.391116
   -0.433824
   -0.417944
    0.040014
    0.035268
    0.021441
   -0.080375
   -0.225862
   -0.416805
   -0.412525
   -0.393295
   -0.433091
   -0.376324
   -0.403084
   -0.388220
   -0.401460
   -0.404351
   -0.418462
   -0.399220
   -0.020906
    0.052414
    0.017225
   -0.073084
   -0.212098
   -0.396666
   -0.411199
   -0.412552
   -0.392225
   -0.431911
   -0.438892
   -0.415343
   -0.420057
   -0.399966
   -0.380333
   -0.424330
   -0.227206
    0.112497
    0.018540
    0.029948
   -0.101838
   -0.373375
   -0.414773
   -0.427681
   -0.420023
   -0.391652
   -0.429331
   -0.416010
   -0.396634
   -0.417798
   -0.410359
   -0.424512
   -0.276202
    0.117107
    0.025624
    0.070439
   -0.091298
   -0.382421
   -0.411474
   -0.412543
   -0.381058
   -0.419242
   -0.439420
   -0.424999
   -0.397597
   -0.419104
   -0.387602
   -0.429646
   -0.397041
   -0.101829
    0.108322
    0.057311
   -0.013764
   -0.199679
   -0.398803
   -0.401865
   -0.418702
   -0.422224
   -0.438764
   -0.436224
   -0.383377
   -0.414312
   -0.423944
   -0.439575
   -0.378916
   -0.102067
    0.131478
    0.076106
   -0.010502
   -0.204941
   -0.382933
   -0.366707
   -0.408808
   -0.412492
   -0.396690
   -0.444417
   -0.418825
   -0.401715
   -0.372142
   -0.398268
   -0.391374
   -0.357836
    0.034687
    0.031669
    0.034778
   -0.064930
   -0.305683
   -0.392527
   -0.424619
   -0.416743
   -0.386752
   -0.449072
   -0.421817
   -0.394982
   -0.363212
   -0.389083
   -0.380493
   -0.354713
    0.043040
    0.029192
    0.040832
   -0.044383
   -0.294714
   -0.389900
   -0.401442
   -0.418342
   -0.417576
   -0.401756
   -0.424600
   -0.414193
   -0.389977
   -0.420654
   -0.427077
   -0.385955
   -0.290059
    0.144116
    0.011366
    0.029076
   -0.083485
   -0.423539
   -0.380834
   -0.415657
   -0.418964
   -0.400851
   -0.406732
   -0.408445
   -0.407889
   -0.422529
   -0.409983
   -0.394989
   -0.271857
    0.120813
    0.010121
    0.048442
   -0.077473
   -0.411814
   -0.367528
   -0.416357
   -0.423688
   -0.393366
   -0.389338
   -0.401556
   -0.415431
   -0.424838
   -0.393776
   -0.435634
   -0.402331
   -0.065648
    0.075290
    0.035409
   -0.003363
   -0.189117
   -0.379421
   -0.415638
   -0.431715
   -0.401470
   -0.391109
   -0.406881
   -0.414253
   -0.424389
   -0.410035
   -0.406331
   -0.415299
   -0.097810
    0.089756
    0.051313
   -0.009730
   -0.183219
   -0.367329
   -0.405570
   -0.423016
   -0.393244
   -0.397070
   -0.410443
   -0.389286
   -0.399047
   -0.425758
   -0.396778
   -0.410482
   -0.366664
    0.088505
    0.026093
    0.040505
   -0.054508
   -0.284929
   -0.407520
   -0.432565
   -0.401351
   -0.409401
   -0.418659
   -0.386064
   -0.402450
   -0.440244
   -0.365321
   -0.399574
   -0.365481
    0.078022
    0.023710
    0.032561
   -0.058902
   -0.259623
   -0.400196
   -0.430968
   -0.394954
   -0.392854
   -0.418786
   -0.399353
   -0.396786
   -0.424862
   -0.406489
   -0.466129
   -0.415438
   -0.273248
    0.155511
    0.075708
    0.003653
   -0.052501
   -0.400043
   -0.439118
   -0.388918
   -0.377944
   -0.415988
   -0.414074
   -0.404342
   -0.402764
   -0.412299
   -0.424908
   -0.410870
   -0.298167
    0.158060
    0.078538
    0.003295
   -0.035643
   -0.437386
   -0.440218
   -0.405160
   -0.402064
   -0.401126
   -0.440945
   -0.435885
    0.041575
    0.026813
    0.023073
   -0.096771
   -0.278084
   -0.462799
   -0.431829
   -0.373422
   -0.355352
   -0.420950
   -0.442645
   -0.427880
   -0.423401
   -0.409211
   -0.422461
   -0.400060
   -0.007480
    0.041560
    0.010307
   -0.101695
   -0.274373
   -0.456946
   -0.432841
   -0.390415
   -0.281719
   -0.428931
   -0.434928
   -0.419479
   -0.423132
   -0.419103
   -0.397602
   -0.449855
   -0.252049
    0.113438
    0.026344
    0.011065
   -0.139963
   -0.393277
   -0.416659
   -0.360614
   -0.267281
   -0.425374
   -0.465877
   -0.444062
   -0.417293
   -0.431208
   -0.420829
   -0.427193
   -0.283311
    0.112479
    0.010165
    0.032826
   -0.139307
   -0.425320
   -0.428709
   -0.335919
   -0.193008
   -0.426135
   -0.441504
   -0.433251
   -0.409168
   -0.425333
   -0.399058
   -0.445928
   -0.413969
   -0.108891
    0.128551
    0.031652
   -0.049313
   -0.198412
   -0.386821
   -0.334804
   -0.250752
   -0.433758
   -0.455817
   -0.454327
   -0.397153
   -0.430162
   -0.452875
   -0.464468
   -0.402132
   -0.118799
    0.137621
    0.047982
   -0.063216
   -0.247932
   -0.398023
   -0.324126
   -0.285700
   -0.410304
   -0.398941
   -0.452240
   -0.426678
   -0.408067
   -0.389354
   -0.413586
   -0.405030
   -0.359369
    0.052320
    0.032408
    0.000985
   -0.089890
   -0.324778
   -0.364448
   -0.352529
   -0.427234
   -0.394512
   -0.470470
   -0.440814
   -0.416843
   -0.389458
   -0.425759
   -0.407768
   -0.366709
    0.054003
    0.039862
   -0.003322
   -0.089100
   -0.337045
   -0.386513
   -0.374111
   -0.432414
   -0.428055
   -0.402414
   -0.434082
   -0.424135
   -0.390365
   -0.429476
   -0.442828
   -0.401081
   -0.275534
    0.142002
    0.005988
    0.034839
   -0.097969
   -0.428942
   -0.384634
   -0.432863
   -0.443321
   -0.418002
   -0.423440
   -0.425469
   -0.427021
   -0.447637
   -0.425907
   -0.408727
   -0.240441
    0.136693
    0.004084
    0.050562
   -0.080171
   -0.429489
   -0.402843
   -0.427960
   -0.434838
   -0.400854
   -0.399249
   -0.411007
   -0.426454
   -0.439920
   -0.398867
   -0.428937
   -0.380563
   -0.072390
    0.108288
    0.035319
   -0.038080
   -0.243453
   -0.390038
   -0.436313
   -0.450895
   -0.419378
   -0.412900
   -0.427683
   -0.432316
   -0.446426
   -0.427982
   -0.424400
   -0.405497
   -0.096891
    0.124674
    0.070413
   -0.039647
   -0.237688
   -0.391793
   -0.410848
   -0.436935
   -0.403643
   -0.407459
   -0.420772
   -0.398124
   -0.408397
   -0.433435
   -0.409908
   -0.397698
   -0.381693
    0.096344
    0.030257
    0.028470
   -0.079852
   -0.306432
   -0.423433
   -0.455088
   -0.420576
   -0.428216
   -0.440407
   -0.402812
   -0.418942
   -0.463559
   -0.405904
   -0.424019
   -0.380064
    0.100053
    0.044441
    0.011051
   -0.095732
   -0.272619
   -0.410158
   -0.445361
   -0.401476
   -0.401829
   -0.433043
   -0.407957
   -0.403471
   -0.444173
   -0.436160
   -0.447955
   -0.401646
   -0.273509
    0.180448
    0.063398
    0.001502
   -0.082676
   -0.419096
   -0.463761
   -0.408553
   -0.393679
   -0.435881
   -0.435464
   -0.425934
   -0.426552
   -0.438571
   -0.412946
   -0.393771
   -0.288287
    0.182408
    0.051622
   -0.018500
   -0.071924
   -0.475726
   -0.488185
   -0.457521
   -0.457282
   -0.457179
   -0.493244
   -0.465391
    0.041108
    0.048896
    0.014526
   -0.064816
   -0.391291
   -0.447895
   -0.509491
   -0.506308
   -0.446636
   -0.575264
   -0.572667
   -0.553865
   -0.554406
   -0.516609
   -0.515327
   -0.494619
   -0.020904
    0.037258
   -0.000574
   -0.100989
   -0.405269
   -0.513376
   -0.575101
   -0.558921
   -0.474094
   -0.476634
   -0.490792
   -0.476709
   -0.481014
   -0.487339
   -0.464484
   -0.524851
   -0.301303
    0.139908
    0.048317
    0.032372
   -0.189917
   -0.433818
   -0.505690
   -0.448679
   -0.412126
   -0.526535
   -0.585818
   -0.553441
   -0.526631
   -0.558724
   -0.539774
   -0.539538
   -0.375859
    0.158034
    0.033059
    0.039937
   -0.186369
   -0.519619
   -0.581647
   -0.518962
   -0.438833
   -0.490396
   -0.499300
   -0.500340
   -0.475602
   -0.466059
   -0.445686
   -0.503165
   -0.446459
   -0.092781
    0.127262
    0.035063
   -0.040792
   -0.255577
   -0.504792
   -0.474933
   -0.414437
   -0.539978
   -0.547078
   -0.551985
   -0.508516
   -0.539172
   -0.561581
   -0.591901
   -0.516278
   -0.109107
    0.154973
    0.057779
   -0.070056
   -0.311161
   -0.562476
   -0.550937
   -0.501601
   -0.462887
   -0.469655
   -0.499519
   -0.465973
   -0.481758
   -0.450573
   -0.458585
   -0.461373
   -0.398378
    0.124256
    0.086026
    0.022876
   -0.058136
   -0.403466
   -0.493091
   -0.472838
   -0.538119
   -0.507682
   -0.586177
   -0.551567
   -0.531855
   -0.509668
   -0.543277
   -0.522196
   -0.459078
    0.132954
    0.065839
   -0.023367
   -0.081406
   -0.454771
   -0.544636
   -0.547889
   -0.494330
   -0.462814
   -0.462104
   -0.479577
   -0.449312
   -0.432277
   -0.489561
   -0.488186
   -0.453385
   -0.225558
    0.123771
   -0.001604
   -0.007601
   -0.133410
   -0.431228
   -0.464335
   -0.553811
   -0.557707
   -0.531322
   -0.539255
   -0.539360
   -0.538560
   -0.562314
   -0.554345
   -0.514253
   -0.283075
    0.129002
    0.023471
    0.009544
   -0.119267
   -0.496886
   -0.583656
   -0.466805
   -0.498577
   -0.458278
   -0.449559
   -0.485378
   -0.483497
   -0.479029
   -0.464522
   -0.489830
   -0.433686
   -0.045579
    0.124307
    0.013637
   -0.033019
   -0.242919
   -0.415823
   -0.543098
   -0.575281
   -0.543821
   -0.544789
   -0.572420
   -0.561501
   -0.556568
   -0.549642
   -0.540653
   -0.493404
   -0.064227
    0.155796
    0.066847
   -0.065598
   -0.336409
   -0.516990
   -0.462226
   -0.481269
   -0.463992
   -0.481870
   -0.481754
   -0.454201
   -0.462722
   -0.476860
   -0.465221
   -0.491171
   -0.431209
    0.132608
    0.062359
    0.054984
   -0.061054
   -0.358854
   -0.548450
   -0.556943
   -0.544799
   -0.563747
   -0.553329
   -0.521087
   -0.548791
   -0.570800
   -0.549368
   -0.563983
   -0.494297
    0.128237
    0.096693
   -0.002280
   -0.093234
   -0.348821
   -0.482171
   -0.506528
   -0.462916
   -0.464565
   -0.484717
   -0.466136
   -0.477789
   -0.506909
   -0.460748
   -0.459798
   -0.459418
   -0.299226
    0.198474
    0.024840
    0.014210
   -0.058761
   -0.554029
   -0.588896
   -0.530280
   -0.507743
   -0.560428
   -0.562313
   -0.550104
   -0.570145
   -0.554903
   -0.533929
   -0.508303
   -0.318629
    0.201539
    0.013262
    0.005090
   -0.067182
   -0.423444
   -0.415713
   -0.445251
   -0.450215
   -0.412548
   -0.448937
   -0.330044
    0.052136
    0.045859
    0.009914
   -0.060049
   -0.369461
   -0.403366
   -0.448332
   -0.460209
   -0.448685
   -0.490529
   -0.474862
   -0.461478
   -0.483620
   -0.456522
   -0.454082
   -0.424959
    0.038188
    0.058681
   -0.019181
   -0.076812
   -0.363203
   -0.444569
   -0.505819
   -0.481206
   -0.492140
   -0.449041
   -0.462687
   -0.442063
   -0.446258
   -0.443190
   -0.437675
   -0.480867
   -0.216988
    0.150787
    0.037099
   -0.003627
   -0.186717
   -0.418987
   -0.436621
   -0.413871
   -0.431790
   -0.442659
   -0.489884
   -0.472279
   -0.456747
   -0.491681
   -0.477779
   -0.481717
   -0.283331
    0.165739
    0.025707
    0.015687
   -0.174038
   -0.452878
   -0.502440
   -0.488977
   -0.476398
   -0.417501
   -0.462553
   -0.463512
   -0.426069
   -0.423569
   -0.419561
   -0.475317
   -0.376931
   -0.027661
    0.091439
   -0.001056
   -0.045361
   -0.259782
   -0.446087
   -0.423286
   -0.429153
   -0.484553
   -0.469735
   -0.466694
   -0.452449
   -0.472519
   -0.468175
   -0.508305
   -0.443682
   -0.053288
    0.139721
    0.016484
   -0.030970
   -0.295329
   -0.484277
   -0.513721
   -0.497917
   -0.437499
   -0.452043
   -0.460979
   -0.422958
   -0.444494
   -0.413217
   -0.415249
   -0.408443
   -0.335644
    0.107256
    0.037707
    0.001075
   -0.069305
   -0.376341
   -0.471946
   -0.446120
   -0.427092
   -0.452435
   -0.480932
   -0.431074
   -0.461580
   -0.444809
   -0.443828
   -0.456490
   -0.384089
    0.125256
    0.029181
    0.007852
   -0.100354
   -0.397200
   -0.492548
   -0.505496
   -0.445927
   -0.430100
   -0.451763
   -0.424020
   -0.420748
   -0.419942
   -0.446367
   -0.423126
   -0.407783
   -0.178844
    0.137310
    0.013437
   -0.024730
   -0.123171
   -0.385634
   -0.437242
   -0.486479
   -0.484404
   -0.457111
   -0.461389
   -0.469011
   -0.460212
   -0.484534
   -0.487741
   -0.472613
   -0.232115
    0.122068
    0.009365
   -0.012767
   -0.120333
   -0.471337
   -0.535107
   -0.422641
   -0.450579
   -0.413486
   -0.411883
   -0.439958
   -0.421148
   -0.422174
   -0.439243
   -0.462002
   -0.412856
    0.005836
    0.089599
    0.029313
   -0.055420
   -0.211537
   -0.409703
   -0.459619
   -0.491025
   -0.462467
   -0.470761
   -0.493555
   -0.475362
   -0.472137
   -0.482363
   -0.472535
   -0.453081
   -0.026799
    0.104195
    0.037836
   -0.095426
   -0.290069
   -0.483186
   -0.424984
   -0.439459
   -0.433576
   -0.447767
   -0.446198
   -0.416952
   -0.424778
   -0.444257
   -0.437405
   -0.442791
   -0.353000
    0.123602
    0.089775
    0.042557
   -0.057107
   -0.344581
   -0.474884
   -0.475120
   -0.474329
   -0.500407
   -0.476673
   -0.449023
   -0.475458
   -0.488113
   -0.479324
   -0.491637
   -0.428203
    0.101346
    0.079800
   -0.015966
   -0.070797
   -0.309528
   -0.443776
   -0.441868
   -0.426151
   -0.438250
   -0.432263
   -0.417247
   -0.444484
   -0.441327
   -0.421424
   -0.398482
   -0.421114
   -0.226239
    0.140450
    0.039500
   -0.000972
   -0.061765
   -0.480004
   -0.502581
   -0.453353
   -0.440318
   -0.470204
   -0.486609
   -0.482221
   -0.472360
   -0.518627
   -0.457196
   -0.486697
   -0.268112
    0.132914
    0.027603
   -0.024153
   -0.059942
