   -0.469750
   -0.470187
   -0.469808
   -0.470128
   -0.469847
   -0.470111
   -0.469867
   -0.470075
   -0.469902
   -0.470045
   -0.469921
   -0.470040
   -0.469921
   -0.470048
   -0.469912
   -0.470050
   -0.494492
   -0.494377
   -0.494438
   -0.494430
   -0.494405
   -0.494443
   -0.494390
   -0.494473
   -0.494359
   -0.494495
   -0.494345
   -0.494496
   -0.494348
   -0.494487
   -0.494358
   -0.494485
   -0.452071
   -0.452377
   -0.452116
   -0.452331
   -0.452142
   -0.452324
   -0.452152
   -0.452301
   -0.452174
   -0.452283
   -0.452183
   -0.452285
   -0.452176
   -0.452297
   -0.452164
   -0.452301
   -0.506310
   -0.506317
   -0.506271
   -0.506357
   -0.506249
   -0.506362
   -0.506242
   -0.506380
   -0.506221
   -0.506392
   -0.506213
   -0.506389
   -0.506220
   -0.506378
   -0.506231
   -0.506376
   -0.448074
   -0.448305
   -0.448109
   -0.448269
   -0.448128
   -0.448266
   -0.448134
   -0.448250
   -0.448151
   -0.448238
   -0.448158
   -0.448240
   -0.448152
   -0.448250
   -0.448144
   -0.448250
   -0.498816
   -0.498860
   -0.498787
   -0.498892
   -0.498768
   -0.498897
   -0.498760
   -0.498913
   -0.498741
   -0.498923
   -0.498733
   -0.498923
   -0.498736
   -0.498917
   -0.498740
   -0.498920
   -0.456529
   -0.456731
   -0.456553
   -0.456703
   -0.456570
   -0.456697
   -0.456578
   -0.456682
   -0.456590
   -0.456665
   -0.456601
   -0.456660
   -0.456602
   -0.456663
   -0.456602
   -0.456655
   -0.485091
   -0.485148
   -0.485070
   -0.485174
   -0.485052
   -0.485180
   -0.485043
   -0.485196
   -0.485026
   -0.485211
   -0.485012
   -0.485220
   -0.485007
   -0.485222
   -0.485002
   -0.485234
   -0.469870
   -0.470064
   -0.469885
   -0.470043
   -0.469901
   -0.470036
   -0.469911
   -0.470020
   -0.469927
   -0.470001
   -0.469943
   -0.469989
   -0.469952
   -0.469982
   -0.469961
   -0.469968
   -0.494405
   -0.494469
   -0.494392
   -0.494487
   -0.494377
   -0.494495
   -0.494365
   -0.494513
   -0.494348
   -0.494535
   -0.494328
   -0.494552
   -0.494315
   -0.494564
   -0.494300
   -0.494584
   -0.452123
   -0.452317
   -0.452132
   -0.452301
   -0.452147
   -0.452292
   -0.452159
   -0.452275
   -0.452177
   -0.452252
   -0.452198
   -0.452232
   -0.452215
   -0.452216
   -0.452235
   -0.452193
   -0.506280
   -0.506358
   -0.506273
   -0.506372
   -0.506258
   -0.506381
   -0.506245
   -0.506398
   -0.506222
   -0.506418
   -0.506199
   -0.506441
   -0.506178
   -0.506463
   -0.506152
   -0.506491
   -0.448103
   -0.448266
   -0.448105
   -0.448257
   -0.448118
   -0.448248
   -0.448130
   -0.448233
   -0.448148
   -0.448211
   -0.448172
   -0.448185
   -0.448197
   -0.448159
   -0.448227
   -0.448126
   -0.498795
   -0.498891
   -0.498795
   -0.498902
   -0.498781
   -0.498912
   -0.498768
   -0.498929
   -0.498748
   -0.498949
   -0.498721
   -0.498978
   -0.498692
   -0.499011
   -0.498656
   -0.499049
   -0.456554
   -0.456692
   -0.456553
   -0.456687
   -0.456565
   -0.456675
   -0.456576
   -0.456663
   -0.456592
   -0.456638
   -0.456618
   -0.456608
   -0.456649
   -0.456572
   -0.456691
   -0.456528
   -0.485063
   -0.485191
   -0.485069
   -0.485198
   -0.485053
   -0.485208
   -0.485038
   -0.485225
   -0.485020
   -0.485249
   -0.484990
   -0.485283
   -0.484954
   -0.485326
   -0.484906
   -0.485377
   -0.499031
   -0.498870
   -0.499006
   -0.498898
   -0.498981
   -0.498926
   -0.498944
   -0.498955
   -0.498923
   -0.498960
   -0.498903
   -0.498984
   -0.498886
   -0.499004
   -0.498875
   -0.499005
   -0.575874
   -0.576233
   -0.575894
   -0.576213
   -0.575910
   -0.576193
   -0.575938
   -0.576173
   -0.575951
   -0.576170
   -0.575967
   -0.576151
   -0.575980
   -0.576134
   -0.575987
   -0.576136
   -0.492498
   -0.492447
   -0.492487
   -0.492460
   -0.492477
   -0.492472
   -0.492457
   -0.492486
   -0.492443
   -0.492485
   -0.492428
   -0.492502
   -0.492416
   -0.492517
   -0.492409
   -0.492516
   -0.577760
   -0.578014
   -0.577765
   -0.578009
   -0.577767
   -0.578006
   -0.577777
   -0.578000
   -0.577778
   -0.577997
   -0.577789
   -0.577983
   -0.577798
   -0.577972
   -0.577803
   -0.577975
   -0.487367
   -0.487404
   -0.487363
   -0.487405
   -0.487365
   -0.487403
   -0.487361
   -0.487406
   -0.487356
   -0.487403
   -0.487346
   -0.487416
   -0.487336
   -0.487428
   -0.487330
   -0.487429
   -0.576352
   -0.576538
   -0.576349
   -0.576541
   -0.576343
   -0.576549
   -0.576341
   -0.576551
   -0.576341
   -0.576554
   -0.576349
   -0.576543
   -0.576357
   -0.576531
   -0.576364
   -0.576529
   -0.492806
   -0.492890
   -0.492807
   -0.492886
   -0.492815
   -0.492877
   -0.492819
   -0.492873
   -0.492817
   -0.492868
   -0.492811
   -0.492878
   -0.492802
   -0.492890
   -0.492792
   -0.492895
   -0.565877
   -0.566025
   -0.565874
   -0.566032
   -0.565863
   -0.566045
   -0.565854
   -0.566052
   -0.565848
   -0.566055
   -0.565851
   -0.566048
   -0.565858
   -0.566037
   -0.565868
   -0.566030
   -0.498876
   -0.498999
   -0.498879
   -0.498991
   -0.498891
   -0.498978
   -0.498901
   -0.498970
   -0.498904
   -0.498963
   -0.498902
   -0.498968
   -0.498896
   -0.498981
   -0.498883
   -0.498991
   -0.575999
   -0.576132
   -0.575996
   -0.576140
   -0.575984
   -0.576155
   -0.575971
   -0.576164
   -0.575966
   -0.576168
   -0.575967
   -0.576165
   -0.575972
   -0.576153
   -0.575986
   -0.576141
   -0.492403
   -0.492522
   -0.492405
   -0.492515
   -0.492415
   -0.492501
   -0.492427
   -0.492495
   -0.492426
   -0.492487
   -0.492425
   -0.492489
   -0.492420
   -0.492501
   -0.492404
   -0.492515
   -0.577825
   -0.577966
   -0.577823
   -0.577973
   -0.577813
   -0.577986
   -0.577801
   -0.577992
   -0.577794
   -0.577994
   -0.577793
   -0.577994
   -0.577797
   -0.577982
   -0.577815
   -0.577966
   -0.487314
   -0.487437
   -0.487317
   -0.487430
   -0.487325
   -0.487416
   -0.487336
   -0.487411
   -0.487337
   -0.487406
   -0.487340
   -0.487404
   -0.487335
   -0.487419
   -0.487315
   -0.487437
   -0.576393
   -0.576517
   -0.576389
   -0.576521
   -0.576380
   -0.576536
   -0.576365
   -0.576540
   -0.576357
   -0.576545
   -0.576354
   -0.576549
   -0.576357
   -0.576534
   -0.576378
   -0.576514
   -0.492771
   -0.492907
   -0.492770
   -0.492897
   -0.492779
   -0.492890
   -0.492792
   -0.492882
   -0.492789
   -0.492875
   -0.492793
   -0.492873
   -0.492786
   -0.492892
   -0.492761
   -0.492916
   -0.565899
   -0.566019
   -0.565891
   -0.566026
   -0.565885
   -0.566044
   -0.565878
   -0.566041
   -0.565873
   -0.566046
   -0.565871
   -0.566047
   -0.565879
   -0.566027
   -0.565907
   -0.565999
   -0.433101
   -0.432902
   -0.433069
   -0.432926
   -0.433045
   -0.432932
   -0.433059
   -0.432928
   -0.433053
   -0.432937
   -0.433047
   -0.432945
   -0.433038
   -0.432953
   -0.433031
   -0.432969
   -0.438606
   -0.438697
   -0.438638
   -0.438674
   -0.438662
   -0.438667
   -0.438650
   -0.438671
   -0.438660
   -0.438668
   -0.438664
   -0.438662
   -0.438671
   -0.438656
   -0.438676
   -0.438642
   -0.431620
   -0.431424
   -0.431590
   -0.431450
   -0.431563
   -0.431459
   -0.431571
   -0.431458
   -0.431567
   -0.431470
   -0.431562
   -0.431476
   -0.431554
   -0.431483
   -0.431548
   -0.431497
   -0.446172
   -0.446245
   -0.446200
   -0.446222
   -0.446225
   -0.446213
   -0.446217
   -0.446215
   -0.446232
   -0.446216
   -0.446236
   -0.446211
   -0.446242
   -0.446205
   -0.446247
   -0.446194
   -0.426923
   -0.426728
   -0.426893
   -0.426753
   -0.426865
   -0.426765
   -0.426869
   -0.426766
   -0.426859
   -0.426774
   -0.426854
   -0.426781
   -0.426845
   -0.426788
   -0.426839
   -0.426799
   -0.438038
   -0.438125
   -0.438062
   -0.438100
   -0.438090
   -0.438087
   -0.438089
   -0.438084
   -0.438108
   -0.438085
   -0.438113
   -0.438079
   -0.438120
   -0.438074
   -0.438124
   -0.438066
   -0.431019
   -0.430826
   -0.430994
   -0.430852
   -0.430964
   -0.430869
   -0.430961
   -0.430877
   -0.430957
   -0.430897
   -0.430950
   -0.430906
   -0.430940
   -0.430914
   -0.430933
   -0.430924
   -0.435610
   -0.435689
   -0.435631
   -0.435665
   -0.435659
   -0.435649
   -0.435663
   -0.435641
   -0.435680
   -0.435634
   -0.435686
   -0.435627
   -0.435694
   -0.435620
   -0.435700
   -0.435612
   -0.433077
   -0.432882
   -0.433057
   -0.432906
   -0.433028
   -0.432924
   -0.433019
   -0.432937
   -0.433006
   -0.432954
   -0.432998
   -0.432963
   -0.432989
   -0.432971
   -0.432981
   -0.432979
   -0.438640
   -0.438709
   -0.438656
   -0.438689
   -0.438680
   -0.438675
   -0.438687
   -0.438664
   -0.438696
   -0.438647
   -0.438700
   -0.438642
   -0.438705
   -0.438639
   -0.438708
   -0.438636
   -0.431577
   -0.431422
   -0.431565
   -0.431439
   -0.431543
   -0.431452
   -0.431535
   -0.431464
   -0.431526
   -0.431479
   -0.431523
   -0.431484
   -0.431519
   -0.431486
   -0.431517
   -0.431487
   -0.446228
   -0.446235
   -0.446235
   -0.446222
   -0.446252
   -0.446212
   -0.446258
   -0.446203
   -0.446279
   -0.446207
   -0.446278
   -0.446207
   -0.446278
   -0.446207
   -0.446278
   -0.446210
   -0.426849
   -0.426752
   -0.426847
   -0.426761
   -0.426831
   -0.426770
   -0.426824
   -0.426779
   -0.426813
   -0.426786
   -0.426816
   -0.426785
   -0.426817
   -0.426784
   -0.426816
   -0.426782
   -0.438113
   -0.438099
   -0.438111
   -0.438089
   -0.438125
   -0.438082
   -0.438130
   -0.438071
   -0.438145
   -0.438076
   -0.438141
   -0.438080
   -0.438138
   -0.438082
   -0.438138
   -0.438085
   -0.430936
   -0.430863
   -0.430935
   -0.430865
   -0.430924
   -0.430877
   -0.430920
   -0.430882
   -0.430916
   -0.430890
   -0.430926
   -0.430883
   -0.430930
   -0.430880
   -0.430930
   -0.430878
   -0.435701
   -0.435642
   -0.435687
   -0.435640
   -0.435701
   -0.435640
   -0.435707
   -0.435631
   -0.435710
   -0.435636
   -0.435697
   -0.435648
   -0.435689
   -0.435653
   -0.435687
   -0.435655
   -0.422207
   -0.421763
   -0.422168
   -0.421798
   -0.422123
   -0.421846
   -0.422086
   -0.421879
   -0.422068
   -0.421918
   -0.422053
   -0.421930
   -0.422050
   -0.421932
   -0.422043
   -0.421941
   -0.411484
   -0.411638
   -0.411511
   -0.411609
   -0.411549
   -0.411567
   -0.411581
   -0.411539
   -0.411597
   -0.411509
   -0.411607
   -0.411501
   -0.411608
   -0.411501
   -0.411613
   -0.411495
   -0.422894
   -0.422513
   -0.422862
   -0.422539
   -0.422827
   -0.422578
   -0.422796
   -0.422606
   -0.422791
   -0.422642
   -0.422782
   -0.422651
   -0.422779
   -0.422654
   -0.422773
   -0.422661
   -0.412141
   -0.412229
   -0.412164
   -0.412209
   -0.412192
   -0.412177
   -0.412218
   -0.412154
   -0.412235
   -0.412142
   -0.412240
   -0.412138
   -0.412240
   -0.412137
   -0.412243
   -0.412134
   -0.423006
   -0.422705
   -0.422991
   -0.422723
   -0.422966
   -0.422753
   -0.422941
   -0.422773
   -0.422939
   -0.422795
   -0.422935
   -0.422799
   -0.422935
   -0.422800
   -0.422933
   -0.422801
   -0.411509
   -0.411540
   -0.411529
   -0.411525
   -0.411550
   -0.411500
   -0.411571
   -0.411484
   -0.411572
   -0.411468
   -0.411573
   -0.411465
   -0.411572
   -0.411467
   -0.411570
   -0.411469
   -0.422694
   -0.422441
   -0.422677
   -0.422456
   -0.422657
   -0.422480
   -0.422637
   -0.422495
   -0.422637
   -0.422512
   -0.422634
   -0.422516
   -0.422633
   -0.422516
   -0.422634
   -0.422514
   -0.412803
   -0.412772
   -0.412816
   -0.412760
   -0.412831
   -0.412742
   -0.412845
   -0.412733
   -0.412853
   -0.412733
   -0.412853
   -0.412732
   -0.412852
   -0.412734
   -0.412847
   -0.412738
   -0.421993
   -0.421788
   -0.421978
   -0.421801
   -0.421964
   -0.421818
   -0.421951
   -0.421824
   -0.421955
   -0.421831
   -0.421955
   -0.421833
   -0.421957
   -0.421829
   -0.421962
   -0.421824
   -0.411690
   -0.411616
   -0.411698
   -0.411606
   -0.411709
   -0.411593
   -0.411718
   -0.411591
   -0.411719
   -0.411596
   -0.411717
   -0.411595
   -0.411716
   -0.411599
   -0.411709
   -0.411604
   -0.422689
   -0.422531
   -0.422679
   -0.422540
   -0.422669
   -0.422551
   -0.422661
   -0.422552
   -0.422676
   -0.422560
   -0.422677
   -0.422564
   -0.422674
   -0.422564
   -0.422677
   -0.422562
   -0.412330
   -0.412227
   -0.412336
   -0.412222
   -0.412345
   -0.412213
   -0.412350
   -0.412214
   -0.412351
   -0.412224
   -0.412353
   -0.412218
   -0.412357
   -0.412217
   -0.412355
   -0.412218
   -0.422848
   -0.422690
   -0.422835
   -0.422701
   -0.422826
   -0.422713
   -0.422824
   -0.422712
   -0.422834
   -0.422710
   -0.422829
   -0.422718
   -0.422823
   -0.422719
   -0.422826
   -0.422717
   -0.411671
   -0.411546
   -0.411680
   -0.411554
   -0.411685
   -0.411547
   -0.411687
   -0.411560
   -0.411686
   -0.411572
   -0.411682
   -0.411568
   -0.411684
   -0.411571
   -0.411676
   -0.411578
   -0.422536
   -0.422417
   -0.422544
   -0.422433
   -0.422533
   -0.422419
   -0.422532
   -0.422423
   -0.422558
   -0.422417
   -0.422555
   -0.422420
   -0.422554
   -0.422415
   -0.422565
   -0.422405
   -0.412938
   -0.412820
   -0.412960
   -0.412817
   -0.412958
   -0.412798
   -0.412943
   -0.412822
   -0.412940
   -0.412833
   -0.412937
   -0.412832
   -0.412936
   -0.412839
   -0.412923
   -0.412850
   -0.448888
   -0.449533
   -0.448956
   -0.449476
   -0.449011
   -0.449419
   -0.449058
   -0.449372
   -0.449099
   -0.449312
   -0.449146
   -0.449274
   -0.449176
   -0.449248
   -0.449190
   -0.449237
   -0.474000
   -0.473444
   -0.473930
   -0.473501
   -0.473875
   -0.473557
   -0.473828
   -0.473603
   -0.473774
   -0.473646
   -0.473727
   -0.473685
   -0.473695
   -0.473711
   -0.473679
   -0.473725
   -0.440215
   -0.440800
   -0.440277
   -0.440746
   -0.440329
   -0.440693
   -0.440373
   -0.440650
   -0.440402
   -0.440586
   -0.440447
   -0.440548
   -0.440478
   -0.440522
   -0.440494
   -0.440508
   -0.469158
   -0.468683
   -0.469100
   -0.468734
   -0.469052
   -0.468782
   -0.469011
   -0.468821
   -0.468948
   -0.468846
   -0.468905
   -0.468883
   -0.468873
   -0.468909
   -0.468856
   -0.468924
   -0.444973
   -0.445468
   -0.445028
   -0.445423
   -0.445071
   -0.445379
   -0.445107
   -0.445345
   -0.445143
   -0.445301
   -0.445184
   -0.445266
   -0.445214
   -0.445240
   -0.445232
   -0.445225
   -0.474116
   -0.473743
   -0.474072
   -0.473784
   -0.474032
   -0.473824
   -0.473998
   -0.473856
   -0.473938
   -0.473874
   -0.473897
   -0.473910
   -0.473865
   -0.473938
   -0.473844
   -0.473955
   -0.440548
   -0.440930
   -0.440586
   -0.440895
   -0.440621
   -0.440860
   -0.440652
   -0.440830
   -0.440654
   -0.440758
   -0.440696
   -0.440722
   -0.440728
   -0.440693
   -0.440750
   -0.440674
   -0.465620
   -0.465363
   -0.465587
   -0.465393
   -0.465556
   -0.465425
   -0.465528
   -0.465453
   -0.465487
   -0.465485
   -0.465446
   -0.465522
   -0.465413
   -0.465551
   -0.465388
   -0.465573
   -0.449100
   -0.449389
   -0.449127
   -0.449363
   -0.449153
   -0.449337
   -0.449178
   -0.449311
   -0.449194
   -0.449258
   -0.449234
   -0.449222
   -0.449265
   -0.449195
   -0.449291
   -0.449171
   -0.473771
   -0.473602
   -0.473747
   -0.473622
   -0.473727
   -0.473643
   -0.473706
   -0.473665
   -0.473699
   -0.473719
   -0.473663
   -0.473752
   -0.473635
   -0.473776
   -0.473611
   -0.473800
   -0.440463
   -0.440622
   -0.440475
   -0.440612
   -0.440486
   -0.440601
   -0.440498
   -0.440588
   -0.440494
   -0.440539
   -0.440523
   -0.440512
   -0.440545
   -0.440494
   -0.440565
   -0.440474
   -0.468911
   -0.468862
   -0.468903
   -0.468868
   -0.468897
   -0.468874
   -0.468891
   -0.468882
   -0.468850
   -0.468880
   -0.468823
   -0.468905
   -0.468805
   -0.468920
   -0.468785
   -0.468940
   -0.445221
   -0.445292
   -0.445221
   -0.445294
   -0.445223
   -0.445294
   -0.445227
   -0.445290
   -0.445231
   -0.445262
   -0.445252
   -0.445242
   -0.445266
   -0.445231
   -0.445282
   -0.445215
   -0.473889
   -0.473899
   -0.473889
   -0.473905
   -0.473889
   -0.473904
   -0.473888
   -0.473910
   -0.473864
   -0.473912
   -0.473840
   -0.473931
   -0.473830
   -0.473938
   -0.473814
   -0.473955
   -0.440745
   -0.440792
   -0.440754
   -0.440802
   -0.440750
   -0.440791
   -0.440749
   -0.440798
   -0.440736
   -0.440753
   -0.440753
   -0.440738
   -0.440758
   -0.440736
   -0.440771
   -0.440721
   -0.465448
   -0.465481
   -0.465458
   -0.465478
   -0.465455
   -0.465468
   -0.465447
   -0.465478
   -0.465445
   -0.465497
   -0.465423
   -0.465511
   -0.465420
   -0.465513
   -0.465406
   -0.465529
   -0.450090
   -0.450672
   -0.450101
   -0.450649
   -0.450147
   -0.450592
   -0.450203
   -0.450532
   -0.450227
   -0.450432
   -0.450272
   -0.450402
   -0.450291
   -0.450379
   -0.450314
   -0.450372
   -0.481989
   -0.481638
   -0.481999
   -0.481657
   -0.481959
   -0.481707
   -0.481909
   -0.481761
   -0.481884
   -0.481849
   -0.481845
   -0.481875
   -0.481827
   -0.481896
   -0.481806
   -0.481903
   -0.440700
   -0.441165
   -0.440712
   -0.441152
   -0.440743
   -0.441111
   -0.440785
   -0.441064
   -0.440782
   -0.440965
   -0.440815
   -0.440945
   -0.440829
   -0.440926
   -0.440846
   -0.440921
   -0.477205
   -0.476955
   -0.477204
   -0.476963
   -0.477180
   -0.476998
   -0.477144
   -0.477036
   -0.477113
   -0.477084
   -0.477087
   -0.477100
   -0.477076
   -0.477114
   -0.477062
   -0.477117
   -0.445294
   -0.445630
   -0.445276
   -0.445624
   -0.445295
   -0.445596
   -0.445324
   -0.445565
   -0.445320
   -0.445497
   -0.445338
   -0.445487
   -0.445345
   -0.445477
   -0.445353
   -0.445478
   -0.481868
   -0.481704
   -0.481859
   -0.481710
   -0.481843
   -0.481733
   -0.481819
   -0.481757
   -0.481830
   -0.481818
   -0.481816
   -0.481823
   -0.481814
   -0.481830
   -0.481808
   -0.481828
   -0.440872
   -0.441146
   -0.440874
   -0.441140
   -0.440888
   -0.441120
   -0.440907
   -0.441102
   -0.440905
   -0.441059
   -0.440915
   -0.441057
   -0.440916
   -0.441052
   -0.440920
   -0.441053
   -0.472132
   -0.472053
   -0.472131
   -0.472057
   -0.472121
   -0.472071
   -0.472108
   -0.472084
   -0.472089
   -0.472097
   -0.472081
   -0.472097
   -0.472081
   -0.472102
   -0.472076
   -0.472104
   -0.450393
   -0.450580
   -0.450394
   -0.450578
   -0.450399
   -0.450571
   -0.450405
   -0.450566
   -0.450397
   -0.450540
   -0.450400
   -0.450543
   -0.450398
   -0.450540
   -0.450402
   -0.450537
   -0.481708
   -0.481718
   -0.481717
   -0.481719
   -0.481715
   -0.481722
   -0.481713
   -0.481721
   -0.481701
   -0.481718
   -0.481698
   -0.481715
   -0.481699
   -0.481719
   -0.481694
   -0.481725
   -0.440973
   -0.441108
   -0.440973
   -0.441106
   -0.440974
   -0.441106
   -0.440972
   -0.441111
   -0.440941
   -0.441079
   -0.440943
   -0.441083
   -0.440941
   -0.441078
   -0.440949
   -0.441068
   -0.476945
   -0.476994
   -0.476950
   -0.476988
   -0.476949
   -0.476985
   -0.476955
   -0.476977
   -0.476951
   -0.476969
   -0.476950
   -0.476965
   -0.476952
   -0.476970
   -0.476943
   -0.476984
   -0.445494
   -0.445616
   -0.445506
   -0.445604
   -0.445506
   -0.445601
   -0.445487
   -0.445614
   -0.445464
   -0.445610
   -0.445473
   -0.445617
   -0.445468
   -0.445613
   -0.445478
   -0.445596
   -0.481658
   -0.481738
   -0.481644
   -0.481706
   -0.481645
   -0.481707
   -0.481650
   -0.481675
   -0.481638
   -0.481667
   -0.481647
   -0.481659
   -0.481653
   -0.481663
   -0.481642
   -0.481682
   -0.441089
   -0.441148
   -0.441050
   -0.441111
   -0.441066
   -0.441175
   -0.441057
   -0.441158
   -0.441005
   -0.441159
   -0.441020
   -0.441170
   -0.441011
   -0.441168
   -0.441021
   -0.441148
   -0.471964
   -0.471993
   -0.471906
   -0.471997
   -0.471926
   -0.472037
   -0.471978
   -0.471975
   -0.471958
   -0.471975
   -0.471957
   -0.471966
   -0.471965
   -0.471969
   -0.471952
   -0.471995
   -0.442649
   -0.442462
   -0.442657
   -0.442449
   -0.442666
   -0.442445
   -0.442671
   -0.442455
   -0.442686
   -0.442515
   -0.442671
   -0.442531
   -0.442650
   -0.442558
   -0.442620
   -0.442582
   -0.467776
   -0.467860
   -0.467772
   -0.467873
   -0.467762
   -0.467879
   -0.467754
   -0.467873
   -0.467781
   -0.467862
   -0.467792
   -0.467850
   -0.467809
   -0.467827
   -0.467835
   -0.467806
   -0.434352
   -0.434239
   -0.434363
   -0.434227
   -0.434372
   -0.434221
   -0.434379
   -0.434226
   -0.434426
   -0.434303
   -0.434416
   -0.434312
   -0.434402
   -0.434332
   -0.434379
   -0.434353
   -0.463832
   -0.463865
   -0.463825
   -0.463875
   -0.463816
   -0.463882
   -0.463807
   -0.463879
   -0.463876
   -0.463923
   -0.463882
   -0.463918
   -0.463891
   -0.463903
   -0.463910
   -0.463885
   -0.438380
   -0.438287
   -0.438378
   -0.438279
   -0.438385
   -0.438274
   -0.438392
   -0.438278
   -0.438396
   -0.438302
   -0.438391
   -0.438306
   -0.438383
   -0.438319
   -0.438365
   -0.438337
   -0.467715
   -0.467710
   -0.467708
   -0.467718
   -0.467700
   -0.467724
   -0.467692
   -0.467723
   -0.467759
   -0.467775
   -0.467762
   -0.467773
   -0.467769
   -0.467761
   -0.467786
   -0.467742
   -0.434227
   -0.434184
   -0.434231
   -0.434177
   -0.434239
   -0.434172
   -0.434246
   -0.434173
   -0.434334
   -0.434273
   -0.434332
   -0.434275
   -0.434326
   -0.434287
   -0.434308
   -0.434306
   -0.459440
   -0.459395
   -0.459435
   -0.459403
   -0.459427
   -0.459408
   -0.459421
   -0.459407
   -0.459450
   -0.459427
   -0.459450
   -0.459428
   -0.459454
   -0.459418
   -0.459470
   -0.459401
   -0.442526
   -0.442517
   -0.442529
   -0.442511
   -0.442535
   -0.442508
   -0.442538
   -0.442512
   -0.442577
   -0.442562
   -0.442576
   -0.442562
   -0.442570
   -0.442573
   -0.442553
   -0.442593
   -0.467879
   -0.467825
   -0.467881
   -0.467829
   -0.467877
   -0.467830
   -0.467877
   -0.467824
   -0.467831
   -0.467763
   -0.467832
   -0.467764
   -0.467838
   -0.467753
   -0.467854
   -0.467735
   -0.434271
   -0.434256
   -0.434269
   -0.434255
   -0.434272
   -0.434256
   -0.434269
   -0.434266
   -0.434327
   -0.434345
   -0.434323
   -0.434346
   -0.434316
   -0.434359
   -0.434298
   -0.434378
   -0.463907
   -0.463850
   -0.463913
   -0.463849
   -0.463910
   -0.463847
   -0.463914
   -0.463835
   -0.464003
   -0.463902
   -0.464007
   -0.463903
   -0.464011
   -0.463892
   -0.464028
   -0.463874
   -0.438298
   -0.438298
   -0.438294
   -0.438298
   -0.438293
   -0.438300
   -0.438282
   -0.438316
   -0.438289
   -0.438352
   -0.438285
   -0.438352
   -0.438281
   -0.438362
   -0.438265
   -0.438381
   -0.467774
   -0.467723
   -0.467781
   -0.467707
   -0.467784
   -0.467702
   -0.467793
   -0.467677
   -0.467858
   -0.467715
   -0.467866
   -0.467717
   -0.467867
   -0.467711
   -0.467881
   -0.467694
   -0.434192
   -0.434164
   -0.434165
   -0.434163
   -0.434163
   -0.434190
   -0.434150
   -0.434203
   -0.434196
   -0.434296
   -0.434194
   -0.434293
   -0.434195
   -0.434298
   -0.434181
   -0.434316
   -0.459468
   -0.459419
   -0.459468
   -0.459408
   -0.459482
   -0.459411
   -0.459509
   -0.459372
   -0.459523
   -0.459356
   -0.459530
   -0.459360
   -0.459527
   -0.459357
   -0.459540
   -0.459339
   -0.443051
   -0.443036
   -0.443049
   -0.443040
   -0.443034
   -0.443052
   -0.443018
   -0.443069
   -0.443117
   -0.443174
   -0.443121
   -0.443169
   -0.443128
   -0.443157
   -0.443144
   -0.443135
   -0.466314
   -0.466172
   -0.466261
   -0.466173
   -0.466271
   -0.466165
   -0.466283
   -0.466152
   -0.466187
   -0.466056
   -0.466182
   -0.466062
   -0.466174
   -0.466073
   -0.466159
   -0.466095
   -0.435043
   -0.435019
   -0.435021
   -0.435016
   -0.435014
   -0.435022
   -0.435003
   -0.435033
   -0.435138
   -0.435165
   -0.435143
   -0.435159
   -0.435150
   -0.435150
   -0.435163
   -0.435131
   -0.462076
   -0.461988
   -0.462071
   -0.461994
   -0.462075
   -0.461989
   -0.462084
   -0.461981
   -0.462040
   -0.461943
   -0.462032
   -0.461950
   -0.462025
   -0.461960
   -0.462012
   -0.461978
   -0.439098
   -0.439146
   -0.439152
   -0.439143
   -0.439146
   -0.439150
   -0.439136
   -0.439158
   -0.439241
   -0.439258
   -0.439247
   -0.439252
   -0.439252
   -0.439246
   -0.439262
   -0.439232
   -0.466273
   -0.466201
   -0.466297
   -0.466204
   -0.466301
   -0.466197
   -0.466311
   -0.466192
   -0.466188
   -0.466079
   -0.466178
   -0.466088
   -0.466172
   -0.466094
   -0.466162
   -0.466107
   -0.434968
   -0.434958
   -0.434966
   -0.434960
   -0.434958
   -0.434969
   -0.434946
   -0.434976
   -0.434986
   -0.435012
   -0.434993
   -0.435006
   -0.434996
   -0.435004
   -0.435001
   -0.434997
   -0.458319
   -0.458265
   -0.458325
   -0.458261
   -0.458335
   -0.458249
   -0.458346
   -0.458242
   -0.458351
   -0.458247
   -0.458346
   -0.458252
   -0.458345
   -0.458251
   -0.458344
   -0.458254
   -0.443013
   -0.442942
   -0.443002
   -0.442953
   -0.442987
   -0.442968
   -0.442974
   -0.442975
   -0.443004
   -0.443009
   -0.443005
   -0.443007
   -0.443004
   -0.443011
   -0.443003
   -0.443012
   -0.466325
   -0.466265
   -0.466310
   -0.466254
   -0.466324
   -0.466242
   -0.466333
   -0.466239
   -0.466377
   -0.466283
   -0.466375
   -0.466286
   -0.466375
   -0.466284
   -0.466376
   -0.466281
   -0.434978
   -0.434932
   -0.434964
   -0.434945
   -0.434949
   -0.434956
   -0.434943
   -0.434957
   -0.435006
   -0.435019
   -0.435005
   -0.435017
   -0.435005
   -0.435022
   -0.434999
   -0.435029
   -0.462173
   -0.462067
   -0.462162
   -0.462080
   -0.462176
   -0.462072
   -0.462177
   -0.462076
   -0.462182
   -0.462085
   -0.462182
   -0.462089
   -0.462181
   -0.462084
   -0.462187
   -0.462075
   -0.439129
   -0.439042
   -0.439087
   -0.439082
   -0.439071
   -0.439116
   -0.439097
   -0.439111
   -0.439131
   -0.439116
   -0.439104
   -0.439113
   -0.439104
   -0.439119
   -0.439095
   -0.439132
   -0.466322
   -0.466199
   -0.466365
   -0.466288
   -0.466378
   -0.466258
   -0.466397
   -0.466320
   -0.466446
   -0.466327
   -0.466420
   -0.466332
   -0.466417
   -0.466327
   -0.466426
   -0.466314
   -0.434861
   -0.434891
   -0.434969
   -0.435009
   -0.434902
   -0.434859
   -0.434886
   -0.434949
   -0.434980
   -0.434934
   -0.434929
   -0.434929
   -0.434930
   -0.434936
   -0.434919
   -0.434952
   -0.458362
   -0.458424
   -0.458534
   -0.458407
   -0.458498
   -0.458253
   -0.458385
   -0.458393
   -0.458480
   -0.458391
   -0.458483
   -0.458394
   -0.458483
   -0.458385
   -0.458497
   -0.458365
   -0.442818
   -0.443740
   -0.442864
   -0.443698
   -0.442914
   -0.443639
   -0.442974
   -0.443574
   -0.442910
   -0.443336
   -0.442997
   -0.443264
   -0.443056
   -0.443208
   -0.443103
   -0.443172
   -0.467015
   -0.466273
   -0.466972
   -0.466309
   -0.466929
   -0.466360
   -0.466876
   -0.466418
   -0.466816
   -0.466515
   -0.466737
   -0.466580
   -0.466685
   -0.466631
   -0.466642
   -0.466664
   -0.434939
   -0.435659
   -0.434971
   -0.435631
   -0.435005
   -0.435590
   -0.435049
   -0.435540
   -0.434892
   -0.435250
   -0.434960
   -0.435195
   -0.435003
   -0.435152
   -0.435039
   -0.435125
   -0.462941
   -0.462383
   -0.462913
   -0.462406
   -0.462885
   -0.462442
   -0.462845
   -0.462487
   -0.462649
   -0.462411
   -0.462589
   -0.462459
   -0.462552
   -0.462496
   -0.462521
   -0.462519
   -0.438990
   -0.439546
   -0.439012
   -0.439530
   -0.439033
   -0.439502
   -0.439065
   -0.439464
   -0.439036
   -0.439335
   -0.439087
   -0.439295
   -0.439118
   -0.439264
   -0.439143
   -0.439247
   -0.466970
   -0.466580
   -0.466955
   -0.466591
   -0.466939
   -0.466614
   -0.466911
   -0.466647
   -0.466740
   -0.466565
   -0.466694
   -0.466600
   -0.466668
   -0.466628
   -0.466643
   -0.466645
   -0.435168
   -0.435557
   -0.435176
   -0.435554
   -0.435184
   -0.435538
   -0.435206
   -0.435511
   -0.434953
   -0.435190
   -0.434991
   -0.435161
   -0.435012
   -0.435138
   -0.435033
   -0.435123
   -0.458820
   -0.458587
   -0.458815
   -0.458586
   -0.458811
   -0.458597
   -0.458795
   -0.458620
   -0.458703
   -0.458588
   -0.458671
   -0.458611
   -0.458655
   -0.458631
   -0.458635
   -0.458644
   -0.443232
   -0.443475
   -0.443232
   -0.443481
   -0.443231
   -0.443476
   -0.443243
   -0.443457
   -0.443123
   -0.443293
   -0.443148
   -0.443274
   -0.443161
   -0.443257
   -0.443179
   -0.443246
   -0.466633
   -0.466507
   -0.466631
   -0.466502
   -0.466631
   -0.466507
   -0.466619
   -0.466527
   -0.466743
   -0.466693
   -0.466720
   -0.466711
   -0.466707
   -0.466727
   -0.466688
   -0.466740
   -0.435298
   -0.435443
   -0.435297
   -0.435452
   -0.435291
   -0.435453
   -0.435298
   -0.435438
   -0.435096
   -0.435210
   -0.435112
   -0.435197
   -0.435120
   -0.435186
   -0.435134
   -0.435177
   -0.462607
   -0.462578
   -0.462606
   -0.462570
   -0.462612
   -0.462568
   -0.462607
   -0.462582
   -0.462377
   -0.462376
   -0.462364
   -0.462386
   -0.462359
   -0.462394
   -0.462344
   -0.462404
   -0.439298
   -0.439378
   -0.439297
   -0.439387
   -0.439289
   -0.439392
   -0.439293
   -0.439380
   -0.439231
   -0.439302
   -0.439241
   -0.439294
   -0.439243
   -0.439289
   -0.439257
   -0.439279
   -0.466694
   -0.466718
   -0.466693
   -0.466714
   -0.466700
   -0.466710
   -0.466696
   -0.466724
   -0.466541
   -0.466586
   -0.466531
   -0.466593
   -0.466531
   -0.466596
   -0.466517
   -0.466608
   -0.435412
   -0.435445
   -0.435416
   -0.435455
   -0.435407
   -0.435456
   -0.435409
   -0.435447
   -0.435202
   -0.435227
   -0.435208
   -0.435222
   -0.435204
   -0.435223
   -0.435216
   -0.435212
   -0.458617
   -0.458662
   -0.458618
   -0.458657
   -0.458623
   -0.458649
   -0.458614
   -0.458667
   -0.458607
   -0.458673
   -0.458598
   -0.458680
   -0.458602
   -0.458679
   -0.458588
   -0.458691
   -0.443309
   -0.443127
   -0.443277
   -0.443159
   -0.443246
   -0.443181
   -0.443243
   -0.443172
   -0.442987
   -0.442917
   -0.442980
   -0.442913
   -0.442973
   -0.442937
   -0.442952
   -0.442956
   -0.468253
   -0.468585
   -0.468424
   -0.468560
   -0.468449
   -0.468542
   -0.468449
   -0.468552
   -0.468720
   -0.468824
   -0.468724
   -0.468829
   -0.468730
   -0.468808
   -0.468749
   -0.468791
   -0.434744
   -0.434722
   -0.434793
   -0.434744
   -0.434771
   -0.434760
   -0.434771
   -0.434752
   -0.434449
   -0.434431
   -0.434443
   -0.434428
   -0.434436
   -0.434449
   -0.434417
   -0.434467
   -0.464765
   -0.464875
   -0.464782
   -0.464859
   -0.464799
   -0.464848
   -0.464796
   -0.464857
   -0.464952
   -0.465010
   -0.464957
   -0.465012
   -0.464962
   -0.464995
   -0.464980
   -0.464978
   -0.438989
   -0.438819
   -0.438832
   -0.438830
   -0.438821
   -0.438836
   -0.438825
   -0.438828
   -0.438552
   -0.438559
   -0.438547
   -0.438558
   -0.438540
   -0.438575
   -0.438523
   -0.438592
   -0.468504
   -0.468489
   -0.468439
   -0.468483
   -0.468445
   -0.468481
   -0.468439
   -0.468486
   -0.468814
   -0.468850
   -0.468822
   -0.468846
   -0.468831
   -0.468830
   -0.468849
   -0.468811
   -0.434847
   -0.434846
   -0.434842
   -0.434849
   -0.434838
   -0.434851
   -0.434841
   -0.434851
   -0.434799
   -0.434827
   -0.434785
   -0.434836
   -0.434773
   -0.434854
   -0.434753
   -0.434874
   -0.460103
   -0.460145
   -0.460103
   -0.460146
   -0.460104
   -0.460146
   -0.460102
   -0.460143
   -0.460119
   -0.460133
   -0.460135
   -0.460120
   -0.460149
   -0.460102
   -0.460169
   -0.460083
   -0.443229
   -0.443244
   -0.443229
   -0.443242
   -0.443230
   -0.443243
   -0.443228
   -0.443253
   -0.443156
   -0.443220
   -0.443134
   -0.443240
   -0.443114
   -0.443261
   -0.443092
   -0.443282
   -0.468382
   -0.468490
   -0.468452
   -0.468494
   -0.468451
   -0.468493
   -0.468454
   -0.468479
   -0.468313
   -0.468290
   -0.468338
   -0.468266
   -0.468363
   -0.468242
   -0.468387
   -0.468219
   -0.434793
   -0.434786
   -0.434792
   -0.434786
   -0.434791
   -0.434790
   -0.434782
   -0.434812
   -0.434634
   -0.434730
   -0.434602
   -0.434762
   -0.434571
   -0.434790
   -0.434544
   -0.434816
   -0.464625
   -0.464828
   -0.464697
   -0.464757
   -0.464697
   -0.464752
   -0.464709
   -0.464725
   -0.464775
   -0.464718
   -0.464809
   -0.464683
   -0.464843
   -0.464654
   -0.464871
   -0.464627
   -0.438788
   -0.438923
   -0.438857
   -0.438850
   -0.438856
   -0.438784
   -0.438768
   -0.438816
   -0.438663
   -0.438867
   -0.438697
   -0.438908
   -0.438657
   -0.438942
   -0.438625
   -0.438973
   -0.468483
   -0.468682
   -0.468408
   -0.468394
   -0.468408
   -0.468461
   -0.468353
   -0.468279
   -0.468274
   -0.468254
   -0.468388
   -0.468210
   -0.468430
   -0.468174
   -0.468464
   -0.468140
   -0.435011
   -0.434872
   -0.434650
   -0.434579
   -0.434799
   -0.435021
   -0.434850
   -0.434772
   -0.434612
   -0.434923
   -0.434711
   -0.434973
   -0.434664
   -0.435011
   -0.434627
   -0.435048
   -0.460156
   -0.459825
   -0.459718
   -0.459833
   -0.459859
   -0.460263
   -0.460167
   -0.459857
   -0.459930
   -0.459806
   -0.459977
   -0.459754
   -0.460026
   -0.459715
   -0.460063
   -0.459678
   -0.450567
   -0.449376
   -0.450460
   -0.449473
   -0.450378
   -0.449549
   -0.450300
   -0.449624
   -0.450725
   -0.450190
   -0.450639
   -0.450282
   -0.450549
   -0.450352
   -0.450494
   -0.450400
   -0.480761
   -0.481644
   -0.480823
   -0.481558
   -0.480895
   -0.481492
   -0.480963
   -0.481426
   -0.480904
   -0.481239
   -0.480979
   -0.481157
   -0.481060
   -0.481095
   -0.481109
   -0.481052
   -0.440817
   -0.439837
   -0.440714
   -0.439915
   -0.440648
   -0.439974
   -0.440587
   -0.440033
   -0.441251
   -0.440804
   -0.441186
   -0.440876
   -0.441115
   -0.440930
   -0.441073
   -0.440967
   -0.475654
   -0.476369
   -0.475731
   -0.476301
   -0.475788
   -0.476250
   -0.475840
   -0.476199
   -0.476234
   -0.476497
   -0.476290
   -0.476436
   -0.476350
   -0.476390
   -0.476385
   -0.476360
   -0.445696
   -0.444959
   -0.445662
   -0.445019
   -0.445612
   -0.445063
   -0.445566
   -0.445108
   -0.445822
   -0.445443
   -0.445774
   -0.445495
   -0.445723
   -0.445533
   -0.445694
   -0.445557
   -0.480553
   -0.481095
   -0.480629
   -0.481044
   -0.480670
   -0.481009
   -0.480708
   -0.480972
   -0.481004
   -0.481204
   -0.481042
   -0.481162
   -0.481083
   -0.481133
   -0.481104
   -0.481117
   -0.440519
   -0.439946
   -0.440470
   -0.439987
   -0.440439
   -0.440013
   -0.440409
   -0.440041
   -0.441213
   -0.440880
   -0.441185
   -0.440911
   -0.441156
   -0.440931
   -0.441143
   -0.440938
   -0.471244
   -0.471574
   -0.471282
   -0.471543
   -0.471303
   -0.471529
   -0.471322
   -0.471511
   -0.471507
   -0.471675
   -0.471525
   -0.471656
   -0.471543
   -0.471647
   -0.471545
   -0.471651
   -0.450046
   -0.449654
   -0.450017
   -0.449676
   -0.450004
   -0.449682
   -0.449993
   -0.449692
   -0.450412
   -0.450109
   -0.450404
   -0.450119
   -0.450396
   -0.450118
   -0.450403
   -0.450104
   -0.481234
   -0.481396
   -0.481240
   -0.481380
   -0.481246
   -0.481380
   -0.481251
   -0.481377
   -0.480874
   -0.481016
   -0.480874
   -0.481014
   -0.480873
   -0.481024
   -0.480858
   -0.481048
   -0.440328
   -0.440069
   -0.440312
   -0.440078
   -0.440313
   -0.440071
   -0.440314
   -0.440068
   -0.440972
   -0.440692
   -0.440980
   -0.440686
   -0.440990
   -0.440667
   -0.441014
   -0.440634
   -0.476143
   -0.476154
   -0.476136
   -0.476169
   -0.476128
   -0.476182
   -0.476121
   -0.476191
   -0.476710
   -0.476819
   -0.476694
   -0.476834
   -0.476675
   -0.476862
   -0.476642
   -0.476903
   -0.445312
   -0.445138
   -0.445290
   -0.445152
   -0.445304
   -0.445151
   -0.445331
   -0.445138
   -0.445577
   -0.445311
   -0.445581
   -0.445289
   -0.445607
   -0.445255
   -0.445646
   -0.445207
   -0.480960
   -0.480873
   -0.480980
   -0.480947
   -0.480962
   -0.480951
   -0.480968
   -0.481001
   -0.481378
   -0.481438
   -0.481336
   -0.481466
   -0.481303
   -0.481507
   -0.481257
   -0.481561
   -0.440117
   -0.440083
   -0.440200
   -0.440143
   -0.440184
   -0.440021
   -0.440177
   -0.440074
   -0.440868
   -0.440628
   -0.440862
   -0.440598
   -0.440897
   -0.440553
   -0.440947
   -0.440495
   -0.471549
   -0.471548
   -0.471651
   -0.471555
   -0.471599
   -0.471473
   -0.471523
   -0.471572
   -0.471557
   -0.471608
   -0.471528
   -0.471639
   -0.471492
   -0.471686
   -0.471438
   -0.471748
   -0.447855
   -0.447045
   -0.447823
   -0.447086
   -0.447760
   -0.447165
   -0.447675
   -0.447249
   -0.448212
   -0.447933
   -0.448148
   -0.448001
   -0.448091
   -0.448040
   -0.448066
   -0.448050
   -0.472055
   -0.472348
   -0.471680
   -0.472313
   -0.471736
   -0.472242
   -0.471813
   -0.472166
   -0.471131
   -0.471351
   -0.471187
   -0.471291
   -0.471238
   -0.471256
   -0.471259
   -0.471249
   -0.439999
   -0.439092
   -0.439775
   -0.439123
   -0.439725
   -0.439187
   -0.439655
   -0.439255
   -0.440332
   -0.440046
   -0.440282
   -0.440100
   -0.440236
   -0.440131
   -0.440220
   -0.440135
   -0.466241
   -0.466834
   -0.466262
   -0.466808
   -0.466303
   -0.466755
   -0.466363
   -0.466696
   -0.465877
   -0.466115
   -0.465916
   -0.466070
   -0.465954
   -0.466047
   -0.465964
   -0.466048
   -0.443654
   -0.443471
   -0.444036
   -0.443494
   -0.443999
   -0.443541
   -0.443945
   -0.443593
   -0.444602
   -0.444330
   -0.444568
   -0.444369
   -0.444534
   -0.444390
   -0.444526
   -0.444388
   -0.471745
   -0.472402
   -0.471962
   -0.472382
   -0.471993
   -0.472343
   -0.472037
   -0.472301
   -0.470950
   -0.471154
   -0.470975
   -0.471123
   -0.471002
   -0.471108
   -0.471005
   -0.471113
   -0.439454
   -0.439018
   -0.439438
   -0.439036
   -0.439412
   -0.439068
   -0.439375
   -0.439102
   -0.439231
   -0.439007
   -0.439213
   -0.439031
   -0.439191
   -0.439043
   -0.439191
   -0.439036
   -0.463558
   -0.463868
   -0.463571
   -0.463854
   -0.463591
   -0.463830
   -0.463619
   -0.463805
   -0.463578
   -0.463733
   -0.463588
   -0.463718
   -0.463601
   -0.463713
   -0.463597
   -0.463724
   -0.447578
   -0.447277
   -0.447566
   -0.447289
   -0.447550
   -0.447305
   -0.447531
   -0.447322
   -0.447564
   -0.447369
   -0.447561
   -0.447376
   -0.447555
   -0.447376
   -0.447563
   -0.447362
   -0.472142
   -0.472104
   -0.471949
   -0.472098
   -0.471955
   -0.472093
   -0.471963
   -0.472087
   -0.472527
   -0.472652
   -0.472519
   -0.472657
   -0.472516
   -0.472663
   -0.472502
   -0.472681
   -0.439506
   -0.439340
   -0.439501
   -0.439344
   -0.439499
   -0.439341
   -0.439499
   -0.439339
   -0.439668
   -0.439488
   -0.439683
   -0.439475
   -0.439692
   -0.439465
   -0.439709
   -0.439444
   -0.466927
   -0.466594
   -0.466730
   -0.466795
   -0.466726
   -0.466806
   -0.466717
   -0.466815
   -0.466460
   -0.466594
   -0.466438
   -0.466613
   -0.466423
   -0.466627
   -0.466403
   -0.466650
   -0.443983
   -0.443496
   -0.443782
   -0.443694
   -0.443790
   -0.443879
   -0.444007
   -0.443863
   -0.444150
   -0.443757
   -0.443979
   -0.443731
   -0.443999
   -0.443713
   -0.444023
   -0.443685
   -0.471990
   -0.471596
   -0.472193
   -0.472405
   -0.472179
   -0.472229
   -0.472355
   -0.472658
   -0.472564
   -0.472531
   -0.472325
   -0.472565
   -0.472298
   -0.472591
   -0.472266
   -0.472625
   -0.438835
   -0.439195
   -0.439842
   -0.439990
   -0.439453
   -0.438751
   -0.439288
   -0.439521
   -0.439689
   -0.439034
   -0.439335
   -0.438991
   -0.439370
   -0.438959
   -0.439408
   -0.438917
   -0.463548
   -0.464527
   -0.464748
   -0.464534
   -0.464326
   -0.463367
   -0.463481
   -0.464419
   -0.464233
   -0.464475
   -0.464176
   -0.464529
   -0.464131
   -0.464570
   -0.464084
   -0.464620
   -0.423531
   -0.424311
   -0.423590
   -0.424251
   -0.423646
   -0.424200
   -0.423696
   -0.424160
   -0.422147
   -0.422543
   -0.422192
   -0.422489
   -0.422246
   -0.422443
   -0.422283
   -0.422419
   -0.413178
   -0.412882
   -0.413321
   -0.412940
   -0.413266
   -0.412990
   -0.413217
   -0.413029
   -0.413743
   -0.413624
   -0.413701
   -0.413674
   -0.413650
   -0.413718
   -0.413614
   -0.413743
   -0.424542
   -0.425302
   -0.424693
   -0.425248
   -0.424743
   -0.425204
   -0.424786
   -0.425170
   -0.422574
   -0.422905
   -0.422609
   -0.422862
   -0.422654
   -0.422823
   -0.422686
   -0.422802
   -0.415371
   -0.414987
   -0.415322
   -0.415038
   -0.415274
   -0.415081
   -0.415232
   -0.415114
   -0.414373
   -0.414315
   -0.414339
   -0.414356
   -0.414297
   -0.414393
   -0.414266
   -0.414414
   -0.423609
   -0.423960
   -0.423452
   -0.423915
   -0.423495
   -0.423876
   -0.423533
   -0.423847
   -0.422526
   -0.422790
   -0.422558
   -0.422752
   -0.422598
   -0.422717
   -0.422626
   -0.422698
   -0.414431
   -0.414062
   -0.414290
   -0.414105
   -0.414249
   -0.414143
   -0.414211
   -0.414173
   -0.413736
   -0.413759
   -0.413700
   -0.413801
   -0.413658
   -0.413838
   -0.413627
   -0.413860
   -0.424907
   -0.425328
   -0.424940
   -0.425292
   -0.424975
   -0.425259
   -0.425009
   -0.425233
   -0.422723
   -0.422899
   -0.422760
   -0.422857
   -0.422802
   -0.422820
   -0.422833
   -0.422797
   -0.414914
   -0.414782
   -0.414886
   -0.414813
   -0.414855
   -0.414843
   -0.414825
   -0.414867
   -0.414323
   -0.414425
   -0.414284
   -0.414469
   -0.414240
   -0.414507
   -0.414207
   -0.414533
   -0.423869
   -0.424150
   -0.423889
   -0.424126
   -0.423914
   -0.424102
   -0.423938
   -0.424084
   -0.422755
   -0.422856
   -0.422791
   -0.422814
   -0.422833
   -0.422778
   -0.422864
   -0.422754
   -0.412945
   -0.413037
   -0.413027
   -0.413059
   -0.413005
   -0.413081
   -0.412982
   -0.413099
   -0.413865
   -0.414030
   -0.413827
   -0.414074
   -0.413783
   -0.414111
   -0.413751
   -0.414138
   -0.424971
   -0.425151
   -0.424982
   -0.425135
   -0.424999
   -0.425116
   -0.425020
   -0.425100
   -0.423176
   -0.423215
   -0.423214
   -0.423170
   -0.423257
   -0.423135
   -0.423289
   -0.423107
   -0.414855
   -0.415124
   -0.414944
   -0.415039
   -0.414927
   -0.415061
   -0.414902
   -0.415080
   -0.413216
   -0.413455
   -0.413173
   -0.413506
   -0.413125
   -0.413543
   -0.413090
   -0.413575
   -0.423614
   -0.423935
   -0.423719
   -0.423823
   -0.423734
   -0.423702
   -0.423658
   -0.423683
   -0.423028
   -0.423098
   -0.423174
   -0.423044
   -0.423224
   -0.423006
   -0.423261
   -0.422971
   -0.414153
   -0.414464
   -0.414044
   -0.414078
   -0.414026
   -0.414204
   -0.413896
   -0.414026
   -0.412557
   -0.412958
   -0.412605
   -0.413019
   -0.412549
   -0.413061
   -0.412507
   -0.413103
   -0.425357
   -0.425252
   -0.424861
   -0.424837
   -0.425082
   -0.425413
   -0.425214
   -0.424986
   -0.423280
   -0.423391
   -0.423534
   -0.423328
   -0.423594
   -0.423283
   -0.423638
   -0.423239
   -0.414800
   -0.414420
   -0.414192
   -0.414440
   -0.414370
   -0.415075
   -0.414731
   -0.414603
   -0.414297
   -0.414649
   -0.414235
   -0.414722
   -0.414166
   -0.414775
   -0.414114
   -0.414828
   -0.437867
   -0.437359
   -0.437828
   -0.437407
   -0.437777
   -0.437458
   -0.437732
   -0.437503
   -0.433491
   -0.433369
   -0.433446
   -0.433400
   -0.433425
   -0.433420
   -0.433403
   -0.433433
   -0.441654
   -0.443317
   -0.442782
   -0.443267
   -0.442834
   -0.443216
   -0.442879
   -0.443171
   -0.450620
   -0.450811
   -0.450665
   -0.450780
   -0.450689
   -0.450758
   -0.450711
   -0.450744
   -0.433705
   -0.433757
   -0.434202
   -0.433810
   -0.434148
   -0.433863
   -0.434102
   -0.433908
   -0.429690
   -0.429605
   -0.429644
   -0.429639
   -0.429617
   -0.429664
   -0.429591
   -0.429683
   -0.451847
   -0.452351
   -0.451889
   -0.452302
   -0.451939
   -0.452254
   -0.451981
   -0.452212
   -0.456616
   -0.456752
   -0.456659
   -0.456720
   -0.456684
   -0.456697
   -0.456708
   -0.456678
   -0.434990
   -0.433514
   -0.433865
   -0.433560
   -0.433817
   -0.433606
   -0.433777
   -0.433644
   -0.429174
   -0.429131
   -0.429134
   -0.429160
   -0.429111
   -0.429181
   -0.429090
   -0.429199
   -0.442619
   -0.442488
   -0.442112
   -0.442448
   -0.442155
   -0.442407
   -0.442189
   -0.442374
   -0.451204
   -0.451316
   -0.451239
   -0.451290
   -0.451259
   -0.451274
   -0.451277
   -0.451257
   -0.434698
   -0.434392
   -0.434665
   -0.434429
   -0.434626
   -0.434467
   -0.434596
   -0.434494
   -0.435511
   -0.435475
   -0.435479
   -0.435499
   -0.435463
   -0.435513
   -0.435445
   -0.435531
   -0.439964
   -0.440284
   -0.439990
   -0.440253
   -0.440022
   -0.440222
   -0.440045
   -0.440203
   -0.443195
   -0.443310
   -0.443219
   -0.443292
   -0.443231
   -0.443282
   -0.443245
   -0.443266
   -0.437714
   -0.437515
   -0.437692
   -0.437540
   -0.437665
   -0.437567
   -0.437647
   -0.437580
   -0.437835
   -0.437805
   -0.437815
   -0.437819
   -0.437806
   -0.437828
   -0.437793
   -0.437843
   -0.442377
   -0.443138
   -0.442938
   -0.443119
   -0.442959
   -0.443096
   -0.442972
   -0.443088
   -0.441145
   -0.441241
   -0.441160
   -0.441230
   -0.441167
   -0.441223
   -0.441179
   -0.441208
   -0.434059
   -0.433943
   -0.434042
   -0.433960
   -0.434023
   -0.433982
   -0.434013
   -0.433985
   -0.434039
   -0.434028
   -0.434028
   -0.434037
   -0.434024
   -0.434041
   -0.434013
   -0.434056
   -0.450946
   -0.452168
   -0.451502
   -0.451612
   -0.451515
   -0.451596
   -0.451519
   -0.451600
   -0.452629
   -0.452713
   -0.452632
   -0.452711
   -0.452631
   -0.452713
   -0.452636
   -0.452701
   -0.433181
   -0.434238
   -0.433710
   -0.433706
   -0.433699
   -0.433176
   -0.433155
   -0.433167
   -0.432992
   -0.433540
   -0.433535
   -0.433539
   -0.433539
   -0.433535
   -0.433535
   -0.433545
   -0.442799
   -0.443944
   -0.442261
   -0.441762
   -0.442270
   -0.442294
   -0.441724
   -0.441219
   -0.441366
   -0.441970
   -0.441905
   -0.441974
   -0.441897
   -0.441983
   -0.441897
   -0.441976
   -0.435619
   -0.434554
   -0.432889
   -0.432391
   -0.433973
   -0.435667
   -0.434513
   -0.433480
   -0.434013
   -0.435138
   -0.435102
   -0.435135
   -0.435109
   -0.435127
   -0.435109
   -0.435135
   -0.440654
   -0.437957
   -0.437405
   -0.437954
   -0.438497
   -0.441203
   -0.440669
   -0.438494
   -0.438484
   -0.438496
   -0.438480
   -0.438499
   -0.438472
   -0.438509
   -0.438470
   -0.438503
   -0.486240
   -0.485657
   -0.486203
   -0.485698
   -0.486165
   -0.485743
   -0.486115
   -0.485795
   -0.494751
   -0.494535
   -0.494716
   -0.494562
   -0.494701
   -0.494564
   -0.494701
   -0.494568
   -0.571858
   -0.571290
   -0.571040
   -0.571252
   -0.571076
   -0.571210
   -0.571124
   -0.571159
   -0.572779
   -0.572715
   -0.572813
   -0.572688
   -0.572830
   -0.572683
   -0.572833
   -0.572677
   -0.477050
   -0.476089
   -0.476591
   -0.476125
   -0.476557
   -0.476165
   -0.476513
   -0.476212
   -0.489902
   -0.489696
   -0.489869
   -0.489723
   -0.489850
   -0.489731
   -0.489844
   -0.489739
   -0.562636
   -0.562861
   -0.562666
   -0.562829
   -0.562697
   -0.562792
   -0.562738
   -0.562748
   -0.572233
   -0.572153
   -0.572266
   -0.572126
   -0.572285
   -0.572115
   -0.572294
   -0.572104
   -0.484881
   -0.485270
   -0.485706
   -0.485299
   -0.485679
   -0.485332
   -0.485640
   -0.485374
   -0.489964
   -0.489786
   -0.489930
   -0.489814
   -0.489910
   -0.489827
   -0.489896
   -0.489843
   -0.562011
   -0.562570
   -0.562460
   -0.562546
   -0.562483
   -0.562516
   -0.562518
   -0.562477
   -0.572383
   -0.572253
   -0.572417
   -0.572225
   -0.572439
   -0.572208
   -0.572456
   -0.572189
   -0.476113
   -0.475745
   -0.476092
   -0.475767
   -0.476071
   -0.475795
   -0.476037
   -0.475834
   -0.493699
   -0.493587
   -0.493661
   -0.493619
   -0.493634
   -0.493643
   -0.493609
   -0.493670
   -0.556364
   -0.556398
   -0.556382
   -0.556379
   -0.556400
   -0.556353
   -0.556432
   -0.556315
   -0.562457
   -0.562246
   -0.562498
   -0.562211
   -0.562531
   -0.562181
   -0.562562
   -0.562147
   -0.486085
   -0.485812
   -0.486067
   -0.485830
   -0.486049
   -0.485857
   -0.486016
   -0.485895
   -0.495032
   -0.495009
   -0.494987
   -0.495049
   -0.494947
   -0.495087
   -0.494908
   -0.495130
   -0.571601
   -0.571121
   -0.571190
   -0.571106
   -0.571206
   -0.571082
   -0.571237
   -0.571044
   -0.563499
   -0.563209
   -0.563545
   -0.563165
   -0.563589
   -0.563123
   -0.563635
   -0.563073
   -0.476449
   -0.476264
   -0.476435
   -0.476277
   -0.476421
   -0.476301
   -0.476389
   -0.476340
   -0.490151
   -0.490204
   -0.490100
   -0.490252
   -0.490050
   -0.490302
   -0.489996
   -0.490361
   -0.563667
   -0.562683
   -0.563252
   -0.563098
   -0.563265
   -0.563074
   -0.563298
   -0.563034
   -0.576320
   -0.575950
   -0.576375
   -0.575896
   -0.576430
   -0.575840
   -0.576492
   -0.575775
   -0.485992
   -0.485011
   -0.485555
   -0.485449
   -0.485540
   -0.485902
   -0.485929
   -0.485947
   -0.490613
   -0.490324
   -0.490125
   -0.490385
   -0.490062
   -0.490449
   -0.489992
   -0.490522
   -0.562154
   -0.561147
   -0.562591
   -0.562839
   -0.562607
   -0.562383
   -0.563074
   -0.563187
   -0.572637
   -0.571770
   -0.572279
   -0.571704
   -0.572346
   -0.571635
   -0.572422
   -0.571557
   -0.475149
   -0.475861
   -0.477266
   -0.477581
   -0.476393
   -0.475060
   -0.475920
   -0.476819
   -0.490089
   -0.489425
   -0.489162
   -0.489499
   -0.489087
   -0.489575
   -0.489003
   -0.489661
   -0.556025
   -0.558011
   -0.558595
   -0.557993
   -0.557764
   -0.555399
   -0.556110
   -0.557471
   -0.557893
   -0.557401
   -0.557973
   -0.557321
   -0.558054
   -0.557239
   -0.558146
   -0.557146
   -0.440986
   -0.440542
   -0.440950
   -0.440577
   -0.440911
   -0.440615
   -0.440875
   -0.440651
   -0.446515
   -0.446351
   -0.446499
   -0.446361
   -0.446495
   -0.446360
   -0.446490
   -0.446373
   -0.483269
   -0.474853
   -0.474739
   -0.474825
   -0.474770
   -0.474794
   -0.474800
   -0.474765
   -0.482303
   -0.482218
   -0.482314
   -0.482213
   -0.482314
   -0.482217
   -0.482316
   -0.482207
   -0.440300
   -0.435688
   -0.435995
   -0.435711
   -0.435969
   -0.435737
   -0.435943
   -0.435763
   -0.446296
   -0.446155
   -0.446288
   -0.446158
   -0.446291
   -0.446152
   -0.446290
   -0.446160
   -0.468375
   -0.468424
   -0.468395
   -0.468406
   -0.468415
   -0.468385
   -0.468437
   -0.468364
   -0.473049
   -0.472945
   -0.473053
   -0.472946
   -0.473047
   -0.472954
   -0.473045
   -0.472948
   -0.432719
   -0.441020
   -0.441261
   -0.441036
   -0.441245
   -0.441053
   -0.441224
   -0.441073
   -0.446448
   -0.446326
   -0.446444
   -0.446326
   -0.446447
   -0.446320
   -0.446447
   -0.446330
   -0.469658
   -0.473917
   -0.473951
   -0.473904
   -0.473965
   -0.473889
   -0.473984
   -0.473870
   -0.478054
   -0.477913
   -0.478058
   -0.477913
   -0.478056
   -0.477916
   -0.478059
   -0.477905
   -0.431671
   -0.431487
   -0.431659
   -0.431497
   -0.431647
   -0.431512
   -0.431627
   -0.431532
   -0.437584
   -0.437516
   -0.437578
   -0.437519
   -0.437576
   -0.437520
   -0.437570
   -0.437534
   -0.460923
   -0.460838
   -0.460932
   -0.460828
   -0.460943
   -0.460815
   -0.460963
   -0.460794
   -0.473712
   -0.473513
   -0.473720
   -0.473507
   -0.473725
   -0.473503
   -0.473733
   -0.473488
   -0.440836
   -0.440711
   -0.440828
   -0.440720
   -0.440817
   -0.440733
   -0.440795
   -0.440756
   -0.445896
   -0.445889
   -0.445886
   -0.445898
   -0.445877
   -0.445907
   -0.445865
   -0.445926
   -0.479111
   -0.474709
   -0.474838
   -0.474700
   -0.474850
   -0.474685
   -0.474874
   -0.474661
   -0.482612
   -0.482364
   -0.482625
   -0.482352
   -0.482638
   -0.482340
   -0.482653
   -0.482318
   -0.435924
   -0.435809
   -0.435915
   -0.435822
   -0.435899
   -0.435841
   -0.435870
   -0.435870
   -0.445670
   -0.445716
   -0.445651
   -0.445735
   -0.445632
   -0.445753
   -0.445611
   -0.445780
   -0.477010
   -0.468320
   -0.472738
   -0.472585
   -0.472757
   -0.472564
   -0.472789
   -0.472530
   -0.474109
   -0.473795
   -0.474133
   -0.473771
   -0.474159
   -0.473746
   -0.474185
   -0.473713
   -0.445501
   -0.436827
   -0.441211
   -0.441125
   -0.441186
   -0.445432
   -0.445426
   -0.445473
   -0.450085
   -0.445917
   -0.445774
   -0.445947
   -0.445742
   -0.445979
   -0.445709
   -0.446019
   -0.469691
   -0.461013
   -0.473982
   -0.478110
   -0.474011
   -0.473798
   -0.478335
   -0.482311
   -0.487797
   -0.483143
   -0.483550
   -0.483109
   -0.483586
   -0.483072
   -0.483624
   -0.483028
   -0.423102
   -0.431532
   -0.444484
   -0.448675
   -0.435891
   -0.423034
   -0.431564
   -0.440202
   -0.445626
   -0.437223
   -0.437031
   -0.437259
   -0.436992
   -0.437299
   -0.436951
   -0.437348
   -0.456640
   -0.477921
   -0.482332
   -0.477893
   -0.473810
   -0.452177
   -0.456743
   -0.473523
   -0.473916
   -0.473500
   -0.473953
   -0.473464
   -0.473992
   -0.473422
   -0.474036
   -0.473371
