   -0.461618
   -0.462994
   -0.462640
   -0.463258
   -0.462495
   -0.463093
   -0.462992
   -0.462896
   -0.462051
   -0.462266
   -0.461759
   -0.461840
   -0.461812
   -0.461929
   -0.461847
   -0.462785
   -0.486604
   -0.486391
   -0.487067
   -0.486637
   -0.486716
   -0.486684
   -0.487400
   -0.488039
   -0.487475
   -0.487548
   -0.486882
   -0.486848
   -0.486790
   -0.486831
   -0.486874
   -0.487814
   -0.442054
   -0.442644
   -0.441771
   -0.442273
   -0.441718
   -0.442523
   -0.442564
   -0.443260
   -0.442946
   -0.443563
   -0.443140
   -0.443069
   -0.442937
   -0.443074
   -0.443027
   -0.443565
   -0.496318
   -0.495933
   -0.495864
   -0.495651
   -0.495807
   -0.495857
   -0.496448
   -0.496234
   -0.495312
   -0.495629
   -0.495683
   -0.495531
   -0.495439
   -0.495446
   -0.495488
   -0.496064
   -0.438409
   -0.439010
   -0.438328
   -0.438980
   -0.438468
   -0.438967
   -0.438679
   -0.438759
   -0.439239
   -0.439389
   -0.439270
   -0.439495
   -0.439366
   -0.439570
   -0.439279
   -0.439482
   -0.491411
   -0.491058
   -0.491174
   -0.491109
   -0.491307
   -0.491237
   -0.491399
   -0.491669
   -0.492340
   -0.492240
   -0.492435
   -0.492581
   -0.492489
   -0.492573
   -0.492470
   -0.492589
   -0.451833
   -0.452450
   -0.451849
   -0.452367
   -0.451883
   -0.452309
   -0.451732
   -0.452361
   -0.451404
   -0.451615
   -0.451532
   -0.451783
   -0.451591
   -0.451829
   -0.451526
   -0.451726
   -0.478463
   -0.478356
   -0.478361
   -0.478281
   -0.478418
   -0.478348
   -0.478429
   -0.479410
   -0.480045
   -0.480061
   -0.480095
   -0.480228
   -0.480190
   -0.480313
   -0.480241
   -0.480172
   -0.462774
   -0.463193
   -0.462766
   -0.463205
   -0.462892
   -0.463248
   -0.462732
   -0.461809
   -0.461857
   -0.461995
   -0.461719
   -0.461948
   -0.461776
   -0.462009
   -0.461757
   -0.461953
   -0.486483
   -0.486423
   -0.486434
   -0.486481
   -0.486484
   -0.486384
   -0.486057
   -0.485697
   -0.485574
   -0.485597
   -0.485439
   -0.485484
   -0.485502
   -0.485569
   -0.485549
   -0.485517
   -0.443124
   -0.443379
   -0.443176
   -0.443405
   -0.443216
   -0.443496
   -0.443317
   -0.444138
   -0.444292
   -0.444398
   -0.444191
   -0.444349
   -0.444133
   -0.444345
   -0.444091
   -0.444396
   -0.497604
   -0.497597
   -0.497643
   -0.497648
   -0.497621
   -0.497496
   -0.497364
   -0.497578
   -0.496948
   -0.496910
   -0.496877
   -0.496870
   -0.496849
   -0.496834
   -0.496857
   -0.496838
   -0.438599
   -0.438791
   -0.438621
   -0.438759
   -0.438636
   -0.438818
   -0.438649
   -0.438773
   -0.440007
   -0.440093
   -0.439926
   -0.440127
   -0.439872
   -0.440130
   -0.439851
   -0.440189
   -0.492580
   -0.492671
   -0.492591
   -0.492637
   -0.492618
   -0.492727
   -0.492645
   -0.493448
   -0.493748
   -0.493857
   -0.493840
   -0.493840
   -0.493826
   -0.493778
   -0.493842
   -0.493764
   -0.451902
   -0.452006
   -0.451907
   -0.451955
   -0.451810
   -0.452000
   -0.451756
   -0.452377
   -0.451615
   -0.451675
   -0.451470
   -0.451691
   -0.451427
   -0.451689
   -0.451396
   -0.451761
   -0.479265
   -0.479388
   -0.479247
   -0.479347
   -0.479276
   -0.479389
   -0.479371
   -0.480297
   -0.480634
   -0.480774
   -0.480700
   -0.480743
   -0.480704
   -0.480671
   -0.480712
   -0.480686
   -0.495203
   -0.495772
   -0.496155
   -0.496528
   -0.496270
   -0.496460
   -0.495144
   -0.495594
   -0.490608
   -0.490398
   -0.490206
   -0.490603
   -0.490145
   -0.490460
   -0.490263
   -0.489769
   -0.579530
   -0.579280
   -0.580427
   -0.580276
   -0.580282
   -0.580167
   -0.579733
   -0.578971
   -0.568719
   -0.568168
   -0.567851
   -0.568139
   -0.567926
   -0.567937
   -0.567715
   -0.567497
   -0.484260
   -0.484842
   -0.484549
   -0.484696
   -0.484111
   -0.484459
   -0.484389
   -0.483999
   -0.484869
   -0.484896
   -0.484379
   -0.484328
   -0.484220
   -0.484245
   -0.484410
   -0.485020
   -0.572003
   -0.572062
   -0.572155
   -0.571766
   -0.571595
   -0.571712
   -0.571794
   -0.571387
   -0.568809
   -0.568934
   -0.568394
   -0.568323
   -0.568166
   -0.568258
   -0.568311
   -0.568688
   -0.482185
   -0.482328
   -0.482139
   -0.482093
   -0.481740
   -0.482442
   -0.482348
   -0.482812
   -0.483630
   -0.483642
   -0.483458
   -0.483640
   -0.483281
   -0.483449
   -0.483271
   -0.483741
   -0.569264
   -0.569275
   -0.569355
   -0.569033
   -0.568724
   -0.569320
   -0.569488
   -0.568721
   -0.562435
   -0.562217
   -0.562062
   -0.562277
   -0.562115
   -0.562060
   -0.561900
   -0.562411
   -0.482923
   -0.483221
   -0.482836
   -0.483056
   -0.482784
   -0.482933
   -0.482824
   -0.483128
   -0.483100
   -0.483217
   -0.483115
   -0.483293
   -0.483174
   -0.483381
   -0.483203
   -0.483668
   -0.552241
   -0.552433
   -0.552145
   -0.552214
   -0.551989
   -0.552505
   -0.552794
   -0.552766
   -0.564582
   -0.564653
   -0.564848
   -0.564998
   -0.564892
   -0.564906
   -0.564809
   -0.565147
   -0.492677
   -0.492870
   -0.492642
   -0.492831
   -0.492614
   -0.492605
   -0.492354
   -0.492970
   -0.488261
   -0.488438
   -0.488273
   -0.488548
   -0.488418
   -0.488629
   -0.488325
   -0.488559
   -0.575195
   -0.575465
   -0.575174
   -0.575392
   -0.575119
   -0.575558
   -0.575828
   -0.576147
   -0.564719
   -0.564822
   -0.564789
   -0.565017
   -0.564943
   -0.565042
   -0.564941
   -0.565003
   -0.483525
   -0.483691
   -0.483483
   -0.483644
   -0.483518
   -0.483460
   -0.483375
   -0.483013
   -0.483274
   -0.483554
   -0.483392
   -0.483695
   -0.483491
   -0.483728
   -0.483453
   -0.483733
   -0.569470
   -0.569651
   -0.569368
   -0.569529
   -0.569365
   -0.569483
   -0.569326
   -0.568751
   -0.565259
   -0.565571
   -0.565431
   -0.565653
   -0.565611
   -0.565727
   -0.565694
   -0.565652
   -0.483031
   -0.483082
   -0.483006
   -0.483089
   -0.483042
   -0.483242
   -0.483329
   -0.483421
   -0.483556
   -0.483706
   -0.483496
   -0.483698
   -0.483572
   -0.483809
   -0.483569
   -0.483813
   -0.569242
   -0.569360
   -0.569213
   -0.569397
   -0.569103
   -0.569354
   -0.569234
   -0.568807
   -0.561884
   -0.561992
   -0.561822
   -0.561938
   -0.561914
   -0.561979
   -0.562022
   -0.561943
   -0.483586
   -0.483714
   -0.483594
   -0.483688
   -0.483615
   -0.483790
   -0.483782
   -0.484304
   -0.483697
   -0.483992
   -0.483807
   -0.483975
   -0.483756
   -0.483972
   -0.483707
   -0.484023
   -0.553560
   -0.553676
   -0.553535
   -0.553628
   -0.553597
   -0.554146
   -0.554208
   -0.554297
   -0.566037
   -0.566138
   -0.566165
   -0.566212
   -0.566131
   -0.566152
   -0.566154
   -0.566118
   -0.424025
   -0.422487
   -0.421121
   -0.421295
   -0.421750
   -0.421518
   -0.420920
   -0.424933
   -0.422307
   -0.422427
   -0.423390
   -0.423458
   -0.423320
   -0.423226
   -0.423195
   -0.421004
   -0.442545
   -0.441519
   -0.440783
   -0.440781
   -0.441590
   -0.440917
   -0.439534
   -0.431887
   -0.428304
   -0.428209
   -0.430070
   -0.430318
   -0.430250
   -0.430436
   -0.430059
   -0.427751
   -0.429275
   -0.429628
   -0.430191
   -0.430522
   -0.430652
   -0.429664
   -0.428417
   -0.424672
   -0.424462
   -0.423417
   -0.424160
   -0.424872
   -0.424828
   -0.424869
   -0.424524
   -0.423298
   -0.447618
   -0.447307
   -0.448689
   -0.448368
   -0.448814
   -0.447994
   -0.446732
   -0.447159
   -0.450624
   -0.449670
   -0.449567
   -0.450192
   -0.450276
   -0.450456
   -0.450101
   -0.448573
   -0.425414
   -0.425616
   -0.425812
   -0.425600
   -0.425681
   -0.425374
   -0.425113
   -0.425730
   -0.420445
   -0.420752
   -0.420495
   -0.420380
   -0.420304
   -0.420221
   -0.420542
   -0.420419
   -0.450093
   -0.449996
   -0.450597
   -0.450065
   -0.450237
   -0.449785
   -0.449603
   -0.448836
   -0.440385
   -0.440712
   -0.440137
   -0.439787
   -0.439943
   -0.439863
   -0.440060
   -0.439704
   -0.426202
   -0.425971
   -0.426295
   -0.426129
   -0.426333
   -0.426194
   -0.426892
   -0.423052
   -0.427807
   -0.427900
   -0.427504
   -0.427362
   -0.427334
   -0.427221
   -0.427493
   -0.427467
   -0.438669
   -0.438184
   -0.438883
   -0.438555
   -0.438663
   -0.438401
   -0.438303
   -0.432556
   -0.438417
   -0.438371
   -0.438160
   -0.437835
   -0.437874
   -0.437604
   -0.437770
   -0.437910
   -0.419218
   -0.419196
   -0.419325
   -0.419097
   -0.419049
   -0.418952
   -0.419658
   -0.428567
   -0.423477
   -0.423704
   -0.423887
   -0.423804
   -0.423677
   -0.423637
   -0.423721
   -0.423856
   -0.434760
   -0.434546
   -0.434847
   -0.434458
   -0.434669
   -0.434748
   -0.435627
   -0.439437
   -0.434679
   -0.434645
   -0.435044
   -0.434901
   -0.434853
   -0.434615
   -0.434762
   -0.434725
   -0.427145
   -0.427183
   -0.427041
   -0.427094
   -0.426937
   -0.426854
   -0.426728
   -0.422285
   -0.421126
   -0.421387
   -0.421362
   -0.421527
   -0.421449
   -0.421586
   -0.421521
   -0.421502
   -0.443896
   -0.443910
   -0.443792
   -0.443808
   -0.443857
   -0.444255
   -0.444575
   -0.444215
   -0.446827
   -0.446936
   -0.447024
   -0.446971
   -0.447123
   -0.446985
   -0.447151
   -0.446923
   -0.425375
   -0.425356
   -0.425324
   -0.425453
   -0.425249
   -0.425260
   -0.425140
   -0.425357
   -0.418367
   -0.418718
   -0.418551
   -0.418702
   -0.418602
   -0.418745
   -0.418581
   -0.418657
   -0.446110
   -0.446053
   -0.446085
   -0.446124
   -0.446072
   -0.445854
   -0.445967
   -0.443935
   -0.436475
   -0.436198
   -0.436301
   -0.436170
   -0.436408
   -0.436247
   -0.436427
   -0.436212
   -0.426448
   -0.426487
   -0.426421
   -0.426668
   -0.426640
   -0.426558
   -0.426732
   -0.422534
   -0.427108
   -0.427513
   -0.427411
   -0.427571
   -0.427440
   -0.427677
   -0.427441
   -0.427551
   -0.435529
   -0.435472
   -0.435597
   -0.435567
   -0.435556
   -0.435269
   -0.435148
   -0.429782
   -0.436337
   -0.435967
   -0.436202
   -0.435933
   -0.436304
   -0.436051
   -0.436375
   -0.435929
   -0.409928
   -0.409514
   -0.408085
   -0.407605
   -0.407629
   -0.407734
   -0.411052
   -0.411868
   -0.414286
   -0.415362
   -0.415168
   -0.414483
   -0.415383
   -0.414951
   -0.415096
   -0.417437
   -0.398640
   -0.399364
   -0.396481
   -0.396794
   -0.396655
   -0.397067
   -0.398727
   -0.397651
   -0.409710
   -0.411300
   -0.411690
   -0.410861
   -0.411403
   -0.411407
   -0.412029
   -0.413401
   -0.415144
   -0.413969
   -0.414138
   -0.414106
   -0.415269
   -0.415015
   -0.415069
   -0.414985
   -0.409165
   -0.409810
   -0.410646
   -0.411026
   -0.410935
   -0.411270
   -0.410484
   -0.409456
   -0.399965
   -0.399834
   -0.399214
   -0.400426
   -0.400768
   -0.400660
   -0.400744
   -0.401818
   -0.422553
   -0.422459
   -0.423998
   -0.424066
   -0.424455
   -0.424168
   -0.424092
   -0.423451
   -0.418636
   -0.418549
   -0.418685
   -0.419197
   -0.419845
   -0.418302
   -0.418261
   -0.414305
   -0.407422
   -0.407730
   -0.407892
   -0.407838
   -0.408435
   -0.408449
   -0.408379
   -0.407581
   -0.406201
   -0.406312
   -0.405793
   -0.406991
   -0.407681
   -0.406225
   -0.405686
   -0.408165
   -0.419522
   -0.420103
   -0.420653
   -0.420168
   -0.420566
   -0.420731
   -0.421176
   -0.419756
   -0.421509
   -0.420965
   -0.421738
   -0.421389
   -0.421863
   -0.421760
   -0.421586
   -0.416586
   -0.420455
   -0.420500
   -0.420472
   -0.420448
   -0.420319
   -0.420283
   -0.420149
   -0.419451
   -0.411020
   -0.410890
   -0.411235
   -0.411413
   -0.411749
   -0.410593
   -0.409586
   -0.405893
   -0.417943
   -0.417863
   -0.417287
   -0.416992
   -0.417276
   -0.417258
   -0.417598
   -0.416433
   -0.418811
   -0.418371
   -0.418874
   -0.418524
   -0.418998
   -0.419246
   -0.419542
   -0.420948
   -0.420646
   -0.420459
   -0.420462
   -0.420170
   -0.420051
   -0.420055
   -0.420218
   -0.420282
   -0.404967
   -0.404609
   -0.405009
   -0.404828
   -0.405231
   -0.404244
   -0.403009
   -0.403926
   -0.419391
   -0.419218
   -0.419149
   -0.418544
   -0.418823
   -0.418466
   -0.418952
   -0.418442
   -0.415051
   -0.414634
   -0.415186
   -0.414807
   -0.415086
   -0.415436
   -0.415501
   -0.415320
   -0.414541
   -0.414057
   -0.414075
   -0.413696
   -0.413690
   -0.413692
   -0.413654
   -0.413834
   -0.405182
   -0.405054
   -0.405501
   -0.405413
   -0.405515
   -0.405390
   -0.405484
   -0.410289
   -0.433599
   -0.432808
   -0.433127
   -0.432489
   -0.432684
   -0.432163
   -0.432580
   -0.432242
   -0.413417
   -0.413366
   -0.413499
   -0.413334
   -0.413395
   -0.412990
   -0.412568
   -0.412491
   -0.408164
   -0.408024
   -0.408209
   -0.408137
   -0.407881
   -0.407935
   -0.407736
   -0.408117
   -0.407337
   -0.407298
   -0.407420
   -0.407169
   -0.407748
   -0.407334
   -0.407435
   -0.409349
   -0.422126
   -0.421963
   -0.422417
   -0.422039
   -0.422230
   -0.421779
   -0.422086
   -0.421705
   -0.419466
   -0.419304
   -0.419453
   -0.419339
   -0.419323
   -0.419109
   -0.418798
   -0.413281
   -0.418899
   -0.418395
   -0.418435
   -0.418517
   -0.418462
   -0.418634
   -0.418417
   -0.418728
   -0.408256
   -0.408152
   -0.408303
   -0.408255
   -0.408149
   -0.406840
   -0.406551
   -0.402349
   -0.414434
   -0.414269
   -0.414178
   -0.413978
   -0.414364
   -0.413975
   -0.414475
   -0.413884
   -0.432940
   -0.447004
   -0.453198
   -0.456443
   -0.454518
   -0.455658
   -0.453217
   -0.456746
   -0.447436
   -0.446973
   -0.444187
   -0.444243
   -0.444364
   -0.444747
   -0.444812
   -0.453212
   -0.482643
   -0.490052
   -0.496619
   -0.498657
   -0.497024
   -0.498294
   -0.499379
   -0.499889
   -0.492701
   -0.492345
   -0.487145
   -0.486510
   -0.486676
   -0.486066
   -0.487031
   -0.493181
   -0.432256
   -0.432220
   -0.430035
   -0.429548
   -0.428527
   -0.431653
   -0.434972
   -0.433699
   -0.430309
   -0.433153
   -0.430799
   -0.428687
   -0.428850
   -0.428614
   -0.429833
   -0.433516
   -0.464309
   -0.464434
   -0.461373
   -0.461356
   -0.460531
   -0.462424
   -0.466389
   -0.467462
   -0.462674
   -0.465128
   -0.465295
   -0.463244
   -0.463144
   -0.462484
   -0.463733
   -0.468019
   -0.431868
   -0.431737
   -0.430807
   -0.431539
   -0.430939
   -0.432351
   -0.433000
   -0.426844
   -0.428992
   -0.428096
   -0.428722
   -0.429115
   -0.429126
   -0.429406
   -0.428455
   -0.429072
   -0.459945
   -0.459488
   -0.458551
   -0.459178
   -0.459024
   -0.460218
   -0.461314
   -0.468182
   -0.472497
   -0.471055
   -0.472905
   -0.473668
   -0.473477
   -0.473306
   -0.472999
   -0.474001
   -0.442234
   -0.443343
   -0.441959
   -0.442737
   -0.441861
   -0.442426
   -0.437522
   -0.432314
   -0.432371
   -0.432205
   -0.433207
   -0.433752
   -0.433719
   -0.434204
   -0.433293
   -0.433734
   -0.445460
   -0.446318
   -0.444766
   -0.445159
   -0.445223
   -0.445831
   -0.446791
   -0.454756
   -0.463439
   -0.463163
   -0.464359
   -0.464899
   -0.465191
   -0.465466
   -0.465425
   -0.464798
   -0.452401
   -0.452745
   -0.452094
   -0.452970
   -0.452853
   -0.453194
   -0.448142
   -0.446629
   -0.448168
   -0.447771
   -0.447016
   -0.447594
   -0.447681
   -0.448135
   -0.447478
   -0.447484
   -0.466776
   -0.467070
   -0.466519
   -0.467261
   -0.466972
   -0.466581
   -0.461987
   -0.465374
   -0.469396
   -0.469023
   -0.468472
   -0.468431
   -0.469144
   -0.469217
   -0.469410
   -0.468875
   -0.435953
   -0.436026
   -0.436190
   -0.436253
   -0.436487
   -0.436798
   -0.436950
   -0.437792
   -0.443887
   -0.443620
   -0.443275
   -0.443378
   -0.443060
   -0.443275
   -0.442812
   -0.443527
   -0.473546
   -0.473238
   -0.473787
   -0.473407
   -0.473635
   -0.472110
   -0.471637
   -0.476378
   -0.473630
   -0.472875
   -0.473270
   -0.472785
   -0.473186
   -0.472754
   -0.473197
   -0.472852
   -0.422362
   -0.422399
   -0.422445
   -0.422173
   -0.422633
   -0.422860
   -0.423106
   -0.422758
   -0.434453
   -0.433959
   -0.433818
   -0.434073
   -0.433655
   -0.434100
   -0.433673
   -0.434377
   -0.470726
   -0.470683
   -0.470821
   -0.470469
   -0.470832
   -0.471129
   -0.471275
   -0.484530
   -0.483133
   -0.483180
   -0.483662
   -0.483126
   -0.483524
   -0.482871
   -0.483599
   -0.482906
   -0.436572
   -0.436379
   -0.436587
   -0.435927
   -0.435918
   -0.436384
   -0.435711
   -0.431939
   -0.431647
   -0.431252
   -0.430772
   -0.431197
   -0.430536
   -0.431000
   -0.430429
   -0.431442
   -0.460601
   -0.460610
   -0.460461
   -0.460242
   -0.460702
   -0.461363
   -0.462365
   -0.466225
   -0.467677
   -0.467779
   -0.468275
   -0.467794
   -0.468098
   -0.467318
   -0.467994
   -0.467568
   -0.438569
   -0.448024
   -0.460199
   -0.464850
   -0.466500
   -0.464798
   -0.445841
   -0.439479
   -0.446160
   -0.442589
   -0.444420
   -0.445886
   -0.443685
   -0.444474
   -0.444378
   -0.437881
   -0.480058
   -0.487753
   -0.501865
   -0.506477
   -0.506817
   -0.505721
   -0.495015
   -0.493281
   -0.493950
   -0.489502
   -0.489835
   -0.492196
   -0.490841
   -0.490725
   -0.488975
   -0.486049
   -0.452830
   -0.457799
   -0.458999
   -0.458215
   -0.456107
   -0.455174
   -0.452003
   -0.448273
   -0.454504
   -0.451503
   -0.450117
   -0.449293
   -0.449745
   -0.448662
   -0.450757
   -0.455394
   -0.507035
   -0.510846
   -0.512876
   -0.509892
   -0.508759
   -0.508878
   -0.504577
   -0.498246
   -0.500858
   -0.500439
   -0.496129
   -0.496303
   -0.495454
   -0.496174
   -0.496339
   -0.496753
   -0.439389
   -0.438676
   -0.439430
   -0.436987
   -0.436029
   -0.439377
   -0.439853
   -0.434774
   -0.444165
   -0.443257
   -0.442840
   -0.442750
   -0.441138
   -0.440990
   -0.441446
   -0.443562
   -0.484846
   -0.485010
   -0.486440
   -0.483099
   -0.481023
   -0.487790
   -0.489056
   -0.482507
   -0.487888
   -0.486402
   -0.484639
   -0.485473
   -0.484790
   -0.483917
   -0.483220
   -0.486463
   -0.434010
   -0.434460
   -0.433362
   -0.433490
   -0.432964
   -0.432576
   -0.429309
   -0.429046
   -0.434089
   -0.433837
   -0.433749
   -0.433650
   -0.433981
   -0.434068
   -0.434517
   -0.436600
   -0.469801
   -0.470161
   -0.469427
   -0.468921
   -0.467912
   -0.473865
   -0.479436
   -0.480004
   -0.484317
   -0.484257
   -0.486002
   -0.486210
   -0.485886
   -0.485239
   -0.484976
   -0.487684
   -0.440297
   -0.440752
   -0.440140
   -0.440323
   -0.439531
   -0.435423
   -0.430814
   -0.428639
   -0.432806
   -0.433344
   -0.433553
   -0.434287
   -0.434459
   -0.434554
   -0.433957
   -0.434166
   -0.466993
   -0.468025
   -0.466992
   -0.467303
   -0.466297
   -0.471923
   -0.477069
   -0.479595
   -0.467411
   -0.467525
   -0.468415
   -0.469509
   -0.469259
   -0.469435
   -0.468921
   -0.469491
   -0.436891
   -0.437449
   -0.436401
   -0.436946
   -0.436553
   -0.432241
   -0.432328
   -0.431576
   -0.443503
   -0.444933
   -0.444893
   -0.446116
   -0.445933
   -0.446268
   -0.445983
   -0.445923
   -0.477995
   -0.478442
   -0.477062
   -0.477347
   -0.477102
   -0.477691
   -0.477773
   -0.477202
   -0.463920
   -0.465836
   -0.465444
   -0.466667
   -0.466843
   -0.467471
   -0.467267
   -0.467084
   -0.433585
   -0.433271
   -0.433302
   -0.433441
   -0.433520
   -0.434293
   -0.438526
   -0.438683
   -0.443202
   -0.443776
   -0.443142
   -0.443537
   -0.443976
   -0.444259
   -0.444220
   -0.443841
   -0.482064
   -0.482025
   -0.481812
   -0.482445
   -0.480896
   -0.484610
   -0.484574
   -0.480297
   -0.478040
   -0.477924
   -0.477185
   -0.477601
   -0.477898
   -0.478238
   -0.478466
   -0.478250
   -0.432797
   -0.433029
   -0.432830
   -0.433034
   -0.433368
   -0.433601
   -0.437704
   -0.438758
   -0.432948
   -0.434575
   -0.434371
   -0.434377
   -0.434191
   -0.434287
   -0.434146
   -0.434121
   -0.479284
   -0.479322
   -0.479174
   -0.479155
   -0.479537
   -0.488543
   -0.492232
   -0.489693
   -0.487968
   -0.487813
   -0.488663
   -0.488499
   -0.488355
   -0.488433
   -0.488276
   -0.488396
   -0.386339
   -0.398051
   -0.393127
   -0.398685
   -0.405160
   -0.406615
   -0.391654
   -0.378413
   -0.388830
   -0.403243
   -0.412945
   -0.412830
   -0.412758
   -0.408786
   -0.408568
   -0.395640
   -0.368961
   -0.385190
   -0.384349
   -0.390586
   -0.399416
   -0.397534
   -0.378311
   -0.385708
   -0.366632
   -0.376366
   -0.397498
   -0.398054
   -0.401303
   -0.402666
   -0.397834
   -0.380671
   -0.441949
   -0.450211
   -0.457780
   -0.466212
   -0.468465
   -0.452513
   -0.434460
   -0.436124
   -0.424386
   -0.415007
   -0.424308
   -0.439544
   -0.441426
   -0.442661
   -0.435625
   -0.426761
   -0.444104
   -0.450078
   -0.464908
   -0.467622
   -0.471259
   -0.462014
   -0.444560
   -0.446139
   -0.466118
   -0.455742
   -0.451198
   -0.465097
   -0.468809
   -0.473066
   -0.466842
   -0.454394
   -0.444954
   -0.449291
   -0.450793
   -0.450297
   -0.451262
   -0.444555
   -0.438723
   -0.443032
   -0.434001
   -0.440359
   -0.438088
   -0.437549
   -0.437441
   -0.437131
   -0.439303
   -0.437410
   -0.488539
   -0.492017
   -0.494927
   -0.493394
   -0.495034
   -0.488974
   -0.483356
   -0.483457
   -0.478668
   -0.485451
   -0.481127
   -0.478322
   -0.479422
   -0.479788
   -0.481160
   -0.477161
   -0.438382
   -0.435857
   -0.439308
   -0.437842
   -0.439646
   -0.438984
   -0.435423
   -0.439735
   -0.442298
   -0.446425
   -0.442945
   -0.442067
   -0.441442
   -0.440675
   -0.442510
   -0.441379
   -0.485593
   -0.482606
   -0.487651
   -0.486222
   -0.486779
   -0.488479
   -0.484577
   -0.485916
   -0.487900
   -0.491045
   -0.487661
   -0.485615
   -0.485336
   -0.484240
   -0.484924
   -0.485457
   -0.424889
   -0.424336
   -0.425780
   -0.423837
   -0.423743
   -0.419044
   -0.419244
   -0.421950
   -0.414271
   -0.421711
   -0.423053
   -0.421984
   -0.420895
   -0.420430
   -0.421554
   -0.422443
   -0.455180
   -0.453766
   -0.455920
   -0.453394
   -0.454856
   -0.459543
   -0.465159
   -0.467482
   -0.444724
   -0.450819
   -0.452795
   -0.451948
   -0.450727
   -0.449668
   -0.450127
   -0.450541
   -0.435521
   -0.435472
   -0.434946
   -0.434999
   -0.431152
   -0.426438
   -0.425395
   -0.425379
   -0.421190
   -0.425241
   -0.425365
   -0.425689
   -0.425609
   -0.426041
   -0.426198
   -0.425526
   -0.439210
   -0.439870
   -0.438810
   -0.439625
   -0.439303
   -0.448820
   -0.453442
   -0.452395
   -0.451359
   -0.455080
   -0.454909
   -0.455023
   -0.454902
   -0.454774
   -0.454888
   -0.454467
   -0.437288
   -0.437438
   -0.437074
   -0.438097
   -0.433552
   -0.433189
   -0.433400
   -0.437967
   -0.421434
   -0.426503
   -0.425998
   -0.426363
   -0.426093
   -0.426256
   -0.425823
   -0.425736
   -0.455214
   -0.455345
   -0.455073
   -0.455772
   -0.455373
   -0.455818
   -0.455893
   -0.449307
   -0.448278
   -0.444393
   -0.444280
   -0.444489
   -0.444661
   -0.444859
   -0.444481
   -0.444575
   -0.428513
   -0.429101
   -0.428394
   -0.430452
   -0.430052
   -0.429149
   -0.434818
   -0.434693
   -0.429973
   -0.437514
   -0.437622
   -0.437889
   -0.438134
   -0.438686
   -0.438240
   -0.437687
   -0.463897
   -0.463911
   -0.464395
   -0.464917
   -0.463731
   -0.467210
   -0.463688
   -0.462667
   -0.457666
   -0.453454
   -0.453124
   -0.453047
   -0.453931
   -0.454173
   -0.454479
   -0.453241
   -0.408851
   -0.418542
   -0.407536
   -0.405651
   -0.404655
   -0.414721
   -0.430007
   -0.420987
   -0.409766
   -0.432529
   -0.424356
   -0.420432
   -0.429321
   -0.425787
   -0.425763
   -0.448879
   -0.393221
   -0.415494
   -0.402454
   -0.401197
   -0.402951
   -0.412342
   -0.426524
   -0.404145
   -0.400640
   -0.421770
   -0.425871
   -0.419390
   -0.424609
   -0.424946
   -0.433945
   -0.456456
   -0.385049
   -0.388662
   -0.386075
   -0.399732
   -0.410788
   -0.407021
   -0.400510
   -0.393544
   -0.374967
   -0.394824
   -0.404554
   -0.410790
   -0.411573
   -0.414401
   -0.404726
   -0.405968
   -0.349957
   -0.360806
   -0.356149
   -0.375229
   -0.383178
   -0.379770
   -0.379337
   -0.368219
   -0.372793
   -0.371238
   -0.385100
   -0.391711
   -0.398550
   -0.398055
   -0.396589
   -0.395824
   -0.424638
   -0.433756
   -0.439847
   -0.446855
   -0.449250
   -0.430477
   -0.427906
   -0.424242
   -0.405115
   -0.403019
   -0.404729
   -0.410881
   -0.421121
   -0.421698
   -0.419733
   -0.411498
   -0.401350
   -0.408445
   -0.409195
   -0.419152
   -0.427485
   -0.416390
   -0.411674
   -0.420110
   -0.419319
   -0.427173
   -0.430465
   -0.428839
   -0.436174
   -0.441412
   -0.443053
   -0.432021
   -0.437558
   -0.437056
   -0.441991
   -0.442160
   -0.445804
   -0.447321
   -0.438984
   -0.439618
   -0.434501
   -0.436942
   -0.437939
   -0.438609
   -0.437681
   -0.437792
   -0.435869
   -0.430463
   -0.472697
   -0.472634
   -0.476082
   -0.478032
   -0.483517
   -0.478033
   -0.472571
   -0.471135
   -0.469139
   -0.474002
   -0.469857
   -0.469893
   -0.470777
   -0.472998
   -0.473478
   -0.465733
   -0.437337
   -0.436413
   -0.437543
   -0.437771
   -0.439742
   -0.438310
   -0.435321
   -0.443621
   -0.439859
   -0.444741
   -0.443548
   -0.441981
   -0.441559
   -0.441635
   -0.442800
   -0.442243
   -0.480564
   -0.478213
   -0.480367
   -0.480351
   -0.485515
   -0.483120
   -0.477815
   -0.482877
   -0.480971
   -0.487243
   -0.484067
   -0.481344
   -0.482183
   -0.482148
   -0.483305
   -0.481737
   -0.435218
   -0.433822
   -0.436748
   -0.435389
   -0.434649
   -0.430893
   -0.430657
   -0.433233
   -0.434397
   -0.432185
   -0.431996
   -0.428695
   -0.429005
   -0.428185
   -0.428697
   -0.429332
   -0.466141
   -0.464822
   -0.468880
   -0.467987
   -0.471533
   -0.475527
   -0.476629
   -0.472254
   -0.478067
   -0.471459
   -0.472547
   -0.469154
   -0.468545
   -0.466939
   -0.467350
   -0.468081
   -0.435559
   -0.436520
   -0.436413
   -0.435893
   -0.431203
   -0.426469
   -0.426177
   -0.427414
   -0.426035
   -0.426000
   -0.427633
   -0.426689
   -0.425272
   -0.424674
   -0.424636
   -0.426037
   -0.438741
   -0.439015
   -0.439497
   -0.437687
   -0.447762
   -0.452059
   -0.452072
   -0.453870
   -0.455204
   -0.456763
   -0.458898
   -0.457689
   -0.456745
   -0.455786
   -0.455193
   -0.455780
   -0.435869
   -0.435109
   -0.435793
   -0.434781
   -0.430930
   -0.430709
   -0.434828
   -0.430081
   -0.431150
   -0.427258
   -0.427497
   -0.427691
   -0.427904
   -0.427738
   -0.427985
   -0.428516
   -0.452937
   -0.452957
   -0.453128
   -0.453138
   -0.452320
   -0.452492
   -0.452368
   -0.447386
   -0.448198
   -0.447033
   -0.441937
   -0.442382
   -0.442562
   -0.442286
   -0.442651
   -0.442589
   -0.489256
   -0.511394
   -0.527374
   -0.509924
   -0.508121
   -0.519821
   -0.529326
   -0.519302
   -0.502080
   -0.509203
   -0.506952
   -0.511541
   -0.508833
   -0.503678
   -0.509626
   -0.529650
   -0.615490
   -0.620219
   -0.638777
   -0.611869
   -0.606933
   -0.632848
   -0.652053
   -0.618713
   -0.632545
   -0.638386
   -0.614758
   -0.615355
   -0.616278
   -0.615685
   -0.616890
   -0.651941
   -0.403145
   -0.407262
   -0.397579
   -0.402762
   -0.403670
   -0.414689
   -0.439522
   -0.421237
   -0.403260
   -0.434855
   -0.425777
   -0.408531
   -0.420577
   -0.419325
   -0.424151
   -0.455568
   -0.426206
   -0.441572
   -0.425317
   -0.431936
   -0.430951
   -0.443051
   -0.462449
   -0.442890
   -0.431526
   -0.458151
   -0.454306
   -0.449049
   -0.451202
   -0.454266
   -0.457295
   -0.498924
   -0.396419
   -0.405248
   -0.409559
   -0.415300
   -0.411534
   -0.413053
   -0.415157
   -0.396864
   -0.413347
   -0.405681
   -0.411517
   -0.416690
   -0.419527
   -0.423123
   -0.417467
   -0.422328
   -0.369367
   -0.376886
   -0.377288
   -0.386865
   -0.383332
   -0.389029
   -0.389074
   -0.372911
   -0.397270
   -0.390346
   -0.405021
   -0.416166
   -0.416433
   -0.416556
   -0.412323
   -0.426695
   -0.394119
   -0.410443
   -0.404431
   -0.408881
   -0.402270
   -0.401128
   -0.393508
   -0.376701
   -0.386930
   -0.386688
   -0.407612
   -0.412773
   -0.414806
   -0.416923
   -0.409408
   -0.413956
   -0.369918
   -0.386204
   -0.377181
   -0.380030
   -0.380301
   -0.386520
   -0.388450
   -0.381452
   -0.363402
   -0.367423
   -0.384141
   -0.392542
   -0.396174
   -0.401350
   -0.399485
   -0.396957
   -0.439331
   -0.441693
   -0.439663
   -0.445528
   -0.447739
   -0.446087
   -0.444001
   -0.435262
   -0.436914
   -0.435617
   -0.432032
   -0.435490
   -0.444390
   -0.448520
   -0.445061
   -0.439797
   -0.471013
   -0.475168
   -0.471788
   -0.478545
   -0.476080
   -0.475872
   -0.470555
   -0.462252
   -0.459095
   -0.469440
   -0.464829
   -0.467821
   -0.474017
   -0.479795
   -0.481125
   -0.477419
   -0.438782
   -0.439691
   -0.440049
   -0.440579
   -0.439348
   -0.435705
   -0.438403
   -0.440390
   -0.443596
   -0.444922
   -0.444433
   -0.444516
   -0.444539
   -0.443652
   -0.442946
   -0.444830
   -0.482645
   -0.480724
   -0.483041
   -0.480632
   -0.486416
   -0.481816
   -0.480779
   -0.477739
   -0.481265
   -0.481566
   -0.484853
   -0.485213
   -0.485906
   -0.486485
   -0.486266
   -0.487026
   -0.442197
   -0.441736
   -0.442585
   -0.440022
   -0.436437
   -0.436363
   -0.436372
   -0.435393
   -0.449540
   -0.447502
   -0.451052
   -0.450555
   -0.451389
   -0.451419
   -0.452289
   -0.452593
   -0.480788
   -0.480221
   -0.480996
   -0.479359
   -0.486094
   -0.489788
   -0.487018
   -0.484858
   -0.493361
   -0.494248
   -0.497184
   -0.496584
   -0.496685
   -0.495989
   -0.497641
   -0.496728
   -0.444253
   -0.442778
   -0.444576
   -0.436226
   -0.432769
   -0.435613
   -0.433609
   -0.434011
   -0.434215
   -0.435676
   -0.434864
   -0.434526
   -0.433263
   -0.432325
   -0.432871
   -0.435052
   -0.456168
   -0.456054
   -0.454741
   -0.453122
   -0.462578
   -0.468925
   -0.468188
   -0.466685
   -0.472075
   -0.468940
   -0.469151
   -0.468663
   -0.466760
   -0.465409
   -0.465269
   -0.467842
   -0.422118
   -0.400948
   -0.420035
   -0.438429
   -0.469958
   -0.446898
   -0.399797
   -0.432547
   -0.466252
   -0.406348
   -0.449835
   -0.470179
   -0.435819
   -0.457575
   -0.456268
   -0.381957
   -0.499242
   -0.477821
   -0.513050
   -0.525813
   -0.540027
   -0.527487
   -0.456313
   -0.505748
   -0.524098
   -0.459656
   -0.505163
   -0.528800
   -0.512171
   -0.513475
   -0.503009
   -0.389879
   -0.497625
   -0.503191
   -0.514700
   -0.511701
   -0.515619
   -0.510980
   -0.505491
   -0.509577
   -0.519661
   -0.520945
   -0.537663
   -0.499124
   -0.499877
   -0.486246
   -0.514039
   -0.506234
   -0.645693
   -0.641152
   -0.659631
   -0.641291
   -0.647567
   -0.641891
   -0.632007
   -0.656191
   -0.660152
   -0.644155
   -0.644479
   -0.636447
   -0.626270
   -0.636188
   -0.635948
   -0.617514
   -0.454141
   -0.455572
   -0.476073
   -0.465490
   -0.462658
   -0.475888
   -0.479228
   -0.460314
   -0.491675
   -0.467799
   -0.475486
   -0.486615
   -0.477752
   -0.472379
   -0.481949
   -0.500912
   -0.533621
   -0.542299
   -0.566332
   -0.546650
   -0.535538
   -0.551580
   -0.555729
   -0.545739
   -0.579369
   -0.569210
   -0.557604
   -0.573470
   -0.576477
   -0.567980
   -0.555826
   -0.582542
   -0.410731
   -0.418198
   -0.423508
   -0.424515
   -0.425472
   -0.415867
   -0.422260
   -0.419239
   -0.429975
   -0.421160
   -0.423157
   -0.419812
   -0.424594
   -0.423959
   -0.428476
   -0.462836
   -0.397021
   -0.406454
   -0.416558
   -0.413068
   -0.409532
   -0.410762
   -0.420681
   -0.419083
   -0.418295
   -0.419045
   -0.443215
   -0.446233
   -0.445549
   -0.437466
   -0.428278
   -0.465127
   -0.411069
   -0.418407
   -0.418662
   -0.416214
   -0.410051
   -0.409434
   -0.402611
   -0.390586
   -0.403500
   -0.401248
   -0.405549
   -0.409115
   -0.413149
   -0.417404
   -0.414853
   -0.415366
   -0.378531
   -0.392325
   -0.390072
   -0.387986
   -0.386354
   -0.392225
   -0.396834
   -0.379791
   -0.378911
   -0.374382
   -0.390658
   -0.400080
   -0.399098
   -0.399880
   -0.399329
   -0.404496
   -0.420359
   -0.426899
   -0.418557
   -0.425065
   -0.426679
   -0.421387
   -0.421382
   -0.416149
   -0.395062
   -0.401804
   -0.413838
   -0.426065
   -0.425127
   -0.427734
   -0.423516
   -0.421357
   -0.419199
   -0.428966
   -0.417054
   -0.419996
   -0.423276
   -0.424026
   -0.416547
   -0.403036
   -0.377014
   -0.384285
   -0.388954
   -0.400990
   -0.405760
   -0.412632
   -0.411959
   -0.406385
   -0.441419
   -0.438858
   -0.438898
   -0.441045
   -0.439826
   -0.438391
   -0.440623
   -0.441042
   -0.441708
   -0.437477
   -0.434494
   -0.437351
   -0.446786
   -0.451394
   -0.451159
   -0.444409
   -0.469907
   -0.469140
   -0.467693
   -0.476008
   -0.472402
   -0.469479
   -0.467637
   -0.463418
   -0.461659
   -0.470956
   -0.466857
   -0.470301
   -0.475947
   -0.481555
   -0.485843
   -0.481349
   -0.446396
   -0.448995
   -0.446548
   -0.448981
   -0.443368
   -0.443194
   -0.443468
   -0.447227
   -0.445436
   -0.445765
   -0.445277
   -0.444859
   -0.444543
   -0.445302
   -0.444377
   -0.442436
   -0.482808
   -0.482692
   -0.482624
   -0.485831
   -0.493766
   -0.492184
   -0.487554
   -0.490855
   -0.489838
   -0.490493
   -0.495766
   -0.494596
   -0.494597
   -0.495720
   -0.494772
   -0.494186
    0.243858
    0.312917
    0.301807
    0.240616
    0.240028
    0.293918
    0.292974
    0.293379
    0.281292
    0.321002
    0.257359
    0.256711
    0.274369
    0.290311
    0.269983
    0.306826
    0.331575
    0.355481
    0.378433
    0.322953
    0.291101
    0.378346
    0.468961
    0.413036
    0.420489
    0.440914
    0.302534
    0.309345
    0.310361
    0.286924
    0.317503
    0.443304
   -0.441681
   -0.416237
   -0.440093
   -0.441980
   -0.475756
   -0.446484
   -0.369596
   -0.412580
   -0.399551
   -0.364002
   -0.422483
   -0.419615
   -0.399581
   -0.419024
   -0.391485
   -0.328013
   -0.503527
   -0.463480
   -0.505034
   -0.509013
   -0.533233
   -0.483675
   -0.404834
   -0.455335
   -0.457211
   -0.423384
   -0.488101
   -0.486418
   -0.474587
   -0.475711
   -0.434301
   -0.344825
   -0.492655
   -0.488602
   -0.485542
   -0.506839
   -0.526594
   -0.494511
   -0.474168
   -0.506176
   -0.459800
   -0.500360
   -0.494942
   -0.478629
   -0.469076
   -0.472786
   -0.503180
   -0.480104
   -0.593566
   -0.582643
   -0.588320
   -0.608389
   -0.630167
   -0.607930
   -0.578185
   -0.628005
   -0.580867
   -0.597048
   -0.592375
   -0.567516
   -0.567791
   -0.579444
   -0.581128
   -0.526800
   -0.497462
   -0.496378
   -0.527334
   -0.517224
   -0.530063
   -0.527207
   -0.520479
   -0.536198
   -0.522184
   -0.527088
   -0.520719
   -0.516682
   -0.506253
   -0.492179
   -0.508564
   -0.499530
   -0.624255
   -0.620154
   -0.658121
   -0.654107
   -0.654559
   -0.634666
   -0.624764
   -0.660513
   -0.658594
   -0.652171
   -0.635433
   -0.625656
   -0.627299
   -0.621517
   -0.618252
   -0.625487
   -0.414294
   -0.416357
   -0.437024
   -0.423809
   -0.428591
   -0.417609
   -0.415954
   -0.432337
   -0.447506
   -0.428438
   -0.434429
   -0.423974
   -0.424254
   -0.426350
   -0.445052
   -0.459510
   -0.430134
   -0.425288
   -0.450477
   -0.437464
   -0.445772
   -0.443149
   -0.439019
   -0.470154
   -0.446507
   -0.433741
   -0.456531
   -0.450836
   -0.442888
   -0.432373
   -0.446674
   -0.454848
   -0.419953
   -0.423839
   -0.425052
   -0.424431
   -0.426116
   -0.421176
   -0.407770
   -0.415733
   -0.415416
   -0.411389
   -0.419915
   -0.419320
   -0.419240
   -0.424204
   -0.424395
   -0.417030
   -0.402365
   -0.416150
   -0.412791
   -0.418724
   -0.414486
   -0.413082
   -0.414349
   -0.419629
   -0.404371
   -0.401832
   -0.411674
   -0.412647
   -0.412398
   -0.411203
   -0.412389
   -0.408743
   -0.402550
   -0.407296
   -0.404897
   -0.414462
   -0.413515
   -0.407840
   -0.409576
   -0.413522
   -0.388328
   -0.394383
   -0.402619
   -0.406356
   -0.406478
   -0.405240
   -0.402513
   -0.395383
   -0.376567
   -0.381046
   -0.379480
   -0.384260
   -0.380164
   -0.380175
   -0.374058
   -0.368956
   -0.367029
   -0.366513
   -0.377441
   -0.380590
   -0.384833
   -0.390230
   -0.384796
   -0.385373
   -0.426430
   -0.429930
   -0.425405
   -0.436535
   -0.432202
   -0.421479
   -0.428958
   -0.431339
   -0.426733
   -0.416183
   -0.418310
   -0.422569
   -0.428685
   -0.434416
   -0.429809
   -0.418855
   -0.429194
   -0.429399
   -0.433365
   -0.445130
   -0.443260
   -0.429808
   -0.432187
   -0.440880
   -0.439649
   -0.440192
   -0.440433
   -0.441636
   -0.450408
   -0.456252
   -0.457469
   -0.446955
    0.441669
    0.391567
    0.380034
    0.344170
    0.450408
    0.395841
    0.131372
    0.333555
    0.376477
    0.208000
    0.367245
    0.407829
    0.397719
    0.383003
    0.417259
    0.042854
    0.520132
    0.458853
    0.533710
    0.504802
    0.604319
    0.575355
    0.252644
    0.527046
    0.557690
    0.311958
    0.474194
    0.560642
    0.485812
    0.475353
    0.495602
    0.151743
    0.302066
    0.301892
    0.340369
    0.330580
    0.299240
    0.300496
    0.306851
    0.350281
    0.377903
    0.303916
    0.326719
    0.292553
    0.303833
    0.295242
    0.312608
    0.260890
    0.383216
    0.399150
    0.459982
    0.361289
    0.402730
    0.402916
    0.323483
    0.454624
    0.466449
    0.441478
    0.398700
    0.390509
    0.365805
    0.377996
    0.390688
    0.315009
   -0.070988
   -0.057565
    0.019525
   -0.069032
   -0.089959
   -0.016325
   -0.021054
   -0.048650
    0.032221
    0.001619
   -0.030265
   -0.000829
   -0.037457
   -0.021501
   -0.003771
    0.006262
   -0.047601
   -0.018419
    0.072837
   -0.039819
   -0.075757
   -0.003410
    0.030250
    0.012334
    0.076833
    0.094940
   -0.021487
   -0.026723
   -0.007061
   -0.020972
   -0.014239
    0.061496
   -0.447657
   -0.440355
   -0.417451
   -0.431815
   -0.428872
   -0.471789
   -0.426053
   -0.415120
   -0.393847
   -0.427371
   -0.449520
   -0.439902
   -0.436306
   -0.424902
   -0.412467
   -0.407137
   -0.525160
   -0.535123
   -0.470273
   -0.513662
   -0.521711
   -0.522738
   -0.474205
   -0.501240
   -0.489728
   -0.502444
   -0.484660
   -0.497433
   -0.510942
   -0.530421
   -0.507044
   -0.468805
   -0.503557
   -0.511749
   -0.508710
   -0.527718
   -0.532445
   -0.518817
   -0.509637
   -0.534645
   -0.515435
   -0.535495
   -0.521969
   -0.511738
   -0.498894
   -0.504737
   -0.520726
   -0.519204
   -0.617778
   -0.619740
   -0.621928
   -0.640351
   -0.640397
   -0.625727
   -0.620526
   -0.655472
   -0.635605
   -0.656890
   -0.635783
   -0.625984
   -0.628159
   -0.625269
   -0.628163
   -0.625763
   -0.471613
   -0.477527
   -0.495311
   -0.488900
   -0.490121
   -0.494764
   -0.487516
   -0.492336
   -0.506121
   -0.484609
   -0.505093
   -0.485171
   -0.488197
   -0.476057
   -0.470684
   -0.481253
   -0.583128
   -0.587168
   -0.621421
   -0.612040
   -0.602714
   -0.598841
   -0.594748
   -0.617538
   -0.616657
   -0.601212
   -0.614945
   -0.598903
   -0.596396
   -0.587502
   -0.587865
   -0.599704
   -0.412561
   -0.423747
   -0.427372
   -0.421154
   -0.425841
   -0.415161
   -0.421158
   -0.430467
   -0.422481
   -0.413504
   -0.426422
   -0.422189
   -0.420170
   -0.415986
   -0.421143
   -0.429516
   -0.418407
   -0.424854
   -0.432257
   -0.419446
   -0.425769
   -0.419244
   -0.422413
   -0.438701
   -0.438708
   -0.423587
   -0.446366
   -0.439143
   -0.435710
   -0.434044
   -0.431542
   -0.436344
   -0.403234
   -0.397629
   -0.405872
   -0.392266
   -0.397990
   -0.392831
   -0.391829
   -0.393655
   -0.405896
   -0.405690
   -0.410084
   -0.411919
   -0.417687
   -0.415525
   -0.417991
   -0.419649
   -0.387945
   -0.391073
   -0.390245
   -0.398153
   -0.387001
   -0.391590
   -0.392648
   -0.379030
   -0.382621
   -0.380201
   -0.380836
   -0.393194
   -0.392544
   -0.391551
   -0.392653
   -0.393119
    0.342827
    0.232553
   -0.265671
   -0.078268
    0.204023
    0.217657
   -0.226992
   -0.016015
   -0.092004
   -0.351193
    0.290996
    0.318650
    0.277698
    0.304636
    0.307116
   -0.317558
    0.323672
    0.220870
   -0.369758
   -0.118019
    0.193612
    0.220654
   -0.343331
   -0.109854
   -0.200305
   -0.494160
    0.268107
    0.312219
    0.264792
    0.298724
    0.285194
   -0.445271
    0.347705
    0.305389
    0.381044
    0.308415
    0.364528
    0.416361
   -0.038445
    0.273788
    0.234737
   -0.063953
    0.345196
    0.361745
    0.314187
    0.382434
    0.306971
   -0.182916
    0.443147
    0.399036
    0.556086
    0.442123
    0.578904
    0.513096
   -0.021459
    0.355923
    0.352588
    0.051209
    0.454872
    0.470077
    0.431536
    0.470500
    0.436419
   -0.170504
    0.334520
    0.348372
    0.311012
    0.357723
    0.416753
    0.367839
    0.297296
    0.418173
    0.299502
    0.352646
    0.403327
    0.359575
    0.291451
    0.290740
    0.367144
    0.311947
    0.454327
    0.438270
    0.433826
    0.503808
    0.542677
    0.495615
    0.366544
    0.592153
    0.394675
    0.481296
    0.477916
    0.410258
    0.413534
    0.355912
    0.447677
    0.350294
    0.300161
    0.224660
    0.363005
    0.286448
    0.327829
    0.294531
    0.259721
    0.359741
    0.352243
    0.344615
    0.269630
    0.306313
    0.286975
    0.288606
    0.313347
    0.286292
    0.329782
    0.293310
    0.482991
    0.436955
    0.438805
    0.377684
    0.332782
    0.470789
    0.481935
    0.449251
    0.346074
    0.323602
    0.321963
    0.315037
    0.335333
    0.315255
   -0.353535
   -0.412074
   -0.347059
   -0.425796
   -0.379711
   -0.408770
   -0.402474
   -0.340301
   -0.315314
   -0.394675
   -0.357479
   -0.378553
   -0.399305
   -0.384893
   -0.354894
   -0.383881
   -0.401059
   -0.485922
   -0.387322
   -0.491529
   -0.428210
   -0.439693
   -0.429443
   -0.334823
   -0.360716
   -0.437650
   -0.410583
   -0.433531
   -0.459289
   -0.458590
   -0.428526
   -0.467492
   -0.416921
   -0.454717
   -0.446719
   -0.448529
   -0.429754
   -0.439449
   -0.449764
   -0.408552
   -0.421595
   -0.466323
   -0.439144
   -0.438320
   -0.446061
   -0.430774
   -0.416812
   -0.448210
   -0.541326
   -0.515063
   -0.552575
   -0.495554
   -0.531086
   -0.544230
   -0.549848
   -0.516595
   -0.500210
   -0.541491
   -0.521820
   -0.533082
   -0.540990
   -0.539210
   -0.532926
   -0.558817
   -0.534236
   -0.532849
   -0.546651
   -0.522150
   -0.527101
   -0.534011
   -0.522250
   -0.499119
   -0.510198
   -0.530109
   -0.528331
   -0.528209
   -0.532439
   -0.523598
   -0.532011
   -0.539492
   -0.649744
   -0.650357
   -0.655052
   -0.629021
   -0.651287
   -0.648268
   -0.653833
   -0.639020
   -0.645640
   -0.651617
   -0.644693
   -0.649935
   -0.651433
   -0.649563
   -0.654306
   -0.653417
   -0.468682
   -0.437354
   -0.464966
   -0.387610
   -0.433045
   -0.464991
   -0.461846
   -0.465475
   -0.449511
   -0.474737
   -0.475526
   -0.475373
   -0.467847
   -0.464704
   -0.470278
   -0.485915
   -0.543373
   -0.547787
   -0.510770
   -0.505981
   -0.506340
   -0.535794
   -0.527109
   -0.508054
   -0.519943
   -0.529513
   -0.537891
   -0.539090
   -0.512223
   -0.507724
   -0.512733
   -0.527648
    0.238164
    0.232903
   -0.291840
   -0.182633
   -0.271283
   -0.022849
    0.206766
   -0.183987
   -0.111105
   -0.062691
    0.270293
    0.269672
    0.292374
    0.267716
    0.272579
    0.279211
    0.190674
    0.218859
   -0.448400
   -0.317843
   -0.348298
   -0.106628
    0.128740
   -0.330488
   -0.204903
   -0.121644
    0.276595
    0.204689
    0.258177
    0.261954
    0.260101
    0.213925
    0.262859
    0.268838
   -0.000405
    0.038813
    0.090058
    0.299200
    0.110234
   -0.188712
   -0.199002
   -0.305304
    0.178371
    0.274147
    0.252958
    0.314467
    0.270917
    0.177808
    0.217128
    0.306572
   -0.058393
    0.096922
    0.075388
    0.261929
    0.076584
   -0.222359
   -0.268666
   -0.468038
    0.172498
    0.254472
    0.267645
    0.286733
    0.232946
    0.077177
    0.383642
    0.353116
   -0.140717
    0.200490
    0.306249
    0.285971
    0.170213
    0.183831
   -0.150060
   -0.038908
    0.350727
    0.345410
    0.283598
    0.282076
    0.289152
    0.084031
    0.458481
    0.411906
   -0.158729
    0.257283
    0.412867
    0.331847
    0.176864
    0.232498
   -0.162015
   -0.041555
    0.414123
    0.418581
    0.359651
    0.345303
    0.356946
    0.091485
    0.402473
    0.392791
    0.342248
    0.374044
    0.318025
    0.428542
    0.319904
    0.279228
    0.279192
    0.280882
    0.334825
    0.404075
    0.368168
    0.386053
    0.348615
    0.206308
    0.517568
    0.517717
    0.456380
    0.533450
    0.527527
    0.618797
    0.428018
    0.425181
    0.402190
    0.420069
    0.462627
    0.496913
    0.472894
    0.519904
    0.480026
    0.312603
    0.283748
    0.314039
    0.279197
    0.312468
    0.365809
    0.308141
    0.300855
    0.384601
    0.298054
    0.345288
    0.323876
    0.315558
    0.268308
    0.270260
    0.330096
    0.342901
    0.371107
    0.341351
    0.361111
    0.401819
    0.439085
    0.357323
    0.363917
    0.492810
    0.398871
    0.455066
    0.406698
    0.380048
    0.374499
    0.374041
    0.399673
    0.403378
    0.156097
    0.079431
    0.197693
    0.172832
    0.106900
    0.156419
    0.166820
    0.205387
    0.181585
    0.146130
    0.168581
    0.098325
    0.105991
    0.102082
    0.123939
    0.121648
    0.154931
    0.147408
    0.279520
    0.280961
    0.190366
    0.203290
    0.195023
    0.289821
    0.256543
    0.207883
    0.222680
    0.165790
    0.142235
    0.127107
    0.128795
    0.125291
   -0.463335
   -0.436705
   -0.465245
   -0.482936
   -0.447468
   -0.492518
   -0.434645
   -0.419573
   -0.413465
   -0.460119
   -0.425401
   -0.433305
   -0.449349
   -0.469574
   -0.459634
   -0.467860
   -0.509089
   -0.503680
   -0.501845
   -0.556477
   -0.500129
   -0.509175
   -0.489271
   -0.406837
   -0.447018
   -0.505019
   -0.482183
   -0.496951
   -0.516614
   -0.538860
   -0.536031
   -0.536731
   -0.487084
   -0.516796
   -0.481933
   -0.510119
   -0.500282
   -0.488667
   -0.510410
   -0.470842
   -0.479589
   -0.491470
   -0.499120
   -0.477339
   -0.476412
   -0.495130
   -0.477444
   -0.459966
   -0.613197
   -0.623471
   -0.594958
   -0.585718
   -0.617918
   -0.613645
   -0.602457
   -0.610116
   -0.581015
   -0.583469
   -0.602624
   -0.595524
   -0.597051
   -0.608505
   -0.596558
   -0.568225
    0.312146
    0.372918
    0.014268
   -0.052311
   -0.162776
    0.353955
    0.384629
    0.170866
    0.293099
    0.327710
    0.277852
    0.323306
    0.374662
    0.344943
    0.344208
    0.449810
    0.368936
    0.442649
    0.036817
   -0.023204
   -0.220626
    0.365224
    0.540626
    0.245445
    0.392201
    0.450846
    0.321323
    0.403321
    0.429066
    0.410675
    0.402417
    0.636829
    0.301485
    0.323183
   -0.243835
    0.191427
   -0.262056
    0.193416
    0.350146
    0.179484
    0.001349
   -0.228983
    0.182022
    0.304859
    0.252548
    0.307048
    0.354233
    0.382619
    0.326021
    0.367973
   -0.298210
    0.129777
   -0.314347
    0.175037
    0.398729
    0.125006
   -0.067258
   -0.314917
    0.159464
    0.334075
    0.318221
    0.304783
    0.358536
    0.484584
    0.373766
    0.342049
   -0.013232
    0.051193
   -0.049964
    0.108197
    0.370531
   -0.218740
    0.141462
   -0.252353
    0.263840
    0.285482
    0.265530
    0.320594
    0.326802
    0.307060
    0.381011
    0.413779
   -0.113906
   -0.027310
   -0.100782
    0.127842
    0.353630
   -0.281687
    0.109122
   -0.326499
    0.303377
    0.348973
    0.288618
    0.370483
    0.384250
    0.276800
    0.305915
    0.371433
   -0.174182
   -0.123648
   -0.120033
    0.288162
    0.301326
   -0.247872
   -0.318908
   -0.181172
    0.085489
    0.316385
    0.296847
    0.296753
    0.292412
    0.279186
    0.342101
    0.451566
   -0.234409
   -0.173546
   -0.198184
    0.232893
    0.284737
   -0.286730
   -0.414482
   -0.223778
    0.115610
    0.363549
    0.342516
    0.382834
    0.335073
    0.293471
    0.393366
    0.420335
    0.102136
    0.390412
    0.398791
    0.480453
    0.395319
    0.090198
   -0.025243
    0.310965
    0.177079
    0.428326
    0.394399
    0.411235
    0.394918
    0.359215
    0.557884
    0.542526
    0.235519
    0.535814
    0.534676
    0.565141
    0.521878
    0.136318
    0.082475
    0.442518
    0.290438
    0.545147
    0.533397
    0.584453
    0.512087
    0.509209
    0.422846
    0.459062
    0.419985
    0.451976
    0.343913
    0.389239
    0.466928
    0.289501
    0.320569
    0.425309
    0.321517
    0.398629
    0.363871
    0.388063
    0.398140
    0.398592
    0.555931
    0.553838
    0.505377
    0.564859
    0.504116
    0.557116
    0.596375
    0.381004
    0.432253
    0.527852
    0.417100
    0.533581
    0.509773
    0.555516
    0.539676
    0.565316
    0.351476
    0.361366
    0.372936
    0.313125
    0.343250
    0.330772
    0.347876
    0.312290
    0.313160
    0.312896
    0.293803
    0.357008
    0.344671
    0.294625
    0.359204
    0.299981
    0.427301
    0.437802
    0.466580
    0.428525
    0.443799
    0.418874
    0.469491
    0.411769
    0.421091
    0.430414
    0.386384
    0.424430
    0.423807
    0.400001
    0.432616
    0.425016
   -0.209650
   -0.178379
   -0.141002
   -0.190050
   -0.226692
   -0.168099
   -0.267600
   -0.203462
   -0.222308
   -0.111275
   -0.177535
   -0.157696
   -0.180872
   -0.213499
   -0.226483
   -0.201177
   -0.143377
   -0.151163
   -0.120706
   -0.174373
   -0.163878
   -0.141273
   -0.199619
   -0.170075
   -0.190114
   -0.112335
   -0.131408
   -0.123615
   -0.164014
   -0.199517
   -0.249243
   -0.118045
    0.347157
    0.302629
   -0.026474
    0.096914
   -0.146164
    0.371531
    0.353955
    0.332798
    0.305395
    0.143812
    0.125156
    0.306014
    0.320762
    0.291043
    0.287403
    0.311699
    0.361562
    0.351526
    0.104809
    0.155668
   -0.100594
    0.455340
    0.408945
    0.440399
    0.445547
    0.280006
    0.202769
    0.389959
    0.325492
    0.351741
    0.330782
    0.409576
    0.305676
    0.365402
    0.222419
   -0.021517
    0.145370
    0.276586
    0.388951
    0.235433
    0.163896
    0.158335
    0.275122
    0.337364
    0.309687
    0.303277
    0.335495
    0.361628
    0.355094
    0.323597
    0.265727
   -0.017335
    0.132782
    0.341417
    0.433133
    0.254579
    0.172993
    0.216576
    0.330323
    0.384373
    0.326120
    0.347448
    0.381316
    0.421262
    0.349273
    0.333140
   -0.026310
    0.125279
   -0.257520
    0.300861
    0.369505
    0.214609
    0.345433
    0.129072
    0.105551
    0.288393
    0.313597
    0.324653
    0.320807
    0.349694
    0.316967
    0.377105
   -0.074135
    0.081929
   -0.313095
    0.235962
    0.356705
    0.208224
    0.395552
    0.050121
    0.135996
    0.344105
    0.312253
    0.364522
    0.360261
    0.389079
    0.277784
    0.302966
   -0.127891
   -0.093862
   -0.331115
   -0.019177
    0.276338
   -0.127951
   -0.184883
   -0.374693
    0.199922
    0.270624
    0.252470
    0.233727
    0.300951
    0.326450
    0.298225
    0.305664
   -0.196346
   -0.188546
   -0.444053
   -0.092694
    0.246813
   -0.236532
   -0.268033
   -0.515721
    0.202797
    0.241861
    0.258940
    0.269059
    0.273748
    0.346089
    0.288638
    0.320771
    0.115841
    0.150967
    0.115755
    0.236440
    0.382122
   -0.353107
   -0.038094
   -0.261221
    0.097033
    0.284057
    0.299265
    0.317321
    0.299093
    0.272963
    0.320911
    0.335526
    0.103749
    0.135245
    0.126268
    0.244350
    0.384479
   -0.407339
   -0.122187
   -0.323141
    0.078677
    0.314137
    0.292781
    0.339990
    0.299615
    0.265618
    0.309490
    0.331409
   -0.016757
    0.068832
    0.082195
    0.317356
    0.316701
   -0.186218
   -0.196663
    0.206472
   -0.082504
    0.346937
    0.317317
    0.370486
    0.344258
    0.348218
    0.345770
    0.367120
   -0.021935
    0.092650
    0.118918
    0.343265
    0.365515
   -0.174215
   -0.147815
    0.264264
   -0.049290
    0.370269
    0.358518
    0.411374
    0.388763
    0.366479
    0.441299
    0.355639
    0.285574
    0.356342
    0.363125
    0.397127
    0.395494
    0.086000
    0.180906
    0.390916
    0.151134
    0.392104
    0.367919
    0.356869
    0.395777
    0.381772
    0.538740
    0.514261
    0.429486
    0.507814
    0.489406
    0.537932
    0.519854
    0.153418
    0.271574
    0.517659
    0.297093
    0.498924
    0.513885
    0.472851
    0.534154
    0.541645
    0.320465
    0.406977
    0.377200
    0.317661
    0.337017
    0.363039
    0.317504
    0.290394
    0.334681
    0.340219
    0.312889
    0.358048
    0.309422
    0.300068
    0.308705
    0.346656
    0.432111
    0.441036
    0.469562
    0.396101
    0.447254
    0.382688
    0.382767
    0.342076
    0.381425
    0.361570
    0.386688
    0.448816
    0.382020
    0.379909
    0.401663
    0.412616
