   -0.476003
   -0.475322
   -0.474272
   -0.473010
   -0.493892
   -0.484408
   -0.461866
   -0.456188
   -0.454342
   -0.455153
   -0.470217
   -0.474979
   -0.455311
   -0.450348
   -0.431863
   -0.416849
   -0.525566
   -0.525815
   -0.523930
   -0.519137
   -0.517666
   -0.498661
   -0.485278
   -0.479097
   -0.476960
   -0.476759
   -0.482859
   -0.490602
   -0.481541
   -0.469734
   -0.445689
   -0.431169
   -0.451058
   -0.448679
   -0.444429
   -0.439651
   -0.457921
   -0.447615
   -0.437008
   -0.423391
   -0.422765
   -0.435164
   -0.441477
   -0.447103
   -0.428113
   -0.406036
   -0.393857
   -0.380845
   -0.531094
   -0.527716
   -0.522018
   -0.517267
   -0.513062
   -0.511015
   -0.494655
   -0.487572
   -0.484639
   -0.486235
   -0.500603
   -0.501081
   -0.474308
   -0.461320
   -0.440695
   -0.435750
   -0.433579
   -0.432475
   -0.430606
   -0.428776
   -0.449588
   -0.442717
   -0.425030
   -0.421906
   -0.419277
   -0.417973
   -0.432398
   -0.436774
   -0.422633
   -0.414587
   -0.410330
   -0.408800
   -0.512751
   -0.510695
   -0.510563
   -0.508962
   -0.510295
   -0.492852
   -0.480858
   -0.472415
   -0.470360
   -0.474948
   -0.481562
   -0.495164
   -0.478934
   -0.480076
   -0.489049
   -0.489272
   -0.442818
   -0.442801
   -0.442088
   -0.443563
   -0.453757
   -0.447133
   -0.434529
   -0.423878
   -0.425363
   -0.435024
   -0.444783
   -0.449023
   -0.446114
   -0.466682
   -0.483792
   -0.485968
   -0.482878
   -0.481295
   -0.481611
   -0.484000
   -0.484990
   -0.475406
   -0.451556
   -0.443990
   -0.443813
   -0.449294
   -0.467800
   -0.472879
   -0.477522
   -0.496264
   -0.524538
   -0.528263
   -0.438246
   -0.437884
   -0.437594
   -0.439194
   -0.402329
   -0.411711
   -0.432253
   -0.447791
   -0.455843
   -0.454129
   -0.451100
   -0.442769
   -0.424416
   -0.422895
   -0.406040
   -0.358701
   -0.456839
   -0.454624
   -0.451458
   -0.450339
   -0.435314
   -0.446305
   -0.460917
   -0.471375
   -0.478371
   -0.477885
   -0.471012
   -0.458558
   -0.486154
   -0.478301
   -0.447874
   -0.395078
   -0.424558
   -0.425815
   -0.426712
   -0.429079
   -0.420934
   -0.424565
   -0.438994
   -0.445992
   -0.442457
   -0.429549
   -0.418838
   -0.416174
   -0.355231
   -0.321152
   -0.269219
   -0.248395
   -0.452872
   -0.452243
   -0.452053
   -0.452592
   -0.486378
   -0.487347
   -0.492389
   -0.492200
   -0.483284
   -0.463288
   -0.451568
   -0.433643
   -0.350597
   -0.302228
   -0.250470
   -0.232861
   -0.428640
   -0.430241
   -0.431564
   -0.431868
   -0.445074
   -0.443154
   -0.442103
   -0.430973
   -0.412554
   -0.383672
   -0.361047
   -0.347641
   -0.259420
   -0.264355
   -0.287289
   -0.341054
   -0.452144
   -0.454674
   -0.457457
   -0.459726
   -0.484458
   -0.484390
   -0.479314
   -0.460104
   -0.438199
   -0.399750
   -0.368117
   -0.352553
   -0.188197
   -0.221954
   -0.284108
   -0.362323
   -0.441454
   -0.441702
   -0.441426
   -0.440481
   -0.445846
   -0.437558
   -0.423292
   -0.405980
   -0.375493
   -0.330504
   -0.298020
   -0.278876
   -0.361050
   -0.382081
   -0.416979
   -0.434581
   -0.453638
   -0.456103
   -0.456631
   -0.457249
   -0.454346
   -0.447853
   -0.437395
   -0.408051
   -0.378391
   -0.335060
   -0.299326
   -0.269246
   -0.352719
   -0.407405
   -0.476197
   -0.509561
   -0.485544
   -0.477127
   -0.459535
   -0.456148
   -0.489894
   -0.482931
   -0.473716
   -0.483111
   -0.492623
   -0.494876
   -0.497649
   -0.511718
   -0.470108
   -0.470192
   -0.406722
   -0.323969
   -0.542461
   -0.538359
   -0.539584
   -0.538483
   -0.555964
   -0.546036
   -0.550390
   -0.574284
   -0.569672
   -0.549455
   -0.545013
   -0.555903
   -0.556528
   -0.523329
   -0.447777
   -0.362588
   -0.469425
   -0.471173
   -0.472899
   -0.475216
   -0.481805
   -0.500173
   -0.503474
   -0.491910
   -0.484384
   -0.462438
   -0.426522
   -0.385435
   -0.304229
   -0.258141
   -0.275864
   -0.335300
   -0.523179
   -0.525425
   -0.537485
   -0.544951
   -0.557031
   -0.584545
   -0.585883
   -0.569209
   -0.553079
   -0.531725
   -0.486968
   -0.432761
   -0.354825
   -0.308730
   -0.326391
   -0.373902
   -0.472316
   -0.481708
   -0.491813
   -0.497638
   -0.472129
   -0.447716
   -0.432297
   -0.449272
   -0.425508
   -0.348475
   -0.299433
   -0.295364
   -0.300822
   -0.307790
   -0.368808
   -0.439077
   -0.539732
   -0.543307
   -0.551030
   -0.552428
   -0.581905
   -0.541066
   -0.508803
   -0.488662
   -0.446130
   -0.387892
   -0.355963
   -0.361229
   -0.367396
   -0.394398
   -0.457834
   -0.522085
   -0.483138
   -0.476456
   -0.466383
   -0.464444
   -0.392856
   -0.381647
   -0.339856
   -0.307733
   -0.321636
   -0.339976
   -0.364182
   -0.371143
   -0.427681
   -0.452599
   -0.486970
   -0.500928
   -0.550765
   -0.549950
   -0.546161
   -0.538290
   -0.487140
   -0.450326
   -0.390107
   -0.349757
   -0.348576
   -0.367597
   -0.411841
   -0.437788
   -0.523957
   -0.545127
   -0.566583
   -0.593611
   -0.403073
   -0.370759
   -0.341736
   -0.325521
   -0.297736
   -0.302216
   -0.334492
   -0.367091
   -0.417679
   -0.463780
   -0.492010
   -0.500620
   -0.500203
   -0.479461
   -0.492017
   -0.504358
   -0.479215
   -0.444947
   -0.407253
   -0.388845
   -0.351172
   -0.376827
   -0.400122
   -0.423638
   -0.461817
   -0.512843
   -0.541390
   -0.541339
   -0.544295
   -0.544991
   -0.551507
   -0.560975
   -0.309712
   -0.318842
   -0.331049
   -0.350107
   -0.410400
   -0.414764
   -0.439958
   -0.466810
   -0.482791
   -0.481550
   -0.506724
   -0.524152
   -0.477294
   -0.498275
   -0.481942
   -0.468623
   -0.367733
   -0.367010
   -0.375165
   -0.379537
   -0.476814
   -0.511778
   -0.527033
   -0.529154
   -0.533858
   -0.558753
   -0.571211
   -0.557128
   -0.556216
   -0.572123
   -0.552121
   -0.536144
   -0.325236
   -0.346727
   -0.378971
   -0.393592
   -0.485163
   -0.483541
   -0.487934
   -0.498514
   -0.488946
   -0.474984
   -0.478278
   -0.487857
   -0.451022
   -0.451646
   -0.460124
   -0.465807
   -0.375201
   -0.411766
   -0.448971
   -0.479032
   -0.559196
   -0.580274
   -0.578709
   -0.564074
   -0.566191
   -0.580262
   -0.577848
   -0.551352
   -0.535988
   -0.535346
   -0.542916
   -0.549622
   -0.444678
   -0.454202
   -0.459388
   -0.460345
   -0.514539
   -0.490989
   -0.485480
   -0.491840
   -0.494514
   -0.488551
   -0.477968
   -0.459208
   -0.481059
   -0.489972
   -0.493749
   -0.494360
   -0.505561
   -0.538622
   -0.552741
   -0.561795
   -0.573131
   -0.563920
   -0.553928
   -0.551241
   -0.571575
   -0.577837
   -0.566236
   -0.524415
   -0.535270
   -0.553443
   -0.566744
   -0.566355
   -0.291576
   -0.297604
   -0.290540
   -0.302092
   -0.302052
   -0.331537
   -0.355128
   -0.371295
   -0.392749
   -0.419614
   -0.432145
   -0.438142
   -0.430050
   -0.432485
   -0.425739
   -0.416519
   -0.208976
   -0.206352
   -0.223087
   -0.256988
   -0.310763
   -0.375319
   -0.410655
   -0.428856
   -0.439054
   -0.455520
   -0.469028
   -0.482410
   -0.454612
   -0.452058
   -0.446868
   -0.431148
   -0.275271
   -0.299862
   -0.327376
   -0.364140
   -0.413212
   -0.439200
   -0.454737
   -0.455851
   -0.450822
   -0.439280
   -0.430486
   -0.426257
   -0.409378
   -0.410274
   -0.416883
   -0.427195
   -0.282014
   -0.302077
   -0.349088
   -0.385873
   -0.419952
   -0.424851
   -0.422584
   -0.433300
   -0.438053
   -0.438324
   -0.428017
   -0.421912
   -0.428142
   -0.427424
   -0.430899
   -0.437696
   -0.372206
   -0.387633
   -0.403103
   -0.421642
   -0.436449
   -0.443675
   -0.435627
   -0.436195
   -0.433410
   -0.422506
   -0.407612
   -0.405996
   -0.413861
   -0.416338
   -0.424775
   -0.425984
   -0.385557
   -0.398653
   -0.405185
   -0.415041
   -0.454021
   -0.457616
   -0.460482
   -0.446947
   -0.434435
   -0.424200
   -0.413424
   -0.412570
   -0.402230
   -0.413833
   -0.422629
   -0.435934
   -0.430977
   -0.428001
   -0.423897
   -0.412306
   -0.419372
   -0.427249
   -0.423036
   -0.419773
   -0.416478
   -0.419099
   -0.424716
   -0.425725
   -0.423020
   -0.419458
   -0.418971
   -0.417208
   -0.420486
   -0.430930
   -0.425278
   -0.403812
   -0.421164
   -0.430971
   -0.432170
   -0.426137
   -0.429486
   -0.434652
   -0.450225
   -0.457461
   -0.415233
   -0.418392
   -0.420177
   -0.421572
   -0.441283
   -0.424565
   -0.408150
   -0.389188
   -0.409231
   -0.408658
   -0.407729
   -0.409891
   -0.416949
   -0.429948
   -0.437343
   -0.440195
   -0.446939
   -0.443840
   -0.448023
   -0.457615
   -0.431529
   -0.425771
   -0.423540
   -0.418444
   -0.442867
   -0.439526
   -0.440700
   -0.436717
   -0.439332
   -0.444624
   -0.447700
   -0.447693
   -0.440003
   -0.435973
   -0.440884
   -0.455540
   -0.411160
   -0.411073
   -0.412571
   -0.411905
   -0.422047
   -0.425996
   -0.427082
   -0.425436
   -0.426467
   -0.427689
   -0.430896
   -0.432486
   -0.437824
   -0.446061
   -0.457717
   -0.464416
   -0.415465
   -0.420626
   -0.426708
   -0.427067
   -0.440809
   -0.453379
   -0.451549
   -0.452148
   -0.451323
   -0.457888
   -0.458868
   -0.458432
   -0.493957
   -0.512122
   -0.520432
   -0.532117
   -0.394631
   -0.400905
   -0.412226
   -0.418679
   -0.421085
   -0.430397
   -0.434533
   -0.432523
   -0.430940
   -0.439573
   -0.445448
   -0.450068
   -0.466206
   -0.458200
   -0.448204
   -0.435201
   -0.417993
   -0.428062
   -0.433917
   -0.438439
   -0.465923
   -0.479973
   -0.482349
   -0.479599
   -0.480374
   -0.488763
   -0.494320
   -0.494558
   -0.545972
   -0.542090
   -0.524993
   -0.498245
   -0.415520
   -0.420946
   -0.425330
   -0.431077
   -0.426884
   -0.437559
   -0.440498
   -0.442522
   -0.443778
   -0.450336
   -0.458824
   -0.459422
   -0.433506
   -0.442390
   -0.441847
   -0.444930
   -0.431499
   -0.437416
   -0.442446
   -0.444050
   -0.471091
   -0.478380
   -0.480779
   -0.490496
   -0.497591
   -0.504850
   -0.504144
   -0.505930
   -0.461374
   -0.454641
   -0.440040
   -0.433847
   -0.408034
   -0.410951
   -0.412623
   -0.414539
   -0.395081
   -0.400454
   -0.409480
   -0.409326
   -0.416892
   -0.422679
   -0.422902
   -0.420831
   -0.424143
   -0.425470
   -0.433627
   -0.453476
   -0.399932
   -0.398676
   -0.400012
   -0.404338
   -0.407778
   -0.427424
   -0.439153
   -0.432024
   -0.437562
   -0.445576
   -0.454133
   -0.454113
   -0.408401
   -0.418255
   -0.441044
   -0.472955
   -0.403559
   -0.410222
   -0.417089
   -0.424278
   -0.397572
   -0.397864
   -0.405646
   -0.417079
   -0.407579
   -0.415718
   -0.422994
   -0.437036
   -0.448158
   -0.452478
   -0.457744
   -0.448617
   -0.416786
   -0.416763
   -0.422126
   -0.425288
   -0.423378
   -0.439512
   -0.438605
   -0.442934
   -0.441214
   -0.446113
   -0.455675
   -0.468514
   -0.499378
   -0.509107
   -0.507965
   -0.496640
   -0.411694
   -0.415396
   -0.417686
   -0.421377
   -0.415609
   -0.435748
   -0.437082
   -0.433241
   -0.438770
   -0.454165
   -0.463289
   -0.461215
   -0.452996
   -0.455010
   -0.446038
   -0.434360
   -0.423533
   -0.436582
   -0.447325
   -0.449638
   -0.448866
   -0.459225
   -0.466203
   -0.469951
   -0.479936
   -0.488535
   -0.490860
   -0.491321
   -0.491738
   -0.489890
   -0.475924
   -0.457492
   -0.417744
   -0.428370
   -0.434410
   -0.437822
   -0.445697
   -0.458918
   -0.466164
   -0.472388
   -0.461529
   -0.458595
   -0.449978
   -0.439987
   -0.450376
   -0.444177
   -0.433033
   -0.430003
   -0.414741
   -0.428707
   -0.446495
   -0.455641
   -0.463442
   -0.479745
   -0.490274
   -0.492399
   -0.496993
   -0.490785
   -0.477184
   -0.462837
   -0.427537
   -0.421070
   -0.417702
   -0.415763
   -0.442900
   -0.446953
   -0.453749
   -0.458194
   -0.458787
   -0.460041
   -0.458977
   -0.452633
   -0.442804
   -0.436082
   -0.427816
   -0.425021
   -0.412244
   -0.411957
   -0.407775
   -0.411874
   -0.445214
   -0.466130
   -0.485760
   -0.488999
   -0.521275
   -0.491683
   -0.487554
   -0.478729
   -0.463473
   -0.446044
   -0.431447
   -0.429406
   -0.410625
   -0.405716
   -0.403722
   -0.401929
   -0.449540
   -0.441833
   -0.448727
   -0.437054
   -0.431717
   -0.418934
   -0.412648
   -0.412896
   -0.414729
   -0.415411
   -0.415527
   -0.412828
   -0.430990
   -0.419816
   -0.417711
   -0.411460
   -0.484450
   -0.488082
   -0.489623
   -0.492298
   -0.477572
   -0.461724
   -0.452978
   -0.446995
   -0.438534
   -0.434204
   -0.431907
   -0.429933
   -0.427122
   -0.418582
   -0.412695
   -0.404522
   -0.447342
   -0.450303
   -0.448034
   -0.446411
   -0.418512
   -0.416847
   -0.415231
   -0.416705
   -0.411308
   -0.410253
   -0.407081
   -0.394538
   -0.423704
   -0.419764
   -0.406445
   -0.398381
   -0.484074
   -0.479188
   -0.470580
   -0.456140
   -0.422026
   -0.405952
   -0.411662
   -0.409383
   -0.411081
   -0.412358
   -0.414547
   -0.415199
   -0.406947
   -0.402162
   -0.391534
   -0.386395
   -0.426794
   -0.430943
   -0.429503
   -0.428128
   -0.408461
   -0.425613
   -0.422834
   -0.422535
   -0.414993
   -0.407142
   -0.404510
   -0.406384
   -0.383296
   -0.379913
   -0.381445
   -0.393194
   -0.433668
   -0.425202
   -0.422237
   -0.423226
   -0.429164
   -0.404816
   -0.406631
   -0.407084
   -0.401487
   -0.397565
   -0.397045
   -0.405120
   -0.357060
   -0.356502
   -0.364744
   -0.384898
   -0.460703
   -0.466652
   -0.472133
   -0.475793
   -0.495260
   -0.475359
   -0.458526
   -0.451379
   -0.461976
   -0.457016
   -0.449193
   -0.442529
   -0.448516
   -0.445130
   -0.442780
   -0.438978
   -0.536405
   -0.544156
   -0.541014
   -0.542162
   -0.536525
   -0.521806
   -0.508690
   -0.460010
   -0.455511
   -0.454365
   -0.454529
   -0.454050
   -0.459107
   -0.448310
   -0.442900
   -0.438236
   -0.457976
   -0.468478
   -0.467313
   -0.458836
   -0.438069
   -0.432741
   -0.432610
   -0.436644
   -0.432197
   -0.432015
   -0.433875
   -0.433758
   -0.426339
   -0.414277
   -0.403055
   -0.388067
   -0.532692
   -0.518674
   -0.504998
   -0.497079
   -0.483556
   -0.489013
   -0.493404
   -0.504436
   -0.491595
   -0.474927
   -0.475494
   -0.480537
   -0.457061
   -0.450751
   -0.432754
   -0.423218
   -0.451538
   -0.449024
   -0.445762
   -0.445776
   -0.443517
   -0.451997
   -0.454293
   -0.437635
   -0.416813
   -0.409829
   -0.413692
   -0.422120
   -0.408299
   -0.408022
   -0.401359
   -0.410850
   -0.504654
   -0.491512
   -0.491342
   -0.489678
   -0.470253
   -0.468734
   -0.470651
   -0.474270
   -0.475630
   -0.470885
   -0.459829
   -0.458462
   -0.441189
   -0.440506
   -0.444916
   -0.444003
   -0.433985
   -0.434147
   -0.433780
   -0.423241
   -0.461835
   -0.444214
   -0.429320
   -0.442337
   -0.437211
   -0.425136
   -0.419459
   -0.407236
   -0.401553
   -0.425743
   -0.455301
   -0.463362
   -0.497215
   -0.496101
   -0.487942
   -0.490969
   -0.481101
   -0.464415
   -0.441662
   -0.431674
   -0.438706
   -0.439785
   -0.428716
   -0.418396
   -0.401091
   -0.409034
   -0.443480
   -0.474346
   -0.443196
   -0.452794
   -0.462642
   -0.464278
   -0.429129
   -0.430919
   -0.445380
   -0.436564
   -0.442036
   -0.443280
   -0.443189
   -0.440172
   -0.423530
   -0.427844
   -0.417200
   -0.401950
   -0.468803
   -0.472506
   -0.477563
   -0.472973
   -0.487887
   -0.470158
   -0.467739
   -0.441455
   -0.440718
   -0.438405
   -0.438890
   -0.449617
   -0.457507
   -0.458401
   -0.448246
   -0.428208
   -0.424442
   -0.428452
   -0.436256
   -0.441810
   -0.451611
   -0.448517
   -0.441318
   -0.439647
   -0.426319
   -0.429583
   -0.432855
   -0.427772
   -0.430636
   -0.400206
   -0.347611
   -0.304529
   -0.468912
   -0.467986
   -0.467093
   -0.465795
   -0.490125
   -0.485703
   -0.473917
   -0.467772
   -0.458861
   -0.450672
   -0.455628
   -0.455132
   -0.428599
   -0.403155
   -0.362565
   -0.311038
   -0.429981
   -0.432935
   -0.436975
   -0.433188
   -0.461434
   -0.458207
   -0.433720
   -0.439500
   -0.423777
   -0.397606
   -0.373125
   -0.346672
   -0.309302
   -0.292748
   -0.286490
   -0.298054
   -0.434448
   -0.443443
   -0.453748
   -0.461873
   -0.469373
   -0.465136
   -0.461114
   -0.428651
   -0.413481
   -0.394167
   -0.376466
   -0.366450
   -0.313167
   -0.275695
   -0.279012
   -0.316174
   -0.440939
   -0.443173
   -0.447044
   -0.440011
   -0.441071
   -0.426587
   -0.408789
   -0.378528
   -0.362250
   -0.342323
   -0.331539
   -0.331346
   -0.317697
   -0.327731
   -0.341365
   -0.371523
   -0.432070
   -0.438064
   -0.445012
   -0.444354
   -0.459433
   -0.443734
   -0.423525
   -0.343822
   -0.328226
   -0.313617
   -0.313629
   -0.310466
   -0.303705
   -0.319696
   -0.380215
   -0.445937
   -0.426871
   -0.424078
   -0.423099
   -0.423129
   -0.402056
   -0.409845
   -0.425981
   -0.430706
   -0.427802
   -0.426483
   -0.418889
   -0.417002
   -0.390125
   -0.413312
   -0.411241
   -0.368024
   -0.456688
   -0.444129
   -0.442404
   -0.437385
   -0.443563
   -0.444012
   -0.440906
   -0.447500
   -0.454328
   -0.456590
   -0.439388
   -0.435374
   -0.500725
   -0.477295
   -0.433123
   -0.384575
   -0.427876
   -0.433741
   -0.437342
   -0.440533
   -0.443201
   -0.442033
   -0.430504
   -0.423971
   -0.427724
   -0.430967
   -0.406386
   -0.371168
   -0.373038
   -0.347234
   -0.291699
   -0.272540
   -0.442499
   -0.443746
   -0.456260
   -0.454043
   -0.475492
   -0.465176
   -0.447393
   -0.448018
   -0.467113
   -0.462891
   -0.429365
   -0.379780
   -0.395899
   -0.364573
   -0.317006
   -0.291445
   -0.405401
   -0.418083
   -0.441374
   -0.455726
   -0.444587
   -0.426900
   -0.420314
   -0.409612
   -0.369947
   -0.315183
   -0.287735
   -0.282586
   -0.301117
   -0.283866
   -0.294010
   -0.319985
   -0.437937
   -0.434932
   -0.456045
   -0.483101
   -0.475294
   -0.472229
   -0.458043
   -0.435035
   -0.389917
   -0.332364
   -0.297448
   -0.285483
   -0.311529
   -0.314878
   -0.338572
   -0.359423
   -0.425290
   -0.416445
   -0.413648
   -0.402501
   -0.389431
   -0.350982
   -0.319181
   -0.307928
   -0.302560
   -0.296890
   -0.309962
   -0.339850
   -0.334484
   -0.370584
   -0.411481
   -0.421949
   -0.464702
   -0.468473
   -0.458808
   -0.441571
   -0.409402
   -0.371211
   -0.331256
   -0.308504
   -0.285825
   -0.285367
   -0.318656
   -0.369215
   -0.408868
   -0.444291
   -0.475406
   -0.483110
   -0.404254
   -0.400232
   -0.367075
   -0.329347
   -0.304416
   -0.292724
   -0.306571
   -0.319495
   -0.355907
   -0.402389
   -0.443682
   -0.458313
   -0.413261
   -0.442928
   -0.460430
   -0.441363
   -0.398772
   -0.369217
   -0.351403
   -0.328482
   -0.306752
   -0.298130
   -0.302902
   -0.318107
   -0.369262
   -0.422494
   -0.474892
   -0.500550
   -0.455643
   -0.485955
   -0.487696
   -0.482969
   -0.308135
   -0.293038
   -0.296161
   -0.306400
   -0.301737
   -0.361977
   -0.409330
   -0.443558
   -0.436348
   -0.436737
   -0.447772
   -0.443030
   -0.420961
   -0.436009
   -0.430565
   -0.417682
   -0.326002
   -0.296527
   -0.275967
   -0.279358
   -0.318898
   -0.381256
   -0.424675
   -0.463388
   -0.481888
   -0.485489
   -0.492766
   -0.482992
   -0.463499
   -0.469847
   -0.466832
   -0.464109
   -0.292035
   -0.288156
   -0.316622
   -0.348069
   -0.398118
   -0.447609
   -0.441209
   -0.424691
   -0.427223
   -0.430774
   -0.432635
   -0.435914
   -0.423034
   -0.426514
   -0.458924
   -0.460661
   -0.285340
   -0.297693
   -0.336695
   -0.397985
   -0.476409
   -0.489374
   -0.480831
   -0.483477
   -0.482826
   -0.472994
   -0.477357
   -0.490825
   -0.446243
   -0.442465
   -0.485127
   -0.505767
   -0.380324
   -0.409678
   -0.423391
   -0.432955
   -0.459217
   -0.445919
   -0.432325
   -0.405515
   -0.416132
   -0.435866
   -0.425289
   -0.417961
   -0.441426
   -0.456629
   -0.471058
   -0.473110
   -0.380760
   -0.421883
   -0.441823
   -0.456557
   -0.495270
   -0.491692
   -0.476634
   -0.446655
   -0.458844
   -0.473157
   -0.481199
   -0.482063
   -0.501721
   -0.512315
   -0.528828
   -0.520528
   -0.345673
   -0.317960
   -0.282901
   -0.276687
   -0.264159
   -0.296162
   -0.354704
   -0.396331
   -0.396543
   -0.409273
   -0.417088
   -0.426197
   -0.369167
   -0.408888
   -0.426741
   -0.406132
   -0.327211
   -0.290749
   -0.260676
   -0.252394
   -0.279361
   -0.311530
   -0.346580
   -0.384939
   -0.415254
   -0.452898
   -0.490365
   -0.508056
   -0.421223
   -0.453223
   -0.468531
   -0.466345
   -0.305521
   -0.304028
   -0.328031
   -0.362325
   -0.391075
   -0.432073
   -0.446216
   -0.448910
   -0.451619
   -0.443437
   -0.423892
   -0.413034
   -0.403681
   -0.430076
   -0.445520
   -0.471659
   -0.288074
   -0.310550
   -0.343510
   -0.373074
   -0.423907
   -0.444151
   -0.455899
   -0.460022
   -0.469899
   -0.473449
   -0.461161
   -0.434818
   -0.441908
   -0.462260
   -0.472479
   -0.486573
   -0.339420
   -0.383957
   -0.416756
   -0.444061
   -0.437445
   -0.433633
   -0.413797
   -0.431553
   -0.434806
   -0.400919
   -0.403178
   -0.425604
   -0.418771
   -0.418681
   -0.448224
   -0.455473
   -0.390731
   -0.425382
   -0.444250
   -0.473321
   -0.479122
   -0.492803
   -0.493290
   -0.492842
   -0.464343
   -0.433997
   -0.436399
   -0.437254
   -0.457910
   -0.466986
   -0.484278
   -0.481491
   -0.405871
   -0.439810
   -0.450578
   -0.438251
   -0.423074
   -0.426040
   -0.427265
   -0.418447
   -0.413715
   -0.429098
   -0.432661
   -0.435696
   -0.466188
   -0.470897
   -0.446361
   -0.417248
   -0.422122
   -0.438475
   -0.446029
   -0.438405
   -0.444649
   -0.448120
   -0.459847
   -0.458926
   -0.448532
   -0.452659
   -0.465005
   -0.485935
   -0.496331
   -0.520898
   -0.517463
   -0.496824
   -0.426800
   -0.432847
   -0.416679
   -0.393150
   -0.417980
   -0.429532
   -0.427860
   -0.433814
   -0.433052
   -0.433790
   -0.437737
   -0.457877
   -0.436169
   -0.449764
   -0.452180
   -0.446178
   -0.437210
   -0.439298
   -0.431793
   -0.419858
   -0.422328
   -0.439165
   -0.451269
   -0.460795
   -0.482393
   -0.508946
   -0.517075
   -0.509200
   -0.483492
   -0.485018
   -0.476329
   -0.477643
   -0.425674
   -0.435575
   -0.443580
   -0.431534
   -0.430211
   -0.454940
   -0.442784
   -0.444706
   -0.464476
   -0.463148
   -0.448085
   -0.436493
   -0.460714
   -0.437785
   -0.426812
   -0.443699
   -0.419109
   -0.427966
   -0.441634
   -0.427287
   -0.421674
   -0.475338
   -0.489214
   -0.481541
   -0.511723
   -0.523701
   -0.494178
   -0.469408
   -0.513308
   -0.494785
   -0.465224
   -0.479290
   -0.412604
   -0.415929
   -0.424322
   -0.432082
   -0.449421
   -0.460700
   -0.462935
   -0.469917
   -0.466797
   -0.446323
   -0.439556
   -0.441346
   -0.450163
   -0.431596
   -0.442172
   -0.438823
   -0.447905
   -0.444277
   -0.447002
   -0.444551
   -0.483223
   -0.489213
   -0.504005
   -0.523395
   -0.515666
   -0.491226
   -0.477443
   -0.472697
   -0.488345
   -0.492843
   -0.495495
   -0.480899
   -0.425014
   -0.429157
   -0.429826
   -0.439204
   -0.456348
   -0.459970
   -0.455139
   -0.453274
   -0.458349
   -0.457387
   -0.446842
   -0.437853
   -0.423580
   -0.416813
   -0.424215
   -0.432781
   -0.461670
   -0.463983
   -0.468845
   -0.469324
   -0.504846
   -0.497542
   -0.490434
   -0.499424
   -0.499156
   -0.484458
   -0.485941
   -0.499091
   -0.474457
   -0.468320
   -0.466864
   -0.458766
   -0.432487
   -0.428250
   -0.406527
   -0.401958
   -0.429532
   -0.432438
   -0.453029
   -0.470439
   -0.482935
   -0.462478
   -0.435660
   -0.438190
   -0.413959
   -0.428743
   -0.436177
   -0.446385
   -0.436397
   -0.445225
   -0.431636
   -0.427716
   -0.454176
   -0.466595
   -0.485188
   -0.493156
   -0.508301
   -0.503615
   -0.501871
   -0.496971
   -0.471127
   -0.470029
   -0.461376
   -0.458363
   -0.421929
   -0.408838
   -0.421917
   -0.439635
   -0.446864
   -0.441432
   -0.456620
   -0.467545
   -0.457295
   -0.430154
   -0.439024
   -0.457699
   -0.428387
   -0.433834
   -0.447556
   -0.462431
   -0.461146
   -0.457721
   -0.464487
   -0.487161
   -0.476791
   -0.487353
   -0.497814
   -0.497985
   -0.486229
   -0.483707
   -0.498460
   -0.492736
   -0.467400
   -0.478079
   -0.485821
   -0.479431
   -0.416930
   -0.439922
   -0.466632
   -0.463839
   -0.468047
   -0.485854
   -0.465577
   -0.444557
   -0.445079
   -0.451115
   -0.454499
   -0.458479
   -0.430462
   -0.433610
   -0.429740
   -0.432519
   -0.454770
   -0.470022
   -0.489579
   -0.512465
   -0.501926
   -0.514708
   -0.523763
   -0.516512
   -0.510930
   -0.496195
   -0.494063
   -0.492880
   -0.450673
   -0.469509
   -0.458092
   -0.455582
   -0.441770
   -0.452259
   -0.466132
   -0.471182
   -0.466266
   -0.462137
   -0.469333
   -0.460710
   -0.448941
   -0.433651
   -0.432484
   -0.424984
   -0.464263
   -0.442643
   -0.440157
   -0.445058
   -0.473522
   -0.494427
   -0.511558
   -0.503686
   -0.507569
   -0.496738
   -0.498955
   -0.499119
   -0.504847
   -0.492072
   -0.476349
   -0.462116
   -0.466564
   -0.455396
   -0.444096
   -0.440089
   -0.465225
   -0.472493
   -0.465661
   -0.456540
   -0.451683
   -0.460561
   -0.436459
   -0.441869
   -0.442143
   -0.422530
   -0.410619
   -0.411251
   -0.388303
   -0.426839
   -0.455738
   -0.458337
   -0.511866
   -0.532998
   -0.526873
   -0.503691
   -0.494469
   -0.506819
   -0.486428
   -0.466450
   -0.466944
   -0.456605
   -0.428098
   -0.426576
   -0.454350
   -0.457161
   -0.467166
   -0.466623
   -0.474418
   -0.465180
   -0.457126
   -0.453110
   -0.458405
   -0.444969
   -0.429004
   -0.424366
   -0.423042
   -0.420031
   -0.428804
   -0.427383
   -0.436457
   -0.449219
   -0.437499
   -0.389250
   -0.533968
   -0.521837
   -0.508282
   -0.501885
   -0.481631
   -0.480740
   -0.475984
   -0.461740
   -0.442877
   -0.428863
   -0.422513
   -0.418712
   -0.491959
   -0.488329
   -0.453575
   -0.386513
   -0.459122
   -0.464363
   -0.459123
   -0.447947
   -0.444353
   -0.421064
   -0.420972
   -0.431772
   -0.435155
   -0.429880
   -0.429134
   -0.429339
   -0.442070
   -0.419434
   -0.354553
   -0.262080
   -0.515541
   -0.505143
   -0.493016
   -0.496644
   -0.461683
   -0.444796
   -0.447654
   -0.450772
   -0.441842
   -0.424154
   -0.427856
   -0.436962
   -0.470149
   -0.446130
   -0.358289
   -0.263562
   -0.432064
   -0.429652
   -0.425356
   -0.418632
   -0.395112
   -0.400465
   -0.425857
   -0.445265
   -0.460158
   -0.460256
   -0.434198
   -0.381232
   -0.363334
   -0.286159
   -0.228378
   -0.229341
   -0.484300
   -0.476811
   -0.467616
   -0.453223
   -0.418109
   -0.417339
   -0.441078
   -0.452858
   -0.458507
   -0.465950
   -0.438407
   -0.397456
   -0.360644
   -0.296408
   -0.243642
   -0.246004
   -0.456886
   -0.444657
   -0.444337
   -0.455808
   -0.469231
   -0.446539
   -0.436915
   -0.432363
   -0.432781
   -0.420732
   -0.408258
   -0.411497
   -0.446852
   -0.437948
   -0.409669
   -0.384887
   -0.493403
   -0.489328
   -0.497362
   -0.500609
   -0.496315
   -0.483516
   -0.470682
   -0.458528
   -0.440021
   -0.440406
   -0.428561
   -0.419731
   -0.472102
   -0.444248
   -0.420709
   -0.401676
   -0.450834
   -0.451223
   -0.454775
   -0.448271
   -0.426689
   -0.400569
   -0.397713
   -0.407269
   -0.419349
   -0.428845
   -0.437129
   -0.439503
   -0.465098
   -0.416915
   -0.342953
   -0.255174
   -0.521134
   -0.500855
   -0.480296
   -0.475008
   -0.460688
   -0.429412
   -0.423320
   -0.415107
   -0.428508
   -0.449492
   -0.465606
   -0.488592
   -0.455679
   -0.416705
   -0.360790
   -0.275033
   -0.452175
   -0.434012
   -0.426763
   -0.419018
   -0.405196
   -0.427934
   -0.429441
   -0.440082
   -0.437995
   -0.443467
   -0.434405
   -0.411735
   -0.349634
   -0.277154
   -0.227503
   -0.250964
   -0.483503
   -0.468934
   -0.450412
   -0.430887
   -0.428033
   -0.436622
   -0.431799
   -0.436421
   -0.452291
   -0.440336
   -0.435644
   -0.418786
   -0.358270
   -0.283004
   -0.231240
   -0.241114
   -0.426830
   -0.422099
   -0.414219
   -0.417501
   -0.419455
   -0.409416
   -0.428448
   -0.437106
   -0.433367
   -0.405808
   -0.362950
   -0.308256
   -0.243065
   -0.226130
   -0.285958
   -0.381393
   -0.452101
   -0.449357
   -0.434958
   -0.432229
   -0.438172
   -0.456090
   -0.462650
   -0.466351
   -0.463563
   -0.422443
   -0.356417
   -0.271588
   -0.243067
   -0.228223
   -0.268154
   -0.357429
   -0.421137
   -0.428485
   -0.444106
   -0.452599
   -0.442086
   -0.443772
   -0.432687
   -0.410290
   -0.379529
   -0.334367
   -0.270976
   -0.237942
   -0.271155
   -0.343523
   -0.400540
   -0.410322
   -0.444461
   -0.450375
   -0.453029
   -0.448537
   -0.493227
   -0.508539
   -0.472700
   -0.424332
   -0.372884
   -0.306110
   -0.238033
   -0.221548
   -0.266285
   -0.343933
   -0.423391
   -0.454499
   -0.434514
   -0.432550
   -0.427373
   -0.427095
   -0.429936
   -0.407479
   -0.370912
   -0.321224
   -0.279534
   -0.256831
   -0.289492
   -0.376556
   -0.401750
   -0.439264
   -0.434760
   -0.420567
   -0.452036
   -0.447423
   -0.443564
   -0.457936
   -0.493347
   -0.459223
   -0.398809
   -0.332001
   -0.276151
   -0.253181
   -0.283126
   -0.362496
   -0.394005
   -0.436649
   -0.446748
   -0.426295
   -0.441129
   -0.445841
   -0.431582
   -0.394816
   -0.368783
   -0.312470
   -0.254281
   -0.254567
   -0.303864
   -0.360399
   -0.401635
   -0.412371
   -0.423567
   -0.430359
   -0.419888
   -0.413919
   -0.441774
   -0.463761
   -0.458069
   -0.432587
   -0.365173
   -0.322949
   -0.276631
   -0.264518
   -0.300337
   -0.357682
   -0.418713
   -0.448819
   -0.420279
   -0.426766
   -0.419524
   -0.394011
   -0.419305
   -0.408606
   -0.377647
   -0.319398
   -0.257560
   -0.243229
   -0.279126
   -0.345364
   -0.405777
   -0.444437
   -0.441500
   -0.429411
   -0.423126
   -0.415896
   -0.408408
   -0.408415
   -0.455446
   -0.431287
   -0.371837
   -0.310084
   -0.230702
   -0.238964
   -0.291536
   -0.349390
   -0.407190
   -0.453143
   -0.454004
   -0.423298
   -0.458827
   -0.444710
   -0.424360
   -0.416175
   -0.413362
   -0.412500
   -0.430764
   -0.433864
   -0.402976
   -0.377948
   -0.345706
   -0.300167
   -0.248596
   -0.251061
   -0.303654
   -0.356050
   -0.421352
   -0.432567
   -0.432359
   -0.403362
   -0.434259
   -0.446038
   -0.464864
   -0.467101
   -0.438338
   -0.400268
   -0.344042
   -0.300918
   -0.258478
   -0.238919
   -0.261941
   -0.310320
   -0.399592
   -0.430922
   -0.437575
   -0.436772
   -0.428850
   -0.426405
   -0.413963
   -0.387880
   -0.362985
   -0.290690
   -0.235601
   -0.233843
   -0.288200
   -0.366300
   -0.412262
   -0.425827
   -0.415391
   -0.410022
   -0.401935
   -0.384937
   -0.477319
   -0.477638
   -0.453605
   -0.401446
   -0.363459
   -0.293552
   -0.237685
   -0.235962
   -0.292447
   -0.369933
   -0.421587
   -0.447505
   -0.455343
   -0.451247
   -0.426138
   -0.406978
   -0.417931
   -0.379494
   -0.337681
   -0.297830
   -0.263728
   -0.262065
   -0.315521
   -0.375663
   -0.410913
   -0.431828
   -0.431212
   -0.430940
   -0.409031
   -0.402173
   -0.400166
   -0.413359
   -0.461275
   -0.408504
   -0.337454
   -0.276125
   -0.267544
   -0.263439
   -0.300389
   -0.349810
   -0.392099
   -0.432592
   -0.447330
   -0.451833
   -0.430206
   -0.417649
   -0.417931
   -0.416950
   -0.340646
   -0.299017
   -0.269391
   -0.298737
   -0.280886
   -0.342710
   -0.400042
   -0.439372
   -0.459506
   -0.442303
   -0.407156
   -0.390540
   -0.416221
   -0.409298
   -0.412608
   -0.420282
   -0.327983
   -0.281351
   -0.257532
   -0.269243
   -0.281304
   -0.357884
   -0.425707
   -0.447388
   -0.443620
   -0.443227
   -0.415373
   -0.388208
   -0.419172
   -0.415467
   -0.435549
   -0.450285
   -0.242799
   -0.267467
   -0.324263
   -0.385505
   -0.425402
   -0.438561
   -0.435131
   -0.428087
   -0.422856
   -0.422331
   -0.420249
   -0.421113
   -0.426092
   -0.428451
   -0.431106
   -0.431854
   -0.228294
   -0.268057
   -0.329681
   -0.385939
   -0.426418
   -0.449920
   -0.445619
   -0.451506
   -0.460063
   -0.448485
   -0.432546
   -0.430740
   -0.431843
   -0.444871
   -0.459318
   -0.464232
   -0.318087
   -0.372230
   -0.398094
   -0.401892
   -0.424301
   -0.430075
   -0.432136
   -0.425487
   -0.427451
   -0.433704
   -0.431865
   -0.442667
   -0.440990
   -0.431147
   -0.416933
   -0.419274
   -0.319022
   -0.379749
   -0.411828
   -0.421774
   -0.453891
   -0.441015
   -0.421969
   -0.426600
   -0.434857
   -0.434873
   -0.442993
   -0.465241
   -0.458980
   -0.465514
   -0.460829
   -0.460915
   -0.406342
   -0.406695
   -0.408542
   -0.404064
   -0.429316
   -0.424827
   -0.415754
   -0.418777
   -0.429067
   -0.432011
   -0.429937
   -0.433187
   -0.432909
   -0.434536
   -0.447718
   -0.471013
   -0.409772
   -0.423903
   -0.436936
   -0.446974
   -0.441372
   -0.427267
   -0.419176
   -0.431706
   -0.458781
   -0.467973
   -0.472124
   -0.475772
   -0.468062
   -0.474481
   -0.492051
   -0.522324
   -0.435847
   -0.422337
   -0.418629
   -0.419173
   -0.429920
   -0.431630
   -0.436136
   -0.430453
   -0.421216
   -0.425136
   -0.430266
   -0.441935
   -0.443214
   -0.461345
   -0.469038
   -0.457841
   -0.420625
   -0.419791
   -0.425376
   -0.436625
   -0.437801
   -0.440809
   -0.439441
   -0.436929
   -0.456728
   -0.471259
   -0.482697
   -0.494710
   -0.503446
   -0.515267
   -0.526993
   -0.530003
   -0.359805
   -0.413087
   -0.442135
   -0.454351
   -0.428772
   -0.424307
   -0.423475
   -0.422413
   -0.418965
   -0.422169
   -0.431018
   -0.438322
   -0.427766
   -0.440260
   -0.448002
   -0.452744
   -0.373585
   -0.423370
   -0.454550
   -0.463985
   -0.456836
   -0.464708
   -0.461814
   -0.444657
   -0.437677
   -0.439512
   -0.446025
   -0.463627
   -0.466031
   -0.476458
   -0.476651
   -0.488528
   -0.410092
   -0.428769
   -0.436924
   -0.443381
   -0.434335
   -0.433154
   -0.438091
   -0.436671
   -0.440216
   -0.447927
   -0.444197
   -0.434730
   -0.433901
   -0.425447
   -0.434278
   -0.462325
   -0.430893
   -0.458295
   -0.465622
   -0.449559
   -0.433578
   -0.442895
   -0.443381
   -0.442834
   -0.459569
   -0.475498
   -0.479288
   -0.474961
   -0.475440
   -0.473088
   -0.483728
   -0.512811
   -0.412368
   -0.430739
   -0.437820
   -0.436050
   -0.426191
   -0.429164
   -0.433364
   -0.431650
   -0.434568
   -0.441914
   -0.443637
   -0.444114
   -0.460927
   -0.470455
   -0.483721
   -0.489790
   -0.455270
   -0.464690
   -0.448962
   -0.442309
   -0.437810
   -0.459149
   -0.471374
   -0.473852
   -0.473543
   -0.483285
   -0.486860
   -0.491709
   -0.497289
   -0.516900
   -0.551507
   -0.557876
   -0.424759
   -0.435872
   -0.439663
   -0.455216
   -0.440494
   -0.433949
   -0.431397
   -0.432282
   -0.438233
   -0.445385
   -0.449703
   -0.457991
   -0.477933
   -0.483971
   -0.470783
   -0.458991
   -0.440429
   -0.455137
   -0.456366
   -0.458271
   -0.443518
   -0.450611
   -0.472297
   -0.486820
   -0.489568
   -0.502691
   -0.509628
   -0.522662
   -0.546521
   -0.550979
   -0.548188
   -0.521274
   -0.421339
   -0.422418
   -0.428738
   -0.432568
   -0.439694
   -0.435143
   -0.435367
   -0.438772
   -0.447061
   -0.452055
   -0.456516
   -0.479972
   -0.478292
   -0.464623
   -0.449423
   -0.430870
   -0.455960
   -0.462043
   -0.465652
   -0.473930
   -0.469578
   -0.456354
   -0.472500
   -0.496315
   -0.525597
   -0.538318
   -0.550732
   -0.572636
   -0.564138
   -0.562864
   -0.538997
   -0.509706
   -0.417461
   -0.430823
   -0.448240
   -0.464268
   -0.466501
   -0.450681
   -0.442788
   -0.453421
   -0.477938
   -0.485375
   -0.476662
   -0.470888
   -0.461959
   -0.455770
   -0.439315
   -0.421106
   -0.471279
   -0.476480
   -0.475607
   -0.479365
   -0.481825
   -0.485752
   -0.496489
   -0.520363
   -0.542163
   -0.549792
   -0.542518
   -0.522042
   -0.520979
   -0.503014
   -0.483925
   -0.467183
   -0.441003
   -0.439678
   -0.441211
   -0.445452
   -0.455862
   -0.465030
   -0.477527
   -0.476593
   -0.480722
   -0.470341
   -0.449965
   -0.442586
   -0.443842
   -0.427739
   -0.420591
   -0.416596
   -0.478852
   -0.476767
   -0.487370
   -0.504587
   -0.530218
   -0.534228
   -0.546307
   -0.553613
   -0.546293
   -0.529944
   -0.500554
   -0.483035
   -0.483754
   -0.473270
   -0.473302
   -0.476920
   -0.443167
   -0.441026
   -0.444165
   -0.457526
   -0.473990
   -0.477126
   -0.476286
   -0.456681
   -0.449192
   -0.425312
   -0.415932
   -0.420922
   -0.427252
   -0.438543
   -0.446286
   -0.439095
   -0.472692
   -0.487483
   -0.516946
   -0.536196
   -0.558522
   -0.559210
   -0.551643
   -0.535944
   -0.509573
   -0.490659
   -0.478292
   -0.479492
   -0.472207
   -0.474898
   -0.480729
   -0.472905
   -0.433843
   -0.439117
   -0.439974
   -0.435700
   -0.439549
   -0.447377
   -0.451136
   -0.451307
   -0.466367
   -0.474622
   -0.470444
   -0.460255
   -0.454573
   -0.443261
   -0.432223
   -0.458868
   -0.466183
   -0.469674
   -0.460909
   -0.460911
   -0.477098
   -0.504126
   -0.519983
   -0.528301
   -0.545803
   -0.560278
   -0.560311
   -0.558540
   -0.539456
   -0.521858
   -0.496085
   -0.492874
   -0.455741
   -0.463218
   -0.462446
   -0.450302
   -0.448916
   -0.465893
   -0.483232
   -0.482911
   -0.475543
   -0.464845
   -0.458480
   -0.451499
   -0.458529
   -0.444537
   -0.425154
   -0.455464
   -0.464318
   -0.474694
   -0.479012
   -0.489880
   -0.505645
   -0.526800
   -0.540755
   -0.541309
   -0.530934
   -0.517280
   -0.505405
   -0.484914
   -0.485691
   -0.471212
   -0.453735
   -0.461564
   -0.440355
   -0.450222
   -0.460099
   -0.470894
   -0.478595
   -0.481949
   -0.476781
   -0.458989
   -0.445625
   -0.442444
   -0.435154
   -0.419868
   -0.422020
   -0.414632
   -0.405871
   -0.430502
   -0.481707
   -0.510538
   -0.525518
   -0.540426
   -0.542320
   -0.545423
   -0.536607
   -0.517317
   -0.494878
   -0.482521
   -0.468905
   -0.461463
   -0.469254
   -0.468000
   -0.464857
   -0.459676
   -0.451417
   -0.463448
   -0.473428
   -0.470797
   -0.470989
   -0.460503
   -0.447419
   -0.426448
   -0.420146
   -0.422062
   -0.436618
   -0.442874
   -0.419601
   -0.429810
   -0.425856
   -0.439166
   -0.520363
   -0.542222
   -0.552214
   -0.554754
   -0.540023
   -0.521826
   -0.501682
   -0.484358
   -0.477471
   -0.472640
   -0.473580
   -0.482091
   -0.470069
   -0.471409
   -0.462936
   -0.469089
   -0.472821
   -0.470602
   -0.468825
   -0.461799
   -0.450805
   -0.437253
   -0.424157
   -0.431894
   -0.431411
   -0.429864
   -0.414359
   -0.403434
   -0.404530
   -0.407268
   -0.430301
   -0.445577
   -0.571863
   -0.568954
   -0.551326
   -0.534721
   -0.522684
   -0.503344
   -0.483691
   -0.475067
   -0.464452
   -0.464020
   -0.450735
   -0.442224
   -0.430335
   -0.431314
   -0.459055
   -0.488472
   -0.475724
   -0.471227
   -0.461479
   -0.453181
   -0.440595
   -0.427728
   -0.434333
   -0.435235
   -0.437680
   -0.441420
   -0.436346
   -0.426907
   -0.436733
   -0.437326
   -0.444062
   -0.448911
   -0.528659
   -0.525447
   -0.515955
   -0.503095
   -0.479019
   -0.477614
   -0.474034
   -0.455429
   -0.446829
   -0.445406
   -0.443286
   -0.449834
   -0.455675
   -0.464453
   -0.472355
   -0.474599
   -0.457125
   -0.460746
   -0.456092
   -0.451133
   -0.447039
   -0.445319
   -0.442578
   -0.436130
   -0.430703
   -0.423704
   -0.426787
   -0.443640
   -0.437690
   -0.445398
   -0.431809
   -0.401240
   -0.498772
   -0.491847
   -0.487001
   -0.477446
   -0.476002
   -0.477098
   -0.476814
   -0.468242
   -0.453215
   -0.431710
   -0.427748
   -0.434320
   -0.437136
   -0.439260
   -0.434030
   -0.404729
   -0.436774
   -0.441434
   -0.453149
   -0.452755
   -0.426894
   -0.427800
   -0.425448
   -0.422297
   -0.429359
   -0.421155
   -0.424282
   -0.416956
   -0.429235
   -0.407434
   -0.374334
   -0.329428
   -0.459523
   -0.472663
   -0.481182
   -0.470784
   -0.459793
   -0.444178
   -0.436864
   -0.441051
   -0.446588
   -0.449878
   -0.450000
   -0.433275
   -0.436887
   -0.399740
   -0.356273
   -0.307771
   -0.442468
   -0.432080
   -0.420883
   -0.415576
   -0.416532
   -0.431653
   -0.437126
   -0.420675
   -0.415776
   -0.413535
   -0.403805
   -0.382154
   -0.432411
   -0.418996
   -0.416981
   -0.431906
   -0.472569
   -0.459961
   -0.449461
   -0.444536
   -0.407872
   -0.419983
   -0.427726
   -0.422622
   -0.417312
   -0.406921
   -0.398506
   -0.380945
   -0.411449
   -0.414115
   -0.429683
   -0.421180
   -0.417783
   -0.411246
   -0.407157
   -0.403888
   -0.420339
   -0.415077
   -0.416263
   -0.417549
   -0.417823
   -0.405626
   -0.394894
   -0.405434
   -0.411205
   -0.419251
   -0.409014
   -0.362975
   -0.436944
   -0.428509
   -0.423108
   -0.425866
   -0.423691
   -0.408359
   -0.409629
   -0.419594
   -0.416387
   -0.393783
   -0.386244
   -0.397711
   -0.401847
   -0.418444
   -0.397423
   -0.320153
   -0.425649
   -0.419115
   -0.415742
   -0.416247
   -0.421838
   -0.407770
   -0.410308
   -0.422777
   -0.425085
   -0.405952
   -0.398009
   -0.407436
   -0.386140
   -0.373195
   -0.318467
   -0.249231
   -0.421539
   -0.417157
   -0.418084
   -0.418555
   -0.416928
   -0.405779
   -0.405670
   -0.407656
   -0.409267
   -0.398538
   -0.386269
   -0.395574
   -0.400834
   -0.348034
   -0.266262
   -0.200484
   -0.413822
   -0.410386
   -0.406005
   -0.400523
   -0.400692
   -0.411435
   -0.420305
   -0.419771
   -0.421196
   -0.416015
   -0.409238
   -0.389774
   -0.277057
   -0.250771
   -0.251547
   -0.288316
   -0.424377
   -0.420850
   -0.416673
   -0.413498
   -0.400508
   -0.412154
   -0.415543
   -0.402957
   -0.405770
   -0.406984
   -0.400658
   -0.372805
   -0.263470
   -0.214046
   -0.205149
   -0.267755
   -0.416013
   -0.423553
   -0.435533
   -0.441882
   -0.433420
   -0.436415
   -0.429431
   -0.426758
   -0.420177
   -0.391489
   -0.309851
   -0.223792
   -0.204944
   -0.243367
   -0.322779
   -0.403429
   -0.406207
   -0.417708
   -0.428486
   -0.433934
   -0.420416
   -0.417437
   -0.409944
   -0.404001
   -0.391666
   -0.353015
   -0.270200
   -0.202300
   -0.175776
   -0.213593
   -0.286808
   -0.381403
   -0.408079
   -0.419505
   -0.435796
   -0.436605
   -0.422910
   -0.434436
   -0.436337
   -0.397169
   -0.327946
   -0.270414
   -0.263300
   -0.283704
   -0.338109
   -0.365709
   -0.394113
   -0.401166
   -0.385116
   -0.403818
   -0.412657
   -0.427486
   -0.409340
   -0.409723
   -0.403099
   -0.366066
   -0.294505
   -0.228426
   -0.221180
   -0.253143
   -0.300714
   -0.340462
   -0.379734
   -0.408337
   -0.400228
   -0.415814
   -0.420197
   -0.421254
   -0.380601
   -0.361338
   -0.345311
   -0.319206
   -0.279437
   -0.264610
   -0.315853
   -0.379079
   -0.387447
   -0.412418
   -0.416390
   -0.413189
   -0.398341
   -0.400161
   -0.398582
   -0.385233
   -0.350110
   -0.349530
   -0.333625
   -0.300584
   -0.266413
   -0.256034
   -0.290801
   -0.337814
   -0.393689
   -0.413873
   -0.431208
   -0.424612
   -0.417730
   -0.408071
   -0.390112
   -0.381644
   -0.307519
   -0.269224
   -0.240972
   -0.254352
   -0.316329
   -0.392188
   -0.440253
   -0.448240
   -0.412152
   -0.391100
   -0.383232
   -0.391671
   -0.411422
   -0.395873
   -0.369035
   -0.346549
   -0.288470
   -0.262226
   -0.229644
   -0.237464
   -0.307235
   -0.384868
   -0.424896
   -0.414163
   -0.432288
   -0.403451
   -0.381152
   -0.377021
   -0.450162
   -0.446972
   -0.437373
   -0.440586
   -0.427994
   -0.431582
   -0.438712
   -0.406396
   -0.338477
   -0.269300
   -0.241815
   -0.255532
   -0.299219
   -0.372908
   -0.430334
   -0.435921
   -0.447633
   -0.449557
   -0.450337
   -0.452620
   -0.424268
   -0.432132
   -0.436511
   -0.395203
   -0.327583
   -0.257186
   -0.231684
   -0.258374
   -0.274922
   -0.356489
   -0.431147
   -0.461111
   -0.450158
   -0.434086
   -0.429143
   -0.425548
   -0.400425
   -0.365115
   -0.327305
   -0.302656
   -0.304941
   -0.330050
   -0.357041
   -0.372103
   -0.390529
   -0.406762
   -0.408510
   -0.404192
   -0.448754
   -0.449900
   -0.441830
   -0.437402
   -0.397524
   -0.365509
   -0.318970
   -0.290977
   -0.289710
   -0.309657
   -0.351532
   -0.394873
   -0.377192
   -0.411605
   -0.437846
   -0.451234
   -0.423586
   -0.399978
   -0.375053
   -0.359418
   -0.333430
   -0.305289
   -0.294661
   -0.309864
   -0.350932
   -0.380325
   -0.401801
   -0.430727
   -0.424450
   -0.423972
   -0.423871
   -0.422491
   -0.431436
   -0.400575
   -0.378873
   -0.356635
   -0.341253
   -0.301562
   -0.282171
   -0.287488
   -0.322710
   -0.376293
   -0.426475
   -0.459002
   -0.448079
   -0.447582
   -0.428385
   -0.418007
   -0.386310
   -0.343386
   -0.301723
   -0.272451
   -0.277699
   -0.299361
   -0.350134
   -0.405825
   -0.437406
   -0.436521
   -0.420699
   -0.408899
   -0.393165
   -0.394353
   -0.410607
   -0.420123
   -0.386634
   -0.346271
   -0.295886
   -0.265274
   -0.280689
   -0.295257
   -0.339412
   -0.388960
   -0.419554
   -0.434332
   -0.447542
   -0.422996
   -0.409147
   -0.391704
   -0.392757
   -0.393096
   -0.294241
   -0.296244
   -0.303575
   -0.337204
   -0.378600
   -0.405805
   -0.432717
   -0.444165
   -0.453039
   -0.438499
   -0.424882
   -0.422330
   -0.416714
   -0.420137
   -0.427837
   -0.431844
   -0.259876
   -0.266612
   -0.289403
   -0.337160
   -0.369788
   -0.419165
   -0.447485
   -0.453843
   -0.442111
   -0.429966
   -0.415199
   -0.410063
   -0.415791
   -0.424011
   -0.431381
   -0.445632
   -0.290391
   -0.353933
   -0.397170
   -0.407715
   -0.411629
   -0.427924
   -0.427366
   -0.431632
   -0.435151
   -0.421137
   -0.417034
   -0.425315
   -0.420917
   -0.420005
   -0.421074
   -0.422698
   -0.282866
   -0.330618
   -0.374429
   -0.415707
   -0.419074
   -0.440693
   -0.456520
   -0.451806
   -0.429632
   -0.419182
   -0.414501
   -0.416360
   -0.424974
   -0.431805
   -0.448026
   -0.455227
   -0.353173
   -0.402639
   -0.439297
   -0.450445
   -0.431576
   -0.430884
   -0.425240
   -0.419298
   -0.418726
   -0.414114
   -0.415226
   -0.424121
   -0.421783
   -0.424932
   -0.429398
   -0.427967
   -0.368378
   -0.405153
   -0.432988
   -0.434335
   -0.430790
   -0.434440
   -0.441921
   -0.441145
   -0.430446
   -0.432215
   -0.431635
   -0.435239
   -0.438380
   -0.446063
   -0.462580
   -0.472056
   -0.421232
   -0.420065
   -0.416717
   -0.421524
   -0.429362
   -0.424690
   -0.417799
   -0.414219
   -0.415778
   -0.420671
   -0.417290
   -0.428961
   -0.428196
   -0.428283
   -0.436256
   -0.443545
   -0.428375
   -0.421354
   -0.413921
   -0.413505
   -0.426895
   -0.426042
   -0.423163
   -0.419542
   -0.425956
   -0.434353
   -0.438889
   -0.440907
   -0.436259
   -0.445292
   -0.454731
   -0.465224
   -0.372572
   -0.405293
   -0.453168
   -0.488606
   -0.498330
   -0.488513
   -0.479967
   -0.483490
   -0.477411
   -0.470997
   -0.473403
   -0.477282
   -0.462426
   -0.475741
   -0.481753
   -0.480726
   -0.426027
   -0.476118
   -0.525408
   -0.555583
   -0.576764
   -0.563663
   -0.551224
   -0.542806
   -0.541649
   -0.539418
   -0.538414
   -0.547130
   -0.548581
   -0.564685
   -0.573957
   -0.582485
   -0.437067
   -0.466888
   -0.480798
   -0.486023
   -0.496438
   -0.485902
   -0.482242
   -0.487989
   -0.479012
   -0.486288
   -0.494200
   -0.493844
   -0.478482
   -0.478492
   -0.480932
   -0.487985
   -0.521387
   -0.561553
   -0.588060
   -0.583657
   -0.559662
   -0.554578
   -0.546437
   -0.541272
   -0.541820
   -0.550072
   -0.567689
   -0.573956
   -0.550461
   -0.560131
   -0.574845
   -0.596018
   -0.465855
   -0.483220
   -0.482299
   -0.476780
   -0.486179
   -0.481093
   -0.475263
   -0.478246
   -0.477684
   -0.482594
   -0.485946
   -0.482910
   -0.485642
   -0.488394
   -0.492101
   -0.500916
   -0.570071
   -0.585935
   -0.584623
   -0.574569
   -0.547759
   -0.549962
   -0.544316
   -0.547771
   -0.549877
   -0.560540
   -0.583644
   -0.589809
   -0.558444
   -0.575136
   -0.593867
   -0.606006
   -0.481742
   -0.470815
   -0.468188
   -0.471000
   -0.487973
   -0.483486
   -0.482560
   -0.487223
   -0.490172
   -0.486525
   -0.490749
   -0.488526
   -0.484409
   -0.496620
   -0.498211
   -0.493869
   -0.549229
   -0.543044
   -0.535595
   -0.533216
   -0.552957
   -0.552179
   -0.556012
   -0.570905
   -0.565023
   -0.575062
   -0.581407
   -0.591846
   -0.579502
   -0.588447
   -0.598293
   -0.588901
   -0.469445
   -0.477420
   -0.480963
   -0.487261
   -0.500855
   -0.494493
   -0.493352
   -0.490455
   -0.501012
   -0.503214
   -0.512481
   -0.524359
   -0.516124
   -0.510272
   -0.496197
   -0.487428
   -0.540206
   -0.543739
   -0.558026
   -0.565761
   -0.573548
   -0.573644
   -0.582460
   -0.592896
   -0.594721
   -0.599095
   -0.609491
   -0.617832
   -0.609083
   -0.603544
   -0.589628
   -0.576762
   -0.470028
   -0.483656
   -0.494525
   -0.508916
   -0.507724
   -0.498001
   -0.488712
   -0.486005
   -0.508487
   -0.514561
   -0.514104
   -0.510636
   -0.493324
   -0.487568
   -0.483861
   -0.481822
   -0.540828
   -0.555695
   -0.579828
   -0.586751
   -0.588243
   -0.590443
   -0.594758
   -0.599823
   -0.608190
   -0.615801
   -0.616139
   -0.610998
   -0.577611
   -0.571783
   -0.567534
   -0.563430
   -0.451064
   -0.475252
   -0.495664
   -0.513697
   -0.502478
   -0.500344
   -0.493783
   -0.491996
   -0.512694
   -0.513163
   -0.504657
   -0.496737
   -0.489556
   -0.484929
   -0.487316
   -0.489785
   -0.537714
   -0.557844
   -0.578418
   -0.589082
   -0.590842
   -0.587258
   -0.595204
   -0.607782
   -0.607588
   -0.607729
   -0.602252
   -0.595290
   -0.573327
   -0.569016
   -0.573318
   -0.573666
   -0.480509
   -0.494700
   -0.501790
   -0.512405
   -0.525419
   -0.521744
   -0.515214
   -0.503469
   -0.502880
   -0.492210
   -0.484539
   -0.484461
   -0.479536
   -0.484596
   -0.486363
   -0.490530
   -0.562749
   -0.573401
   -0.577512
   -0.581528
   -0.605626
   -0.604470
   -0.608193
   -0.609512
   -0.600149
   -0.588498
   -0.583666
   -0.584710
   -0.556237
   -0.562783
   -0.566933
   -0.576174
   -0.426847
   -0.435143
   -0.445381
   -0.453032
   -0.447785
   -0.446677
   -0.440827
   -0.445704
   -0.450399
   -0.458748
   -0.457897
   -0.455857
   -0.456532
   -0.447902
   -0.436687
   -0.436634
   -0.459123
   -0.472074
   -0.481476
   -0.484082
   -0.507780
   -0.505960
   -0.505080
   -0.505625
   -0.515216
   -0.516076
   -0.519191
   -0.511955
   -0.513247
   -0.503531
   -0.489945
   -0.486735
   -0.442634
   -0.452489
   -0.462811
   -0.467874
   -0.455593
   -0.459926
   -0.461009
   -0.464897
   -0.458890
   -0.451477
   -0.448519
   -0.446272
   -0.446733
   -0.439926
   -0.439272
   -0.441231
   -0.477311
   -0.485473
   -0.494124
   -0.502908
   -0.510551
   -0.510644
   -0.516741
   -0.511237
   -0.510931
   -0.504010
   -0.500107
   -0.494360
   -0.489876
   -0.485863
   -0.483691
   -0.484246
   -0.436341
   -0.450124
   -0.457767
   -0.459803
   -0.464591
   -0.467899
   -0.468097
   -0.461413
   -0.455415
   -0.447819
   -0.445213
   -0.436419
   -0.433350
   -0.437445
   -0.437459
   -0.439360
   -0.493514
   -0.508340
   -0.516388
   -0.522826
   -0.518061
   -0.523198
   -0.524742
   -0.519145
   -0.505866
   -0.499237
   -0.490856
   -0.486805
   -0.476761
   -0.482445
   -0.486866
   -0.493418
   -0.443568
   -0.452685
   -0.462274
   -0.470277
   -0.471643
   -0.463559
   -0.456208
   -0.444584
   -0.440442
   -0.436060
   -0.439043
   -0.440472
   -0.428541
   -0.430083
   -0.436500
   -0.439665
   -0.498923
   -0.512384
   -0.522866
   -0.530479
   -0.530457
   -0.527249
   -0.516846
   -0.511189
   -0.502429
   -0.501108
   -0.491991
   -0.496240
   -0.487953
   -0.490981
   -0.496097
   -0.499313
   -0.459492
   -0.464165
   -0.467282
   -0.463163
   -0.458610
   -0.454009
   -0.445801
   -0.440130
   -0.439985
   -0.437846
   -0.435791
   -0.437079
   -0.424411
   -0.419618
   -0.421894
   -0.437699
   -0.512142
   -0.515374
   -0.521487
   -0.515161
   -0.503099
   -0.496051
   -0.492659
   -0.492321
   -0.493465
   -0.495230
   -0.497974
   -0.494914
   -0.493283
   -0.487341
   -0.486104
   -0.479427
   -0.463986
   -0.460935
   -0.455933
   -0.459996
   -0.467156
   -0.455259
   -0.450247
   -0.445239
   -0.442914
   -0.441390
   -0.437562
   -0.427853
   -0.418332
   -0.439018
   -0.442687
   -0.434338
   -0.507332
   -0.506370
   -0.502914
   -0.506168
   -0.496777
   -0.494066
   -0.500649
   -0.500865
   -0.504231
   -0.506195
   -0.507072
   -0.510545
   -0.477190
   -0.475768
   -0.469712
   -0.467985
   -0.444351
   -0.444883
   -0.446393
   -0.446649
   -0.464135
   -0.455432
   -0.451061
   -0.447338
   -0.441242
   -0.437827
   -0.428517
   -0.423015
   -0.447045
   -0.434219
   -0.424727
   -0.445142
   -0.486055
   -0.487378
   -0.489980
   -0.490409
   -0.494956
   -0.493971
   -0.493857
   -0.494811
   -0.504211
   -0.503302
   -0.503213
   -0.501939
   -0.470404
   -0.456095
   -0.458676
   -0.451624
   -0.437947
   -0.443944
   -0.449696
   -0.449937
   -0.466020
   -0.466164
   -0.458118
   -0.453345
   -0.449262
   -0.443262
   -0.438528
   -0.432694
   -0.423991
   -0.440599
   -0.442365
   -0.441029
   -0.483977
   -0.490390
   -0.491847
   -0.495756
   -0.508622
   -0.508034
   -0.508990
   -0.505595
   -0.504249
   -0.493396
   -0.492611
   -0.491310
   -0.485264
   -0.470548
   -0.464747
   -0.466496
