   -0.465185
   -0.471047
   -0.468313
   -0.455057
   -0.428092
   -0.407194
   -0.405902
   -0.408509
   -0.184124
   -0.265368
   -0.362268
   -0.429337
   -0.434569
   -0.420287
   -0.414613
   -0.417249
   -0.518744
   -0.541228
   -0.535303
   -0.501624
   -0.441078
   -0.415160
   -0.431013
   -0.448741
   -0.231494
   -0.270969
   -0.344567
   -0.431367
   -0.479979
   -0.483137
   -0.452317
   -0.425036
   -0.425287
   -0.461043
   -0.490089
   -0.495408
   -0.476475
   -0.453426
   -0.443340
   -0.450167
   -0.437827
   -0.360623
   -0.283891
   -0.274298
   -0.331327
   -0.393459
   -0.401828
   -0.388927
   -0.447813
   -0.524600
   -0.590092
   -0.592008
   -0.526997
   -0.483427
   -0.480214
   -0.512258
   -0.502185
   -0.373197
   -0.250562
   -0.245002
   -0.342831
   -0.458100
   -0.500239
   -0.489396
   -0.189080
   -0.431044
   -0.563070
   -0.532479
   -0.471738
   -0.482330
   -0.510493
   -0.488490
   -0.461163
   -0.480441
   -0.456987
   -0.383543
   -0.304151
   -0.290547
   -0.353863
   -0.417603
   -0.207252
   -0.441916
   -0.548075
   -0.564931
   -0.547331
   -0.515257
   -0.548040
   -0.543880
   -0.555419
   -0.539788
   -0.477522
   -0.384480
   -0.305187
   -0.296663
   -0.343256
   -0.391232
   -0.406752
   -0.246363
   -0.351834
   -0.481190
   -0.502495
   -0.497726
   -0.445746
   -0.478262
   -0.485878
   -0.493881
   -0.499701
   -0.488314
   -0.437866
   -0.360256
   -0.277932
   -0.228743
   -0.444922
   -0.277586
   -0.396333
   -0.535630
   -0.581706
   -0.594262
   -0.552796
   -0.553840
   -0.531467
   -0.522697
   -0.522126
   -0.529589
   -0.504255
   -0.442123
   -0.343998
   -0.276353
   -0.399310
   -0.384237
   -0.234996
   -0.330334
   -0.471256
   -0.437499
   -0.470170
   -0.483644
   -0.511345
   -0.476457
   -0.439013
   -0.429415
   -0.431569
   -0.432611
   -0.417065
   -0.397080
   -0.439585
   -0.434910
   -0.305340
   -0.389841
   -0.534266
   -0.529838
   -0.556786
   -0.558820
   -0.488455
   -0.484614
   -0.491586
   -0.500458
   -0.498401
   -0.498742
   -0.497216
   -0.481311
   -0.418050
   -0.396558
   -0.412430
   -0.296579
   -0.263196
   -0.401512
   -0.471986
   -0.474347
   -0.482774
   -0.501909
   -0.513720
   -0.487017
   -0.447831
   -0.435792
   -0.457347
   -0.493352
   -0.436613
   -0.423524
   -0.412919
   -0.342124
   -0.323660
   -0.404313
   -0.478948
   -0.519976
   -0.509148
   -0.555497
   -0.575804
   -0.537039
   -0.464159
   -0.423762
   -0.457491
   -0.513340
   -0.449096
   -0.476275
   -0.475578
   -0.411805
   -0.316353
   -0.307320
   -0.385727
   -0.417400
   -0.481356
   -0.505914
   -0.527476
   -0.504558
   -0.462719
   -0.442308
   -0.440378
   -0.445082
   -0.494358
   -0.481630
   -0.452735
   -0.442346
   -0.348834
   -0.314629
   -0.415977
   -0.423118
   -0.490813
   -0.527619
   -0.551521
   -0.536926
   -0.496685
   -0.469141
   -0.465903
   -0.476891
   -0.473100
   -0.453322
   -0.465961
   -0.430350
   -0.441010
   -0.383594
   -0.263617
   -0.343061
   -0.418500
   -0.443298
   -0.476415
   -0.488111
   -0.470905
   -0.445309
   -0.431843
   -0.443898
   -0.539659
   -0.508852
   -0.499693
   -0.446846
   -0.485098
   -0.448709
   -0.294267
   -0.347721
   -0.435699
   -0.467276
   -0.512255
   -0.540913
   -0.537636
   -0.511022
   -0.500685
   -0.505084
   -0.440270
   -0.485625
   -0.460147
   -0.359806
   -0.274415
   -0.288282
   -0.341916
   -0.352481
   -0.347109
   -0.340693
   -0.373556
   -0.433333
   -0.468208
   -0.482682
   -0.485950
   -0.488520
   -0.531624
   -0.539884
   -0.507496
   -0.424222
   -0.324949
   -0.327080
   -0.412983
   -0.404507
   -0.379510
   -0.360627
   -0.421596
   -0.520328
   -0.582136
   -0.601133
   -0.597663
   -0.576395
   -0.427401
   -0.463290
   -0.440229
   -0.454276
   -0.467291
   -0.364811
   -0.304179
   -0.327895
   -0.443713
   -0.453827
   -0.416974
   -0.353974
   -0.332521
   -0.334191
   -0.352519
   -0.375295
   -0.537657
   -0.477838
   -0.466113
   -0.496496
   -0.498291
   -0.378257
   -0.312198
   -0.392555
   -0.530874
   -0.502484
   -0.461392
   -0.397562
   -0.374744
   -0.395970
   -0.440657
   -0.468090
   -0.528996
   -0.533276
   -0.503758
   -0.480802
   -0.494195
   -0.483680
   -0.433874
   -0.336747
   -0.281424
   -0.407011
   -0.472032
   -0.473631
   -0.490329
   -0.472434
   -0.419577
   -0.391225
   -0.600898
   -0.607585
   -0.566163
   -0.550875
   -0.557050
   -0.539954
   -0.501288
   -0.385795
   -0.290267
   -0.409967
   -0.515307
   -0.548409
   -0.543473
   -0.534412
   -0.502078
   -0.434130
   -0.466219
   -0.474591
   -0.555037
   -0.562272
   -0.523194
   -0.502912
   -0.484334
   -0.521998
   -0.421990
   -0.319187
   -0.314881
   -0.401351
   -0.457555
   -0.484387
   -0.490143
   -0.466444
   -0.577155
   -0.591830
   -0.631019
   -0.623353
   -0.576414
   -0.578294
   -0.550761
   -0.585886
   -0.515529
   -0.382346
   -0.343321
   -0.418931
   -0.493698
   -0.526375
   -0.530108
   -0.521307
   -0.411339
   -0.478522
   -0.472000
   -0.511938
   -0.536541
   -0.526580
   -0.544022
   -0.470820
   -0.515022
   -0.469653
   -0.394996
   -0.320527
   -0.326283
   -0.420095
   -0.490569
   -0.488655
   -0.503483
   -0.571291
   -0.598756
   -0.613425
   -0.602803
   -0.601171
   -0.613813
   -0.563959
   -0.591267
   -0.574606
   -0.483951
   -0.398029
   -0.394015
   -0.445801
   -0.509842
   -0.560927
   -0.301688
   -0.379245
   -0.471921
   -0.523598
   -0.555107
   -0.552248
   -0.492074
   -0.496255
   -0.561701
   -0.523402
   -0.503249
   -0.451123
   -0.371375
   -0.309654
   -0.326085
   -0.427897
   -0.359119
   -0.448494
   -0.571798
   -0.614442
   -0.629326
   -0.605394
   -0.582862
   -0.592704
   -0.580533
   -0.576293
   -0.617728
   -0.582678
   -0.458869
   -0.349384
   -0.366729
   -0.491913
   -0.423568
   -0.290536
   -0.378128
   -0.497873
   -0.526970
   -0.530746
   -0.528178
   -0.534342
   -0.485285
   -0.493241
   -0.498300
   -0.493408
   -0.485807
   -0.477157
   -0.405141
   -0.297564
   -0.481477
   -0.386219
   -0.432208
   -0.572117
   -0.596399
   -0.610865
   -0.632159
   -0.600505
   -0.554789
   -0.582207
   -0.590450
   -0.567830
   -0.564454
   -0.574953
   -0.496836
   -0.372659
   -0.454723
   -0.444510
   -0.280449
   -0.321073
   -0.483745
   -0.504766
   -0.491738
   -0.512171
   -0.552330
   -0.519233
   -0.487859
   -0.475996
   -0.470567
   -0.474948
   -0.472265
   -0.484505
   -0.496161
   -0.527210
   -0.355854
   -0.355653
   -0.525708
   -0.575982
   -0.567487
   -0.610957
   -0.619649
   -0.609612
   -0.597476
   -0.571032
   -0.556499
   -0.563516
   -0.584773
   -0.594407
   -0.209928
   -0.297645
   -0.356315
   -0.387450
   -0.395905
   -0.405853
   -0.413955
   -0.427458
   -0.492994
   -0.485137
   -0.486775
   -0.477736
   -0.465667
   -0.459714
   -0.455975
   -0.456569
   -0.248755
   -0.273641
   -0.325731
   -0.381749
   -0.407695
   -0.407869
   -0.437793
   -0.450018
   -0.520609
   -0.526714
   -0.528065
   -0.524468
   -0.524163
   -0.521059
   -0.507318
   -0.487521
   -0.400416
   -0.297378
   -0.162217
   -0.138283
   -0.216904
   -0.278503
   -0.334916
   -0.394047
   -0.405492
   -0.443304
   -0.473764
   -0.469516
   -0.438945
   -0.414094
   -0.413660
   -0.453870
   -0.472254
   -0.288309
   -0.126226
   -0.104253
   -0.201170
   -0.271735
   -0.332332
   -0.395788
   -0.437950
   -0.485122
   -0.506497
   -0.502859
   -0.483120
   -0.460012
   -0.475037
   -0.528608
   -0.452686
   -0.407355
   -0.323653
   -0.252921
   -0.236413
   -0.246431
   -0.255016
   -0.255490
   -0.258285
   -0.335403
   -0.395149
   -0.428217
   -0.451146
   -0.442677
   -0.414286
   -0.429984
   -0.490678
   -0.433732
   -0.356154
   -0.261722
   -0.237821
   -0.270275
   -0.259861
   -0.216507
   -0.243124
   -0.316165
   -0.405327
   -0.478629
   -0.514692
   -0.503805
   -0.482749
   -0.461528
   -0.422875
   -0.446838
   -0.461113
   -0.408775
   -0.286195
   -0.186508
   -0.267451
   -0.428842
   -0.391422
   -0.296428
   -0.249170
   -0.269334
   -0.300980
   -0.357221
   -0.432352
   -0.456975
   -0.441629
   -0.455624
   -0.441926
   -0.372218
   -0.257173
   -0.171882
   -0.262474
   -0.402849
   -0.385725
   -0.294537
   -0.241343
   -0.247834
   -0.297680
   -0.364847
   -0.452467
   -0.493939
   -0.480398
   -0.446326
   -0.445582
   -0.415460
   -0.385826
   -0.382943
   -0.286876
   -0.201285
   -0.371815
   -0.407342
   -0.406975
   -0.389062
   -0.372350
   -0.335282
   -0.312447
   -0.306688
   -0.537303
   -0.485939
   -0.481177
   -0.442598
   -0.406171
   -0.389667
   -0.243824
   -0.140524
   -0.324303
   -0.428182
   -0.436066
   -0.405889
   -0.383539
   -0.321752
   -0.283418
   -0.336366
   -0.424749
   -0.490652
   -0.485096
   -0.501577
   -0.501567
   -0.453713
   -0.403641
   -0.334942
   -0.236772
   -0.285427
   -0.373174
   -0.411691
   -0.426086
   -0.409891
   -0.411928
   -0.427974
   -0.506653
   -0.551420
   -0.541523
   -0.539019
   -0.509517
   -0.466385
   -0.453271
   -0.384060
   -0.210623
   -0.222083
   -0.329718
   -0.404168
   -0.412175
   -0.411344
   -0.441320
   -0.426987
   -0.407059
   -0.451745
   -0.465457
   -0.442808
   -0.476435
   -0.493350
   -0.450756
   -0.438742
   -0.370962
   -0.292332
   -0.234167
   -0.270442
   -0.379595
   -0.438615
   -0.412081
   -0.362648
   -0.461050
   -0.456948
   -0.460314
   -0.488650
   -0.527822
   -0.513982
   -0.481871
   -0.500656
   -0.417990
   -0.307271
   -0.229910
   -0.252315
   -0.349802
   -0.436889
   -0.418513
   -0.356847
   -0.303159
   -0.426261
   -0.444539
   -0.448188
   -0.483832
   -0.458921
   -0.470473
   -0.445195
   -0.453634
   -0.424564
   -0.363624
   -0.279821
   -0.253065
   -0.310990
   -0.404305
   -0.420543
   -0.318480
   -0.458096
   -0.466118
   -0.467165
   -0.508746
   -0.509252
   -0.494573
   -0.480853
   -0.489264
   -0.495256
   -0.408975
   -0.289219
   -0.238723
   -0.304275
   -0.389820
   -0.404438
   -0.426995
   -0.403413
   -0.398738
   -0.419406
   -0.449404
   -0.468512
   -0.448700
   -0.439890
   -0.406961
   -0.410577
   -0.426644
   -0.434006
   -0.420304
   -0.396949
   -0.401305
   -0.420033
   -0.491430
   -0.449761
   -0.425308
   -0.442827
   -0.471034
   -0.472459
   -0.464610
   -0.482580
   -0.468788
   -0.453709
   -0.434881
   -0.426399
   -0.415688
   -0.402234
   -0.397715
   -0.398689
   -0.470484
   -0.451111
   -0.422588
   -0.418826
   -0.433495
   -0.446084
   -0.445366
   -0.429431
   -0.429268
   -0.428383
   -0.445650
   -0.462564
   -0.451114
   -0.434396
   -0.426714
   -0.440122
   -0.458457
   -0.476868
   -0.460805
   -0.460152
   -0.477232
   -0.488432
   -0.502894
   -0.470752
   -0.454578
   -0.457144
   -0.469252
   -0.494627
   -0.500479
   -0.470263
   -0.429328
   -0.419853
   -0.218665
   -0.286059
   -0.342176
   -0.370261
   -0.397280
   -0.414179
   -0.426027
   -0.446703
   -0.459550
   -0.456010
   -0.447711
   -0.446662
   -0.445435
   -0.448991
   -0.436473
   -0.428796
   -0.209031
   -0.278075
   -0.339401
   -0.359107
   -0.372257
   -0.425258
   -0.433003
   -0.471806
   -0.514720
   -0.493103
   -0.462519
   -0.462666
   -0.477354
   -0.478098
   -0.462765
   -0.458597
   -0.329526
   -0.149556
   -0.118303
   -0.210725
   -0.253529
   -0.314169
   -0.410006
   -0.413034
   -0.434579
   -0.456577
   -0.443216
   -0.429648
   -0.429522
   -0.435263
   -0.455792
   -0.465220
   -0.308781
   -0.110116
   -0.089960
   -0.190032
   -0.250624
   -0.292386
   -0.374090
   -0.414232
   -0.435696
   -0.455406
   -0.469618
   -0.472293
   -0.464397
   -0.470265
   -0.500238
   -0.464152
   -0.418206
   -0.408205
   -0.281925
   -0.191408
   -0.238696
   -0.260983
   -0.233380
   -0.276343
   -0.368137
   -0.430420
   -0.454806
   -0.453062
   -0.427396
   -0.396394
   -0.429419
   -0.463752
   -0.405797
   -0.389955
   -0.250301
   -0.169622
   -0.223300
   -0.228503
   -0.169985
   -0.229925
   -0.324302
   -0.407542
   -0.465209
   -0.483573
   -0.458260
   -0.427469
   -0.420099
   -0.434362
   -0.419510
   -0.426355
   -0.415270
   -0.312489
   -0.182621
   -0.226477
   -0.392281
   -0.344189
   -0.290148
   -0.250966
   -0.286468
   -0.335960
   -0.404046
   -0.468108
   -0.451479
   -0.426876
   -0.416730
   -0.387238
   -0.351863
   -0.249494
   -0.113425
   -0.206436
   -0.373974
   -0.334549
   -0.251068
   -0.202206
   -0.223408
   -0.318922
   -0.425758
   -0.508606
   -0.491370
   -0.414982
   -0.446593
   -0.451879
   -0.391947
   -0.387680
   -0.392058
   -0.256374
   -0.176101
   -0.337132
   -0.428011
   -0.383547
   -0.340866
   -0.302172
   -0.285962
   -0.320828
   -0.356809
   -0.410210
   -0.502466
   -0.466196
   -0.400116
   -0.371468
   -0.362140
   -0.227840
   -0.128960
   -0.289340
   -0.406214
   -0.391016
   -0.318330
   -0.271697
   -0.252972
   -0.286840
   -0.369081
   -0.432056
   -0.490954
   -0.459376
   -0.485462
   -0.460548
   -0.414210
   -0.418246
   -0.353252
   -0.197253
   -0.263156
   -0.379970
   -0.429000
   -0.426647
   -0.398512
   -0.365302
   -0.371990
   -0.283919
   -0.526493
   -0.496259
   -0.524902
   -0.473567
   -0.432651
   -0.455534
   -0.374834
   -0.184015
   -0.229830
   -0.340910
   -0.394423
   -0.380230
   -0.349686
   -0.345063
   -0.346979
   -0.263954
   -0.430332
   -0.438938
   -0.445142
   -0.467297
   -0.477480
   -0.482561
   -0.451631
   -0.411780
   -0.268582
   -0.245103
   -0.240449
   -0.235476
   -0.244569
   -0.265279
   -0.336119
   -0.407797
   -0.487730
   -0.505904
   -0.515464
   -0.512050
   -0.505136
   -0.499041
   -0.452898
   -0.418979
   -0.293514
   -0.274696
   -0.257959
   -0.240790
   -0.237846
   -0.265560
   -0.327944
   -0.389220
   -0.466762
   -0.466467
   -0.472436
   -0.466376
   -0.451320
   -0.439645
   -0.445837
   -0.437470
   -0.430958
   -0.417242
   -0.406479
   -0.408596
   -0.397982
   -0.354764
   -0.300696
   -0.261684
   -0.457379
   -0.503543
   -0.536049
   -0.534830
   -0.515587
   -0.503285
   -0.480254
   -0.450003
   -0.433046
   -0.437007
   -0.439520
   -0.438668
   -0.415146
   -0.374186
   -0.291973
   -0.233947
   -0.487707
   -0.472205
   -0.474219
   -0.489057
   -0.490219
   -0.466223
   -0.467709
   -0.457019
   -0.463107
   -0.465780
   -0.458891
   -0.441272
   -0.424960
   -0.433405
   -0.465644
   -0.471408
   -0.466803
   -0.452423
   -0.485989
   -0.536152
   -0.533462
   -0.504143
   -0.520824
   -0.534003
   -0.499191
   -0.488887
   -0.474995
   -0.453757
   -0.425640
   -0.421250
   -0.437675
   -0.464306
   -0.414107
   -0.419531
   -0.452592
   -0.477685
   -0.479311
   -0.495862
   -0.485510
   -0.472018
   -0.462212
   -0.476823
   -0.474803
   -0.459513
   -0.441854
   -0.434259
   -0.444903
   -0.424499
   -0.406302
   -0.423677
   -0.471269
   -0.516806
   -0.536787
   -0.556144
   -0.537787
   -0.521440
   -0.511687
   -0.518385
   -0.525325
   -0.532394
   -0.513621
   -0.474114
   -0.448354
   -0.424576
   -0.216242
   -0.318983
   -0.368726
   -0.422825
   -0.460497
   -0.477327
   -0.487144
   -0.493181
   -0.457430
   -0.462079
   -0.469883
   -0.466648
   -0.457983
   -0.445444
   -0.436302
   -0.429318
   -0.225567
   -0.317281
   -0.334843
   -0.358766
   -0.449034
   -0.501830
   -0.548580
   -0.577045
   -0.518962
   -0.491738
   -0.501958
   -0.521813
   -0.519509
   -0.507169
   -0.494689
   -0.445875
   -0.218792
   -0.128490
   -0.191749
   -0.231925
   -0.307192
   -0.401344
   -0.418742
   -0.455306
   -0.495551
   -0.469608
   -0.457427
   -0.466029
   -0.485821
   -0.501589
   -0.482428
   -0.429453
   -0.165733
   -0.085422
   -0.151335
   -0.221762
   -0.293447
   -0.401826
   -0.450022
   -0.467672
   -0.499803
   -0.525143
   -0.541243
   -0.533102
   -0.531737
   -0.539871
   -0.488949
   -0.477988
   -0.421289
   -0.286850
   -0.199775
   -0.275530
   -0.309078
   -0.244896
   -0.260045
   -0.359994
   -0.459941
   -0.466939
   -0.474970
   -0.464328
   -0.440881
   -0.456405
   -0.486125
   -0.486422
   -0.411312
   -0.310456
   -0.223263
   -0.270328
   -0.280781
   -0.200281
   -0.235339
   -0.346354
   -0.485704
   -0.542522
   -0.540178
   -0.512675
   -0.478575
   -0.474523
   -0.500780
   -0.549863
   -0.436198
   -0.416503
   -0.350136
   -0.214020
   -0.213417
   -0.379154
   -0.343965
   -0.278032
   -0.268831
   -0.339808
   -0.403118
   -0.446722
   -0.484208
   -0.448588
   -0.419517
   -0.431043
   -0.440939
   -0.413649
   -0.325005
   -0.172490
   -0.230630
   -0.407969
   -0.374180
   -0.271774
   -0.238130
   -0.337357
   -0.465498
   -0.521950
   -0.522884
   -0.470866
   -0.440919
   -0.479919
   -0.239568
   -0.297709
   -0.352362
   -0.402209
   -0.431405
   -0.439625
   -0.423832
   -0.395605
   -0.421847
   -0.409467
   -0.412194
   -0.412476
   -0.418876
   -0.436703
   -0.453018
   -0.458989
   -0.283089
   -0.343316
   -0.391169
   -0.416355
   -0.442803
   -0.454388
   -0.446690
   -0.429330
   -0.418187
   -0.414070
   -0.421170
   -0.431500
   -0.450982
   -0.457971
   -0.469793
   -0.482981
   -0.395114
   -0.356129
   -0.300018
   -0.257661
   -0.250739
   -0.267547
   -0.322410
   -0.366474
   -0.412661
   -0.428149
   -0.412088
   -0.408106
   -0.420030
   -0.426571
   -0.423374
   -0.427108
   -0.438009
   -0.371705
   -0.306274
   -0.263464
   -0.260336
   -0.277741
   -0.328072
   -0.391653
   -0.426791
   -0.443997
   -0.443034
   -0.433815
   -0.442896
   -0.442903
   -0.435262
   -0.443154
   -0.488810
   -0.462582
   -0.473949
   -0.488671
   -0.478435
   -0.414418
   -0.383055
   -0.284339
   -0.282899
   -0.285449
   -0.295014
   -0.311604
   -0.337942
   -0.391140
   -0.448452
   -0.460338
   -0.531701
   -0.518311
   -0.506349
   -0.525045
   -0.524511
   -0.462816
   -0.418528
   -0.308466
   -0.299328
   -0.298403
   -0.296956
   -0.304741
   -0.330121
   -0.379575
   -0.429289
   -0.470448
   -0.447727
   -0.465390
   -0.475641
   -0.473449
   -0.468285
   -0.465742
   -0.448563
   -0.448547
   -0.438629
   -0.404565
   -0.374980
   -0.332654
   -0.288828
   -0.261174
   -0.261596
   -0.277613
   -0.477355
   -0.534573
   -0.549690
   -0.536412
   -0.521057
   -0.499142
   -0.477254
   -0.464782
   -0.472192
   -0.449101
   -0.408955
   -0.355185
   -0.309233
   -0.255594
   -0.238433
   -0.275526
   -0.485269
   -0.474537
   -0.486034
   -0.498518
   -0.476550
   -0.487531
   -0.481551
   -0.477218
   -0.387730
   -0.402733
   -0.426444
   -0.436393
   -0.446749
   -0.450455
   -0.416812
   -0.308637
   -0.486224
   -0.495259
   -0.542173
   -0.540252
   -0.509404
   -0.526011
   -0.552370
   -0.523681
   -0.432442
   -0.449522
   -0.469845
   -0.471644
   -0.467492
   -0.463149
   -0.446649
   -0.380671
   -0.428849
   -0.448395
   -0.474023
   -0.485862
   -0.495627
   -0.473379
   -0.458313
   -0.482156
   -0.493369
   -0.477248
   -0.448102
   -0.417616
   -0.417780
   -0.440670
   -0.439605
   -0.433310
   -0.427741
   -0.447456
   -0.490527
   -0.545363
   -0.591838
   -0.546756
   -0.512365
   -0.514859
   -0.539001
   -0.534303
   -0.527945
   -0.486415
   -0.442709
   -0.439888
   -0.450117
   -0.503733
   -0.239442
   -0.354959
   -0.405299
   -0.412406
   -0.452132
   -0.477828
   -0.491868
   -0.505467
   -0.474922
   -0.470831
   -0.471459
   -0.483339
   -0.461805
   -0.426074
   -0.413357
   -0.458999
   -0.243944
   -0.341290
   -0.376956
   -0.438372
   -0.509805
   -0.536743
   -0.567205
   -0.559095
   -0.504204
   -0.523960
   -0.542804
   -0.539170
   -0.521283
   -0.504503
   -0.442703
   -0.451247
   -0.084799
   -0.198811
   -0.251865
   -0.319291
   -0.405255
   -0.407433
   -0.442555
   -0.512137
   -0.457196
   -0.454676
   -0.460527
   -0.464236
   -0.475943
   -0.476217
   -0.423390
   -0.445797
   -0.087622
   -0.158524
   -0.234502
   -0.301325
   -0.394723
   -0.443724
   -0.484080
   -0.514583
   -0.523794
   -0.552734
   -0.543005
   -0.532718
   -0.537855
   -0.498951
   -0.489945
   -0.517645
   -0.442662
   -0.446696
   -0.449620
   -0.434492
   -0.426884
   -0.423454
   -0.431342
   -0.437859
   -0.457802
   -0.461336
   -0.470560
   -0.474788
   -0.472530
   -0.468594
   -0.457935
   -0.444794
   -0.420638
   -0.441447
   -0.458989
   -0.463091
   -0.458111
   -0.447665
   -0.471015
   -0.501381
   -0.521895
   -0.524779
   -0.530668
   -0.528629
   -0.533330
   -0.539772
   -0.521782
   -0.497769
   -0.421621
   -0.418386
   -0.412064
   -0.411624
   -0.420563
   -0.434742
   -0.440998
   -0.439216
   -0.452445
   -0.449532
   -0.451711
   -0.447275
   -0.444582
   -0.454587
   -0.476243
   -0.489480
   -0.456668
   -0.425330
   -0.409488
   -0.408819
   -0.423034
   -0.432162
   -0.441489
   -0.450957
   -0.456348
   -0.461001
   -0.462305
   -0.452841
   -0.464388
   -0.483057
   -0.521107
   -0.554289
   -0.250309
   -0.313194
   -0.373877
   -0.418911
   -0.426837
   -0.403301
   -0.407881
   -0.413982
   -0.431793
   -0.434271
   -0.425132
   -0.428931
   -0.438578
   -0.455962
   -0.445615
   -0.437487
   -0.310044
   -0.355989
   -0.399885
   -0.431175
   -0.448444
   -0.437022
   -0.424866
   -0.402329
   -0.418009
   -0.433536
   -0.441679
   -0.452949
   -0.456590
   -0.474634
   -0.502331
   -0.519551
   -0.403556
   -0.324655
   -0.260292
   -0.228606
   -0.246175
   -0.293880
   -0.344647
   -0.393229
   -0.390917
   -0.396473
   -0.422382
   -0.437732
   -0.428585
   -0.429254
   -0.429722
   -0.446336
   -0.438927
   -0.360426
   -0.291323
   -0.249549
   -0.255781
   -0.303680
   -0.360216
   -0.398575
   -0.417062
   -0.417696
   -0.425375
   -0.419380
   -0.402408
   -0.393298
   -0.426269
   -0.451793
   -0.432879
   -0.454856
   -0.487335
   -0.474106
   -0.432111
   -0.356719
   -0.289837
   -0.271476
   -0.295012
   -0.313502
   -0.346889
   -0.392359
   -0.428642
   -0.444705
   -0.436995
   -0.428796
   -0.464584
   -0.479389
   -0.527581
   -0.526523
   -0.473048
   -0.388890
   -0.310949
   -0.289947
   -0.288577
   -0.315810
   -0.363350
   -0.416759
   -0.462332
   -0.486996
   -0.476299
   -0.460643
   -0.491523
   -0.498591
   -0.481493
   -0.465667
   -0.449680
   -0.436569
   -0.434328
   -0.424426
   -0.370373
   -0.321626
   -0.272130
   -0.246619
   -0.256726
   -0.285025
   -0.348600
   -0.408002
   -0.536652
   -0.548152
   -0.527767
   -0.504981
   -0.482407
   -0.463663
   -0.468273
   -0.470436
   -0.408751
   -0.329100
   -0.249485
   -0.214983
   -0.228261
   -0.286191
   -0.391453
   -0.476178
   -0.468993
   -0.475823
   -0.467342
   -0.445131
   -0.453319
   -0.480874
   -0.463296
   -0.440716
   -0.420447
   -0.441818
   -0.435674
   -0.424905
   -0.388019
   -0.308996
   -0.221879
   -0.194065
   -0.497155
   -0.519023
   -0.502857
   -0.494285
   -0.524507
   -0.536191
   -0.487491
   -0.455097
   -0.443333
   -0.447268
   -0.440319
   -0.421937
   -0.393403
   -0.343000
   -0.249811
   -0.186392
   -0.409300
   -0.447529
   -0.482400
   -0.501622
   -0.491897
   -0.469104
   -0.458993
   -0.459869
   -0.481023
   -0.453777
   -0.428020
   -0.441680
   -0.448481
   -0.447322
   -0.430238
   -0.406511
   -0.411820
   -0.476623
   -0.546876
   -0.573579
   -0.542999
   -0.501261
   -0.492044
   -0.497645
   -0.516770
   -0.479490
   -0.431476
   -0.424024
   -0.450671
   -0.485324
   -0.471209
   -0.429476
   -0.467075
   -0.476992
   -0.478443
   -0.472828
   -0.460188
   -0.445937
   -0.449044
   -0.454632
   -0.446988
   -0.451966
   -0.456068
   -0.456451
   -0.463245
   -0.463214
   -0.454692
   -0.442214
   -0.506298
   -0.500470
   -0.488071
   -0.482547
   -0.476140
   -0.469153
   -0.471306
   -0.482533
   -0.491185
   -0.489392
   -0.490577
   -0.488019
   -0.485442
   -0.482027
   -0.471861
   -0.462168
   -0.450488
   -0.454826
   -0.461521
   -0.467993
   -0.473398
   -0.469046
   -0.458944
   -0.451821
   -0.451203
   -0.449474
   -0.447387
   -0.446700
   -0.444303
   -0.443617
   -0.450060
   -0.454417
   -0.505199
   -0.513387
   -0.527120
   -0.542414
   -0.545317
   -0.531710
   -0.517825
   -0.507538
   -0.495752
   -0.494060
   -0.486095
   -0.481059
   -0.483895
   -0.493742
   -0.499333
   -0.498946
   -0.436514
   -0.441750
   -0.432654
   -0.433158
   -0.432233
   -0.445270
   -0.445156
   -0.454478
   -0.466607
   -0.480033
   -0.478458
   -0.469692
   -0.462379
   -0.454934
   -0.447911
   -0.446639
   -0.423701
   -0.445260
   -0.462243
   -0.462789
   -0.465609
   -0.496950
   -0.499633
   -0.506124
   -0.523103
   -0.522924
   -0.518795
   -0.524268
   -0.520245
   -0.505063
   -0.485787
   -0.482161
   -0.423708
   -0.415557
   -0.423041
   -0.436502
   -0.440746
   -0.448368
   -0.452922
   -0.452785
   -0.440092
   -0.447437
   -0.450395
   -0.456824
   -0.466166
   -0.483366
   -0.475004
   -0.465417
   -0.458980
   -0.436489
   -0.423493
   -0.424930
   -0.428766
   -0.450829
   -0.465752
   -0.483330
   -0.458197
   -0.463184
   -0.470230
   -0.485257
   -0.511900
   -0.535795
   -0.549655
   -0.530548
   -0.223381
   -0.310734
   -0.387052
   -0.417327
   -0.436801
   -0.439931
   -0.436490
   -0.430401
   -0.449194
   -0.442339
   -0.449905
   -0.456949
   -0.458740
   -0.448882
   -0.454341
   -0.469024
   -0.253215
   -0.336352
   -0.403427
   -0.450539
   -0.463246
   -0.434588
   -0.397855
   -0.395743
   -0.442777
   -0.448936
   -0.453415
   -0.463922
   -0.489322
   -0.509322
   -0.507362
   -0.510882
   -0.412717
   -0.333645
   -0.278819
   -0.265775
   -0.281234
   -0.338787
   -0.381195
   -0.399061
   -0.400954
   -0.422993
   -0.426872
   -0.426345
   -0.430799
   -0.436077
   -0.439851
   -0.439950
   -0.460396
   -0.371899
   -0.280108
   -0.242882
   -0.257785
   -0.320852
   -0.386777
   -0.422762
   -0.423502
   -0.424746
   -0.406192
   -0.399383
   -0.420611
   -0.452872
   -0.468616
   -0.472933
   -0.450594
   -0.475662
   -0.477911
   -0.442749
   -0.370132
   -0.303905
   -0.271530
   -0.270580
   -0.336454
   -0.372159
   -0.408974
   -0.431302
   -0.435891
   -0.430256
   -0.426264
   -0.418902
   -0.476110
   -0.511624
   -0.521489
   -0.471921
   -0.395791
   -0.331298
   -0.283217
   -0.279736
   -0.328921
   -0.374749
   -0.420739
   -0.449071
   -0.453734
   -0.443010
   -0.439066
   -0.427670
   -0.509752
   -0.477190
   -0.456052
   -0.449449
   -0.444400
   -0.458276
   -0.438762
   -0.387911
   -0.317133
   -0.281016
   -0.277416
   -0.296798
   -0.337686
   -0.398374
   -0.438769
   -0.439681
   -0.567820
   -0.531336
   -0.495537
   -0.472807
   -0.473185
   -0.495939
   -0.488439
   -0.427453
   -0.309245
   -0.249747
   -0.243065
   -0.278413
   -0.355728
   -0.451126
   -0.482865
   -0.475756
   -0.446926
   -0.447634
   -0.451383
   -0.462881
   -0.465562
   -0.453949
   -0.449243
   -0.448891
   -0.448806
   -0.437734
   -0.434123
   -0.432747
   -0.427300
   -0.425520
   -0.434587
   -0.444541
   -0.478962
   -0.476829
   -0.472020
   -0.475866
   -0.479134
   -0.475090
   -0.469377
   -0.462114
   -0.453880
   -0.451598
   -0.456614
   -0.459012
   -0.449294
   -0.443394
   -0.448558
   -0.463439
   -0.447275
   -0.448577
   -0.451146
   -0.452405
   -0.450242
   -0.443671
   -0.442258
   -0.445036
   -0.448613
   -0.442928
   -0.436238
   -0.436461
   -0.436547
   -0.432995
   -0.424964
   -0.417518
   -0.477833
   -0.484575
   -0.489138
   -0.495728
   -0.492633
   -0.488026
   -0.485128
   -0.473552
   -0.470408
   -0.466359
   -0.462479
   -0.463977
   -0.463974
   -0.458719
   -0.447341
   -0.439865
   -0.489233
   -0.493305
   -0.483148
   -0.469502
   -0.459322
   -0.461596
   -0.463268
   -0.450733
   -0.451298
   -0.454756
   -0.454436
   -0.459670
   -0.460436
   -0.453990
   -0.443685
   -0.447886
   -0.502832
   -0.498537
   -0.495136
   -0.485781
   -0.479063
   -0.482157
   -0.485359
   -0.488968
   -0.485394
   -0.486290
   -0.483093
   -0.480059
   -0.478289
   -0.470072
   -0.455872
   -0.454167
   -0.441778
   -0.457424
   -0.482363
   -0.498353
   -0.492828
   -0.474357
   -0.457725
   -0.450243
   -0.452837
   -0.449293
   -0.444621
   -0.441565
   -0.442985
   -0.448953
   -0.451297
   -0.455563
   -0.493555
   -0.513054
   -0.541148
   -0.558412
   -0.550629
   -0.525056
   -0.508698
   -0.487417
   -0.495630
   -0.486738
   -0.480390
   -0.486451
   -0.498825
   -0.504386
   -0.495875
   -0.484803
   -0.421365
   -0.425438
   -0.430069
   -0.437105
   -0.448999
   -0.451141
   -0.449280
   -0.460477
   -0.478973
   -0.476737
   -0.466204
   -0.455733
   -0.449488
   -0.448549
   -0.450513
   -0.439458
   -0.435150
   -0.452713
   -0.453701
   -0.460466
   -0.493307
   -0.499709
   -0.497481
   -0.518231
   -0.523592
   -0.514425
   -0.513774
   -0.507935
   -0.494029
   -0.477062
   -0.477474
   -0.477476
   -0.423998
   -0.424078
   -0.429620
   -0.420877
   -0.427106
   -0.445459
   -0.454341
   -0.448392
   -0.454377
   -0.456920
   -0.463795
   -0.472971
   -0.484712
   -0.470442
   -0.453003
   -0.452313
   -0.447652
   -0.422946
   -0.404329
   -0.396433
   -0.416851
   -0.450877
   -0.482033
   -0.464242
   -0.469040
   -0.479588
   -0.497807
   -0.524129
   -0.540517
   -0.539923
   -0.511824
   -0.483522
   -0.230924
   -0.343101
   -0.408857
   -0.440862
   -0.423508
   -0.405305
   -0.401881
   -0.417672
   -0.459999
   -0.453786
   -0.445983
   -0.446092
   -0.447373
   -0.469087
   -0.487910
   -0.471864
   -0.253405
   -0.361322
   -0.449916
   -0.480383
   -0.442597
   -0.401694
   -0.391084
   -0.428234
   -0.481268
   -0.483831
   -0.477534
   -0.481794
   -0.489012
   -0.491449
   -0.515575
   -0.530486
   -0.403171
   -0.295426
   -0.227155
   -0.232921
   -0.312644
   -0.394883
   -0.431416
   -0.430177
   -0.424179
   -0.426000
   -0.422897
   -0.433597
   -0.450775
   -0.457749
   -0.438114
   -0.438049
   -0.437374
   -0.290733
   -0.203941
   -0.217248
   -0.312633
   -0.418180
   -0.458982
   -0.452357
   -0.403462
   -0.408158
   -0.423261
   -0.449239
   -0.460170
   -0.464435
   -0.474213
   -0.488312
   -0.447775
   -0.438700
   -0.439603
   -0.441291
   -0.444103
   -0.442228
   -0.434908
   -0.429263
   -0.432682
   -0.433698
   -0.434642
   -0.435082
   -0.435958
   -0.439311
   -0.443328
   -0.441776
   -0.478776
   -0.469896
   -0.462883
   -0.461639
   -0.460700
   -0.457246
   -0.457832
   -0.449935
   -0.442139
   -0.452003
   -0.461746
   -0.468318
   -0.470024
   -0.474050
   -0.480093
   -0.475003
   -0.442938
   -0.441076
   -0.439138
   -0.435531
   -0.435251
   -0.431362
   -0.430602
   -0.435052
   -0.437992
   -0.433931
   -0.436399
   -0.441189
   -0.440729
   -0.442695
   -0.442301
   -0.444292
   -0.479129
   -0.470119
   -0.457974
   -0.452820
   -0.448943
   -0.444933
   -0.447717
   -0.449050
   -0.441576
   -0.441028
   -0.444784
   -0.454125
   -0.459284
   -0.455263
   -0.460120
   -0.470360
   -0.467510
   -0.467404
   -0.457240
   -0.442621
   -0.434603
   -0.417614
   -0.425382
   -0.423197
   -0.447743
   -0.436635
   -0.429961
   -0.428684
   -0.432078
   -0.438631
   -0.444596
   -0.443540
   -0.489508
   -0.486888
   -0.485747
   -0.485766
   -0.482539
   -0.466763
   -0.458430
   -0.453440
   -0.455197
   -0.459351
   -0.459277
   -0.452674
   -0.456737
   -0.460153
   -0.467885
   -0.469920
   -0.442249
   -0.451032
   -0.466114
   -0.473273
   -0.471849
   -0.459849
   -0.457145
   -0.455799
   -0.447682
   -0.440404
   -0.434127
   -0.431595
   -0.427138
   -0.422819
   -0.424595
   -0.434170
   -0.469490
   -0.482036
   -0.495490
   -0.504092
   -0.507798
   -0.487983
   -0.481144
   -0.468121
   -0.467856
   -0.463650
   -0.460758
   -0.458616
   -0.452574
   -0.446568
   -0.448604
   -0.456586
   -0.507016
   -0.501622
   -0.476253
   -0.460417
   -0.449049
   -0.450478
   -0.453339
   -0.453292
   -0.447751
   -0.448410
   -0.455798
   -0.458699
   -0.457636
   -0.443806
   -0.438844
   -0.429885
   -0.535921
   -0.517479
   -0.502977
   -0.483031
   -0.478259
   -0.485069
   -0.504134
   -0.507506
   -0.482015
   -0.480619
   -0.480924
   -0.479119
   -0.474027
   -0.458581
   -0.451830
   -0.447330
   -0.446773
   -0.460070
   -0.486099
   -0.491469
   -0.481816
   -0.464912
   -0.458770
   -0.465519
   -0.451455
   -0.443951
   -0.442883
   -0.442036
   -0.445446
   -0.448518
   -0.455358
   -0.443216
   -0.460437
   -0.489470
   -0.527713
   -0.545504
   -0.539880
   -0.518936
   -0.502476
   -0.488989
   -0.496383
   -0.487631
   -0.489777
   -0.498970
   -0.499410
   -0.493073
   -0.489161
   -0.466469
   -0.416234
   -0.439562
   -0.462508
   -0.470541
   -0.466581
   -0.451893
   -0.458015
   -0.481504
   -0.464756
   -0.458067
   -0.445721
   -0.437185
   -0.445374
   -0.446565
   -0.444082
   -0.443413
   -0.408139
   -0.433433
   -0.457297
   -0.491213
   -0.510825
   -0.509122
   -0.522031
   -0.533155
   -0.527474
   -0.515404
   -0.506732
   -0.494045
   -0.477676
   -0.473351
   -0.468426
   -0.469898
   -0.418303
   -0.420972
   -0.418700
   -0.418203
   -0.442372
   -0.447607
   -0.438103
   -0.436164
   -0.449487
   -0.449840
   -0.459055
   -0.464174
   -0.472994
   -0.450679
   -0.444997
   -0.441044
   -0.464747
   -0.433593
   -0.408130
   -0.413080
   -0.443837
   -0.467460
   -0.458310
   -0.434613
   -0.485312
   -0.495263
   -0.510584
   -0.526688
   -0.532760
   -0.504977
   -0.486390
   -0.471168
   -0.448074
   -0.447197
   -0.447540
   -0.439343
   -0.430473
   -0.438850
   -0.447644
   -0.439357
   -0.441981
   -0.445302
   -0.441309
   -0.446793
   -0.472528
   -0.483805
   -0.458406
   -0.421700
   -0.491037
   -0.482434
   -0.481189
   -0.474903
   -0.457399
   -0.454371
   -0.453855
   -0.468687
   -0.479847
   -0.484528
   -0.480362
   -0.492392
   -0.533264
   -0.535380
   -0.516253
   -0.485341
   -0.444204
   -0.445222
   -0.447239
   -0.442646
   -0.447440
   -0.446881
   -0.443250
   -0.438932
   -0.438006
   -0.445149
   -0.450970
   -0.450486
   -0.448161
   -0.446333
   -0.456748
   -0.479660
   -0.480713
   -0.473773
   -0.471339
   -0.466525
   -0.468007
   -0.455412
   -0.450444
   -0.465451
   -0.459588
   -0.483192
   -0.504211
   -0.501822
   -0.487288
   -0.492155
   -0.509739
   -0.547406
   -0.450350
   -0.452233
   -0.453617
   -0.445093
   -0.443608
   -0.441280
   -0.437145
   -0.437626
   -0.439348
   -0.441154
   -0.442651
   -0.446514
   -0.448870
   -0.450863
   -0.451788
   -0.455136
   -0.474849
   -0.476295
   -0.477294
   -0.472488
   -0.474710
   -0.468273
   -0.463219
   -0.465332
   -0.471507
   -0.479413
   -0.485740
   -0.487612
   -0.486666
   -0.485943
   -0.495637
   -0.492970
   -0.450709
   -0.446611
   -0.443051
   -0.436809
   -0.437205
   -0.438919
   -0.445922
   -0.447458
   -0.444825
   -0.443037
   -0.444603
   -0.449165
   -0.449088
   -0.446717
   -0.448245
   -0.453305
   -0.479531
   -0.474298
   -0.468820
   -0.461193
   -0.462070
   -0.460764
   -0.461506
   -0.459764
   -0.457717
   -0.464603
   -0.471185
   -0.469228
   -0.468742
   -0.472555
   -0.504431
   -0.510473
   -0.472183
   -0.453250
   -0.445405
   -0.433738
   -0.433846
   -0.434273
   -0.458088
   -0.452025
   -0.439134
   -0.435768
   -0.435745
   -0.441627
   -0.447686
   -0.450772
   -0.445766
   -0.448233
   -0.508794
   -0.504413
   -0.503077
   -0.487264
   -0.475836
   -0.471179
   -0.474313
   -0.475470
   -0.471158
   -0.472588
   -0.470222
   -0.469262
   -0.477858
   -0.485893
   -0.490356
   -0.491455
   -0.472393
   -0.481866
   -0.481772
   -0.474287
   -0.471231
   -0.466217
   -0.460473
   -0.452732
   -0.438476
   -0.438183
   -0.432939
   -0.426016
   -0.426094
   -0.440494
   -0.447560
   -0.447573
   -0.502673
   -0.514412
   -0.523175
   -0.515625
   -0.509141
   -0.487212
   -0.481939
   -0.482635
   -0.474228
   -0.471107
   -0.464937
   -0.457052
   -0.459855
   -0.471960
   -0.482335
   -0.483738
   -0.499357
   -0.468434
   -0.455597
   -0.451553
   -0.453618
   -0.456825
   -0.455425
   -0.454741
   -0.461759
   -0.464103
   -0.463706
   -0.451054
   -0.448308
   -0.435160
   -0.432410
   -0.439974
   -0.528810
   -0.504605
   -0.489188
   -0.486828
   -0.506650
   -0.516779
   -0.504676
   -0.499200
   -0.489356
   -0.486309
   -0.486627
   -0.477056
   -0.465922
   -0.457256
   -0.453861
   -0.455820
   -0.480075
   -0.499678
   -0.500950
   -0.497132
   -0.488034
   -0.479733
   -0.464489
   -0.454049
   -0.450648
   -0.447898
   -0.451766
   -0.456624
   -0.464740
   -0.448263
   -0.444138
   -0.443062
   -0.524358
   -0.556896
   -0.563220
   -0.546382
   -0.524523
   -0.506477
   -0.502926
   -0.495650
   -0.498010
   -0.504917
   -0.506314
   -0.505005
   -0.504950
   -0.483826
   -0.464663
   -0.457395
   -0.450240
   -0.458205
   -0.460174
   -0.462719
   -0.453682
   -0.448119
   -0.456284
   -0.466392
   -0.447676
   -0.447911
   -0.446301
   -0.445891
   -0.454894
   -0.449391
   -0.419422
   -0.453642
   -0.470308
   -0.478064
   -0.480971
   -0.493421
   -0.505690
   -0.500920
   -0.485364
   -0.488886
   -0.518945
   -0.504097
   -0.481827
   -0.479962
   -0.500401
   -0.450367
   -0.414673
   -0.457717
   -0.451577
   -0.439717
   -0.437205
   -0.438125
   -0.435299
   -0.438805
   -0.452896
   -0.434929
   -0.455382
   -0.469592
   -0.468849
   -0.451292
   -0.445714
   -0.433331
   -0.435959
   -0.436815
   -0.479913
   -0.470574
   -0.472132
   -0.477862
   -0.497024
   -0.501517
   -0.495460
   -0.480987
   -0.512692
   -0.509201
   -0.523885
   -0.509564
   -0.481002
   -0.476545
   -0.439012
   -0.426260
   -0.449384
   -0.445920
   -0.436218
   -0.436891
   -0.445417
   -0.450563
   -0.444104
   -0.448171
   -0.438362
   -0.443895
   -0.455907
   -0.471460
   -0.469508
   -0.451930
   -0.422947
   -0.447885
   -0.474706
   -0.468046
   -0.458580
   -0.448552
   -0.451981
   -0.451615
   -0.465934
   -0.473605
   -0.471768
   -0.474665
   -0.493785
   -0.524428
   -0.516114
   -0.501901
   -0.477748
   -0.473798
   -0.445293
   -0.446067
   -0.439266
   -0.440304
   -0.442333
   -0.441379
   -0.437371
   -0.441103
   -0.447595
   -0.449412
   -0.448800
   -0.449936
   -0.451637
   -0.455552
   -0.462601
   -0.451373
   -0.471340
   -0.467190
   -0.461584
   -0.458270
   -0.449765
   -0.449378
   -0.459149
   -0.453508
   -0.480282
   -0.498101
   -0.497253
   -0.484956
   -0.490465
   -0.502784
   -0.530024
   -0.508475
   -0.448030
   -0.450136
   -0.445647
   -0.442805
   -0.445855
   -0.443316
   -0.443747
   -0.442783
   -0.445270
   -0.446488
   -0.445264
   -0.443834
   -0.448313
   -0.459237
   -0.467932
   -0.482063
   -0.463897
   -0.468686
   -0.467330
   -0.470563
   -0.466541
   -0.458556
   -0.456173
   -0.461940
   -0.482047
   -0.483408
   -0.478632
   -0.476763
   -0.477598
   -0.492953
   -0.498195
   -0.515130
   -0.453690
   -0.449958
   -0.440705
   -0.438441
   -0.440477
   -0.449044
   -0.447935
   -0.442508
   -0.445957
   -0.445405
   -0.447232
   -0.449619
   -0.452012
   -0.449822
   -0.451590
   -0.469646
   -0.479438
   -0.472225
   -0.461511
   -0.458115
   -0.452809
   -0.449988
   -0.452737
   -0.450935
   -0.456958
   -0.460504
   -0.462051
   -0.465422
   -0.471867
   -0.493448
   -0.495993
   -0.518607
   -0.460483
   -0.451963
   -0.434322
   -0.431232
   -0.433570
   -0.454789
   -0.440537
   -0.427048
   -0.432122
   -0.439209
   -0.448837
   -0.450585
   -0.449671
   -0.448137
   -0.447235
   -0.453583
   -0.504080
   -0.499534
   -0.481454
   -0.469917
   -0.464620
   -0.467469
   -0.468647
   -0.466170
   -0.458218
   -0.466500
   -0.473135
   -0.475270
   -0.474274
   -0.482462
   -0.484296
   -0.493942
   -0.475545
   -0.474945
   -0.469793
   -0.472625
   -0.469407
   -0.470033
   -0.468223
   -0.452532
   -0.434410
   -0.430755
   -0.428293
   -0.433263
   -0.440806
   -0.449144
   -0.454587
   -0.464435
   -0.502696
   -0.511020
   -0.500372
   -0.505388
   -0.485177
   -0.485747
   -0.485451
   -0.481427
   -0.464078
   -0.458924
   -0.453284
   -0.460884
   -0.467393
   -0.473198
   -0.478660
   -0.493822
   -0.428088
   -0.451406
   -0.446442
   -0.442916
   -0.477155
   -0.465731
   -0.436698
   -0.443744
   -0.423912
   -0.382002
   -0.415988
   -0.407213
   -0.287687
   -0.233001
   -0.327924
   -0.430426
   -0.456017
   -0.457565
   -0.439594
   -0.445014
   -0.492700
   -0.496593
   -0.465172
   -0.433153
   -0.416460
   -0.377092
   -0.398270
   -0.373633
   -0.250756
   -0.203121
   -0.309536
   -0.421856
   -0.408174
   -0.420573
   -0.427352
   -0.421941
   -0.415295
   -0.441888
   -0.446339
   -0.420772
   -0.446698
   -0.441638
   -0.412299
   -0.406379
   -0.413268
   -0.362652
   -0.275070
   -0.213324
   -0.450116
   -0.444945
   -0.445916
   -0.447212
   -0.451478
   -0.500274
   -0.501365
   -0.442558
   -0.425123
   -0.406378
   -0.392364
   -0.402827
   -0.409853
   -0.346041
   -0.240458
   -0.185854
   -0.441740
   -0.440698
   -0.442570
   -0.447131
   -0.443484
   -0.443787
   -0.455316
   -0.459618
   -0.441092
   -0.442195
   -0.433130
   -0.410471
   -0.404440
   -0.421634
   -0.424517
   -0.412792
   -0.436474
   -0.436716
   -0.437663
   -0.441397
   -0.435164
   -0.433710
   -0.447537
   -0.452278
   -0.430569
   -0.429008
   -0.408339
   -0.386195
   -0.390047
   -0.403936
   -0.399717
   -0.385526
   -0.440196
   -0.442614
   -0.440793
   -0.442745
   -0.447013
   -0.447170
   -0.445630
   -0.447189
   -0.445020
   -0.459156
   -0.445067
   -0.428415
   -0.422300
   -0.432873
   -0.433732
   -0.424497
   -0.430489
   -0.433401
   -0.434408
   -0.437914
   -0.438929
   -0.436821
   -0.433783
   -0.441391
   -0.456410
   -0.459971
   -0.441085
   -0.418487
   -0.405387
   -0.400985
   -0.396808
   -0.391699
   -0.437075
   -0.441986
   -0.442652
   -0.441690
   -0.442753
   -0.447152
   -0.445145
   -0.443397
   -0.433213
   -0.445733
   -0.454052
   -0.448187
   -0.436360
   -0.425872
   -0.425116
   -0.429711
   -0.425599
   -0.426809
   -0.427140
   -0.428665
   -0.430945
   -0.437005
   -0.439539
   -0.439288
   -0.466866
   -0.457024
   -0.464169
   -0.463791
   -0.443335
   -0.414235
   -0.404976
   -0.408117
   -0.434692
   -0.435760
   -0.436156
   -0.435568
   -0.436192
   -0.439621
   -0.441428
   -0.442399
   -0.450831
   -0.432176
   -0.441777
   -0.465822
   -0.463001
   -0.429999
   -0.424332
   -0.440340
   -0.428044
   -0.423449
   -0.420497
   -0.421057
   -0.425359
   -0.433106
   -0.435174
   -0.436007
   -0.457594
   -0.441526
   -0.444867
   -0.464884
   -0.464949
   -0.429571
   -0.419475
   -0.437134
   -0.425800
   -0.434818
   -0.437729
   -0.437142
   -0.436707
   -0.439652
   -0.438730
   -0.436193
   -0.420590
   -0.441205
   -0.439549
   -0.428746
   -0.436208
   -0.474340
   -0.468027
   -0.441209
   -0.418815
   -0.424428
   -0.426860
   -0.427628
   -0.424923
   -0.423549
   -0.425403
   -0.428647
   -0.431798
   -0.443320
   -0.440643
   -0.433018
   -0.445758
   -0.478349
   -0.471916
   -0.455240
   -0.436835
   -0.431411
   -0.428930
   -0.429921
   -0.431996
   -0.436051
   -0.440104
   -0.440220
   -0.415192
   -0.426195
   -0.430599
   -0.422604
   -0.420041
   -0.447329
   -0.452710
   -0.448677
   -0.425462
   -0.415444
   -0.410181
   -0.414328
   -0.418938
   -0.423617
   -0.427913
   -0.431358
   -0.434640
   -0.438255
   -0.440026
   -0.438506
   -0.440529
   -0.452986
   -0.464007
   -0.475920
   -0.479923
   -0.458632
   -0.461489
   -0.438670
   -0.421977
   -0.429504
   -0.393854
   -0.322100
   -0.248250
   -0.341475
   -0.411020
   -0.410400
   -0.413634
   -0.433556
   -0.452552
   -0.454058
   -0.504368
   -0.484223
   -0.465575
   -0.442428
   -0.433827
   -0.445107
   -0.440045
   -0.378213
   -0.251181
   -0.351259
   -0.432979
   -0.431074
   -0.416573
   -0.452810
   -0.497334
   -0.512103
   -0.425259
   -0.475873
   -0.463839
   -0.443375
   -0.454373
   -0.452155
   -0.405351
   -0.415168
   -0.399314
   -0.297462
   -0.249409
   -0.341379
   -0.416744
   -0.428274
   -0.432524
   -0.442239
   -0.444679
   -0.499218
   -0.489841
   -0.474930
   -0.455004
   -0.449068
   -0.417818
   -0.420208
   -0.389813
   -0.267943
   -0.224099
   -0.326104
   -0.429947
   -0.447710
   -0.435864
   -0.428719
   -0.423567
   -0.437317
   -0.464280
   -0.460983
   -0.453851
   -0.457780
   -0.444581
   -0.423511
   -0.428751
   -0.404097
   -0.342508
   -0.269958
   -0.307178
   -0.380895
   -0.407129
   -0.435102
   -0.471068
   -0.495359
   -0.521620
   -0.513353
   -0.473884
   -0.455661
   -0.432966
   -0.423896
   -0.427954
   -0.406411
   -0.314159
   -0.232599
   -0.291502
   -0.397318
   -0.441041
   -0.448740
   -0.440576
   -0.445960
   -0.450001
   -0.457047
   -0.460713
   -0.458921
   -0.454685
   -0.434509
   -0.416691
   -0.425282
   -0.432106
   -0.418239
   -0.341554
   -0.297355
   -0.340216
   -0.377813
   -0.461582
   -0.465990
   -0.464607
   -0.470849
   -0.480653
   -0.478232
   -0.467821
   -0.439836
   -0.398837
   -0.406323
   -0.416528
   -0.403975
   -0.332778
   -0.281055
   -0.320403
   -0.369838
   -0.442197
   -0.439770
   -0.441491
   -0.443214
   -0.438821
   -0.446511
   -0.454793
   -0.444550
   -0.430265
   -0.425260
   -0.433169
   -0.443346
   -0.436829
   -0.391462
   -0.327896
   -0.304001
   -0.458050
   -0.456217
   -0.456846
   -0.453936
   -0.459143
   -0.479985
   -0.491648
   -0.469000
   -0.432597
   -0.415052
   -0.415468
   -0.429102
   -0.427459
   -0.378713
   -0.314573
   -0.291232
   -0.441386
   -0.441987
   -0.443819
   -0.445606
   -0.441050
   -0.435621
   -0.443838
   -0.459752
   -0.461939
   -0.444625
   -0.443991
   -0.442597
   -0.421116
   -0.422945
   -0.431812
   -0.378365
   -0.450631
   -0.456452
   -0.457391
   -0.455639
   -0.468863
   -0.478987
   -0.476591
   -0.489338
   -0.494362
   -0.478201
   -0.447735
   -0.423205
   -0.411645
   -0.433173
   -0.450833
   -0.372107
   -0.452214
   -0.447819
   -0.450903
   -0.454504
   -0.457777
   -0.451448
   -0.443447
   -0.455282
   -0.476411
   -0.469696
   -0.440175
   -0.431487
   -0.432962
   -0.429202
   -0.431905
   -0.437039
   -0.446148
   -0.444895
   -0.449535
   -0.454317
   -0.468528
   -0.468411
   -0.460001
   -0.466075
   -0.505310
   -0.479420
   -0.442920
   -0.440606
   -0.459403
   -0.453873
   -0.444732
   -0.448842
   -0.447338
   -0.447199
   -0.447499
   -0.447366
   -0.436003
   -0.433158
   -0.443762
   -0.440137
   -0.454101
   -0.459747
   -0.464056
   -0.446942
   -0.439545
   -0.422744
   -0.407697
   -0.421474
   -0.441803
   -0.442944
   -0.442664
   -0.441026
   -0.447352
   -0.448190
   -0.455400
   -0.451363
   -0.469780
   -0.481183
   -0.497296
   -0.482371
   -0.463218
   -0.449641
   -0.433581
   -0.438143
   -0.493499
   -0.460819
   -0.473800
   -0.397224
   -0.283826
   -0.361920
   -0.489886
   -0.484978
   -0.492194
   -0.503052
   -0.493750
   -0.490206
   -0.499110
   -0.506089
   -0.498959
   -0.485477
   -0.536657
   -0.525586
   -0.552378
   -0.478469
   -0.353628
   -0.430690
   -0.555951
   -0.575675
   -0.572652
   -0.560402
   -0.579917
   -0.596639
   -0.608543
   -0.610233
   -0.587908
   -0.545560
   -0.511435
   -0.511572
   -0.477961
   -0.473156
   -0.460842
   -0.382721
   -0.357021
   -0.457665
   -0.456129
   -0.476449
   -0.492787
   -0.506519
   -0.483526
   -0.489198
   -0.515593
   -0.527606
   -0.549326
   -0.543793
   -0.530860
   -0.551421
   -0.543512
   -0.435158
   -0.397708
   -0.506420
   -0.550583
   -0.565577
   -0.561573
   -0.560006
   -0.582419
   -0.599557
   -0.610558
   -0.590869
   -0.488596
   -0.500448
   -0.495740
   -0.461919
   -0.489004
   -0.495736
   -0.392909
   -0.338965
   -0.378455
   -0.481103
   -0.475577
   -0.471455
   -0.514296
   -0.522872
   -0.496523
   -0.502221
   -0.570082
   -0.579433
   -0.580365
   -0.540105
   -0.549943
   -0.550999
   -0.439998
   -0.400655
   -0.463190
   -0.549696
   -0.574193
   -0.571476
   -0.551588
   -0.588289
   -0.591661
   -0.580369
   -0.491538
   -0.491267
   -0.515927
   -0.518759
   -0.488468
   -0.475775
   -0.465283
   -0.433221
   -0.347235
   -0.342488
   -0.452260
   -0.499084
   -0.482234
   -0.464387
   -0.499781
   -0.492519
   -0.589182
   -0.585269
   -0.586883
   -0.576761
   -0.566151
   -0.572537
   -0.584415
   -0.491015
   -0.397216
   -0.414954
   -0.526409
   -0.587262
   -0.568768
   -0.534384
   -0.553219
   -0.578179
   -0.498556
   -0.476197
   -0.474188
   -0.495095
   -0.489122
   -0.464335
   -0.466659
   -0.479506
   -0.463764
   -0.365679
   -0.302347
   -0.376812
   -0.457905
   -0.506027
   -0.469937
   -0.482368
   -0.579468
   -0.579115
   -0.573819
   -0.579031
   -0.582596
   -0.560522
   -0.551499
   -0.542926
   -0.539863
   -0.468776
   -0.376470
   -0.419302
   -0.528665
   -0.584527
   -0.568240
   -0.570092
   -0.510044
   -0.492516
   -0.488185
   -0.500610
   -0.499667
   -0.484104
   -0.481498
   -0.491091
   -0.480891
   -0.483033
   -0.417034
   -0.337789
   -0.344874
   -0.451830
   -0.490700
   -0.461658
   -0.563456
   -0.584212
   -0.591115
   -0.593072
   -0.580037
   -0.554602
   -0.547298
   -0.545790
   -0.561470
   -0.556370
   -0.519097
   -0.425475
   -0.385048
   -0.519647
   -0.591409
   -0.526374
   -0.519779
   -0.494799
   -0.489145
   -0.509089
   -0.515095
   -0.500167
   -0.492305
   -0.515981
   -0.500761
   -0.495413
   -0.488124
   -0.481002
   -0.428467
   -0.310082
   -0.372485
   -0.450778
   -0.579789
   -0.579629
   -0.586138
   -0.588516
   -0.591317
   -0.587500
   -0.581842
   -0.575699
   -0.535142
   -0.529952
   -0.553326
   -0.558249
   -0.487904
   -0.378671
   -0.433395
   -0.516887
   -0.500147
   -0.498087
   -0.495180
   -0.494774
   -0.496631
   -0.492689
   -0.494758
   -0.491605
   -0.491634
   -0.479094
   -0.476535
   -0.491104
   -0.505635
   -0.430321
   -0.378071
   -0.335274
   -0.567837
   -0.586964
   -0.589926
   -0.580892
   -0.581411
   -0.592413
   -0.579841
   -0.555989
   -0.553259
   -0.562807
   -0.563468
   -0.575100
   -0.577695
   -0.523641
   -0.448169
   -0.387862
   -0.244793
   -0.298804
   -0.407456
   -0.452440
   -0.424729
   -0.432522
   -0.459462
   -0.460516
   -0.461605
   -0.455210
   -0.453288
   -0.448884
   -0.416416
   -0.356271
   -0.314811
   -0.247707
   -0.297126
   -0.335475
   -0.424761
   -0.465055
   -0.457570
   -0.472247
   -0.482640
   -0.492365
   -0.530492
   -0.498742
   -0.506568
   -0.516554
   -0.483077
   -0.406267
   -0.363819
   -0.296226
   -0.440979
   -0.330706
   -0.269870
   -0.355595
   -0.447922
   -0.452432
   -0.459884
   -0.469486
   -0.463385
   -0.479336
   -0.487114
   -0.476379
   -0.463891
   -0.446100
   -0.423607
   -0.369568
   -0.468515
   -0.360454
   -0.290282
   -0.381526
   -0.483981
   -0.472508
   -0.468426
   -0.475096
   -0.510148
   -0.551927
   -0.574338
   -0.547855
   -0.507184
   -0.494094
   -0.512383
   -0.456363
   -0.467773
   -0.409294
   -0.300820
   -0.268758
   -0.364167
   -0.460487
   -0.458720
   -0.447427
   -0.438116
   -0.452956
   -0.452296
   -0.461695
   -0.465685
   -0.452314
   -0.453427
   -0.463631
   -0.471423
   -0.456197
   -0.361589
   -0.274367
   -0.355803
   -0.457829
   -0.470152
   -0.466945
   -0.473506
   -0.485557
   -0.509265
   -0.541002
   -0.531168
   -0.512548
   -0.489945
   -0.479105
   -0.469900
   -0.432028
   -0.425621
   -0.375404
   -0.288401
   -0.324707
   -0.415184
   -0.447630
   -0.436491
   -0.439183
   -0.466994
   -0.469872
   -0.461300
   -0.469370
   -0.484550
   -0.482634
   -0.491222
   -0.460720
   -0.482048
   -0.429928
   -0.323575
   -0.340984
   -0.452239
   -0.470026
   -0.470123
   -0.475530
   -0.507512
   -0.519474
   -0.518842
   -0.517780
   -0.519791
   -0.502683
   -0.453167
   -0.451365
   -0.430230
   -0.432513
   -0.420163
   -0.345808
   -0.311606
   -0.401721
   -0.451906
   -0.450114
   -0.441905
   -0.457058
   -0.466832
   -0.482588
   -0.482884
   -0.471246
   -0.510144
   -0.510510
   -0.497698
   -0.515399
   -0.511335
   -0.376929
   -0.287252
   -0.384749
   -0.498196
   -0.500626
   -0.461407
   -0.459823
   -0.480752
   -0.510013
   -0.525347
   -0.532927
   -0.471886
   -0.465366
   -0.464211
   -0.465287
   -0.461800
   -0.444694
   -0.376901
   -0.301034
   -0.370572
   -0.423128
   -0.440887
   -0.432582
   -0.440191
   -0.460064
   -0.454601
   -0.450677
   -0.481324
   -0.469625
   -0.490470
   -0.515484
   -0.504206
   -0.466998
   -0.404753
   -0.302964
   -0.354371
   -0.422367
   -0.497450
   -0.494218
   -0.475249
   -0.500066
   -0.510212
   -0.509246
   -0.442407
   -0.473395
   -0.467848
   -0.461174
   -0.473891
   -0.461132
   -0.435851
   -0.411599
   -0.270454
   -0.325117
   -0.436409
   -0.482883
   -0.468280
   -0.426954
   -0.420845
   -0.450075
   -0.488400
   -0.509305
   -0.500831
   -0.487362
   -0.489585
   -0.488847
   -0.489555
   -0.475336
   -0.299926
   -0.331766
   -0.460281
   -0.502459
   -0.463870
   -0.464748
   -0.472805
   -0.456344
   -0.446121
   -0.449504
   -0.453001
   -0.452993
   -0.454668
   -0.471521
   -0.491237
   -0.470243
   -0.430234
   -0.324355
   -0.264949
   -0.364812
   -0.425383
   -0.432613
   -0.470114
   -0.439493
   -0.516975
   -0.510349
   -0.522745
   -0.530309
   -0.508529
   -0.513904
   -0.512024
   -0.497051
   -0.456224
   -0.388577
   -0.303771
   -0.389784
   -0.468234
   -0.426463
   -0.450428
   -0.484672
