   -0.416531
   -0.421994
   -0.381845
   -0.394188
   -0.352637
   -0.324012
   -0.421757
   -0.208034
   -0.258814
   -0.312363
   -0.426916
   -0.407533
   -0.438624
   -0.424077
   -0.418495
   -0.448688
   -0.464064
   -0.468094
   -0.432767
   -0.439200
   -0.407804
   -0.341860
   -0.374600
   -0.214521
   -0.221289
   -0.371776
   -0.506736
   -0.526467
   -0.505156
   -0.563067
   -0.536234
   -0.513610
   -0.418852
   -0.421714
   -0.399619
   -0.420386
   -0.335746
    0.019867
    0.031989
   -0.128364
    0.035706
   -0.131189
   -0.320388
   -0.442073
   -0.520860
   -0.471623
   -0.404336
   -0.320085
   -0.450438
   -0.445705
   -0.416989
   -0.442141
   -0.383295
    0.110546
    0.090695
   -0.117633
    0.039653
   -0.052190
   -0.338315
   -0.525391
   -0.593085
   -0.508827
   -0.430851
   -0.381240
   -0.432119
   -0.444373
   -0.457419
   -0.453762
   -0.451044
   -0.418330
   -0.079852
    0.185803
    0.050442
   -0.373257
   -0.259063
    0.019359
   -0.343921
   -0.376984
   -0.253169
   -0.026601
   -0.484410
   -0.494276
   -0.497888
   -0.503935
   -0.430534
   -0.465230
   -0.073704
    0.235971
    0.032092
   -0.383284
   -0.270668
   -0.011944
   -0.395056
   -0.472725
   -0.297994
   -0.033969
   -0.424229
   -0.428568
   -0.437454
   -0.439926
   -0.442945
   -0.530813
   -0.408021
    0.053684
    0.084438
   -0.318564
   -0.389008
   -0.345244
   -0.233555
   -0.284451
   -0.202803
    0.132605
   -0.471681
   -0.478058
   -0.474085
   -0.474810
   -0.481236
   -0.535452
   -0.449671
    0.030801
    0.058369
   -0.375847
   -0.484518
   -0.403526
   -0.237973
   -0.335654
   -0.232264
    0.168273
   -0.442946
   -0.451240
   -0.447437
   -0.445267
   -0.379366
   -0.443234
   -0.391495
   -0.335673
   -0.357808
   -0.358463
   -0.389227
   -0.386306
   -0.426035
   -0.041782
   -0.066214
   -0.058439
   -0.484718
   -0.493932
   -0.488356
   -0.478004
   -0.462669
   -0.486441
   -0.452221
   -0.423602
   -0.402466
   -0.444423
   -0.486608
   -0.458562
   -0.397879
   -0.053716
   -0.019690
   -0.023804
   -0.431315
   -0.444890
   -0.424161
   -0.413322
   -0.464705
   -0.397535
   -0.430413
   -0.377305
   -0.253390
   -0.398821
   -0.432961
   -0.489384
   -0.296363
   -0.050258
    0.002306
   -0.329787
   -0.481345
   -0.488399
   -0.472980
   -0.458531
   -0.498691
   -0.500453
   -0.447993
   -0.395503
   -0.289971
   -0.443245
   -0.456083
   -0.551822
   -0.301474
   -0.112489
    0.024007
   -0.316782
   -0.450513
   -0.379943
   -0.421955
   -0.387632
   -0.429928
   -0.463875
   -0.407369
   -0.217361
   -0.296114
   -0.378239
   -0.469382
   -0.434808
   -0.443868
   -0.377165
   -0.281636
   -0.269047
   -0.433424
   -0.414848
   -0.454566
   -0.406761
   -0.460436
   -0.509313
   -0.453033
   -0.269675
   -0.351588
   -0.462868
   -0.453230
   -0.488604
   -0.432366
   -0.451492
   -0.335271
   -0.292585
   -0.387685
   -0.444774
   -0.502481
   -0.439558
   -0.466651
   -0.459837
   -0.374010
   -0.319503
   -0.176073
   -0.478419
   -0.412910
   -0.476791
   -0.489567
   -0.386313
   -0.405883
   -0.387260
   -0.391567
   -0.496387
   -0.553477
   -0.459637
   -0.497321
   -0.475418
   -0.392096
   -0.411114
   -0.195790
   -0.501965
   -0.464992
   -0.485337
   -0.526008
   -0.444505
   -0.411674
   -0.378175
   -0.439630
   -0.435400
   -0.444216
   -0.403145
   -0.411792
    0.165864
   -0.066592
   -0.035435
   -0.182486
   -0.153680
   -0.322942
   -0.530489
   -0.505278
   -0.437121
   -0.278857
   -0.233344
   -0.523971
   -0.532407
   -0.529088
   -0.528292
   -0.515137
    0.151932
   -0.044907
   -0.016808
   -0.221816
   -0.197943
   -0.351136
   -0.638103
   -0.583082
   -0.518905
   -0.309864
   -0.316848
   -0.467495
   -0.491108
   -0.476147
   -0.468334
   -0.460138
   -0.320449
    0.242014
    0.146872
   -0.332546
   -0.459805
   -0.197608
   -0.284027
   -0.417061
   -0.140067
    0.152714
   -0.026470
   -0.543245
   -0.559230
   -0.534105
   -0.555916
   -0.552438
   -0.398084
    0.259815
    0.204700
   -0.346724
   -0.485577
   -0.254429
   -0.353605
   -0.491284
   -0.169542
    0.159589
   -0.102338
   -0.488993
   -0.496282
   -0.494913
   -0.447594
   -0.491396
   -0.463992
   -0.282798
   -0.241060
   -0.449469
   -0.410550
   -0.454780
   -0.324905
   -0.101599
   -0.220167
   -0.003948
    0.140879
   -0.568944
   -0.563425
   -0.563830
   -0.550766
   -0.585068
   -0.582043
   -0.282552
   -0.250486
   -0.459166
   -0.540082
   -0.456550
   -0.322312
   -0.079234
   -0.220584
   -0.005788
    0.168186
   -0.464174
   -0.454594
   -0.480667
   -0.447722
   -0.481727
   -0.421613
   -0.434661
   -0.342859
   -0.371571
   -0.466336
   -0.486017
   -0.390433
   -0.064497
   -0.017710
   -0.163470
   -0.005258
   -0.566390
   -0.541882
   -0.520787
   -0.520606
   -0.576930
   -0.536141
   -0.469333
   -0.340968
   -0.427888
   -0.571228
   -0.564639
   -0.438009
   -0.079403
   -0.021597
   -0.191050
    0.014297
   -0.457160
   -0.470241
   -0.462530
   -0.484289
   -0.453281
   -0.447914
   -0.345255
   -0.222539
   -0.393930
   -0.458490
   -0.465424
   -0.369239
   -0.259718
   -0.097146
   -0.315588
   -0.217480
   -0.526545
   -0.566961
   -0.579893
   -0.564433
   -0.543379
   -0.513605
   -0.420896
   -0.349473
   -0.502026
   -0.527362
   -0.589520
   -0.466544
   -0.389077
   -0.141059
   -0.362716
   -0.214770
   -0.492358
   -0.524558
   -0.465198
   -0.481360
   -0.485168
   -0.476885
   -0.294474
   -0.232933
   -0.403525
   -0.455462
   -0.465392
   -0.486056
   -0.411514
   -0.407223
   -0.354238
   -0.135458
   -0.522786
   -0.563290
   -0.528724
   -0.575302
   -0.566372
   -0.554354
   -0.368028
   -0.302342
   -0.482268
   -0.541702
   -0.586595
   -0.595193
   -0.399655
   -0.366559
   -0.404020
   -0.198099
   -0.463088
   -0.464991
   -0.454361
   -0.458165
   -0.494593
   -0.436053
   -0.372932
   -0.298422
   -0.462131
   -0.495801
   -0.460732
   -0.486198
   -0.496425
   -0.390894
   -0.395289
   -0.405852
   -0.505233
   -0.552966
   -0.548253
   -0.543125
   -0.555375
   -0.522234
   -0.485547
   -0.347942
   -0.573898
   -0.576665
   -0.548401
   -0.576106
   -0.546913
   -0.420455
   -0.425906
   -0.449552
   -0.480223
   -0.488300
   -0.476304
   -0.469396
   -0.496543
   -0.476442
   -0.432067
   -0.419028
   -0.475132
   -0.492320
   -0.442322
   -0.438964
   -0.501323
   -0.332190
   -0.020897
   -0.264260
   -0.511367
   -0.559176
   -0.578870
   -0.517518
   -0.557571
   -0.554888
   -0.509232
   -0.519453
   -0.532817
   -0.556466
   -0.530893
   -0.555798
   -0.568236
   -0.387652
   -0.083345
   -0.303466
   -0.397079
   -0.419804
   -0.437806
   -0.414843
   -0.404787
   -0.071894
   -0.049513
   -0.356086
   -0.429682
   -0.336573
   -0.238390
   -0.210402
   -0.179560
    0.161829
    0.132118
   -0.242100
   -0.402365
   -0.409765
   -0.437347
   -0.521092
   -0.421612
   -0.026323
   -0.039997
   -0.361945
   -0.432271
   -0.309634
   -0.231053
   -0.161475
   -0.186373
    0.269098
    0.180921
   -0.172490
   -0.415358
   -0.436838
   -0.401099
   -0.425561
   -0.414647
   -0.399352
   -0.306586
   -0.386967
   -0.468876
   -0.465819
   -0.331692
   -0.039255
    0.008117
    0.034707
    0.169484
   -0.199958
   -0.395167
   -0.442000
   -0.464524
   -0.494738
   -0.471386
   -0.457138
   -0.326935
   -0.353494
   -0.539466
   -0.584747
   -0.396643
    0.054097
    0.037002
    0.087195
    0.256106
   -0.154626
   -0.418219
   -0.425877
   -0.395922
   -0.419085
   -0.419692
   -0.358819
   -0.270095
   -0.466539
   -0.472580
   -0.408602
   -0.262606
   -0.119305
    0.010421
   -0.287764
   -0.133253
   -0.068083
   -0.436157
   -0.426843
   -0.429815
   -0.445372
   -0.455449
   -0.356515
   -0.225345
   -0.529273
   -0.565176
   -0.433226
   -0.332637
   -0.197966
    0.082166
   -0.213614
   -0.120258
   -0.007368
   -0.424920
   -0.415800
   -0.435024
   -0.424796
   -0.388844
   -0.242693
   -0.248024
   -0.482948
   -0.499556
   -0.476167
   -0.433311
   -0.373742
   -0.300087
   -0.217729
   -0.076270
   -0.182018
   -0.469388
   -0.440307
   -0.451314
   -0.450567
   -0.407933
   -0.217105
   -0.234887
   -0.537846
   -0.596052
   -0.505042
   -0.452721
   -0.337417
   -0.293598
   -0.147381
   -0.026421
   -0.249352
   -0.437017
   -0.389556
   -0.413858
   -0.413174
   -0.405798
   -0.279139
   -0.236593
   -0.362739
   -0.441585
   -0.433351
   -0.427408
   -0.339324
   -0.337435
   -0.383542
   -0.275904
   -0.381397
   -0.461331
   -0.432187
   -0.453700
   -0.459326
   -0.431300
   -0.336041
   -0.233222
   -0.383958
   -0.486242
   -0.456437
   -0.432624
   -0.329114
   -0.345580
   -0.415108
   -0.341545
   -0.384655
   -0.424789
   -0.408838
   -0.421923
   -0.452236
   -0.457880
   -0.409395
   -0.383228
   -0.410793
   -0.410767
   -0.421718
   -0.391829
   -0.366715
   -0.117025
   -0.145929
   -0.337524
   -0.311703
   -0.425619
   -0.401481
   -0.423451
   -0.468128
   -0.433077
   -0.411619
   -0.414782
   -0.438441
   -0.455338
   -0.439783
   -0.438919
   -0.397622
   -0.136147
   -0.113638
   -0.386023
   -0.337973
   -0.408302
   -0.450944
   -0.393664
   -0.405267
   -0.439366
   -0.369000
   -0.390850
   -0.443618
   -0.419067
   -0.436174
   -0.438956
   -0.397129
   -0.397787
   -0.284372
   -0.326804
   -0.425221
   -0.470456
   -0.450960
   -0.450147
   -0.428752
   -0.416479
   -0.413331
   -0.448989
   -0.469880
   -0.465151
   -0.438717
   -0.467496
   -0.449389
   -0.426796
   -0.329431
   -0.372776
   -0.480145
   -0.412104
   -0.410028
   -0.424134
   -0.439527
   -0.393275
   -0.398274
   -0.427829
   -0.436577
   -0.488676
   -0.423823
   -0.404579
   -0.399663
   -0.381392
   -0.389953
   -0.363038
   -0.366368
   -0.440706
   -0.433516
   -0.412322
   -0.431621
   -0.434308
   -0.434044
   -0.445502
   -0.436550
   -0.511071
   -0.457154
   -0.400498
   -0.424260
   -0.412880
   -0.386078
   -0.432912
   -0.401801
   -0.392135
   -0.401708
   -0.437024
   -0.415765
   -0.390744
   -0.265126
   -0.370838
   -0.486704
   -0.459661
   -0.298503
   -0.030661
    0.059684
   -0.071599
    0.096893
   -0.213428
   -0.192191
   -0.404877
   -0.396752
   -0.418708
   -0.424890
   -0.368907
   -0.327425
   -0.402670
   -0.567028
   -0.489057
   -0.340393
   -0.028024
    0.129929
    0.003653
    0.242596
   -0.169353
   -0.134360
   -0.414131
   -0.419272
   -0.420783
   -0.409327
   -0.305661
   -0.197056
   -0.445647
   -0.487165
   -0.424775
   -0.341199
   -0.265996
   -0.112478
   -0.244748
   -0.187112
    0.036891
   -0.183664
   -0.406348
   -0.412653
   -0.413124
   -0.374761
   -0.253625
   -0.209341
   -0.566539
   -0.611746
   -0.476830
   -0.384347
   -0.369445
   -0.069102
   -0.197539
   -0.230568
   -0.031100
   -0.197186
   -0.388720
   -0.386539
   -0.410167
   -0.428939
   -0.210534
   -0.180197
   -0.371869
   -0.483336
   -0.432757
   -0.415759
   -0.343654
   -0.324205
   -0.353801
   -0.097808
   -0.306129
   -0.338958
   -0.387403
   -0.400732
   -0.402750
   -0.387846
   -0.200950
   -0.164564
   -0.373681
   -0.501077
   -0.458915
   -0.458819
   -0.309757
   -0.276697
   -0.295086
   -0.063594
   -0.328062
   -0.358314
   -0.413311
   -0.447359
   -0.463385
   -0.450744
   -0.306546
   -0.316036
   -0.442530
   -0.447117
   -0.447529
   -0.399124
   -0.356490
   -0.328793
   -0.429079
   -0.345176
   -0.402571
   -0.345819
   -0.392922
   -0.427257
   -0.461357
   -0.438541
   -0.311248
   -0.338632
   -0.438727
   -0.467931
   -0.444286
   -0.410062
   -0.368224
   -0.278743
   -0.498332
   -0.426345
   -0.372690
   -0.369085
   -0.391551
   -0.389784
   -0.401996
   -0.371160
   -0.417646
   -0.370794
   -0.395991
   -0.424926
   -0.425079
   -0.388888
   -0.385254
   -0.183669
   -0.050342
   -0.347540
   -0.343106
   -0.312433
   -0.424160
   -0.401859
   -0.388893
   -0.405692
   -0.428347
   -0.431981
   -0.378709
   -0.443916
   -0.416483
   -0.401142
   -0.334001
   -0.171394
    0.029879
   -0.346903
   -0.367581
   -0.339078
   -0.415876
   -0.404349
   -0.403103
   -0.399356
   -0.442645
   -0.416628
   -0.445542
   -0.414537
   -0.412048
   -0.431201
   -0.389803
   -0.383358
   -0.395730
   -0.337801
   -0.408338
   -0.424278
   -0.424813
   -0.400213
   -0.413314
   -0.410797
   -0.414777
   -0.452563
   -0.476619
   -0.501945
   -0.457876
   -0.407252
   -0.369859
   -0.338826
   -0.379705
   -0.354341
   -0.446641
   -0.479021
   -0.397758
   -0.399289
   -0.397991
   -0.418434
   -0.424614
   -0.417170
   -0.422682
   -0.438821
   -0.424284
   -0.381550
   -0.394160
   -0.398151
   -0.385660
   -0.395324
   -0.393067
   -0.421511
   -0.409968
   -0.345156
   -0.373167
   -0.423712
   -0.420596
   -0.417440
   -0.427531
   -0.448774
   -0.402074
   -0.381868
   -0.448635
   -0.410598
   -0.380185
   -0.458794
   -0.405252
   -0.468376
   -0.416660
   -0.396459
   -0.411756
   -0.400408
   -0.399377
   -0.420585
   -0.428051
   -0.428996
   -0.420830
   -0.401450
   -0.454657
   -0.398849
   -0.373548
   -0.427334
   -0.429148
   -0.439397
   -0.403449
   -0.403077
   -0.405588
   -0.430204
   -0.386116
   -0.419224
   -0.425000
   -0.417770
   -0.441448
   -0.418378
   -0.409371
   -0.413029
   -0.371758
   -0.463407
   -0.530314
   -0.484525
   -0.418545
   -0.432253
   -0.397976
   -0.170587
   -0.263821
   -0.438077
   -0.511618
   -0.448645
   -0.415801
   -0.405692
   -0.306369
   -0.266460
   -0.098735
   -0.152597
   -0.276841
   -0.296279
   -0.475818
   -0.443030
   -0.408701
   -0.169940
   -0.285202
   -0.491311
   -0.541037
   -0.462026
   -0.467890
   -0.412832
   -0.284683
   -0.275324
   -0.133462
   -0.207713
   -0.326654
   -0.296065
   -0.471807
   -0.454836
   -0.451077
   -0.305751
   -0.311781
   -0.409132
   -0.420447
   -0.413337
   -0.424557
   -0.367509
   -0.347814
   -0.430472
   -0.276073
   -0.393447
   -0.396127
   -0.254976
   -0.492740
   -0.474373
   -0.441212
   -0.339586
   -0.316593
   -0.400637
   -0.451793
   -0.473990
   -0.420474
   -0.331051
   -0.316751
   -0.565871
   -0.328536
   -0.443397
   -0.478289
   -0.265505
   -0.433775
   -0.430397
   -0.441398
   -0.434552
   -0.387439
   -0.390582
   -0.404073
   -0.407720
   -0.421525
   -0.400394
   -0.086868
   -0.125829
   -0.392470
   -0.351026
   -0.339908
   -0.250658
   -0.438367
   -0.445830
   -0.454102
   -0.459317
   -0.428275
   -0.413329
   -0.432678
   -0.414010
   -0.424748
   -0.414582
   -0.091238
   -0.129434
   -0.444193
   -0.379270
   -0.356733
   -0.322736
   -0.416214
   -0.410482
   -0.417645
   -0.422520
   -0.413684
   -0.441556
   -0.450264
   -0.421142
   -0.387555
   -0.418502
   -0.368449
   -0.382020
   -0.393235
   -0.437547
   -0.440417
   -0.398126
   -0.449079
   -0.454196
   -0.450508
   -0.467710
   -0.474173
   -0.526758
   -0.537096
   -0.443752
   -0.370418
   -0.399838
   -0.392781
   -0.438078
   -0.448533
   -0.521507
   -0.529432
   -0.440123
   -0.413063
   -0.425105
   -0.436872
   -0.436281
   -0.447122
   -0.448433
   -0.442428
   -0.412396
   -0.379204
   -0.433507
   -0.418382
   -0.397441
   -0.386692
   -0.417598
   -0.432664
   -0.417456
   -0.402385
   -0.438029
   -0.471098
   -0.470457
   -0.479714
   -0.492748
   -0.491111
   -0.445450
   -0.427691
   -0.463266
   -0.438804
   -0.443671
   -0.373090
   -0.395070
   -0.459300
   -0.420363
   -0.408585
   -0.406032
   -0.404662
   -0.417922
   -0.424086
   -0.421273
   -0.427149
   -0.413821
   -0.427739
   -0.447160
   -0.423234
   -0.410539
   -0.483307
   -0.437083
   -0.439341
   -0.414676
   -0.421489
   -0.420879
   -0.411245
   -0.408574
   -0.468053
   -0.460634
   -0.481405
   -0.478134
   -0.446629
   -0.450286
   -0.449142
   -0.423985
   -0.503450
   -0.507984
   -0.481828
   -0.458292
   -0.381957
   -0.355938
   -0.390450
   -0.419864
   -0.437937
   -0.439189
   -0.440473
   -0.436216
   -0.415436
   -0.416732
   -0.441988
   -0.435758
   -0.422959
   -0.448366
   -0.445917
   -0.440006
   -0.393041
   -0.388297
   -0.435105
   -0.460199
   -0.444925
   -0.450611
   -0.437456
   -0.429613
   -0.407589
   -0.417415
   -0.462687
   -0.457820
   -0.445124
   -0.460290
   -0.493279
   -0.456145
   -0.382264
   -0.393872
   -0.420437
   -0.415474
   -0.443838
   -0.444724
   -0.434862
   -0.414293
   -0.393156
   -0.421959
   -0.445377
   -0.433349
   -0.428369
   -0.436952
   -0.423944
   -0.441473
   -0.401801
   -0.422375
   -0.448390
   -0.461571
   -0.466012
   -0.451522
   -0.448263
   -0.436215
   -0.404541
   -0.441766
   -0.468667
   -0.449067
   -0.437844
   -0.460992
   -0.443100
   -0.447007
   -0.479549
   -0.415401
   -0.379626
   -0.381480
   -0.439670
   -0.452856
   -0.413713
   -0.420367
   -0.375717
   -0.260907
   -0.439407
   -0.344568
   -0.382218
   -0.379215
   -0.242131
   -0.240922
   -0.488041
   -0.420835
   -0.416084
   -0.400881
   -0.449613
   -0.472595
   -0.432203
   -0.420152
   -0.393881
   -0.288874
   -0.441028
   -0.450974
   -0.444762
   -0.417721
   -0.303589
   -0.262626
   -0.438800
   -0.445609
   -0.446484
   -0.416351
   -0.414847
   -0.426797
   -0.427041
   -0.440340
   -0.401202
   -0.198142
   -0.063347
   -0.366011
   -0.379738
   -0.319070
   -0.306039
   -0.384167
   -0.490518
   -0.481542
   -0.501877
   -0.460966
   -0.484750
   -0.482071
   -0.374268
   -0.373494
   -0.433505
   -0.233671
   -0.015104
   -0.442356
   -0.407444
   -0.316855
   -0.338999
   -0.401545
   -0.428219
   -0.441961
   -0.435212
   -0.418460
   -0.475565
   -0.466041
   -0.420241
   -0.380828
   -0.415133
   -0.427762
   -0.386223
   -0.381150
   -0.405372
   -0.420043
   -0.377606
   -0.363487
   -0.446897
   -0.473166
   -0.469464
   -0.452878
   -0.524175
   -0.517536
   -0.461803
   -0.422734
   -0.448847
   -0.448544
   -0.422657
   -0.407428
   -0.484762
   -0.516243
   -0.433706
   -0.442400
   -0.415693
   -0.407966
   -0.407647
   -0.407902
   -0.447157
   -0.435735
   -0.419940
   -0.418243
   -0.434787
   -0.436450
   -0.411763
   -0.426210
   -0.419748
   -0.432875
   -0.428459
   -0.399612
   -0.444633
   -0.441073
   -0.432058
   -0.461529
   -0.483851
   -0.486453
   -0.480377
   -0.458887
   -0.445296
   -0.455201
   -0.446380
   -0.466133
   -0.398691
   -0.466432
   -0.444631
   -0.438295
   -0.407238
   -0.411832
   -0.419309
   -0.440890
   -0.436110
   -0.441886
   -0.439136
   -0.424526
   -0.414890
   -0.440273
   -0.443958
   -0.458417
   -0.469079
   -0.451535
   -0.413182
   -0.443958
   -0.397248
   -0.434177
   -0.470311
   -0.455072
   -0.448116
   -0.443825
   -0.443611
   -0.424304
   -0.422938
   -0.455498
   -0.483897
   -0.494104
   -0.535525
   -0.491019
   -0.451335
   -0.447775
   -0.362260
   -0.402233
   -0.417740
   -0.433814
   -0.427718
   -0.431389
   -0.413263
   -0.405526
   -0.418373
   -0.438922
   -0.446685
   -0.442287
   -0.434220
   -0.446339
   -0.444147
   -0.415086
   -0.409166
   -0.439025
   -0.448228
   -0.454922
   -0.456870
   -0.442512
   -0.435575
   -0.421723
   -0.431845
   -0.466228
   -0.480095
   -0.464301
   -0.442902
   -0.492969
   -0.460631
   -0.438843
   -0.429750
   -0.428520
   -0.431359
   -0.431755
   -0.424963
   -0.419242
   -0.429771
   -0.417793
   -0.422534
   -0.442172
   -0.441412
   -0.438352
   -0.425745
   -0.411407
   -0.425958
   -0.430302
   -0.460355
   -0.470979
   -0.461879
   -0.464993
   -0.455395
   -0.451203
   -0.460650
   -0.445829
   -0.456283
   -0.468581
   -0.462796
   -0.454035
   -0.459693
   -0.429615
   -0.445861
   -0.411117
   -0.428139
   -0.423805
   -0.419216
   -0.424514
   -0.423399
   -0.414507
   -0.420266
   -0.413726
   -0.411732
   -0.420129
   -0.418824
   -0.419762
   -0.439934
   -0.433064
   -0.421357
   -0.422382
   -0.449181
   -0.448108
   -0.446283
   -0.442736
   -0.459700
   -0.449972
   -0.456688
   -0.452782
   -0.448323
   -0.466919
   -0.469964
   -0.457916
   -0.456314
   -0.446291
   -0.424795
   -0.431965
   -0.435937
   -0.425207
   -0.403948
   -0.469244
   -0.423562
   -0.428797
   -0.453380
   -0.395334
   -0.399268
   -0.294786
   -0.364572
   -0.406695
   -0.338976
   -0.397912
   -0.363301
   -0.397317
   -0.442456
   -0.431102
   -0.420512
   -0.529785
   -0.470322
   -0.458605
   -0.426735
   -0.449510
   -0.442413
   -0.337450
   -0.423617
   -0.443475
   -0.458604
   -0.411063
   -0.365802
   -0.372381
   -0.411263
   -0.403220
   -0.399324
   -0.472401
   -0.461327
   -0.388820
   -0.384666
   -0.470203
   -0.436461
   -0.395265
   -0.409958
   -0.416269
   -0.432443
   -0.393104
   -0.412201
   -0.433324
   -0.419330
   -0.410924
   -0.433488
   -0.479815
   -0.486494
   -0.436923
   -0.417874
   -0.440237
   -0.439233
   -0.409281
   -0.418646
   -0.381453
   -0.478090
   -0.417978
   -0.405723
   -0.440233
   -0.417360
   -0.418981
   -0.411117
   -0.411253
   -0.440790
   -0.437779
   -0.432945
   -0.432672
   -0.432888
   -0.436808
   -0.470646
   -0.456414
   -0.418964
   -0.437791
   -0.402228
   -0.452843
   -0.430630
   -0.448400
   -0.447091
   -0.428549
   -0.445181
   -0.438714
   -0.427264
   -0.429422
   -0.441282
   -0.461634
   -0.504571
   -0.499809
   -0.447288
   -0.437822
   -0.431661
   -0.463285
   -0.396940
   -0.412529
   -0.416193
   -0.411692
   -0.426589
   -0.409067
   -0.402981
   -0.413198
   -0.437149
   -0.437694
   -0.440557
   -0.436162
   -0.442359
   -0.395912
   -0.417256
   -0.421754
   -0.415658
   -0.430941
   -0.436302
   -0.437548
   -0.439289
   -0.422562
   -0.417998
   -0.437933
   -0.457048
   -0.468809
   -0.461679
   -0.438067
   -0.453182
   -0.412479
   -0.391820
   -0.462569
   -0.418720
   -0.412079
   -0.407838
   -0.405538
   -0.412506
   -0.412870
   -0.412943
   -0.420992
   -0.434407
   -0.432483
   -0.434455
   -0.429508
   -0.420673
   -0.443499
   -0.407032
   -0.415259
   -0.446758
   -0.439840
   -0.439138
   -0.437432
   -0.438170
   -0.437351
   -0.435003
   -0.444875
   -0.449477
   -0.454761
   -0.450954
   -0.444486
   -0.464562
   -0.458799
   -0.430471
   -0.437026
   -0.413780
   -0.413511
   -0.416432
   -0.421048
   -0.410911
   -0.414750
   -0.412519
   -0.410776
   -0.409838
   -0.413557
   -0.415861
   -0.418168
   -0.385880
   -0.421843
   -0.419627
   -0.412046
   -0.444800
   -0.447121
   -0.450513
   -0.460442
   -0.435544
   -0.438813
   -0.437272
   -0.437749
   -0.447354
   -0.457297
   -0.449477
   -0.444241
   -0.400673
   -0.427153
   -0.404306
   -0.434057
   -0.424196
   -0.437955
   -0.431643
   -0.428297
   -0.425278
   -0.421313
   -0.423133
   -0.425855
   -0.427023
   -0.432476
   -0.428179
   -0.415590
   -0.430237
   -0.423170
   -0.415214
   -0.416653
   -0.472308
   -0.477224
   -0.465205
   -0.457428
   -0.458723
   -0.456615
   -0.461021
   -0.463316
   -0.465160
   -0.467733
   -0.461387
   -0.455602
   -0.444621
   -0.437800
   -0.429783
   -0.429762
   -0.419211
   -0.420925
   -0.417092
   -0.419617
   -0.413431
   -0.412588
   -0.417094
   -0.420130
   -0.424695
   -0.425772
   -0.422609
   -0.423885
   -0.417345
   -0.419030
   -0.413102
   -0.404612
   -0.447669
   -0.447869
   -0.443075
   -0.444256
   -0.454493
   -0.454635
   -0.457442
   -0.458273
   -0.465454
   -0.462196
   -0.457616
   -0.455600
   -0.462347
   -0.455004
   -0.447652
   -0.439585
   -0.390606
   -0.398268
   -0.431625
   -0.451644
   -0.456172
   -0.434957
   -0.474065
   -0.433204
   -0.394726
   -0.470991
   -0.432324
   -0.405212
   -0.416388
   -0.404941
   -0.425479
   -0.414005
   -0.423923
   -0.431406
   -0.440989
   -0.469150
   -0.486797
   -0.426420
   -0.466544
   -0.475548
   -0.450172
   -0.461129
   -0.427189
   -0.393480
   -0.448175
   -0.426468
   -0.457832
   -0.471667
   -0.397332
   -0.390251
   -0.402964
   -0.423102
   -0.438184
   -0.397683
   -0.403458
   -0.434929
   -0.423153
   -0.439084
   -0.478192
   -0.442105
   -0.407400
   -0.420780
   -0.417545
   -0.424202
   -0.407828
   -0.416505
   -0.437920
   -0.458249
   -0.417412
   -0.403768
   -0.456751
   -0.487845
   -0.449428
   -0.469504
   -0.522390
   -0.447771
   -0.442879
   -0.469514
   -0.447950
   -0.441725
   -0.415916
   -0.410038
   -0.406698
   -0.405497
   -0.401388
   -0.406476
   -0.418909
   -0.425541
   -0.426544
   -0.431177
   -0.438878
   -0.437571
   -0.410397
   -0.404728
   -0.436960
   -0.445850
   -0.439617
   -0.434486
   -0.435165
   -0.434393
   -0.423864
   -0.428097
   -0.443276
   -0.449176
   -0.444939
   -0.456802
   -0.452918
   -0.451646
   -0.432257
   -0.395455
   -0.439310
   -0.429431
   -0.417616
   -0.418185
   -0.418660
   -0.422419
   -0.405346
   -0.411391
   -0.416889
   -0.410468
   -0.410251
   -0.413074
   -0.414909
   -0.415801
   -0.434721
   -0.405643
   -0.409274
   -0.404845
   -0.445445
   -0.449147
   -0.450495
   -0.454226
   -0.430280
   -0.435156
   -0.438957
   -0.441100
   -0.447215
   -0.455583
   -0.447768
   -0.438873
   -0.456284
   -0.434812
   -0.433984
   -0.436487
   -0.420571
   -0.427898
   -0.426613
   -0.422412
   -0.424901
   -0.423921
   -0.425789
   -0.429328
   -0.430562
   -0.429191
   -0.427897
   -0.408388
   -0.412408
   -0.404904
   -0.416245
   -0.430527
   -0.466702
   -0.464230
   -0.454249
   -0.453040
   -0.455948
   -0.457264
   -0.456503
   -0.461544
   -0.459453
   -0.458905
   -0.453069
   -0.443672
   -0.423901
   -0.425733
   -0.438424
   -0.464636
   -0.423024
   -0.420943
   -0.418904
   -0.416095
   -0.416559
   -0.415943
   -0.420557
   -0.420453
   -0.416688
   -0.423324
   -0.421352
   -0.423197
   -0.436778
   -0.428966
   -0.427150
   -0.437848
   -0.451010
   -0.449932
   -0.449225
   -0.449555
   -0.455607
   -0.459188
   -0.461839
   -0.464622
   -0.460290
   -0.458790
   -0.454737
   -0.452053
   -0.441898
   -0.429250
   -0.426858
   -0.439510
   -0.413521
   -0.414686
   -0.414037
   -0.417508
   -0.418655
   -0.420404
   -0.420011
   -0.421548
   -0.419723
   -0.416317
   -0.416766
   -0.425600
   -0.439127
   -0.433944
   -0.419565
   -0.424085
   -0.454942
   -0.451325
   -0.453881
   -0.459457
   -0.460064
   -0.457021
   -0.456108
   -0.458717
   -0.455050
   -0.453195
   -0.455851
   -0.461317
   -0.448223
   -0.451694
   -0.439160
   -0.439824
   -0.410048
   -0.410304
   -0.411440
   -0.413997
   -0.417930
   -0.428562
   -0.431444
   -0.432077
   -0.431702
   -0.431647
   -0.432842
   -0.432160
   -0.434056
   -0.433097
   -0.434285
   -0.423511
   -0.440313
   -0.440702
   -0.440437
   -0.445288
   -0.441553
   -0.440743
   -0.439348
   -0.439456
   -0.440279
   -0.438335
   -0.436920
   -0.448611
   -0.458909
   -0.454796
   -0.458110
   -0.446372
   -0.403285
   -0.397012
   -0.405942
   -0.400122
   -0.423327
   -0.409856
   -0.443556
   -0.432529
   -0.436656
   -0.487248
   -0.454696
   -0.435132
   -0.422069
   -0.413653
   -0.428170
   -0.386795
   -0.431196
   -0.436686
   -0.437141
   -0.407882
   -0.432687
   -0.421263
   -0.445344
   -0.431940
   -0.444490
   -0.483447
   -0.437786
   -0.433613
   -0.449669
   -0.435920
   -0.456321
   -0.467577
   -0.415556
   -0.402526
   -0.408576
   -0.404377
   -0.430553
   -0.411977
   -0.434549
   -0.409991
   -0.427862
   -0.465080
   -0.428765
   -0.441254
   -0.376451
   -0.463611
   -0.437217
   -0.409170
   -0.448786
   -0.445067
   -0.446051
   -0.434253
   -0.424381
   -0.448035
   -0.425835
   -0.445651
   -0.455594
   -0.457442
   -0.471713
   -0.462600
   -0.405436
   -0.445749
   -0.442171
   -0.428102
   -0.414136
   -0.413285
   -0.414243
   -0.413387
   -0.405061
   -0.410902
   -0.406968
   -0.405630
   -0.407024
   -0.411779
   -0.399982
   -0.416033
   -0.407393
   -0.403924
   -0.401497
   -0.416701
   -0.447103
   -0.444566
   -0.444987
   -0.443202
   -0.436230
   -0.442076
   -0.443742
   -0.440222
   -0.443728
   -0.443701
   -0.424923
   -0.426964
   -0.433433
   -0.430978
   -0.428494
   -0.433561
   -0.420691
   -0.426812
   -0.426216
   -0.427441
   -0.425517
   -0.429830
   -0.430535
   -0.425305
   -0.420511
   -0.427250
   -0.421665
   -0.415195
   -0.401469
   -0.420294
   -0.435891
   -0.433756
   -0.463372
   -0.461523
   -0.455830
   -0.456792
   -0.456059
   -0.461061
   -0.461725
   -0.453015
   -0.448603
   -0.455342
   -0.452232
   -0.448853
   -0.426158
   -0.443434
   -0.474719
   -0.452266
   -0.413582
   -0.420186
   -0.420550
   -0.420987
   -0.420452
   -0.421165
   -0.421326
   -0.418170
   -0.414859
   -0.425895
   -0.425150
   -0.430459
   -0.430231
   -0.423098
   -0.434688
   -0.429325
   -0.441627
   -0.448207
   -0.448423
   -0.448611
   -0.457574
   -0.458506
   -0.459596
   -0.455618
   -0.454063
   -0.459553
   -0.456201
   -0.450095
   -0.430541
   -0.423200
   -0.433876
   -0.430359
   -0.414634
   -0.414681
   -0.413226
   -0.416741
   -0.418484
   -0.418288
   -0.418530
   -0.418444
   -0.418742
   -0.419704
   -0.419874
   -0.433567
   -0.438039
   -0.421091
   -0.423373
   -0.421513
   -0.454667
   -0.454679
   -0.453469
   -0.456687
   -0.458637
   -0.458249
   -0.458365
   -0.458068
   -0.455676
   -0.454897
   -0.457129
   -0.457981
   -0.453160
   -0.441934
   -0.437022
   -0.431483
   -0.407682
   -0.404744
   -0.406848
   -0.412509
   -0.417433
   -0.427347
   -0.430911
   -0.430098
   -0.429144
   -0.429415
   -0.432190
   -0.434342
   -0.430596
   -0.429418
   -0.419690
   -0.414287
   -0.432329
   -0.432071
   -0.435626
   -0.442063
   -0.436357
   -0.437251
   -0.436128
   -0.435189
   -0.434455
   -0.434477
   -0.442175
   -0.447644
   -0.444651
   -0.443091
   -0.437363
   -0.435005
   -0.411989
   -0.412401
   -0.413658
   -0.413417
   -0.421064
   -0.430670
   -0.428786
   -0.427421
   -0.426279
   -0.429211
   -0.429940
   -0.429507
   -0.429256
   -0.424449
   -0.415457
   -0.416853
   -0.452937
   -0.453803
   -0.455164
   -0.446430
   -0.439441
   -0.443087
   -0.438319
   -0.437626
   -0.435956
   -0.439351
   -0.440998
   -0.445187
   -0.442644
   -0.439875
   -0.434842
   -0.437980
   -0.417585
   -0.413935
   -0.409013
   -0.403590
   -0.410015
   -0.406064
   -0.400300
   -0.406937
   -0.416205
   -0.408082
   -0.430858
   -0.409902
   -0.410666
   -0.415872
   -0.426788
   -0.401809
   -0.449860
   -0.447387
   -0.441962
   -0.432662
   -0.436632
   -0.442897
   -0.436052
   -0.439211
   -0.444039
   -0.439748
   -0.448015
   -0.441643
   -0.438958
   -0.440022
   -0.429986
   -0.457153
   -0.428954
   -0.429206
   -0.427806
   -0.425614
   -0.425238
   -0.431135
   -0.426878
   -0.423001
   -0.429776
   -0.420265
   -0.400345
   -0.400264
   -0.407385
   -0.411753
   -0.442159
   -0.402967
   -0.466802
   -0.459767
   -0.458797
   -0.454883
   -0.461703
   -0.466555
   -0.447865
   -0.446837
   -0.461674
   -0.449314
   -0.429553
   -0.428070
   -0.450426
   -0.442843
   -0.452312
   -0.438224
   -0.425739
   -0.427055
   -0.426921
   -0.426950
   -0.429854
   -0.430293
   -0.424443
   -0.426535
   -0.428756
   -0.425934
   -0.412086
   -0.404532
   -0.414802
   -0.436496
   -0.429258
   -0.391011
   -0.461306
   -0.457558
   -0.457533
   -0.457130
   -0.461666
   -0.461611
   -0.455548
   -0.458390
   -0.461153
   -0.456540
   -0.440231
   -0.433049
   -0.439120
   -0.473855
   -0.453476
   -0.417625
   -0.417831
   -0.417994
   -0.417803
   -0.417700
   -0.421669
   -0.420632
   -0.417490
   -0.428019
   -0.427948
   -0.433836
   -0.433593
   -0.433121
   -0.424019
   -0.433439
   -0.428738
   -0.421528
   -0.448930
   -0.446618
   -0.454952
   -0.455747
   -0.460341
   -0.458957
   -0.457307
   -0.461843
   -0.461411
   -0.458797
   -0.446998
   -0.435172
   -0.426287
   -0.435233
   -0.430836
   -0.425247
   -0.411881
   -0.416399
   -0.416841
   -0.418299
   -0.418220
   -0.418401
   -0.417762
   -0.416695
   -0.415802
   -0.427789
   -0.433562
   -0.433070
   -0.425070
   -0.426151
   -0.420779
   -0.404372
   -0.450078
   -0.456909
   -0.460057
   -0.454744
   -0.454958
   -0.454777
   -0.455078
   -0.453071
   -0.454543
   -0.458890
   -0.451597
   -0.446013
   -0.446752
   -0.437160
   -0.431569
   -0.423764
   -0.405865
   -0.411812
   -0.416251
   -0.426602
   -0.431047
   -0.431163
   -0.429389
   -0.429748
   -0.431958
   -0.432031
   -0.432686
   -0.433692
   -0.427965
   -0.418992
   -0.413997
   -0.405015
   -0.437318
   -0.443179
   -0.444169
   -0.440300
   -0.439193
   -0.438175
   -0.436952
   -0.436136
   -0.442996
   -0.449394
   -0.450129
   -0.449244
   -0.442833
   -0.439106
   -0.437846
   -0.441567
   -0.413366
   -0.412822
   -0.416307
   -0.425801
   -0.425411
   -0.426263
   -0.426761
   -0.427286
   -0.428585
   -0.428902
   -0.429186
   -0.424668
   -0.408630
   -0.404053
   -0.413127
   -0.432920
   -0.454062
   -0.456319
   -0.445948
   -0.444379
   -0.444914
   -0.440524
   -0.441026
   -0.441544
   -0.442147
   -0.446792
   -0.445851
   -0.442821
   -0.432125
   -0.427227
   -0.439180
   -0.470368
   -0.410290
   -0.410236
   -0.409138
   -0.413798
   -0.417929
   -0.424548
   -0.430724
   -0.431564
   -0.431051
   -0.429502
   -0.434113
   -0.431290
   -0.424302
   -0.421337
   -0.423821
   -0.448757
   -0.440707
   -0.440201
   -0.444132
   -0.445153
   -0.447506
   -0.442593
   -0.443507
   -0.444461
   -0.443902
   -0.443569
   -0.448184
   -0.443854
   -0.436379
   -0.434714
   -0.437466
   -0.451722
   -0.434434
   -0.435680
   -0.433365
   -0.437825
   -0.432398
   -0.432898
   -0.420164
   -0.434285
   -0.430272
   -0.405705
   -0.408227
   -0.413454
   -0.417554
   -0.456127
   -0.415995
   -0.429185
   -0.470514
   -0.469107
   -0.469152
   -0.476943
   -0.462140
   -0.474839
   -0.457984
   -0.474697
   -0.468613
   -0.441002
   -0.449164
   -0.442335
   -0.466612
   -0.465960
   -0.444856
   -0.450371
   -0.423941
   -0.425987
   -0.424567
   -0.428853
   -0.416078
   -0.433177
   -0.409932
   -0.437148
   -0.434449
   -0.415606
   -0.441580
   -0.414761
   -0.445556
   -0.437455
   -0.407543
   -0.414184
   -0.459406
   -0.459468
   -0.469189
   -0.472355
   -0.482386
   -0.485779
   -0.471924
   -0.486793
   -0.481486
   -0.457852
   -0.467995
   -0.443532
   -0.484094
   -0.470249
   -0.433066
   -0.443882
   -0.434271
   -0.434886
   -0.434369
   -0.435276
   -0.436146
   -0.435156
   -0.436576
   -0.441469
   -0.440867
   -0.434643
   -0.423560
   -0.417796
   -0.444106
   -0.432244
   -0.425822
   -0.429699
   -0.472776
   -0.468436
   -0.468848
   -0.468256
   -0.469206
   -0.468068
   -0.468587
   -0.474168
   -0.473880
   -0.467800
   -0.453576
   -0.448592
   -0.464754
   -0.449313
   -0.439389
   -0.442997
   -0.423471
   -0.423617
   -0.423933
   -0.423867
   -0.422024
   -0.421599
   -0.421347
   -0.432700
   -0.435125
   -0.437778
   -0.438717
   -0.437637
   -0.440414
   -0.417475
   -0.404650
   -0.413411
   -0.454584
   -0.455695
   -0.466726
   -0.466108
   -0.465280
   -0.464341
   -0.463489
   -0.471664
   -0.473706
   -0.465460
   -0.450814
   -0.439986
   -0.470758
   -0.457830
   -0.437027
   -0.454163
   -0.420963
   -0.424524
   -0.424555
   -0.424027
   -0.423212
   -0.424130
   -0.422754
   -0.424421
   -0.426671
   -0.433491
   -0.437597
   -0.429193
   -0.433754
   -0.420746
   -0.413249
   -0.423916
   -0.469487
   -0.472397
   -0.472317
   -0.466799
   -0.465799
   -0.465743
   -0.465012
   -0.466496
   -0.467560
   -0.464761
   -0.454006
   -0.446869
   -0.460101
   -0.455175
   -0.457967
   -0.466852
   -0.415238
   -0.420141
   -0.426315
   -0.435702
   -0.438142
   -0.438411
   -0.438467
   -0.438065
   -0.437937
   -0.437923
   -0.434884
   -0.430981
   -0.426199
   -0.428069
   -0.447813
   -0.453411
   -0.447748
   -0.452125
   -0.452727
   -0.446786
   -0.444859
   -0.444639
   -0.445391
   -0.444966
   -0.451087
   -0.455926
   -0.452422
   -0.449917
   -0.450062
   -0.451371
   -0.477597
   -0.484877
   -0.420464
   -0.421813
   -0.425820
   -0.434162
   -0.434163
   -0.432148
   -0.431845
   -0.431408
   -0.432917
   -0.431047
   -0.425540
   -0.427674
   -0.439211
   -0.443099
   -0.461350
   -0.452000
   -0.471670
   -0.470835
   -0.460019
   -0.458938
   -0.468059
   -0.458345
   -0.457818
   -0.457140
   -0.459202
   -0.466574
   -0.461360
   -0.461290
   -0.476790
   -0.479544
   -0.485304
   -0.473231
   -0.415805
   -0.415597
   -0.415261
   -0.419622
   -0.417310
   -0.422219
   -0.431817
   -0.433011
   -0.431885
   -0.428157
   -0.432032
   -0.434185
   -0.439505
   -0.447157
   -0.436065
   -0.431579
   -0.447187
   -0.447071
   -0.451990
   -0.458875
   -0.472595
   -0.467309
   -0.466885
   -0.467573
   -0.466192
   -0.461684
   -0.466184
   -0.467497
   -0.480300
   -0.480334
   -0.472383
   -0.465524
   -0.431357
   -0.432366
   -0.434455
   -0.434196
   -0.435226
   -0.435439
   -0.441144
   -0.440168
   -0.433199
   -0.422769
   -0.412485
   -0.444906
   -0.436916
   -0.408231
   -0.409433
   -0.424964
   -0.458879
   -0.459986
   -0.460802
   -0.461862
   -0.461663
   -0.461100
   -0.466492
   -0.467640
   -0.461332
   -0.443797
   -0.435859
   -0.456061
   -0.458777
   -0.431689
   -0.448869
   -0.451674
   -0.421522
   -0.421066
   -0.421856
   -0.420937
   -0.421604
   -0.421467
   -0.429117
   -0.432438
   -0.435668
   -0.436826
   -0.444206
   -0.440171
   -0.412413
   -0.433496
   -0.437959
   -0.442603
   -0.446523
   -0.456447
   -0.457753
   -0.458241
   -0.457528
   -0.457306
   -0.465750
   -0.468397
   -0.459563
   -0.447751
   -0.446102
   -0.469846
   -0.425059
   -0.438931
   -0.447058
   -0.452315
   -0.433063
   -0.432628
   -0.432752
   -0.431600
   -0.431278
   -0.429347
   -0.436020
   -0.437981
   -0.432003
   -0.418466
   -0.411772
   -0.443562
   -0.430221
   -0.407631
   -0.417732
   -0.450552
   -0.459622
   -0.459764
   -0.459329
   -0.458936
   -0.457345
   -0.457039
   -0.463738
   -0.463865
   -0.458285
   -0.441398
   -0.433482
   -0.454097
   -0.465098
   -0.439103
   -0.457250
   -0.484798
   -0.423319
   -0.423368
   -0.423166
   -0.422602
   -0.422170
   -0.421346
   -0.431038
   -0.431191
   -0.435024
   -0.432141
   -0.429611
   -0.430199
   -0.422322
   -0.410211
   -0.423655
   -0.449846
   -0.451543
   -0.460892
   -0.460563
   -0.459565
   -0.458125
   -0.458909
   -0.463545
   -0.463042
   -0.459233
   -0.443610
   -0.432959
   -0.463970
   -0.453426
   -0.449345
   -0.471863
   -0.478964
   -0.423943
   -0.423554
   -0.422957
   -0.422798
   -0.420836
   -0.420878
   -0.421256
   -0.421784
   -0.429376
   -0.429724
   -0.424520
   -0.427746
   -0.418570
   -0.438860
   -0.449337
   -0.446858
   -0.466859
   -0.465541
   -0.459958
   -0.460894
   -0.460413
   -0.459171
   -0.459046
   -0.461260
   -0.458848
   -0.444484
   -0.440700
   -0.456621
   -0.442966
   -0.462212
   -0.479363
   -0.461800
   -0.420731
   -0.423942
   -0.431758
   -0.434813
   -0.434686
   -0.434938
   -0.435874
   -0.434912
   -0.431611
   -0.429988
   -0.431045
   -0.428103
   -0.436049
   -0.452880
   -0.445761
   -0.438318
   -0.447912
   -0.447316
   -0.442451
   -0.442066
   -0.442514
   -0.442306
   -0.443393
   -0.446357
   -0.446267
   -0.444825
   -0.446794
   -0.450238
   -0.470875
   -0.466238
   -0.457009
   -0.448678
   -0.420016
   -0.424115
   -0.433151
   -0.432236
   -0.433498
   -0.431948
   -0.432454
   -0.429558
   -0.427139
   -0.429922
   -0.429802
   -0.447924
   -0.452440
   -0.446142
   -0.409262
   -0.405893
   -0.459724
   -0.450563
   -0.451826
   -0.460701
   -0.454400
   -0.452763
   -0.452703
   -0.449095
   -0.455914
   -0.459404
   -0.461487
   -0.478410
   -0.491683
   -0.482412
   -0.443137
   -0.424018
   -0.414599
   -0.414434
   -0.419387
   -0.419273
   -0.422169
   -0.431502
   -0.428055
   -0.424493
   -0.427623
   -0.435436
   -0.434406
   -0.445863
   -0.460651
   -0.447479
   -0.412207
   -0.394638
   -0.442789
   -0.446474
   -0.450959
   -0.465232
   -0.461879
   -0.463007
   -0.460366
   -0.457392
   -0.459206
   -0.465738
   -0.465868
   -0.478033
   -0.510272
   -0.488372
   -0.445330
   -0.401548
   -0.411230
   -0.411087
   -0.411355
   -0.409450
   -0.411080
   -0.411085
   -0.413795
   -0.412069
   -0.412093
   -0.415998
   -0.414066
   -0.415744
   -0.417210
   -0.428026
   -0.403077
   -0.381389
   -0.401333
   -0.401492
   -0.401608
   -0.398434
   -0.403396
   -0.401951
   -0.405273
   -0.402350
   -0.403054
   -0.406777
   -0.403643
   -0.406840
   -0.412367
   -0.443640
   -0.447125
   -0.400073
   -0.411648
   -0.411287
   -0.411421
   -0.409882
   -0.411486
   -0.409673
   -0.413820
   -0.409112
   -0.410563
   -0.414172
   -0.409292
   -0.415021
   -0.400373
   -0.406243
   -0.430595
   -0.397951
   -0.402532
   -0.403312
   -0.401891
   -0.400476
   -0.400723
   -0.401540
   -0.402522
   -0.401100
   -0.401780
   -0.403476
   -0.401183
   -0.409045
   -0.390955
   -0.410959
   -0.436042
   -0.417565
   -0.409294
   -0.409230
   -0.408731
   -0.408141
   -0.411954
   -0.413336
   -0.411870
   -0.412555
   -0.411253
   -0.410643
   -0.413860
   -0.420385
   -0.418270
   -0.442312
   -0.401856
   -0.373192
   -0.406762
   -0.407033
   -0.406669
   -0.406677
   -0.410410
   -0.410497
   -0.410438
   -0.410628
   -0.409438
   -0.408584
   -0.411682
   -0.419002
   -0.421047
   -0.444272
   -0.406761
   -0.378437
   -0.403007
   -0.403018
   -0.401882
   -0.401886
   -0.413589
   -0.411820
   -0.414848
   -0.412450
   -0.410653
   -0.413652
   -0.414066
   -0.418475
   -0.391922
   -0.431025
   -0.403239
   -0.362283
   -0.413300
   -0.413812
   -0.411562
   -0.411776
   -0.417607
   -0.415225
   -0.419695
   -0.416361
   -0.413326
   -0.417125
   -0.418692
   -0.431835
   -0.424248
   -0.431184
   -0.417465
   -0.371401
   -0.398400
   -0.398464
   -0.397544
   -0.398837
   -0.405192
   -0.401791
   -0.405761
   -0.404067
   -0.403195
   -0.407089
   -0.407344
   -0.417972
   -0.391104
   -0.405617
   -0.386643
   -0.332360
   -0.407849
   -0.408199
   -0.406902
   -0.409180
   -0.412672
   -0.411847
   -0.413662
   -0.412229
   -0.411305
   -0.414779
   -0.419259
   -0.430801
   -0.429869
   -0.406375
   -0.383499
   -0.336978
   -0.403016
   -0.403196
   -0.402182
   -0.401953
   -0.412509
   -0.411862
   -0.411512
   -0.413297
   -0.413546
   -0.413517
   -0.422158
   -0.427741
   -0.415736
   -0.383651
   -0.354636
   -0.304980
   -0.405521
   -0.405106
   -0.403459
   -0.406915
   -0.411995
   -0.412902
   -0.411141
   -0.414185
   -0.414316
   -0.413025
   -0.421981
   -0.427363
   -0.430482
   -0.378664
   -0.344687
   -0.301658
   -0.409808
   -0.410062
   -0.412506
   -0.412222
   -0.412599
   -0.415223
   -0.414882
   -0.418194
   -0.414366
   -0.419459
   -0.433817
   -0.429200
   -0.436193
   -0.376299
   -0.282939
   -0.288091
   -0.405353
   -0.404727
   -0.407157
   -0.409847
   -0.409384
   -0.412054
   -0.415232
   -0.418869
   -0.416776
   -0.418753
   -0.431109
   -0.431523
   -0.421554
   -0.367877
   -0.275615
   -0.264046
   -0.401662
   -0.401911
   -0.403312
   -0.404081
   -0.415649
   -0.415186
   -0.414391
   -0.413216
   -0.416600
   -0.426886
   -0.427930
   -0.421994
   -0.420645
   -0.334346
   -0.273683
   -0.319369
   -0.412367
   -0.413405
   -0.412500
   -0.412420
   -0.412898
   -0.413881
   -0.418298
   -0.416890
   -0.423255
   -0.434177
   -0.433438
   -0.427019
   -0.399742
   -0.323153
   -0.266571
   -0.288733
   -0.420641
   -0.420179
   -0.419497
   -0.424522
   -0.410792
   -0.410701
   -0.409443
   -0.410005
   -0.411388
   -0.411768
   -0.414467
   -0.409994
   -0.434285
   -0.450992
   -0.407728
   -0.363581
   -0.434721
   -0.434404
   -0.434060
   -0.438506
   -0.432728
   -0.433051
   -0.431892
   -0.431675
   -0.432886
   -0.434647
   -0.436792
   -0.434379
   -0.443454
   -0.467848
   -0.429663
   -0.378516
   -0.415014
   -0.415170
   -0.414878
   -0.424397
   -0.415533
   -0.415799
   -0.414669
   -0.414043
   -0.413667
   -0.413064
   -0.410781
   -0.402447
   -0.466021
   -0.411622
   -0.376389
   -0.349689
   -0.437423
   -0.435981
   -0.435573
   -0.440098
   -0.434887
   -0.434922
   -0.432860
   -0.432031
   -0.434072
   -0.435056
   -0.433854
   -0.431839
   -0.463223
   -0.423126
   -0.376489
   -0.358318
   -0.407634
   -0.407232
   -0.407567
   -0.413781
   -0.419040
   -0.424448
   -0.422327
   -0.417586
   -0.422036
   -0.425176
   -0.433002
   -0.416583
   -0.438230
   -0.430003
   -0.377391
   -0.335492
   -0.429788
   -0.428820
   -0.430232
   -0.434898
   -0.439595
   -0.440940
   -0.438647
   -0.438924
   -0.441556
   -0.444001
   -0.453639
   -0.457029
   -0.431172
   -0.427876
   -0.367634
   -0.329883
   -0.409137
   -0.408552
   -0.409845
   -0.414526
   -0.420021
   -0.424362
   -0.421983
   -0.419272
   -0.419965
   -0.427106
   -0.434951
   -0.432499
   -0.406869
   -0.399721
   -0.344714
   -0.318661
   -0.431420
   -0.429709
   -0.430737
   -0.436116
   -0.440138
   -0.440115
   -0.438943
   -0.439815
   -0.439846
   -0.448506
   -0.455705
   -0.450960
   -0.419665
   -0.400925
   -0.347139
   -0.334723
   -0.406963
   -0.407996
   -0.409868
   -0.411492
   -0.427309
   -0.427921
   -0.426349
   -0.425928
   -0.428187
   -0.436240
   -0.437871
   -0.440824
   -0.387205
   -0.362410
   -0.310589
   -0.310580
   -0.426107
   -0.428076
   -0.430155
   -0.430613
   -0.436928
   -0.441249
   -0.441163
   -0.435732
   -0.442314
   -0.456994
   -0.454352
   -0.443629
   -0.396752
   -0.339431
   -0.311689
   -0.331513
   -0.407567
   -0.408361
   -0.409268
   -0.413436
   -0.421909
   -0.421218
   -0.419957
   -0.422448
   -0.430463
   -0.435982
   -0.429624
   -0.427547
   -0.376143
   -0.288867
   -0.284287
   -0.318806
   -0.429514
   -0.429831
   -0.431696
   -0.434625
   -0.439095
   -0.440298
   -0.438658
   -0.441888
   -0.452540
   -0.454771
   -0.446286
   -0.431612
   -0.360710
   -0.287033
   -0.303480
   -0.335333
   -0.412378
   -0.412408
   -0.409827
   -0.417664
   -0.410920
   -0.415000
   -0.412912
   -0.420968
   -0.427879
   -0.417945
   -0.414446
   -0.390586
   -0.330116
   -0.302036
   -0.323086
   -0.360854
   -0.434729
   -0.436000
   -0.433787
   -0.435589
   -0.428708
   -0.432133
   -0.431039
   -0.440786
   -0.445152
   -0.434206
   -0.426336
   -0.397003
   -0.299278
   -0.297779
   -0.326300
   -0.382027
   -0.412653
   -0.413200
   -0.411243
   -0.416673
   -0.421668
   -0.418800
   -0.428894
   -0.439871
   -0.429115
   -0.417007
   -0.419113
   -0.369110
   -0.302671
   -0.305885
   -0.329930
   -0.379453
   -0.435678
   -0.437277
   -0.436529
   -0.435451
   -0.428687
   -0.425556
   -0.431966
   -0.440462
   -0.433895
   -0.423686
   -0.423626
   -0.371888
   -0.293744
   -0.303293
   -0.327670
   -0.393119
   -0.467739
   -0.468188
   -0.467836
   -0.477537
   -0.466965
   -0.467159
   -0.466192
   -0.466854
   -0.466634
   -0.465355
   -0.465743
   -0.465552
   -0.462363
   -0.424398
   -0.395215
   -0.419216
   -0.553763
   -0.553228
   -0.553686
   -0.558986
   -0.540662
   -0.540755
   -0.540071
   -0.540756
   -0.540714
   -0.539040
   -0.540152
   -0.539085
   -0.544970
   -0.497247
   -0.441278
   -0.470381
   -0.465345
   -0.465729
   -0.465467
   -0.475471
   -0.473757
   -0.474486
   -0.473069
   -0.474795
   -0.474278
   -0.473147
   -0.474975
   -0.459479
   -0.460448
   -0.415712
   -0.384419
   -0.410883
   -0.552727
   -0.552174
   -0.553066
   -0.557850
   -0.540989
   -0.540423
   -0.540528
   -0.540830
   -0.540658
   -0.539795
   -0.540845
   -0.538227
   -0.509250
   -0.483957
   -0.424402
   -0.443314
   -0.475667
   -0.476241
   -0.480401
   -0.488711
   -0.492362
   -0.488047
   -0.498037
   -0.483657
   -0.494468
   -0.497890
   -0.478130
   -0.452065
   -0.419195
   -0.379486
   -0.401737
   -0.419420
   -0.539833
   -0.540182
   -0.543968
   -0.548324
   -0.553623
   -0.556719
   -0.557842
   -0.548527
   -0.556532
   -0.556100
   -0.539823
   -0.510049
   -0.472537
   -0.447177
   -0.479502
   -0.493916
   -0.466064
   -0.466555
   -0.474737
   -0.479438
   -0.459559
   -0.478901
   -0.461070
   -0.464167
   -0.477248
   -0.457899
   -0.456475
   -0.421424
   -0.396124
   -0.366269
   -0.399315
   -0.417271
   -0.538068
   -0.538115
   -0.542855
   -0.546796
   -0.538541
   -0.561029
   -0.529247
   -0.542972
   -0.557694
   -0.533327
   -0.532676
   -0.466572
   -0.415823
   -0.429609
   -0.473097
   -0.509499
   -0.467904
   -0.467156
   -0.474913
   -0.468283
   -0.462487
   -0.489599
   -0.458569
   -0.468156
   -0.479431
   -0.454479
   -0.444952
   -0.380268
   -0.368941
   -0.389989
   -0.415805
   -0.435819
   -0.532414
   -0.530878
   -0.539323
   -0.528443
   -0.540876
   -0.551066
   -0.537408
   -0.541678
   -0.550595
   -0.530725
   -0.500729
   -0.423522
   -0.393373
   -0.447409
   -0.485748
   -0.516035
   -0.467290
   -0.466466
   -0.474387
   -0.474954
   -0.461894
   -0.466970
   -0.467949
   -0.456664
   -0.459806
   -0.464497
   -0.395874
   -0.355347
   -0.352818
   -0.405672
   -0.439629
   -0.453794
   -0.530881
   -0.530836
   -0.539367
   -0.522031
   -0.521886
   -0.516166
   -0.526723
   -0.509702
   -0.510603
   -0.518392
   -0.446743
   -0.399022
   -0.395657
   -0.470881
   -0.517118
   -0.539121
   -0.476785
   -0.476308
   -0.459090
   -0.460890
   -0.485974
   -0.473213
   -0.474964
   -0.454712
   -0.486397
   -0.443438
   -0.335492
   -0.364629
   -0.377135
   -0.421548
   -0.436254
   -0.464494
   -0.548979
   -0.548949
   -0.540798
   -0.532513
   -0.545415
   -0.537538
   -0.510968
   -0.489387
   -0.512741
   -0.484753
   -0.389347
   -0.378367
   -0.430615
   -0.481416
   -0.502912
   -0.540053
   -0.477261
   -0.476717
   -0.468502
   -0.462831
   -0.448738
   -0.454579
   -0.456537
   -0.470860
   -0.438069
   -0.359153
   -0.348627
   -0.359041
   -0.385260
   -0.423693
   -0.442527
   -0.474582
   -0.544004
   -0.542026
   -0.546998
   -0.550336
   -0.554372
   -0.551797
   -0.519317
   -0.535654
   -0.481033
   -0.400664
   -0.401024
   -0.417315
   -0.476591
   -0.513511
   -0.519901
   -0.540540
   -0.432494
   -0.432152
   -0.432838
   -0.432749
   -0.433866
   -0.433554
   -0.434336
   -0.433843
   -0.433619
   -0.433350
   -0.432607
   -0.433955
   -0.380501
   -0.322976
   -0.383935
   -0.388445
   -0.461015
   -0.461347
   -0.461275
   -0.461366
   -0.460106
   -0.460077
   -0.460445
   -0.460515
   -0.460099
   -0.459583
   -0.458816
   -0.459658
   -0.425907
   -0.345953
   -0.412064
   -0.409322
   -0.420188
   -0.419755
   -0.420201
   -0.419631
   -0.421071
   -0.420681
   -0.421383
   -0.421282
   -0.421636
   -0.421715
   -0.422565
   -0.421775
   -0.337797
   -0.378030
   -0.391751
   -0.389886
   -0.456087
   -0.456698
   -0.456716
   -0.456725
   -0.455266
   -0.455309
   -0.455991
   -0.456252
   -0.455590
   -0.455278
   -0.455659
   -0.456454
   -0.389079
   -0.417039
   -0.454317
   -0.429654
   -0.439161
   -0.443121
   -0.443817
   -0.435334
   -0.468437
   -0.425454
   -0.439747
   -0.463523
   -0.443362
   -0.434496
   -0.364828
   -0.344217
   -0.354028
   -0.337257
   -0.392815
   -0.409572
   -0.460213
   -0.468771
   -0.460636
   -0.460556
   -0.468693
   -0.460590
   -0.469574
   -0.460142
   -0.452193
   -0.447229
   -0.369182
   -0.332906
   -0.394743
   -0.391340
   -0.474148
   -0.494126
   -0.421091
   -0.425184
   -0.421946
   -0.421679
   -0.439650
   -0.420304
   -0.414978
   -0.440277
   -0.441846
   -0.376188
   -0.316886
   -0.309048
   -0.371855
   -0.352465
   -0.413731
   -0.440567
   -0.455666
   -0.460318
   -0.456429
   -0.451968
   -0.454629
   -0.469638
   -0.449848
   -0.455218
   -0.469197
   -0.398479
   -0.351616
   -0.341804
   -0.381337
   -0.389322
   -0.451922
   -0.470059
   -0.434064
   -0.425356
   -0.417798
   -0.433319
   -0.409939
   -0.425181
   -0.413813
   -0.423080
   -0.407753
   -0.328934
   -0.315130
   -0.307603
   -0.375529
   -0.385705
   -0.424925
   -0.427037
   -0.472681
   -0.459688
   -0.456031
   -0.475606
   -0.472058
   -0.447632
   -0.437860
   -0.480602
   -0.439117
   -0.326529
   -0.327694
   -0.370930
   -0.402139
   -0.432758
   -0.478655
   -0.487278
   -0.433883
   -0.425279
   -0.418025
   -0.417406
   -0.414957
   -0.423787
   -0.432553
   -0.405876
   -0.351193
   -0.313388
   -0.310980
   -0.331506
   -0.384115
   -0.384923
   -0.430731
   -0.427530
   -0.459272
   -0.459078
   -0.455519
   -0.453203
   -0.452737
   -0.439431
   -0.457520
   -0.417881
   -0.337577
   -0.329718
   -0.339596
   -0.382042
   -0.424721
   -0.442400
   -0.494872
   -0.497083
   -0.446617
   -0.442395
   -0.441186
   -0.448471
   -0.456436
   -0.416966
   -0.434199
   -0.360039
   -0.333606
   -0.375760
   -0.322941
   -0.379514
   -0.405666
   -0.388967
   -0.424280
   -0.426288
   -0.460643
   -0.460108
   -0.468058
   -0.471316
   -0.477577
   -0.447167
   -0.436069
   -0.349186
   -0.326449
   -0.387182
   -0.373578
   -0.380894
   -0.482668
   -0.467571
   -0.485781
   -0.457152
   -0.442379
   -0.437985
   -0.441770
   -0.461055
   -0.417517
   -0.435262
   -0.363487
   -0.292695
   -0.348919
   -0.375061
   -0.353009
   -0.377335
   -0.414471
   -0.392792
   -0.432609
   -0.428796
   -0.468047
   -0.451025
   -0.456012
   -0.485895
   -0.449657
   -0.470607
   -0.399625
   -0.350352
   -0.357667
   -0.371169
   -0.371122
   -0.413301
   -0.464043
   -0.474727
   -0.479292
   -0.442764
