    0.146187
    0.172218
   -0.248240
   -0.479848
   -0.429098
   -0.389808
   -0.439862
   -0.334024
   -0.450979
   -0.428095
   -0.414425
   -0.422632
   -0.446181
   -0.451424
   -0.432564
   -0.419758
    0.290763
    0.100850
   -0.289408
   -0.461048
   -0.446336
   -0.399343
   -0.415337
   -0.434056
   -0.464636
   -0.475182
   -0.474621
   -0.473790
   -0.466496
   -0.465312
   -0.464859
   -0.475179
    0.128762
    0.061971
    0.128104
   -0.136243
   -0.402587
   -0.431487
   -0.444954
   -0.431549
   -0.407686
   -0.432273
   -0.448588
   -0.439812
   -0.418046
   -0.408285
   -0.420870
   -0.445215
    0.245832
    0.104479
    0.166041
   -0.111874
   -0.397407
   -0.485561
   -0.486847
   -0.508685
   -0.433007
   -0.453134
   -0.460643
   -0.455749
   -0.444890
   -0.433597
   -0.446155
   -0.457326
    0.182310
    0.155000
    0.151733
    0.172581
    0.003755
   -0.336799
   -0.363103
   -0.449137
   -0.453511
   -0.440673
   -0.426730
   -0.429279
   -0.449977
   -0.453951
   -0.442942
   -0.431017
    0.194284
    0.282748
    0.260200
    0.248906
    0.039613
   -0.342463
   -0.426428
   -0.460789
   -0.483744
   -0.456972
   -0.442684
   -0.451277
   -0.476364
   -0.485293
   -0.464835
   -0.447550
    0.200019
    0.212566
    0.248534
    0.271418
    0.217272
    0.091423
   -0.207064
   -0.388146
   -0.422479
   -0.418928
   -0.417258
   -0.416998
   -0.423219
   -0.422657
   -0.421782
   -0.418052
    0.252887
    0.222300
    0.281439
    0.341836
    0.231025
    0.125248
   -0.204066
   -0.420931
   -0.441115
   -0.460341
   -0.476486
   -0.464109
   -0.446130
   -0.441306
   -0.454997
   -0.473547
    0.226758
    0.250136
    0.261188
    0.303206
    0.221669
    0.242131
    0.109200
   -0.051483
   -0.414494
   -0.416969
   -0.414431
   -0.399947
   -0.393375
   -0.409473
   -0.449661
   -0.487880
    0.233704
    0.255483
    0.271681
    0.255788
    0.206839
    0.230731
    0.155500
    0.023268
   -0.447350
   -0.430644
   -0.451436
   -0.456936
   -0.445742
   -0.454254
   -0.509674
   -0.541056
    0.269813
    0.217454
    0.245009
    0.246307
    0.237808
    0.184024
    0.176024
    0.146480
    0.029335
   -0.298482
   -0.462511
   -0.415428
   -0.401372
   -0.416689
   -0.400050
   -0.409199
    0.255374
    0.202768
    0.248165
    0.244445
    0.259323
    0.179151
    0.201020
    0.215249
    0.040799
   -0.283735
   -0.490870
   -0.467745
   -0.419612
   -0.442306
   -0.460703
   -0.481585
    0.191364
    0.229031
    0.276581
    0.204820
    0.247064
    0.223546
    0.228928
    0.177507
    0.059030
    0.136797
   -0.084737
   -0.384750
   -0.410117
   -0.395216
   -0.438449
   -0.397974
    0.193389
    0.230268
    0.248089
    0.221783
    0.258947
    0.227146
    0.188011
    0.155136
    0.080094
    0.148408
   -0.074958
   -0.386389
   -0.431441
   -0.420676
   -0.461418
   -0.462143
    0.252332
    0.221216
    0.181752
    0.248544
    0.269640
    0.200587
    0.114005
    0.151758
    0.181199
    0.201921
    0.219442
    0.069681
   -0.235799
   -0.439395
   -0.454261
   -0.437933
    0.274698
    0.243130
    0.160124
    0.229083
    0.240636
    0.211617
    0.097814
    0.130850
    0.158713
    0.176777
    0.219153
    0.069795
   -0.291244
   -0.483803
   -0.480853
   -0.483919
    0.202827
    0.182144
   -0.280626
   -0.545532
   -0.465503
   -0.452530
   -0.481499
   -0.385005
   -0.478545
   -0.467425
   -0.433676
   -0.441062
   -0.484565
   -0.483351
   -0.453360
   -0.450906
    0.263480
    0.197441
   -0.307686
   -0.555470
   -0.523845
   -0.484772
   -0.549744
   -0.496527
   -0.528770
   -0.541805
   -0.536238
   -0.532914
   -0.543842
   -0.532370
   -0.529058
   -0.543071
    0.158359
    0.112416
    0.129451
   -0.182641
   -0.453141
   -0.480963
   -0.469284
   -0.468733
   -0.450233
   -0.468427
   -0.492136
   -0.482861
   -0.453010
   -0.448494
   -0.461963
   -0.484045
    0.232872
    0.183398
    0.165747
   -0.186193
   -0.488564
   -0.535386
   -0.548031
   -0.584131
   -0.526956
   -0.530935
   -0.559857
   -0.556829
   -0.517620
   -0.517423
   -0.547878
   -0.549962
    0.159732
    0.199938
    0.170541
    0.191156
    0.043428
   -0.391499
   -0.441194
   -0.496599
   -0.480367
   -0.458900
   -0.464173
   -0.468909
   -0.462299
   -0.465537
   -0.480899
   -0.460878
    0.229446
    0.235447
    0.247507
    0.266073
    0.087297
   -0.419873
   -0.512925
   -0.572246
   -0.551576
   -0.535156
   -0.528100
   -0.542177
   -0.541560
   -0.547314
   -0.546902
   -0.531618
    0.197343
    0.248032
    0.265233
    0.242067
    0.246427
    0.186279
   -0.226203
   -0.442911
   -0.455206
   -0.476190
   -0.485349
   -0.475132
   -0.465739
   -0.454393
   -0.464853
   -0.484165
    0.262805
    0.232561
    0.274782
    0.310799
    0.267331
    0.188344
   -0.292785
   -0.510985
   -0.509141
   -0.560965
   -0.581616
   -0.553312
   -0.530193
   -0.515019
   -0.524795
   -0.580190
    0.245858
    0.260847
    0.253726
    0.312034
    0.226982
    0.229184
    0.170709
   -0.095402
   -0.427369
   -0.459281
   -0.479384
   -0.457004
   -0.436807
   -0.453178
   -0.460655
   -0.469652
    0.258903
    0.300823
    0.302499
    0.331971
    0.274035
    0.266124
    0.226939
    0.001719
   -0.500995
   -0.498669
   -0.521223
   -0.515915
   -0.510991
   -0.520371
   -0.544181
   -0.540882
    0.292858
    0.288810
    0.259121
    0.248936
    0.236625
    0.217505
    0.241760
    0.141782
    0.016343
   -0.322727
   -0.473472
   -0.408462
   -0.424798
   -0.467462
   -0.453140
   -0.435861
    0.292992
    0.289265
    0.287670
    0.293284
    0.279092
    0.237062
    0.290170
    0.233704
    0.015017
   -0.331751
   -0.550878
   -0.529691
   -0.496225
   -0.528091
   -0.535347
   -0.544628
    0.189725
    0.231952
    0.282695
    0.264542
    0.248887
    0.230207
    0.256639
    0.160064
    0.067988
    0.160117
   -0.082987
   -0.407132
   -0.446339
   -0.432849
   -0.477181
   -0.444727
    0.252243
    0.275831
    0.302840
    0.299643
    0.279239
    0.263246
    0.267358
    0.195618
    0.102273
    0.171468
   -0.096542
   -0.457967
   -0.518609
   -0.493239
   -0.534598
   -0.544210
    0.246669
    0.228229
    0.208826
    0.261277
    0.251804
    0.204419
    0.142734
    0.130581
    0.173428
    0.225315
    0.267863
    0.098196
   -0.243126
   -0.458410
   -0.488000
   -0.484017
    0.322731
    0.310843
    0.253411
    0.280673
    0.294478
    0.263649
    0.170898
    0.173377
    0.130511
    0.193397
    0.288152
    0.106882
   -0.305434
   -0.525823
   -0.538235
   -0.557885
    0.192505
    0.169009
   -0.228837
   -0.462475
   -0.387789
   -0.383657
   -0.419413
   -0.347874
   -0.395812
   -0.390304
   -0.371937
   -0.379273
   -0.398404
   -0.396086
   -0.379489
   -0.380675
    0.187983
    0.167825
   -0.266812
   -0.482160
   -0.434305
   -0.399335
   -0.463925
   -0.401959
   -0.428832
   -0.424742
   -0.422350
   -0.428664
   -0.424653
   -0.426018
   -0.428170
   -0.424450
    0.159492
    0.131790
    0.136328
   -0.142512
   -0.380429
   -0.413676
   -0.403890
   -0.408903
   -0.408085
   -0.401265
   -0.424050
   -0.422175
   -0.398850
   -0.398504
   -0.419973
   -0.410003
    0.176375
    0.162431
    0.141984
   -0.167669
   -0.414815
   -0.436320
   -0.439907
   -0.469479
   -0.437884
   -0.421931
   -0.452604
   -0.458258
   -0.408361
   -0.425064
   -0.458451
   -0.436137
    0.140262
    0.189459
    0.153617
    0.173459
    0.056569
   -0.340618
   -0.379354
   -0.424042
   -0.408828
   -0.387598
   -0.409110
   -0.423874
   -0.389692
   -0.395040
   -0.423193
   -0.401540
    0.168122
    0.158315
    0.178694
    0.211880
    0.088541
   -0.350758
   -0.411232
   -0.459726
   -0.432650
   -0.421944
   -0.436708
   -0.443786
   -0.412752
   -0.418402
   -0.439692
   -0.431363
    0.166159
    0.215785
    0.213332
    0.178779
    0.203778
    0.168131
   -0.203388
   -0.385843
   -0.397702
   -0.409224
   -0.433683
   -0.426343
   -0.398033
   -0.394669
   -0.410927
   -0.426169
    0.176179
    0.154087
    0.198273
    0.226682
    0.219944
    0.179256
   -0.244488
   -0.424027
   -0.430119
   -0.461630
   -0.482887
   -0.459802
   -0.441203
   -0.431033
   -0.441668
   -0.474245
    0.209580
    0.195652
    0.205839
    0.265034
    0.227192
    0.199234
    0.185723
   -0.056363
   -0.362554
   -0.405940
   -0.411836
   -0.403876
   -0.379182
   -0.393755
   -0.393892
   -0.399606
    0.189343
    0.220046
    0.230365
    0.278285
    0.246329
    0.220931
    0.205589
    0.002597
   -0.404142
   -0.436492
   -0.426867
   -0.408248
   -0.431332
   -0.434399
   -0.427704
   -0.445042
    0.238549
    0.241000
    0.204596
    0.224490
    0.208676
    0.205857
    0.225300
    0.142418
    0.009617
   -0.274725
   -0.404007
   -0.345935
   -0.364505
   -0.415351
   -0.401952
   -0.382655
    0.211501
    0.225955
    0.206527
    0.238045
    0.205393
    0.195135
    0.239352
    0.184302
    0.054524
   -0.265484
   -0.442222
   -0.414283
   -0.412358
   -0.432554
   -0.423120
   -0.441222
    0.163071
    0.208079
    0.240928
    0.249334
    0.208366
    0.217805
    0.231766
    0.144480
    0.050220
    0.119569
   -0.085422
   -0.354921
   -0.414526
   -0.393010
   -0.424931
   -0.410514
    0.202983
    0.233629
    0.242777
    0.246143
    0.209229
    0.211608
    0.221701
    0.147286
    0.114877
    0.179784
   -0.072262
   -0.379946
   -0.439120
   -0.407873
   -0.453156
   -0.457073
    0.206248
    0.204200
    0.191634
    0.208679
    0.200919
    0.167634
    0.126725
    0.082622
    0.156004
    0.177188
    0.239724
    0.100724
   -0.226645
   -0.399847
   -0.404556
   -0.432919
    0.261613
    0.264574
    0.224678
    0.208906
    0.234028
    0.193065
    0.136100
    0.110960
    0.125348
    0.184147
    0.289459
    0.117566
   -0.245038
   -0.438706
   -0.439332
   -0.471024
    0.189361
    0.153832
   -0.227895
   -0.448399
   -0.372997
   -0.382483
   -0.419528
   -0.327116
   -0.393589
   -0.364111
   -0.370300
   -0.360897
   -0.384125
   -0.392089
   -0.366328
   -0.379157
    0.196721
    0.148518
   -0.258776
   -0.452165
   -0.409449
   -0.380854
   -0.439365
   -0.377446
   -0.409599
   -0.414847
   -0.392666
   -0.420385
   -0.392822
   -0.412613
   -0.408957
   -0.405535
    0.159613
    0.114799
    0.127658
   -0.128536
   -0.370152
   -0.412767
   -0.409485
   -0.404111
   -0.399103
   -0.398997
   -0.413595
   -0.411973
   -0.404988
   -0.369513
   -0.426206
   -0.396325
    0.184294
    0.151896
    0.148403
   -0.138544
   -0.388472
   -0.416408
   -0.420810
   -0.446636
   -0.412004
   -0.412637
   -0.420115
   -0.443339
   -0.393982
   -0.404932
   -0.442837
   -0.414461
    0.136896
    0.182026
    0.146588
    0.159209
    0.037264
   -0.334942
   -0.369987
   -0.418718
   -0.399334
   -0.370427
   -0.404043
   -0.416345
   -0.382011
   -0.398581
   -0.400253
   -0.396460
    0.158440
    0.172001
    0.189070
    0.203646
    0.083511
   -0.327185
   -0.385573
   -0.433303
   -0.418707
   -0.384304
   -0.439924
   -0.412009
   -0.402075
   -0.403234
   -0.414377
   -0.412492
    0.152758
    0.210906
    0.205878
    0.168580
    0.182728
    0.154333
   -0.198681
   -0.385355
   -0.391192
   -0.401956
   -0.420336
   -0.425222
   -0.379597
   -0.394892
   -0.395155
   -0.420775
    0.163710
    0.156008
    0.201811
    0.223239
    0.209311
    0.179942
   -0.216509
   -0.411932
   -0.412771
   -0.449106
   -0.454978
   -0.445245
   -0.433341
   -0.405152
   -0.443598
   -0.452535
    0.233171
    0.191649
    0.195744
    0.255721
    0.221006
    0.198304
    0.183208
   -0.024553
   -0.338619
   -0.394352
   -0.382413
   -0.392499
   -0.372626
   -0.366827
   -0.399724
   -0.394790
    0.181788
    0.205398
    0.209152
    0.240558
    0.224829
    0.220905
    0.195634
   -0.007254
   -0.386701
   -0.426392
   -0.402204
   -0.389510
   -0.413451
   -0.406243
   -0.418974
   -0.422700
    0.227055
    0.222020
    0.207371
    0.240625
    0.211807
    0.180398
    0.207395
    0.158312
    0.029214
   -0.257114
   -0.389336
   -0.340899
   -0.354307
   -0.400817
   -0.394755
   -0.377873
    0.189317
    0.225764
    0.221351
    0.235766
    0.192658
    0.180949
    0.227850
    0.199794
    0.055818
   -0.264460
   -0.427693
   -0.403069
   -0.383459
   -0.398106
   -0.381227
   -0.406080
    0.172919
    0.208481
    0.212123
    0.208842
    0.191341
    0.226681
    0.234587
    0.139149
    0.050679
    0.116665
   -0.073392
   -0.344397
   -0.399999
   -0.382628
   -0.415272
   -0.397622
    0.223289
    0.221953
    0.200286
    0.208964
    0.196616
    0.199145
    0.209827
    0.146526
    0.090617
    0.166769
   -0.075992
   -0.362611
   -0.405524
   -0.378646
   -0.408904
   -0.413305
    0.210498
    0.227072
    0.208200
    0.197705
    0.180989
    0.167406
    0.140693
    0.093293
    0.146084
    0.176563
    0.219758
    0.106663
   -0.213851
   -0.387778
   -0.368373
   -0.411020
    0.248543
    0.251304
    0.204659
    0.195820
    0.221729
    0.169308
    0.115524
    0.099098
    0.107792
    0.185117
    0.262287
    0.126115
   -0.219881
   -0.418885
   -0.391782
   -0.438659
    0.186757
    0.161814
   -0.232856
   -0.464758
   -0.404017
   -0.417747
   -0.439626
   -0.327634
   -0.416827
   -0.388456
   -0.391743
   -0.390228
   -0.406119
   -0.420350
   -0.390409
   -0.404367
    0.223040
    0.160308
   -0.276605
   -0.476581
   -0.436953
   -0.406453
   -0.459560
   -0.396625
   -0.435388
   -0.441375
   -0.436206
   -0.441868
   -0.434149
   -0.431366
   -0.440090
   -0.436804
    0.172058
    0.115529
    0.122321
   -0.138259
   -0.382521
   -0.423371
   -0.435110
   -0.437177
   -0.417850
   -0.424988
   -0.424635
   -0.441021
   -0.416345
   -0.398972
   -0.441295
   -0.420039
    0.204837
    0.158564
    0.154996
   -0.142751
   -0.400038
   -0.438078
   -0.449374
   -0.478290
   -0.436617
   -0.441139
   -0.451628
   -0.465229
   -0.423830
   -0.421014
   -0.468182
   -0.443961
    0.136508
    0.187245
    0.157957
    0.175175
    0.035211
   -0.353025
   -0.387865
   -0.441562
   -0.423579
   -0.394157
   -0.433488
   -0.432462
   -0.408068
   -0.416878
   -0.421646
   -0.420193
    0.157613
    0.189467
    0.218039
    0.229498
    0.084934
   -0.350784
   -0.409420
   -0.453378
   -0.448939
   -0.416952
   -0.454902
   -0.446695
   -0.420447
   -0.440550
   -0.438689
   -0.439873
    0.164701
    0.222307
    0.222299
    0.183674
    0.193437
    0.158627
   -0.205614
   -0.403240
   -0.411000
   -0.419349
   -0.448699
   -0.437136
   -0.409605
   -0.406985
   -0.418539
   -0.440661
    0.198129
    0.179178
    0.210058
    0.235437
    0.223831
    0.195436
   -0.227697
   -0.442413
   -0.434803
   -0.473625
   -0.477270
   -0.474111
   -0.451823
   -0.432621
   -0.467181
   -0.477564
    0.245500
    0.210259
    0.210616
    0.267631
    0.220781
    0.206128
    0.189171
   -0.025205
   -0.371585
   -0.398324
   -0.422599
   -0.395866
   -0.425548
   -0.404577
   -0.425697
   -0.408521
    0.196579
    0.225902
    0.225698
    0.250262
    0.227465
    0.231459
    0.206832
   -0.004166
   -0.407569
   -0.437005
   -0.454630
   -0.417522
   -0.461666
   -0.428245
   -0.449976
   -0.449003
    0.242080
    0.235961
    0.223186
    0.252441
    0.219772
    0.181788
    0.214502
    0.166286
    0.047610
   -0.286955
   -0.427501
   -0.381790
   -0.382082
   -0.407179
   -0.413545
   -0.394592
    0.207191
    0.241944
    0.241965
    0.249340
    0.207528
    0.188392
    0.240118
    0.216936
    0.068778
   -0.300365
   -0.440067
   -0.474945
   -0.401828
   -0.427652
   -0.404419
   -0.431681
    0.185492
    0.218102
    0.224223
    0.215687
    0.203015
    0.233156
    0.242977
    0.147782
    0.064023
    0.101975
   -0.038122
   -0.412207
   -0.403417
   -0.428665
   -0.419484
   -0.405648
    0.239217
    0.232730
    0.213533
    0.220864
    0.213006
    0.212502
    0.219599
    0.158578
    0.093491
    0.162578
   -0.043153
   -0.410669
   -0.422280
   -0.435573
   -0.416362
   -0.428956
    0.223923
    0.237184
    0.218105
    0.213213
    0.196311
    0.179845
    0.146507
    0.106020
    0.147071
    0.192436
    0.218428
    0.119252
   -0.233281
   -0.418238
   -0.400156
   -0.423253
    0.262984
    0.262188
    0.213074
    0.212923
    0.237776
    0.186304
    0.121890
    0.110786
    0.112162
    0.215508
    0.212093
    0.164078
   -0.261197
   -0.417731
   -0.428044
   -0.467352
    0.180227
    0.171791
   -0.235490
   -0.425593
   -0.391123
   -0.438592
   -0.427830
   -0.379861
   -0.402401
   -0.417635
   -0.421393
   -0.432919
   -0.424706
   -0.412527
   -0.407589
   -0.420558
    0.218099
    0.191256
   -0.300403
   -0.484840
   -0.439832
   -0.424479
   -0.455160
   -0.404399
   -0.434094
   -0.447622
   -0.454823
   -0.450481
   -0.446659
   -0.433996
   -0.443184
   -0.448636
    0.159710
    0.149294
    0.094016
   -0.169839
   -0.372199
   -0.436127
   -0.435443
   -0.421904
   -0.432660
   -0.412436
   -0.423308
   -0.425912
   -0.404959
   -0.413079
   -0.432220
   -0.421199
    0.203514
    0.182582
    0.125870
   -0.181949
   -0.408400
   -0.452164
   -0.441078
   -0.453343
   -0.457611
   -0.439450
   -0.452000
   -0.452206
   -0.410830
   -0.434205
   -0.469450
   -0.453178
    0.110154
    0.169398
    0.158693
    0.205448
    0.053654
   -0.352573
   -0.380075
   -0.463590
   -0.435454
   -0.412739
   -0.424234
   -0.432960
   -0.400634
   -0.407534
   -0.438850
   -0.438301
    0.152897
    0.157127
    0.220144
    0.253955
    0.075507
   -0.358979
   -0.394326
   -0.473689
   -0.452701
   -0.440874
   -0.449115
   -0.457752
   -0.420360
   -0.428074
   -0.456494
   -0.447724
    0.162933
    0.215810
    0.236048
    0.196568
    0.206148
    0.161648
   -0.213056
   -0.420471
   -0.406934
   -0.415982
   -0.438446
   -0.430554
   -0.418691
   -0.406386
   -0.416032
   -0.424321
    0.216351
    0.207320
    0.207406
    0.206637
    0.220009
    0.194079
   -0.258189
   -0.435728
   -0.432110
   -0.447005
   -0.465033
   -0.454331
   -0.466144
   -0.455275
   -0.440630
   -0.447084
    0.221307
    0.227809
    0.207095
    0.243347
    0.206168
    0.212904
    0.232103
   -0.033423
   -0.393756
   -0.407787
   -0.439914
   -0.390059
   -0.436005
   -0.422201
   -0.405180
   -0.394782
    0.189325
    0.248453
    0.222926
    0.242415
    0.215533
    0.234611
    0.235373
   -0.003681
   -0.394917
   -0.444254
   -0.486690
   -0.440938
   -0.480438
   -0.435231
   -0.422430
   -0.443873
    0.247947
    0.252686
    0.220271
    0.246908
    0.217044
    0.178942
    0.220423
    0.159576
    0.052570
   -0.322069
   -0.414779
   -0.388028
   -0.411149
   -0.403220
   -0.425003
   -0.384924
    0.225252
    0.248179
    0.235558
    0.254566
    0.213157
    0.180537
    0.237197
    0.211906
    0.065400
   -0.334644
   -0.417968
   -0.472905
   -0.429040
   -0.428352
   -0.423843
   -0.425466
    0.203030
    0.210447
    0.227312
    0.236195
    0.214898
    0.221000
    0.219803
    0.144113
    0.085744
    0.116715
   -0.073573
   -0.423201
   -0.421726
   -0.451967
   -0.389506
   -0.413448
    0.249915
    0.222438
    0.224657
    0.239275
    0.221553
    0.213799
    0.204917
    0.159694
    0.111570
    0.179036
   -0.074366
   -0.417890
   -0.445538
   -0.472823
   -0.404604
   -0.441596
    0.215891
    0.210725
    0.220891
    0.223972
    0.212103
    0.189905
    0.132610
    0.113474
    0.155016
    0.187036
    0.241256
    0.124295
   -0.262006
   -0.437685
   -0.415197
   -0.430123
    0.248792
    0.239054
    0.226511
    0.219626
    0.247545
    0.211354
    0.120939
    0.118360
    0.149544
    0.214131
    0.215853
    0.141294
   -0.299218
   -0.425682
   -0.439808
   -0.476194
    0.175890
    0.155264
   -0.249775
   -0.424540
   -0.373728
   -0.416910
   -0.429111
   -0.419026
   -0.398920
   -0.412763
   -0.408134
   -0.422371
   -0.419667
   -0.412026
   -0.402586
   -0.410513
    0.167866
    0.164902
   -0.290011
   -0.458810
   -0.406196
   -0.413656
   -0.466520
   -0.440236
   -0.430138
   -0.439100
   -0.435674
   -0.439328
   -0.439829
   -0.434819
   -0.434629
   -0.435135
    0.182598
    0.153068
    0.062128
   -0.208623
   -0.396171
   -0.439759
   -0.416383
   -0.405213
   -0.432499
   -0.402993
   -0.408936
   -0.411314
   -0.403794
   -0.415933
   -0.424992
   -0.409070
    0.223727
    0.186271
    0.088750
   -0.224986
   -0.435521
   -0.458915
   -0.424588
   -0.436150
   -0.458240
   -0.429378
   -0.434325
   -0.437111
   -0.407266
   -0.436768
   -0.459852
   -0.439535
    0.092060
    0.157653
    0.154524
    0.190928
    0.028564
   -0.372149
   -0.379091
   -0.449478
   -0.431213
   -0.407148
   -0.407788
   -0.418034
   -0.399706
   -0.407722
   -0.432866
   -0.428142
    0.156234
    0.150564
    0.203727
    0.218649
    0.035794
   -0.378422
   -0.382450
   -0.444223
   -0.446800
   -0.433254
   -0.433692
   -0.444450
   -0.417081
   -0.427983
   -0.449317
   -0.435557
    0.138446
    0.201222
    0.224511
    0.204678
    0.208778
    0.161217
   -0.229739
   -0.442844
   -0.404593
   -0.408886
   -0.416755
   -0.417120
   -0.414276
   -0.409212
   -0.408962
   -0.411672
    0.168293
    0.186685
    0.219156
    0.215429
    0.224854
    0.177406
   -0.272540
   -0.437848
   -0.430265
   -0.435786
   -0.441607
   -0.440585
   -0.461292
   -0.462784
   -0.430928
   -0.431020
    0.215647
    0.217134
    0.189326
    0.240881
    0.236767
    0.238280
    0.229600
   -0.064537
   -0.428941
   -0.432282
   -0.415580
   -0.431884
   -0.409359
   -0.410856
   -0.398308
   -0.395067
    0.184994
    0.237804
    0.210342
    0.243771
    0.240801
    0.253421
    0.225923
   -0.034066
   -0.412206
   -0.461459
   -0.450457
   -0.445927
   -0.456663
   -0.443964
   -0.422228
   -0.442172
    0.244834
    0.242401
    0.207050
    0.246856
    0.236267
    0.195984
    0.215266
    0.138712
    0.009448
   -0.321947
   -0.376932
   -0.396274
   -0.433740
   -0.456356
   -0.462061
   -0.455706
    0.222014
    0.240383
    0.221778
    0.262449
    0.224437
    0.189346
    0.230832
    0.185711
    0.030486
   -0.377259
   -0.453189
   -0.427175
   -0.438423
   -0.469094
   -0.449466
   -0.442849
    0.202684
    0.206220
    0.219134
    0.233811
    0.219441
    0.231070
    0.215917
    0.129646
    0.065794
    0.090765
   -0.155113
   -0.397308
   -0.463390
   -0.466234
   -0.415744
   -0.444644
    0.245484
    0.217739
    0.218733
    0.238348
    0.220339
    0.209512
    0.199970
    0.152264
    0.092010
    0.115938
   -0.200667
   -0.432047
   -0.489037
   -0.481395
   -0.426531
   -0.428535
    0.211809
    0.206615
    0.219500
    0.218497
    0.206527
    0.186314
    0.129729
    0.114323
    0.173488
    0.188111
    0.205177
    0.051911
   -0.323473
   -0.436561
   -0.410615
   -0.418015
    0.241518
    0.231576
    0.224826
    0.212883
    0.240446
    0.204014
    0.117450
    0.118937
    0.176941
    0.222419
    0.217941
    0.008695
   -0.373714
   -0.463063
   -0.440053
   -0.469534
    0.200556
    0.142252
   -0.241329
   -0.420824
   -0.388389
   -0.423880
   -0.400780
   -0.415031
   -0.415136
   -0.409159
   -0.395854
   -0.429418
   -0.388086
   -0.419113
   -0.409682
   -0.413283
    0.188083
    0.143453
   -0.267845
   -0.453364
   -0.400780
   -0.430715
   -0.435347
   -0.443623
   -0.435303
   -0.438838
   -0.428044
   -0.442788
   -0.429720
   -0.435781
   -0.438783
   -0.433469
    0.209910
    0.147227
    0.060785
   -0.187496
   -0.415841
   -0.437174
   -0.398962
   -0.400111
   -0.427255
   -0.405566
   -0.413438
   -0.409106
   -0.415571
   -0.414777
   -0.418663
   -0.409144
    0.242858
    0.190739
    0.081448
   -0.196921
   -0.463051
   -0.441603
   -0.411913
   -0.430022
   -0.438917
   -0.430135
   -0.441659
   -0.429898
   -0.439949
   -0.431671
   -0.446806
   -0.433596
    0.111548
    0.169040
    0.159291
    0.191659
    0.019450
   -0.375554
   -0.368027
   -0.438418
   -0.413661
   -0.405366
   -0.417406
   -0.409176
   -0.432145
   -0.406852
   -0.417833
   -0.417521
    0.172684
    0.171527
    0.204141
    0.213900
    0.029652
   -0.374893
   -0.374627
   -0.433084
   -0.442885
   -0.429670
   -0.438681
   -0.437755
   -0.431193
   -0.431360
   -0.442585
   -0.434127
    0.144595
    0.215002
    0.216988
    0.207989
    0.201989
    0.172519
   -0.224255
   -0.430687
   -0.410605
   -0.410024
   -0.412526
   -0.426596
   -0.405153
   -0.411312
   -0.413944
   -0.413950
    0.176192
    0.183057
    0.237308
    0.205507
    0.242230
    0.165399
   -0.256809
   -0.431757
   -0.444253
   -0.439331
   -0.433105
   -0.455714
   -0.430317
   -0.465263
   -0.443937
   -0.438682
    0.218172
    0.209395
    0.181151
    0.239718
    0.240379
    0.236158
    0.230923
   -0.064513
   -0.417831
   -0.413819
   -0.415241
   -0.423458
   -0.411313
   -0.378370
   -0.388600
   -0.390610
    0.188571
    0.239695
    0.217405
    0.254431
    0.249548
    0.250156
    0.214739
   -0.056259
   -0.390513
   -0.460381
   -0.456013
   -0.430944
   -0.436535
   -0.436194
   -0.426964
   -0.431777
    0.243699
    0.234791
    0.190833
    0.239687
    0.233314
    0.194719
    0.223665
    0.154570
    0.022028
   -0.311915
   -0.372874
   -0.400093
   -0.411000
   -0.445745
   -0.449471
   -0.464811
    0.212195
    0.239245
    0.229020
    0.270657
    0.237543
    0.189082
    0.217678
    0.167627
    0.030804
   -0.371643
   -0.440419
   -0.431188
   -0.408483
   -0.460066
   -0.435042
   -0.457720
    0.215649
    0.218130
    0.216656
    0.218111
    0.210549
    0.224186
    0.222359
    0.140236
    0.079913
    0.076398
   -0.153028
   -0.379600
   -0.424646
   -0.462006
   -0.417044
   -0.448835
    0.221704
    0.211945
    0.216216
    0.240824
    0.232396
    0.217478
    0.207350
    0.150614
    0.091574
    0.105802
   -0.195572
   -0.414178
   -0.452855
   -0.464981
   -0.419964
   -0.434782
    0.231143
    0.220414
    0.221343
    0.212228
    0.192071
    0.174752
    0.127992
    0.110055
    0.161227
    0.204058
    0.206767
    0.056266
   -0.303696
   -0.401051
   -0.401926
   -0.438098
    0.238816
    0.232702
    0.222868
    0.213989
    0.244671
    0.204430
    0.124093
    0.118211
    0.175274
    0.224761
    0.212083
    0.036824
   -0.350493
   -0.436407
   -0.443818
   -0.476596
    0.211817
    0.121295
   -0.264563
   -0.428174
   -0.397652
   -0.445859
   -0.404766
   -0.383488
   -0.415795
   -0.408666
   -0.396012
   -0.430077
   -0.385925
   -0.419197
   -0.410452
   -0.414726
    0.216757
    0.139091
   -0.278043
   -0.436860
   -0.396922
   -0.448598
   -0.453230
   -0.440823
   -0.434033
   -0.437567
   -0.429827
   -0.442503
   -0.428316
   -0.433857
   -0.438223
   -0.434458
    0.220942
    0.141879
    0.057554
   -0.168688
   -0.410307
   -0.440736
   -0.405569
   -0.381249
   -0.424652
   -0.407725
   -0.415292
   -0.411229
   -0.415388
   -0.412461
   -0.417901
   -0.410759
    0.223148
    0.173671
    0.091261
   -0.152772
   -0.428468
   -0.421988
   -0.413112
   -0.425574
   -0.435239
   -0.431463
   -0.443314
   -0.430334
   -0.442078
   -0.428174
   -0.444860
   -0.433586
    0.135534
    0.177280
    0.173629
    0.208914
    0.030762
   -0.373044
   -0.372150
   -0.433413
   -0.412545
   -0.405188
   -0.419889
   -0.408890
   -0.433625
   -0.406611
   -0.414979
   -0.416203
    0.169149
    0.170615
    0.214774
    0.233222
    0.055140
   -0.366595
   -0.379754
   -0.441086
   -0.442055
   -0.428613
   -0.438437
   -0.436711
   -0.431632
   -0.431539
   -0.440180
   -0.433316
    0.146432
    0.210923
    0.209015
    0.187702
    0.188403
    0.173133
   -0.207524
   -0.407218
   -0.410849
   -0.410508
   -0.413459
   -0.427457
   -0.405504
   -0.410337
   -0.415388
   -0.414737
    0.185978
    0.187562
    0.228517
    0.185891
    0.217746
    0.156971
   -0.255886
   -0.435806
   -0.443137
   -0.438935
   -0.433469
   -0.456584
   -0.426366
   -0.461869
   -0.444627
   -0.440205
    0.211618
    0.192209
    0.173443
    0.232172
    0.218963
    0.216156
    0.213899
   -0.072604
   -0.411903
   -0.406935
   -0.417288
   -0.413387
   -0.415412
   -0.379088
   -0.388826
   -0.388431
    0.177570
    0.229944
    0.210385
    0.241254
    0.229102
    0.236945
    0.207015
   -0.066910
   -0.387440
   -0.452866
   -0.456898
   -0.426591
   -0.436726
   -0.433746
   -0.427023
   -0.428800
    0.237023
    0.218367
    0.177749
    0.234264
    0.220515
    0.178667
    0.214918
    0.152817
    0.029306
   -0.312635
   -0.379786
   -0.399203
   -0.406952
   -0.436237
   -0.438999
   -0.453272
    0.199076
    0.236001
    0.228784
    0.250703
    0.219641
    0.187304
    0.217265
    0.153520
    0.036519
   -0.363248
   -0.432630
   -0.438692
   -0.405021
   -0.453292
   -0.427581
   -0.456142
    0.219233
    0.204359
    0.211669
    0.220012
    0.212659
    0.211723
    0.212318
    0.144500
    0.083369
    0.080710
   -0.137141
   -0.383078
   -0.411779
   -0.458057
   -0.413316
   -0.442027
    0.210434
    0.210473
    0.224738
    0.230321
    0.218453
    0.223156
    0.210375
    0.143525
    0.093451
    0.114432
   -0.172968
   -0.409817
   -0.439495
   -0.458029
   -0.414943
   -0.434446
    0.238230
    0.216399
    0.217161
    0.218393
    0.199905
    0.171518
    0.122583
    0.112544
    0.160051
    0.203110
    0.207538
    0.065222
   -0.291280
   -0.397234
   -0.402096
   -0.442389
    0.239455
    0.236436
    0.227275
    0.218694
    0.241870
    0.208815
    0.129820
    0.118262
    0.172777
    0.221162
    0.206070
    0.059494
   -0.336156
   -0.422555
   -0.441690
   -0.475755
    0.222012
    0.111021
   -0.270403
   -0.417480
   -0.391706
   -0.446193
   -0.427228
   -0.372898
   -0.413076
   -0.410156
   -0.398040
   -0.430852
   -0.389865
   -0.417767
   -0.409777
   -0.414505
    0.218890
    0.142577
   -0.271013
   -0.440775
   -0.404857
   -0.440386
   -0.467543
   -0.441923
   -0.433966
   -0.438387
   -0.431483
   -0.442787
   -0.430517
   -0.434197
   -0.438352
   -0.435155
    0.214428
    0.144337
    0.068305
   -0.184968
   -0.415302
   -0.432035
   -0.409625
   -0.383641
   -0.425792
   -0.406033
   -0.414077
   -0.410310
   -0.413069
   -0.413290
   -0.417902
   -0.410189
    0.218640
    0.169420
    0.098217
   -0.160669
   -0.427172
   -0.412134
   -0.419290
   -0.425572
   -0.438773
   -0.430890
   -0.443035
   -0.430842
   -0.437778
   -0.429832
   -0.447050
   -0.434981
    0.144545
    0.169112
    0.178773
    0.211498
    0.033228
   -0.368059
   -0.380324
   -0.430036
   -0.414431
   -0.405820
   -0.418138
   -0.410055
   -0.429318
   -0.405591
   -0.417915
   -0.418311
    0.176953
    0.149580
    0.216170
    0.240899
    0.061581
   -0.366882
   -0.395937
   -0.434663
   -0.442900
   -0.430659
   -0.438397
   -0.438970
   -0.430023
   -0.430408
   -0.442687
   -0.434645
    0.148519
    0.199436
    0.213025
    0.184657
    0.188207
    0.176350
   -0.218682
   -0.401233
   -0.409481
   -0.409805
   -0.414053
   -0.426077
   -0.406208
   -0.409374
   -0.414108
   -0.413783
    0.181314
    0.188081
    0.239080
    0.171589
    0.205527
    0.170543
   -0.260110
   -0.441892
   -0.441852
   -0.438191
   -0.434826
   -0.454780
   -0.430696
   -0.462924
   -0.442158
   -0.438637
    0.214729
    0.184626
    0.190244
    0.230729
    0.218854
    0.237227
    0.205752
   -0.063407
   -0.412482
   -0.404523
   -0.419114
   -0.424130
   -0.411129
   -0.382572
   -0.397287
   -0.387973
    0.180660
    0.210318
    0.209485
    0.216931
    0.207266
    0.237748
    0.185160
   -0.060290
   -0.396938
   -0.440921
   -0.459243
   -0.434031
   -0.435248
   -0.434323
   -0.433979
   -0.426269
    0.238087
    0.205072
    0.193569
    0.238441
    0.228698
    0.191003
    0.193474
    0.152150
    0.032413
   -0.327838
   -0.374345
   -0.384104
   -0.417904
   -0.440562
   -0.428376
   -0.456083
    0.216588
    0.237242
    0.243350
    0.241185
    0.208196
    0.204982
    0.219264
    0.176836
    0.045056
   -0.378773
   -0.428756
   -0.420140
   -0.426820
   -0.458543
   -0.412494
   -0.463010
    0.209880
    0.178117
    0.218234
    0.221949
    0.214806
    0.220388
    0.182759
    0.129784
    0.069495
    0.095762
   -0.143317
   -0.402959
   -0.403752
   -0.454525
   -0.429164
   -0.432540
    0.221186
    0.203663
    0.232202
    0.212556
    0.204720
    0.230893
    0.200866
    0.150148
    0.090232
    0.129708
   -0.179517
   -0.426235
   -0.437336
   -0.458686
   -0.432881
   -0.429894
    0.238869
    0.207910
    0.237919
    0.231459
    0.210082
    0.188657
    0.117677
    0.118405
    0.168805
    0.188189
    0.210157
    0.070637
   -0.299493
   -0.402126
   -0.389717
   -0.443033
    0.242983
    0.218404
    0.233478
    0.206263
    0.232307
    0.213921
    0.113158
    0.121651
    0.171739
    0.216526
    0.208894
    0.061246
   -0.343980
   -0.427609
   -0.437868
   -0.475932
    0.223910
    0.114235
   -0.289759
   -0.414635
   -0.408679
   -0.438948
   -0.444602
   -0.377672
   -0.421063
   -0.417311
   -0.402820
   -0.439420
   -0.394166
   -0.424572
   -0.415566
   -0.419055
    0.221631
    0.147298
   -0.272562
   -0.456205
   -0.409206
   -0.446674
   -0.481151
   -0.455335
   -0.445892
   -0.450932
   -0.438473
   -0.453673
   -0.441813
   -0.444923
   -0.450132
   -0.443082
    0.216893
    0.142867
    0.077754
   -0.210148
   -0.405439
   -0.447232
   -0.405433
   -0.389842
   -0.435756
   -0.408125
   -0.418462
   -0.413376
   -0.420017
   -0.423579
   -0.423984
   -0.414388
    0.229557
    0.180637
    0.100327
   -0.177699
   -0.433041
   -0.429594
   -0.422785
   -0.437395
   -0.449813
   -0.436645
   -0.453048
   -0.438338
   -0.447556
   -0.442580
   -0.458259
   -0.444534
    0.136980
    0.176986
    0.175833
    0.219685
    0.027961
   -0.365576
   -0.388015
   -0.437740
   -0.419138
   -0.412336
   -0.423803
   -0.417133
   -0.438419
   -0.409620
   -0.428596
   -0.427134
    0.183339
    0.159073
    0.213009
    0.254648
    0.041025
   -0.367707
   -0.410173
   -0.445433
   -0.452523
   -0.442277
   -0.450067
   -0.451530
   -0.439015
   -0.437743
   -0.456307
   -0.446602
    0.145141
    0.207440
    0.219063
    0.197311
    0.191864
    0.181202
   -0.231182
   -0.413275
   -0.415116
   -0.415165
   -0.422524
   -0.433933
   -0.409468
   -0.414967
   -0.417969
   -0.420632
    0.187437
    0.194283
    0.266676
    0.169723
    0.225591
    0.162590
   -0.265878
   -0.458931
   -0.454243
   -0.449702
   -0.445390
   -0.466793
   -0.440505
   -0.476487
   -0.451787
   -0.447607
    0.212938
    0.194305
    0.189974
    0.220509
    0.250261
    0.236501
    0.209449
   -0.063573
   -0.414243
   -0.412278
   -0.436229
   -0.445280
   -0.410958
   -0.376198
   -0.403565
   -0.405194
    0.181104
    0.217764
    0.218845
    0.211523
    0.223789
    0.247160
    0.175935
   -0.055559
   -0.393695
   -0.455177
   -0.484248
   -0.451340
   -0.440352
   -0.435979
   -0.444245
   -0.441941
    0.249425
    0.205286
    0.209156
    0.240911
    0.239354
    0.213308
    0.171563
    0.162857
    0.035303
   -0.332478
   -0.373252
   -0.388494
   -0.420765
   -0.448792
   -0.441259
   -0.475521
    0.225250
    0.258289
    0.255998
    0.250584
    0.209349
    0.224333
    0.210860
    0.190778
    0.044356
   -0.396604
   -0.438698
   -0.418107
   -0.437357
   -0.469089
   -0.421451
   -0.474024
    0.207831
    0.205073
    0.208835
    0.233441
    0.219094
    0.237466
    0.177663
    0.139443
    0.066892
    0.093230
   -0.159667
   -0.411401
   -0.413826
   -0.464319
   -0.439994
   -0.442510
    0.225509
    0.230763
    0.216564
    0.217512
    0.214363
    0.230459
    0.207173
    0.155100
    0.087941
    0.129263
   -0.196681
   -0.434796
   -0.456116
   -0.480327
   -0.449333
   -0.437035
    0.237940
    0.215509
    0.248755
    0.225166
    0.221371
    0.190293
    0.118486
    0.127838
    0.158242
    0.192448
    0.228307
    0.076297
   -0.318566
   -0.415200
   -0.389126
   -0.440599
    0.247942
    0.215829
    0.257469
    0.181897
    0.253053
    0.221410
    0.100687
    0.128657
    0.161851
    0.226386
    0.227015
    0.056804
   -0.363797
   -0.456116
   -0.450620
   -0.482115
    0.195319
    0.091495
   -0.283527
   -0.422660
   -0.388136
   -0.440635
   -0.431569
   -0.384821
   -0.418762
   -0.414179
   -0.400993
   -0.435425
   -0.392352
   -0.422702
   -0.414054
   -0.417873
    0.202559
    0.122050
   -0.265671
   -0.450608
   -0.382697
   -0.443426
   -0.457517
   -0.447176
   -0.440208
   -0.444309
   -0.434867
   -0.448313
   -0.435561
   -0.439744
   -0.444249
   -0.439388
    0.213407
    0.131096
    0.094247
   -0.186784
   -0.383999
   -0.434764
   -0.385828
   -0.385314
   -0.431659
   -0.409798
   -0.418420
   -0.414036
   -0.419015
   -0.419377
   -0.422819
   -0.414165
    0.224383
    0.173326
    0.115619
   -0.162663
   -0.416166
   -0.419191
   -0.413239
   -0.432023
   -0.443975
   -0.434960
   -0.448274
   -0.435236
   -0.444479
   -0.436046
   -0.452434
   -0.439646
    0.124217
    0.170690
    0.172853
    0.221288
    0.027348
   -0.361248
   -0.400657
   -0.445689
   -0.417815
   -0.410090
   -0.422588
   -0.414292
   -0.436064
   -0.409644
   -0.423023
   -0.422646
    0.169543
    0.161474
    0.202140
    0.256808
    0.032005
   -0.361195
   -0.423808
   -0.458167
   -0.447887
   -0.435379
   -0.444044
   -0.443933
   -0.435280
   -0.435232
   -0.448104
   -0.439784
    0.149354
    0.213776
    0.219371
    0.208961
    0.188649
    0.182153
   -0.241918
   -0.424067
   -0.414282
   -0.414274
   -0.418785
   -0.431508
   -0.409471
   -0.414329
   -0.418258
   -0.418659
    0.192292
    0.207055
    0.267314
    0.192609
    0.225124
    0.178383
   -0.263585
   -0.459774
   -0.448983
   -0.444555
   -0.439890
   -0.461476
   -0.435395
   -0.469975
   -0.448505
   -0.444297
    0.202735
    0.187957
    0.183160
    0.206504
    0.243736
    0.215690
    0.204024
   -0.078154
   -0.410617
   -0.410741
   -0.435474
   -0.436148
   -0.408182
   -0.373775
   -0.401935
   -0.408585
    0.172862
    0.210718
    0.213719
    0.207922
    0.217413
    0.237722
    0.179841
   -0.059260
   -0.387875
   -0.449696
   -0.476159
   -0.445483
   -0.435621
   -0.430925
   -0.439720
   -0.440184
    0.239946
    0.204306
    0.196394
    0.234554
    0.229024
    0.212494
    0.172690
    0.157425
    0.036622
   -0.328590
   -0.379652
   -0.394986
   -0.418352
   -0.444781
   -0.436264
   -0.470483
    0.218779
    0.255090
    0.240048
    0.244560
    0.206537
    0.223265
    0.200606
    0.185954
    0.044220
   -0.386020
   -0.435513
   -0.421694
   -0.430435
   -0.464839
   -0.419034
   -0.469166
    0.203632
    0.207623
    0.207366
    0.238197
    0.215960
    0.235750
    0.180507
    0.145866
    0.068606
    0.092801
   -0.152335
   -0.405320
   -0.411424
   -0.461437
   -0.435907
   -0.440729
    0.220690
    0.237271
    0.218376
    0.221141
    0.213891
    0.230781
    0.209130
    0.159732
    0.085695
    0.127001
   -0.184295
   -0.421224
   -0.447720
   -0.470853
   -0.441037
   -0.433065
    0.241978
    0.223023
    0.246912
    0.223436
    0.228560
    0.191849
    0.118551
    0.128215
    0.155719
    0.192332
    0.222806
    0.074355
   -0.314791
   -0.414178
   -0.392938
   -0.438911
    0.253307
    0.222080
    0.265654
    0.192589
    0.266820
    0.225035
    0.115889
    0.140528
    0.162752
    0.223237
    0.222644
    0.058094
   -0.358532
   -0.447686
   -0.444339
   -0.473263
    0.174649
    0.108311
   -0.233212
   -0.395195
   -0.354324
   -0.434066
   -0.368226
   -0.413224
   -0.386340
   -0.386284
   -0.394640
   -0.394071
   -0.394565
   -0.402130
   -0.398601
   -0.411046
    0.160724
    0.071809
   -0.254462
   -0.390519
   -0.372396
   -0.412863
   -0.372841
   -0.395514
   -0.390437
   -0.390399
   -0.419313
   -0.406875
   -0.390405
   -0.403020
   -0.394502
   -0.419488
    0.194002
    0.115356
    0.144986
   -0.123356
   -0.415546
   -0.387202
   -0.391092
   -0.384697
   -0.389517
   -0.423544
   -0.414856
   -0.419247
   -0.398349
   -0.372947
   -0.410381
   -0.410930
    0.190568
    0.072826
    0.145070
   -0.137126
   -0.404409
   -0.366419
   -0.391176
   -0.386402
   -0.406943
   -0.433106
   -0.407342
   -0.420034
   -0.407777
   -0.382816
   -0.411091
   -0.404139
    0.156439
    0.133591
    0.164817
    0.195817
    0.021268
   -0.336696
   -0.418105
   -0.418453
   -0.415297
   -0.387064
   -0.403255
   -0.386905
   -0.390694
   -0.411870
   -0.369790
   -0.382503
    0.138236
    0.122336
    0.164673
    0.218807
    0.054058
   -0.303979
   -0.412631
   -0.413593
   -0.416084
   -0.383724
   -0.391595
   -0.383545
   -0.404936
   -0.420940
   -0.383180
   -0.383761
    0.178431
    0.166187
    0.200365
    0.163219
    0.182673
    0.162044
   -0.205512
   -0.392694
   -0.399821
   -0.399928
   -0.374968
   -0.395447
   -0.412727
   -0.403939
   -0.416141
   -0.391562
    0.143184
    0.150089
    0.173247
    0.197079
    0.179381
    0.187798
   -0.212043
   -0.370295
   -0.395420
   -0.395745
   -0.395513
   -0.404364
   -0.408156
   -0.411394
   -0.416190
   -0.412412
    0.198164
    0.197284
    0.207955
    0.173877
    0.201164
    0.139658
    0.229840
   -0.078812
   -0.371341
   -0.391211
   -0.423720
   -0.359821
   -0.390963
   -0.386961
   -0.390436
   -0.411661
    0.165754
    0.192953
    0.197819
    0.195757
    0.181584
    0.197766
    0.227359
   -0.063177
   -0.377448
   -0.386128
   -0.383562
   -0.395239
   -0.402458
   -0.394071
   -0.409094
   -0.423017
    0.167172
    0.222547
    0.173210
    0.205532
    0.182447
    0.214611
    0.222919
    0.147940
    0.040297
   -0.320454
   -0.428997
   -0.418198
   -0.402500
   -0.403596
   -0.367711
   -0.411461
    0.172799
    0.189374
    0.141389
    0.208410
    0.201115
    0.208254
    0.149362
    0.183857
    0.031968
   -0.304049
   -0.413936
   -0.445602
   -0.409382
   -0.442587
   -0.389981
   -0.434033
    0.162054
    0.175115
    0.206669
    0.234893
    0.197564
    0.208895
    0.155589
    0.134283
    0.069357
    0.117062
   -0.073202
   -0.373173
   -0.380924
   -0.419753
   -0.403063
   -0.397498
    0.169588
    0.190558
    0.235254
    0.209332
    0.192233
    0.197326
    0.165575
    0.149861
    0.068209
    0.126857
   -0.078221
   -0.338845
   -0.392479
   -0.386941
   -0.384770
   -0.387982
    0.231564
    0.216198
    0.201161
    0.196614
    0.227720
    0.181436
    0.092772
    0.103697
    0.166182
    0.164790
    0.148796
    0.047512
   -0.284791
   -0.413139
   -0.419786
   -0.420065
    0.241986
    0.214866
    0.207421
    0.231992
    0.232638
    0.185157
    0.119391
    0.143072
    0.168429
    0.164005
    0.168510
    0.073795
   -0.305192
   -0.356932
   -0.392908
   -0.406908
    0.187677
    0.112235
   -0.248371
   -0.392812
   -0.383876
   -0.453071
   -0.375221
   -0.434499
   -0.395732
   -0.396691
   -0.407163
   -0.403368
   -0.408193
   -0.414253
   -0.410191
   -0.424184
    0.181057
    0.093798
   -0.277759
   -0.396259
   -0.412065
   -0.433556
   -0.416442
   -0.430656
   -0.408453
   -0.407978
   -0.441309
   -0.425960
   -0.409033
   -0.422904
   -0.412534
   -0.440884
    0.191473
    0.117373
    0.161015
   -0.156824
   -0.411551
   -0.410199
   -0.415847
   -0.405029
   -0.397876
   -0.437465
   -0.426986
   -0.432356
   -0.408468
   -0.380990
   -0.421906
   -0.423087
    0.188342
    0.061532
    0.145455
   -0.164427
   -0.415397
   -0.393875
   -0.415310
   -0.403744
   -0.426111
   -0.454801
   -0.425556
   -0.440885
   -0.425875
   -0.399454
   -0.429703
   -0.422244
    0.181112
    0.134936
    0.179636
    0.197847
    0.011135
   -0.362873
   -0.436781
   -0.448951
   -0.427844
   -0.396755
   -0.413428
   -0.396253
   -0.397971
   -0.424750
   -0.376731
   -0.391152
    0.156180
    0.112695
    0.184299
    0.212437
    0.054899
   -0.339895
   -0.427937
   -0.454080
   -0.435464
   -0.400705
   -0.408302
   -0.399767
   -0.423207
   -0.441545
   -0.399223
   -0.400257
    0.174574
    0.165410
    0.186235
    0.175485
    0.172645
    0.173764
   -0.220668
   -0.399419
   -0.409461
   -0.409609
   -0.381458
   -0.402965
   -0.424028
   -0.414105
   -0.427395
   -0.399833
    0.144555
    0.173292
    0.172721
    0.201053
    0.181809
    0.187902
   -0.246578
   -0.394934
   -0.411171
   -0.411856
   -0.412327
   -0.419268
   -0.426321
   -0.427408
   -0.434172
   -0.430360
    0.206935
    0.202956
    0.204116
    0.188184
    0.185727
    0.150954
    0.244673
   -0.072261
   -0.369614
   -0.396994
   -0.439585
   -0.374647
   -0.410336
   -0.405713
   -0.397815
   -0.410833
    0.186340
    0.228995
    0.206791
    0.207916
    0.208645
    0.216481
    0.218493
   -0.079808
   -0.400204
   -0.401605
   -0.396622
   -0.409808
   -0.420323
   -0.408199
   -0.426426
   -0.440916
    0.159506
    0.224562
    0.186323
    0.200212
    0.168133
    0.199912
    0.235043
    0.169334
    0.036547
   -0.336080
   -0.437061
   -0.416981
   -0.401161
   -0.406164
   -0.374154
   -0.423826
    0.171881
    0.180021
    0.182264
    0.241073
    0.231611
    0.206934
    0.178187
    0.209054
    0.019845
   -0.313676
   -0.431976
   -0.462594
   -0.424659
   -0.461308
   -0.405260
   -0.454735
    0.180298
    0.183468
    0.202826
    0.200460
    0.207705
    0.206163
    0.146640
    0.114818
    0.072609
    0.121654
   -0.069865
   -0.389341
   -0.392734
   -0.426105
   -0.411343
   -0.398004
    0.186849
    0.198491
    0.249163
    0.222483
    0.230677
    0.226828
    0.169498
    0.140383
    0.080028
    0.135919
   -0.079354
   -0.363596
   -0.419724
   -0.407644
   -0.398352
   -0.399320
    0.229414
    0.204958
    0.200311
    0.205401
    0.207038
    0.178454
    0.110811
    0.118036
    0.173988
    0.168462
    0.146014
    0.047486
   -0.292881
   -0.424034
   -0.434126
   -0.428844
    0.252842
    0.242819
    0.209547
    0.248365
    0.231037
    0.194715
    0.110274
    0.149285
    0.165433
    0.158659
    0.172634
    0.086391
   -0.305555
   -0.364217
   -0.418418
   -0.434178
    0.249096
    0.154580
   -0.283239
   -0.427319
   -0.450033
   -0.494494
   -0.431059
   -0.476578
   -0.452429
   -0.452502
   -0.461369
   -0.461988
   -0.461327
   -0.475207
   -0.466141
   -0.479543
    0.267871
    0.130165
   -0.338771
   -0.513007
   -0.519946
   -0.540851
   -0.522002
   -0.534790
   -0.525595
   -0.525648
   -0.557504
   -0.543967
   -0.525533
   -0.538844
   -0.530196
   -0.557507
    0.223456
    0.113231
    0.168776
   -0.198220
   -0.417868
   -0.451055
   -0.450479
   -0.469681
   -0.458250
   -0.494282
   -0.485325
   -0.489802
   -0.467091
   -0.444448
   -0.480946
   -0.480684
    0.275373
    0.109576
    0.158674
   -0.233317
   -0.507391
   -0.500844
   -0.521825
   -0.521698
   -0.539754
   -0.562070
   -0.539655
   -0.553143
   -0.539461
   -0.512085
   -0.544369
   -0.530181
    0.174950
    0.155412
    0.212095
    0.247821
    0.023150
   -0.390825
   -0.476811
   -0.483753
   -0.480241
   -0.448049
   -0.466486
   -0.448134
   -0.453004
   -0.475039
   -0.430111
   -0.443360
    0.194770
    0.168705
    0.245963
    0.275548
    0.029691
   -0.427894
   -0.543501
   -0.564764
   -0.543711
   -0.506432
   -0.516193
   -0.506573
   -0.524953
   -0.547899
   -0.506748
   -0.506464
    0.172707
    0.197827
    0.232155
    0.229898
    0.194182
    0.198037
   -0.259547
   -0.447750
   -0.457480
   -0.457496
   -0.430140
   -0.453223
   -0.466425
   -0.462107
   -0.475846
   -0.448447
    0.198166
    0.237183
    0.268281
    0.260340
    0.263121
    0.215709
   -0.287994
   -0.481879
   -0.521717
   -0.521477
   -0.521600
   -0.526123
   -0.531017
   -0.540270
   -0.544506
   -0.539677
    0.228127
    0.232714
    0.213954
    0.236990
    0.216124
    0.200519
    0.276666
   -0.061400
   -0.415221
   -0.447637
   -0.489600
   -0.435995
   -0.462264
   -0.456919
   -0.452197
   -0.465389
    0.237967
    0.292164
    0.267507
    0.257782
    0.265346
    0.269706
    0.253843
   -0.083870
   -0.520998
   -0.521945
   -0.533310
   -0.518728
   -0.541302
   -0.499022
   -0.525814
   -0.529526
    0.202308
    0.255080
    0.235514
    0.230504
    0.217248
    0.223296
    0.270696
    0.200498
    0.060685
   -0.361194
   -0.455795
   -0.460297
   -0.424290
   -0.453353
   -0.412693
   -0.469735
    0.265719
    0.275911
    0.286429
    0.309106
    0.299126
    0.247891
    0.229560
    0.241176
   -0.020025
   -0.396701
   -0.525200
   -0.546066
   -0.515276
   -0.552922
   -0.498161
   -0.549751
    0.235182
    0.235480
    0.231162
    0.238238
    0.239165
    0.242829
    0.169379
    0.144003
    0.062497
    0.112675
   -0.107770
   -0.446815
   -0.456041
   -0.477329
   -0.458396
   -0.434040
    0.273612
    0.290990
    0.312232
    0.296944
    0.271913
    0.292227
    0.203775
    0.168795
    0.104044
    0.144985
   -0.105174
   -0.458529
   -0.513737
   -0.546391
   -0.521861
   -0.539610
    0.260183
    0.230892
    0.234187
    0.245205
    0.237196
    0.210672
    0.134565
    0.149030
    0.196471
    0.206657
    0.175834
    0.073420
   -0.336766
   -0.461535
   -0.489746
   -0.481557
    0.295859
    0.276485
    0.268047
    0.282296
    0.291468
    0.232139
    0.138843
    0.171382
    0.207948
    0.199331
    0.204361
    0.072827
   -0.383522
   -0.481609
   -0.546960
   -0.579367
    0.216914
    0.131095
   -0.256603
   -0.381370
   -0.396739
   -0.443613
   -0.392475
   -0.434698
   -0.404504
   -0.404225
   -0.411885
   -0.413191
   -0.411550
   -0.421316
   -0.416473
   -0.424564
    0.228454
    0.106353
   -0.308286
   -0.461567
   -0.458613
   -0.480447
   -0.459881
   -0.480190
   -0.452814
   -0.452974
   -0.481050
   -0.469350
   -0.452623
   -0.460669
   -0.457061
   -0.481157
    0.193450
    0.093526
    0.147438
   -0.177851
   -0.376841
   -0.411004
   -0.413251
   -0.441788
   -0.417610
   -0.449185
   -0.441478
   -0.445297
   -0.425271
   -0.405504
   -0.437578
   -0.437202
    0.245553
    0.097091
    0.144604
   -0.209444
   -0.449247
   -0.443285
   -0.454959
   -0.457012
   -0.468731
   -0.488161
   -0.468915
   -0.480660
   -0.468801
   -0.444097
   -0.473123
   -0.459815
    0.150012
    0.134282
    0.188718
    0.220499
    0.012005
   -0.359123
   -0.438962
   -0.443280
   -0.432421
   -0.403657
   -0.420446
   -0.403825
   -0.408815
   -0.423827
   -0.387880
   -0.395865
    0.173050
    0.155028
    0.221479
    0.251430
    0.027843
   -0.378637
   -0.476909
   -0.489224
   -0.468046
   -0.430838
   -0.443536
   -0.431137
   -0.450719
   -0.471672
   -0.431271
   -0.430962
    0.159634
    0.181772
    0.207731
    0.196360
    0.163032
    0.175703
   -0.236033
   -0.403727
   -0.415646
   -0.415603
   -0.391385
   -0.412235
   -0.422918
   -0.419717
   -0.432038
   -0.407696
    0.183909
    0.213905
    0.243627
    0.229319
    0.241020
    0.204871
   -0.244415
   -0.421075
   -0.456454
   -0.456105
   -0.456084
   -0.460170
   -0.467648
   -0.473274
   -0.476796
   -0.472285
    0.187543
    0.196695
    0.190053
    0.220064
    0.206562
    0.183553
    0.250422
   -0.055415
   -0.378559
   -0.403655
   -0.436486
   -0.389154
   -0.411718
   -0.406848
   -0.407903
   -0.424655
    0.190608
    0.250124
    0.242007
    0.228277
    0.237599
    0.245702
    0.225871
   -0.085415
   -0.452178
   -0.457667
   -0.480944
   -0.468568
   -0.486150
   -0.445449
   -0.458839
   -0.457309
    0.183363
    0.217541
    0.207486
    0.218491
    0.216784
    0.204864
    0.246134
    0.188491
    0.046344
   -0.329520
   -0.415330
   -0.422961
   -0.388099
   -0.416256
   -0.378310
   -0.437184
    0.229730
    0.251479
    0.251894
    0.251255
    0.246355
    0.223508
    0.212066
    0.213366
   -0.001878
   -0.341518
   -0.453848
   -0.468408
   -0.441020
   -0.478452
   -0.437419
   -0.483215
    0.237626
    0.212632
    0.192725
    0.211097
    0.209759
    0.214941
    0.163638
    0.172485
    0.055125
    0.096155
   -0.112054
   -0.421002
   -0.434125
   -0.441708
   -0.419948
   -0.394462
    0.245357
    0.262966
    0.274713
    0.243544
    0.214642
    0.255057
    0.194112
    0.159757
    0.117171
    0.152797
   -0.077958
   -0.396614
   -0.446102
   -0.480688
   -0.457917
   -0.476057
    0.226570
    0.197088
    0.206738
    0.227433
    0.226578
    0.193199
    0.121516
    0.143059
    0.170713
    0.185803
    0.165270
    0.076140
   -0.298860
   -0.414277
   -0.448740
   -0.445475
    0.235910
    0.234436
    0.247097
    0.271179
    0.280292
    0.219297
    0.122007
    0.133681
    0.210551
    0.195416
    0.193967
    0.066796
   -0.349120
   -0.432884
   -0.487380
   -0.514068
