   -0.301033
   -0.276990
   -0.119504
   -0.074554
   -0.230302
   -0.102850
    0.006996
    0.080937
    0.076895
    0.157026
   -0.292480
   -0.367910
   -0.187293
    0.035302
   -0.182010
   -0.180339
   -0.360622
   -0.250143
   -0.162954
   -0.117304
   -0.252558
   -0.079986
    0.042901
    0.074477
    0.049509
    0.179633
   -0.285816
   -0.425702
   -0.178876
    0.096043
   -0.200754
   -0.173919
   -0.120335
   -0.206886
   -0.135479
   -0.104940
   -0.157699
   -0.116829
   -0.214154
    0.147822
   -0.243124
   -0.141245
    0.119894
   -0.180807
   -0.148347
   -0.159835
   -0.077338
   -0.164616
   -0.144148
   -0.130886
   -0.179874
   -0.170007
   -0.125181
   -0.109198
   -0.252260
    0.209793
   -0.326213
   -0.183640
    0.180737
   -0.154188
   -0.142492
   -0.063852
    0.011944
   -0.135349
   -0.365849
   -0.027913
    0.128403
    0.026628
    0.025842
    0.077685
    0.022623
    0.147906
   -0.327352
   -0.384314
   -0.381021
    0.133911
    0.278438
    0.214426
   -0.032032
   -0.180966
   -0.368740
    0.041127
    0.210711
    0.081572
    0.004806
    0.061455
    0.135167
    0.215007
   -0.289581
   -0.479276
   -0.457196
    0.070042
    0.291343
    0.255959
    0.047513
   -0.238426
   -0.350271
   -0.016735
   -0.228788
   -0.000638
   -0.004189
   -0.113494
    0.205611
   -0.025181
   -0.180458
   -0.340611
   -0.425823
   -0.285199
   -0.123513
   -0.181973
   -0.063292
    0.112031
   -0.387116
   -0.054192
   -0.203872
    0.000183
   -0.080479
   -0.173211
    0.240451
   -0.040892
   -0.231828
   -0.449382
   -0.502910
   -0.327810
   -0.148597
   -0.141213
   -0.033908
    0.071742
   -0.349137
   -0.133122
    0.178527
    0.018905
   -0.191813
   -0.010377
    0.102734
    0.178043
    0.030287
   -0.170118
   -0.245888
   -0.301091
   -0.315138
   -0.337306
   -0.392682
   -0.368953
   -0.292016
   -0.140617
    0.252203
   -0.011737
   -0.232464
   -0.037549
    0.029807
    0.255230
   -0.032487
   -0.182052
   -0.266597
   -0.374209
   -0.331652
   -0.343442
   -0.457181
   -0.384640
   -0.115482
   -0.369041
   -0.300765
   -0.157670
   -0.133718
   -0.379633
   -0.191811
    0.165478
    0.257591
   -0.034694
   -0.194131
   -0.363488
   -0.373329
   -0.401340
   -0.416248
   -0.427954
   -0.106342
   -0.385034
   -0.276383
   -0.221655
   -0.219900
   -0.481553
   -0.287213
    0.229321
    0.286244
   -0.026154
   -0.215871
   -0.458862
   -0.342810
   -0.410860
   -0.448423
   -0.470270
   -0.108515
   -0.362513
   -0.378477
   -0.219740
   -0.205970
   -0.353900
   -0.194734
   -0.223111
   -0.233904
   -0.285852
   -0.446198
   -0.385432
   -0.203810
   -0.224426
   -0.314059
   -0.200027
   -0.042542
   -0.386835
   -0.441456
   -0.240171
   -0.214534
   -0.382571
   -0.240543
   -0.217890
   -0.257241
   -0.410140
   -0.492100
   -0.454188
   -0.238612
   -0.223276
   -0.322010
   -0.244023
    0.275012
    0.064660
   -0.308474
   -0.167073
   -0.157572
   -0.334912
   -0.181504
   -0.395251
   -0.452587
   -0.365600
   -0.135078
   -0.359305
   -0.320248
   -0.262371
   -0.350776
   -0.375048
    0.311617
    0.070694
   -0.332777
   -0.228354
   -0.202846
   -0.310318
   -0.232082
   -0.428511
   -0.502224
   -0.440463
   -0.143849
   -0.387720
   -0.355726
   -0.318378
   -0.353777
   -0.453213
   -0.326394
   -0.439631
   -0.271823
   -0.248833
   -0.264773
   -0.187070
   -0.215998
   -0.091660
   -0.001335
    0.064292
   -0.050785
   -0.372452
   -0.321766
   -0.182408
   -0.247174
   -0.183244
   -0.357659
   -0.499569
   -0.373794
   -0.312571
   -0.291255
   -0.226653
   -0.237482
   -0.097645
    0.043316
    0.123970
    0.001507
   -0.449438
   -0.415218
   -0.232994
   -0.285860
   -0.159518
   -0.262109
   -0.182553
   -0.228300
   -0.196760
   -0.197134
   -0.239817
   -0.086269
    0.007802
    0.103346
   -0.040493
    0.020106
   -0.058919
   -0.299336
   -0.149297
   -0.040502
   -0.137259
   -0.292752
   -0.204264
   -0.229767
   -0.222154
   -0.200981
   -0.239536
   -0.131045
   -0.003475
    0.108125
   -0.057533
    0.047717
   -0.075054
   -0.347676
   -0.158488
   -0.025283
   -0.090758
   -0.266333
   -0.412504
    0.106805
    0.022777
   -0.115382
   -0.092955
    0.193734
   -0.276242
    0.131647
   -0.083445
   -0.398906
   -0.093575
    0.191953
   -0.006058
   -0.116147
   -0.173452
   -0.320055
   -0.427622
    0.150593
    0.033366
   -0.092387
   -0.037054
    0.185762
   -0.254330
    0.129380
   -0.105104
   -0.498566
   -0.137215
    0.195321
    0.003462
   -0.067514
   -0.173077
   -0.251037
   -0.355194
   -0.127775
   -0.142045
    0.033602
   -0.043533
    0.101704
    0.043824
    0.168398
   -0.285327
   -0.341995
   -0.437748
   -0.218738
    0.177955
    0.159697
    0.146930
   -0.276553
   -0.460822
   -0.127286
   -0.162870
    0.076249
   -0.062859
    0.103514
    0.085844
    0.212322
   -0.334858
   -0.423938
   -0.533405
   -0.286833
    0.162145
    0.170670
    0.214440
   -0.255198
   -0.459567
   -0.019987
    0.086256
   -0.207569
   -0.159930
    0.023501
    0.074753
    0.001810
   -0.077382
   -0.225224
   -0.445081
   -0.358916
   -0.184388
   -0.207778
   -0.176344
   -0.286880
   -0.470850
    0.013676
    0.135724
   -0.218197
   -0.225030
   -0.014999
    0.077527
    0.055987
   -0.057461
   -0.317871
   -0.545615
   -0.427630
   -0.184608
   -0.192295
   -0.214351
   -0.179788
   -0.346173
   -0.117050
   -0.174313
   -0.055046
   -0.356989
   -0.322694
    0.027542
    0.315478
    0.104072
   -0.051180
   -0.081121
   -0.279048
   -0.329957
   -0.276896
   -0.293718
   -0.170476
   -0.338728
   -0.110592
   -0.172986
   -0.049329
   -0.439652
   -0.398844
    0.047899
    0.377772
    0.147046
   -0.149853
   -0.102884
   -0.326711
   -0.393926
   -0.266295
   -0.370532
   -0.095934
   -0.242216
   -0.293563
   -0.265670
   -0.319931
   -0.333676
   -0.363028
   -0.324014
   -0.016452
   -0.047870
   -0.091360
   -0.264642
   -0.390912
   -0.330463
   -0.327250
   -0.269799
   -0.064905
   -0.228612
   -0.374502
   -0.288729
   -0.374415
   -0.483504
   -0.458272
   -0.403184
   -0.038469
   -0.042814
   -0.118874
   -0.354200
   -0.421676
   -0.382262
   -0.388712
   -0.348254
    0.215361
    0.217141
   -0.164921
   -0.391687
   -0.338068
   -0.369567
   -0.344533
   -0.270966
   -0.324530
   -0.315528
   -0.365934
   -0.376675
   -0.497890
   -0.311342
   -0.275371
   -0.233731
    0.226692
    0.273926
   -0.134896
   -0.475910
   -0.416292
   -0.421209
   -0.405443
   -0.341482
   -0.365806
   -0.325343
   -0.463308
   -0.472143
   -0.628715
   -0.397191
   -0.345815
   -0.300359
   -0.021947
   -0.305094
   -0.336400
   -0.390685
   -0.248237
   -0.081890
   -0.204485
   -0.201566
   -0.129650
   -0.070336
   -0.180085
   -0.297168
   -0.391063
   -0.440546
   -0.313385
   -0.215083
   -0.021360
   -0.320383
   -0.346002
   -0.461596
   -0.219355
   -0.094527
   -0.208439
   -0.181322
   -0.124625
   -0.125857
   -0.179277
   -0.306686
   -0.485701
   -0.483594
   -0.360096
   -0.219896
   -0.324354
   -0.201580
   -0.234730
   -0.274460
   -0.277325
   -0.207558
   -0.166806
   -0.241290
    0.025806
    0.048274
   -0.016025
    0.153828
   -0.208614
   -0.349450
   -0.348050
   -0.260151
   -0.413689
   -0.248669
   -0.226273
   -0.328593
   -0.306993
   -0.198653
   -0.066803
   -0.297334
    0.013186
    0.057882
    0.000349
    0.192011
   -0.176443
   -0.398340
   -0.429782
   -0.259583
   -0.295403
   -0.409728
   -0.355222
   -0.021112
   -0.136931
   -0.189147
   -0.176346
   -0.134329
   -0.095558
    0.065800
    0.029078
   -0.181179
    0.066250
   -0.218480
   -0.354663
   -0.026489
   -0.278376
   -0.454060
   -0.401349
   -0.047193
   -0.156792
   -0.159474
   -0.183397
   -0.146365
   -0.081314
    0.111433
    0.074507
   -0.195010
    0.072782
   -0.257980
   -0.424017
   -0.019525
   -0.309142
   -0.375977
   -0.310344
   -0.254061
    0.068863
   -0.008165
   -0.118745
    0.166988
   -0.043554
    0.072193
    0.100081
   -0.247392
   -0.375501
    0.137345
    0.155032
   -0.019479
   -0.293162
   -0.350766
   -0.332897
   -0.304720
    0.168671
    0.064513
   -0.110575
    0.195712
    0.019000
    0.111930
    0.140070
   -0.270126
   -0.450444
    0.114654
    0.164026
   -0.029514
   -0.317018
   -0.405434
   -0.420939
   -0.302926
   -0.046675
   -0.205838
    0.044748
   -0.080301
    0.061385
    0.267538
   -0.132497
   -0.151210
   -0.386907
   -0.361859
   -0.016563
    0.264631
   -0.379518
   -0.456983
   -0.471933
   -0.331298
   -0.039079
   -0.173318
    0.062377
   -0.157070
    0.101360
    0.324145
   -0.155675
   -0.099314
   -0.473174
   -0.423102
    0.010974
    0.270997
   -0.363794
   -0.288928
   -0.291808
   -0.153747
    0.050699
    0.122136
   -0.346379
   -0.090535
    0.022338
    0.034947
    0.026360
   -0.027216
   -0.339068
   -0.329715
   -0.234505
   -0.246228
   -0.430620
   -0.296164
   -0.322350
   -0.166859
    0.050082
    0.248126
   -0.329842
   -0.101348
    0.012796
    0.085808
    0.037103
   -0.009668
   -0.433731
   -0.401538
   -0.232950
   -0.196303
   -0.332558
   -0.242188
   -0.165134
   -0.155058
   -0.290063
   -0.175271
   -0.321521
   -0.327012
   -0.238134
    0.213649
    0.334507
    0.051476
   -0.059020
   -0.163005
   -0.314317
   -0.394542
   -0.419170
   -0.224471
   -0.120540
   -0.208089
   -0.297801
   -0.177008
   -0.345409
   -0.395028
   -0.242146
    0.313586
    0.441794
    0.060658
   -0.084316
   -0.197129
   -0.330338
   -0.360194
    0.012690
   -0.071766
    0.065542
   -0.329312
   -0.323882
   -0.254599
   -0.345063
   -0.253901
   -0.273013
   -0.048999
   -0.215997
   -0.070960
   -0.163076
   -0.351673
   -0.294366
   -0.222449
   -0.050632
    0.005136
    0.126654
   -0.363910
   -0.337043
   -0.302482
   -0.374994
   -0.328639
   -0.324701
   -0.054587
   -0.194627
   -0.080276
   -0.212289
   -0.372660
   -0.274099
   -0.244037
   -0.060242
   -0.028744
   -0.087038
   -0.109659
   -0.265629
   -0.299745
   -0.105227
   -0.166224
   -0.255435
   -0.286884
   -0.346398
   -0.281290
   -0.307795
   -0.400544
   -0.329291
   -0.294776
   -0.023880
   -0.004158
   -0.126455
   -0.130607
   -0.280638
   -0.353240
   -0.128073
   -0.210129
   -0.331212
   -0.293455
   -0.446561
   -0.298958
   -0.306685
   -0.420429
   -0.360124
   -0.319710
   -0.251925
   -0.169805
   -0.155006
   -0.384111
   -0.386682
   -0.249320
   -0.146320
   -0.224117
   -0.258731
   -0.197409
   -0.088379
   -0.034211
   -0.203100
   -0.373915
   -0.371310
   -0.235804
   -0.259394
   -0.152954
   -0.142524
   -0.430082
   -0.428730
   -0.262374
   -0.085283
   -0.286192
   -0.240430
   -0.171558
   -0.082732
   -0.032821
   -0.205202
   -0.395313
   -0.465639
   -0.280541
   -0.380856
   -0.382657
   -0.361319
   -0.188144
   -0.204414
   -0.250011
   -0.167435
   -0.157368
   -0.253817
   -0.034913
    0.014687
    0.119502
    0.089601
    0.036605
   -0.352982
   -0.258532
   -0.437473
   -0.413437
   -0.454720
   -0.180565
   -0.246474
   -0.246379
   -0.167073
   -0.115450
   -0.323934
   -0.067264
    0.094940
    0.166213
    0.072005
    0.015251
   -0.412315
   -0.277579
   -0.377716
   -0.362212
   -0.378653
   -0.332893
   -0.192155
    0.042334
   -0.121450
   -0.076414
   -0.133132
   -0.026040
   -0.195880
    0.105871
   -0.262079
   -0.038855
    0.011666
   -0.312933
   -0.401170
   -0.324920
   -0.360879
   -0.372574
   -0.185382
    0.069897
   -0.117195
   -0.096478
   -0.156317
    0.003488
   -0.174108
    0.169192
   -0.299990
   -0.028101
    0.019014
   -0.402296
   -0.378661
   -0.310080
   -0.405929
   -0.403792
   -0.310285
    0.038876
    0.107197
    0.009243
    0.008008
    0.111168
   -0.008280
    0.263040
   -0.242091
   -0.425982
   -0.132449
    0.317907
   -0.446994
   -0.319273
   -0.429530
   -0.452919
   -0.311528
    0.108609
    0.186813
   -0.028621
    0.034362
    0.121430
    0.073997
    0.321221
   -0.278370
   -0.550853
   -0.201124
    0.392345
   -0.469390
   -0.349746
   -0.308984
   -0.378330
   -0.315245
    0.123254
   -0.124281
   -0.086937
   -0.109674
   -0.056270
    0.225514
   -0.042619
   -0.234289
   -0.327949
   -0.427231
   -0.218279
   -0.558983
   -0.374762
   -0.432541
   -0.409103
   -0.372967
    0.171798
   -0.092492
   -0.090008
   -0.161172
   -0.099650
    0.334689
   -0.109906
   -0.260053
   -0.352015
   -0.529886
   -0.226072
   -0.411117
   -0.405193
   -0.332126
   -0.308717
   -0.110181
   -0.056283
    0.205741
   -0.124178
   -0.225908
    0.061018
    0.110948
    0.146789
    0.022863
   -0.208277
   -0.300418
   -0.249380
   -0.553701
   -0.524575
   -0.358194
   -0.286190
   -0.130384
    0.011284
    0.279058
   -0.032210
   -0.282314
    0.044165
    0.170831
    0.260266
    0.047188
   -0.272657
   -0.312727
   -0.243075
    0.000303
   -0.385977
   -0.319387
   -0.102380
   -0.194244
   -0.231394
   -0.261965
   -0.168055
   -0.241177
   -0.318480
   -0.057712
    0.284796
    0.210993
    0.008864
   -0.099135
   -0.314008
   -0.075969
   -0.509711
   -0.341358
   -0.035103
   -0.154818
   -0.210143
   -0.257886
   -0.160905
   -0.217145
   -0.344663
    0.030247
    0.351781
    0.293089
   -0.008381
   -0.081059
   -0.302941
   -0.070502
   -0.046520
   -0.091386
    0.012778
   -0.169898
   -0.338069
   -0.294295
   -0.275543
   -0.303439
   -0.134661
   -0.184664
   -0.344164
   -0.323084
   -0.393669
   -0.405117
   -0.403804
   -0.112838
   -0.009513
   -0.087269
    0.044222
   -0.139160
   -0.338720
   -0.334611
   -0.359036
   -0.341834
   -0.143233
   -0.214881
   -0.357291
   -0.301068
   -0.373895
   -0.396458
   -0.447017
   -0.185472
   -0.317326
    0.025148
   -0.122555
   -0.239870
   -0.237073
   -0.398693
   -0.185256
   -0.063578
   -0.197131
   -0.187081
   -0.206317
   -0.293269
   -0.315489
   -0.337143
   -0.398386
   -0.150694
   -0.354864
    0.007744
   -0.142826
   -0.284487
   -0.242859
   -0.487943
   -0.165892
   -0.061777
   -0.261708
   -0.201233
   -0.239397
   -0.357857
   -0.296165
   -0.344239
   -0.444829
   -0.418930
   -0.363877
   -0.262445
   -0.101096
   -0.256219
   -0.356341
   -0.271776
   -0.204183
   -0.229677
   -0.205485
   -0.242709
   -0.043055
   -0.038648
    0.004109
   -0.172191
   -0.429852
   -0.494407
   -0.344165
   -0.296104
   -0.129135
   -0.248765
   -0.406163
   -0.257201
   -0.258880
   -0.300583
   -0.249287
   -0.276737
    0.015862
   -0.030233
    0.023674
   -0.132749
   -0.470663
   -0.349676
   -0.345346
   -0.311306
   -0.193100
   -0.347811
   -0.218902
   -0.139048
   -0.268402
   -0.219072
   -0.229754
   -0.228081
    0.081815
    0.063600
    0.016466
    0.141308
   -0.186116
   -0.403944
   -0.423026
   -0.321020
   -0.187749
   -0.447630
   -0.269801
   -0.109821
   -0.233472
   -0.226331
   -0.270692
   -0.334889
    0.133106
    0.124598
    0.045332
    0.117802
   -0.219471
   -0.348262
   -0.336457
   -0.335804
   -0.189077
   -0.330187
   -0.345360
    0.068092
    0.075606
   -0.120474
   -0.157437
    0.116752
   -0.283905
    0.117629
   -0.025657
   -0.252373
    0.062008
   -0.303284
   -0.357068
   -0.364942
   -0.213455
   -0.327933
   -0.366332
    0.093977
    0.161471
   -0.086970
   -0.231560
    0.162499
   -0.313078
    0.124609
   -0.028647
   -0.298537
    0.089189
   -0.155705
   -0.402338
   -0.394650
   -0.273820
   -0.306213
   -0.368293
   -0.060383
   -0.152725
    0.072632
   -0.081669
    0.105800
   -0.036880
    0.254221
   -0.137767
   -0.269862
   -0.390884
   -0.125269
   -0.412421
   -0.438049
   -0.331584
   -0.323086
   -0.509032
   -0.064070
   -0.149701
    0.103413
   -0.125595
    0.151914
   -0.046999
    0.301765
   -0.125055
   -0.326920
   -0.470278
    0.024360
   -0.429521
   -0.467097
   -0.221870
   -0.181288
   -0.360007
    0.036149
    0.099582
   -0.225034
   -0.145607
   -0.112645
    0.140721
    0.051857
   -0.073931
   -0.228194
   -0.331097
    0.087554
   -0.546266
   -0.638262
   -0.259363
   -0.198891
   -0.407558
    0.099126
    0.188402
   -0.210806
   -0.254873
   -0.211957
    0.151539
    0.030776
   -0.114333
   -0.226193
   -0.385825
    0.245352
   -0.203690
   -0.477020
   -0.194823
   -0.122493
   -0.264372
   -0.177888
   -0.121511
   -0.037241
   -0.336401
   -0.156053
    0.124204
    0.232267
    0.054428
   -0.041620
   -0.148756
    0.316762
   -0.320471
   -0.662104
   -0.207263
   -0.052922
   -0.216384
   -0.230640
   -0.041239
    0.069454
   -0.352759
   -0.191366
    0.140049
    0.359303
    0.089130
   -0.089088
   -0.219253
   -0.205578
    0.123982
   -0.072171
   -0.094011
   -0.148923
   -0.002554
   -0.279807
   -0.179089
   -0.289929
   -0.195999
    0.254586
   -0.215798
   -0.469671
   -0.446817
   -0.338288
   -0.413737
   -0.277105
    0.160182
   -0.046924
   -0.073854
   -0.129539
    0.068133
   -0.343123
   -0.216458
   -0.304987
   -0.222008
    0.380271
   -0.235204
   -0.460230
   -0.429982
   -0.371923
   -0.455830
   -0.213374
   -0.292298
   -0.217812
   -0.046826
   -0.049129
   -0.066982
   -0.155405
   -0.187532
   -0.235210
   -0.274985
   -0.361943
   -0.182775
   -0.312355
   -0.368185
   -0.365077
   -0.442584
   -0.270798
   -0.301647
   -0.223332
    0.012235
   -0.064135
   -0.077356
   -0.178158
   -0.164654
   -0.223448
   -0.343658
   -0.404771
   -0.236527
   -0.354304
   -0.366794
   -0.398687
   -0.471903
   -0.172731
   -0.165596
   -0.354438
   -0.137726
    0.049686
   -0.333065
   -0.335482
   -0.343448
   -0.240160
   -0.032367
   -0.207458
   -0.234917
   -0.162981
   -0.184549
   -0.278556
   -0.333534
   -0.115145
   -0.157255
   -0.370646
   -0.141339
    0.065597
   -0.370457
   -0.393139
   -0.440221
   -0.220308
   -0.046090
   -0.261232
   -0.262719
   -0.209198
   -0.243376
   -0.241427
   -0.381619
   -0.161147
   -0.370231
   -0.352363
   -0.394590
   -0.382790
   -0.271787
   -0.173402
   -0.286844
   -0.196018
   -0.181597
   -0.202993
   -0.216416
   -0.119677
   -0.063318
    0.071235
    0.018871
   -0.200213
   -0.421488
   -0.391963
   -0.393214
   -0.448872
   -0.321583
   -0.223358
   -0.334930
   -0.188207
   -0.238908
   -0.184192
   -0.231281
   -0.099949
   -0.038491
    0.062984
    0.030677
   -0.192152
   -0.362802
   -0.381629
   -0.325047
   -0.353052
   -0.390157
   -0.381569
   -0.013280
   -0.106682
   -0.137212
   -0.148252
   -0.304649
    0.012547
    0.144243
    0.035235
   -0.063114
   -0.114223
   -0.407964
   -0.406247
   -0.289131
   -0.339394
   -0.462694
   -0.444653
    0.041314
   -0.125918
   -0.146842
   -0.197850
   -0.375799
    0.025526
    0.240388
    0.076346
   -0.118865
    0.224325
   -0.228361
   -0.365649
   -0.382617
   -0.345763
   -0.370293
   -0.349390
   -0.249399
    0.159596
    0.024089
   -0.108117
    0.119137
    0.035113
   -0.032714
    0.159471
   -0.315190
    0.332867
   -0.168673
   -0.368847
   -0.373358
   -0.291725
   -0.473154
   -0.369708
   -0.320845
    0.232357
    0.066514
   -0.191436
    0.169565
    0.106224
    0.012039
    0.261402
   -0.376672
    0.327314
    0.132749
   -0.345616
   -0.426286
   -0.389075
   -0.360968
   -0.397373
   -0.255821
   -0.101360
   -0.134173
   -0.034337
   -0.080469
    0.032117
    0.291849
   -0.132389
   -0.280063
    0.518328
    0.243738
   -0.380702
   -0.530396
   -0.428188
   -0.416323
   -0.471454
   -0.283178
   -0.037586
   -0.106899
   -0.066284
   -0.106753
    0.031930
    0.377953
   -0.162302
   -0.291011
    0.234828
    0.263863
   -0.297348
   -0.473781
   -0.368750
   -0.344664
   -0.331754
   -0.069558
    0.124180
    0.050505
   -0.256332
    0.007500
    0.042235
    0.090346
   -0.023427
   -0.215479
    0.362565
    0.343680
   -0.322089
   -0.649044
   -0.388258
   -0.353984
   -0.369723
   -0.015819
    0.164430
    0.157501
   -0.322044
   -0.031945
   -0.010022
    0.097093
   -0.061647
   -0.212869
   -0.266537
   -0.094971
    0.114746
   -0.078647
   -0.136909
   -0.053646
   -0.305235
   -0.074027
   -0.295704
   -0.227483
    0.142143
    0.030870
   -0.448433
   -0.430277
   -0.393238
   -0.386577
   -0.275454
   -0.094621
    0.148364
   -0.104830
   -0.195432
   -0.047412
   -0.282886
   -0.055912
   -0.279677
   -0.257339
    0.229286
    0.046204
   -0.494040
   -0.444418
   -0.358469
   -0.420772
   -0.272730
   -0.108737
   -0.284796
    0.037698
   -0.085863
   -0.123595
    0.014862
   -0.273541
   -0.284194
   -0.287425
   -0.386104
    0.010933
    0.121979
   -0.390483
   -0.408861
   -0.343192
   -0.290843
   -0.097214
   -0.300452
    0.049866
   -0.087091
   -0.188944
    0.096177
   -0.292609
   -0.307030
   -0.330783
   -0.428464
    0.037897
    0.168016
   -0.435389
   -0.401147
   -0.391649
    0.043914
   -0.235783
   -0.219582
   -0.303984
   -0.089567
   -0.069097
   -0.202779
   -0.112430
   -0.250147
   -0.363674
   -0.239721
   -0.215049
   -0.264703
   -0.274781
   -0.383661
   -0.339032
    0.113054
   -0.202658
   -0.216022
   -0.307218
   -0.076704
   -0.111622
   -0.256372
   -0.126453
   -0.199605
   -0.353907
   -0.261022
   -0.291216
   -0.327527
   -0.322785
   -0.468916
   -0.338550
   -0.314799
   -0.104108
   -0.200935
   -0.420987
   -0.205841
   -0.092700
   -0.216291
   -0.380819
   -0.379590
   -0.298064
    0.001724
   -0.188287
   -0.174918
   -0.154081
   -0.112285
   -0.318820
   -0.310009
   -0.072143
   -0.251476
   -0.471046
   -0.194636
   -0.127272
   -0.219070
   -0.423837
   -0.444287
   -0.372078
    0.046106
   -0.242346
   -0.207668
   -0.178458
   -0.139288
   -0.353239
   -0.358459
   -0.319841
   -0.377958
   -0.394759
   -0.311454
   -0.219382
   -0.391931
   -0.177781
   -0.242809
   -0.193391
   -0.179268
   -0.167808
   -0.200019
   -0.133370
   -0.145428
   -0.102991
   -0.400092
   -0.303787
   -0.381979
   -0.485569
   -0.337276
   -0.321422
   -0.461560
   -0.246727
   -0.320710
   -0.173437
   -0.264461
   -0.138431
   -0.263257
   -0.102986
   -0.099396
   -0.112584
   -0.068217
   -0.056762
   -0.302955
   -0.389133
   -0.321861
   -0.202519
   -0.279959
   -0.374894
   -0.148102
    0.071456
   -0.198729
   -0.129664
   -0.236654
   -0.101316
    0.073850
   -0.030003
   -0.062708
   -0.075686
   -0.278535
   -0.422597
   -0.362603
   -0.142693
   -0.280521
   -0.372702
   -0.146974
    0.102844
   -0.207186
   -0.119908
   -0.307885
   -0.084091
    0.064674
    0.044516
    0.247246
    0.418470
    0.155476
   -0.320337
   -0.380466
   -0.241875
   -0.232103
   -0.403310
   -0.345376
    0.105597
    0.188410
   -0.028446
    0.104501
    0.113762
   -0.217102
    0.135533
    0.236613
    0.608844
    0.309698
   -0.364978
   -0.461108
   -0.203746
   -0.322559
   -0.506242
   -0.386143
    0.226278
    0.247093
   -0.059931
    0.128039
    0.176092
   -0.210657
    0.147443
    0.244557
    0.416801
    0.365707
   -0.272929
   -0.534848
   -0.352542
   -0.239248
   -0.280049
   -0.362701
    0.060962
   -0.248671
    0.026685
   -0.121019
    0.021562
    0.180291
   -0.142693
    0.218015
    0.628154
    0.515670
   -0.377984
   -0.685686
   -0.432666
   -0.252576
   -0.264011
   -0.415076
    0.134626
   -0.227220
    0.051409
   -0.216632
    0.002878
    0.270091
   -0.182600
   -0.222937
   -0.345298
   -0.104555
    0.040763
   -0.151904
   -0.201838
   -0.048725
   -0.235966
   -0.264916
    0.027481
   -0.248121
    0.199070
   -0.226195
   -0.298586
   -0.292434
   -0.367087
   -0.147676
   -0.438725
   -0.100562
    0.101881
   -0.059965
   -0.265604
   -0.037242
   -0.284883
   -0.187212
    0.042041
   -0.357025
    0.261749
   -0.245795
   -0.342832
   -0.270928
   -0.395019
   -0.151863
   -0.273114
   -0.288280
   -0.132530
    0.184676
   -0.244263
   -0.033085
   -0.132158
   -0.009547
   -0.319350
   -0.212207
   -0.210800
    0.136352
   -0.196308
   -0.274549
   -0.261450
   -0.166941
   -0.258075
   -0.293237
   -0.141575
    0.231369
   -0.296313
   -0.001270
   -0.199458
    0.007903
   -0.337025
   -0.222455
   -0.218788
    0.210076
   -0.257158
   -0.277983
   -0.274497
   -0.190980
   -0.252017
   -0.059680
   -0.364887
   -0.275844
   -0.079775
   -0.105156
    0.122780
   -0.068506
   -0.354527
   -0.300596
   -0.314512
   -0.349957
   -0.066448
   -0.155382
   -0.275112
   -0.218245
   -0.277460
    0.001305
   -0.436282
   -0.362537
   -0.039057
   -0.092887
    0.185648
   -0.051076
   -0.337616
   -0.286879
   -0.329663
   -0.360780
   -0.096493
   -0.233096
   -0.303554
   -0.329831
   -0.156697
   -0.239299
   -0.242347
   -0.245545
   -0.307103
   -0.110434
   -0.090270
   -0.227582
   -0.163021
   -0.355684
   -0.239682
   -0.078600
   -0.236577
   -0.253657
   -0.232254
   -0.420092
   -0.131279
   -0.268635
   -0.215170
   -0.254504
   -0.310602
   -0.044173
   -0.151910
   -0.274556
   -0.181155
   -0.363487
   -0.256535
   -0.121606
   -0.277206
   -0.265920
   -0.314825
   -0.344734
   -0.296030
   -0.226820
   -0.364697
   -0.376921
   -0.325427
   -0.361072
   -0.244917
   -0.172079
   -0.392363
   -0.322186
   -0.134960
   -0.282802
   -0.275882
   -0.243964
   -0.065608
   -0.403045
   -0.336508
   -0.276332
   -0.437347
   -0.428002
   -0.313823
   -0.376574
   -0.329234
   -0.219578
   -0.376395
   -0.359209
   -0.160847
   -0.344891
   -0.321422
   -0.282001
   -0.062226
   -0.229916
   -0.263134
   -0.204747
   -0.304154
   -0.402652
   -0.343777
   -0.355065
   -0.270459
   -0.435639
   -0.134202
   -0.188650
   -0.202435
   -0.265032
   -0.249684
   -0.205938
   -0.006476
   -0.337779
   -0.314889
   -0.186982
   -0.336393
   -0.474893
   -0.332996
   -0.332744
   -0.303640
   -0.544276
   -0.131950
   -0.200166
   -0.273340
   -0.310432
   -0.250598
   -0.282418
    0.058765
   -0.434292
    0.064626
    0.155711
   -0.013654
   -0.331698
   -0.338187
   -0.322635
   -0.340258
   -0.372631
   -0.386219
    0.121138
   -0.070920
   -0.208741
   -0.251929
   -0.000757
   -0.238851
   -0.529895
    0.005233
    0.193520
    0.100082
   -0.332793
   -0.334537
   -0.297897
   -0.326565
   -0.453036
   -0.379423
    0.170414
   -0.054762
   -0.197453
   -0.331849
    0.067106
   -0.218095
    0.070974
    0.240628
    0.274229
    0.304183
   -0.215960
   -0.387580
   -0.373077
   -0.358442
   -0.443782
   -0.374299
    0.022964
   -0.061162
    0.026239
   -0.075873
    0.150252
   -0.133802
    0.039730
    0.159203
    0.411953
    0.483582
   -0.172877
   -0.471888
   -0.367359
   -0.372170
   -0.539734
   -0.467286
    0.079265
    0.017890
    0.031529
   -0.082218
    0.219032
   -0.106040
   -0.240221
   -0.335783
   -0.297007
    0.094270
    0.019023
   -0.107488
   -0.055688
   -0.163049
   -0.071570
   -0.193654
   -0.269807
   -0.017978
   -0.073554
   -0.404380
   -0.452163
   -0.445244
   -0.255020
   -0.387468
   -0.390292
    0.069843
    0.086692
   -0.099284
   -0.082744
   -0.245418
   -0.081798
   -0.223552
   -0.310228
    0.035227
    0.017957
   -0.420059
   -0.515915
   -0.428853
   -0.266633
   -0.295175
   -0.305620
   -0.352142
    0.043235
    0.063815
   -0.077676
   -0.063508
   -0.180759
   -0.287331
   -0.084850
   -0.298623
   -0.005792
    0.072727
   -0.345456
   -0.410257
   -0.274387
   -0.307767
   -0.363290
   -0.360801
    0.084165
    0.117249
   -0.148904
   -0.049691
   -0.176210
   -0.307631
   -0.056547
   -0.375056
   -0.002498
    0.175524
   -0.375177
   -0.432316
   -0.332039
   -0.260162
   -0.276923
   -0.277064
   -0.253033
   -0.010182
    0.080940
   -0.007073
   -0.094381
    0.020478
   -0.271837
   -0.180197
   -0.261282
   -0.083555
    0.192099
   -0.326487
   -0.411851
   -0.319506
   -0.314634
   -0.303486
   -0.322854
    0.073318
    0.132410
   -0.011153
   -0.090946
    0.025002
   -0.341434
   -0.137124
   -0.290801
   -0.103061
    0.295469
   -0.373630
   -0.390514
   -0.352711
   -0.395696
    0.112398
   -0.344920
   -0.225903
   -0.250045
   -0.005525
   -0.050709
   -0.053616
   -0.309875
   -0.242652
   -0.196032
   -0.364354
   -0.241808
    0.049880
   -0.419386
   -0.412717
   -0.445154
    0.150124
   -0.399279
   -0.221410
   -0.256897
    0.014104
   -0.029711
    0.015598
   -0.385210
   -0.249676
   -0.210611
   -0.337738
   -0.315421
    0.065999
    0.038399
   -0.403060
   -0.323323
   -0.322142
   -0.159053
   -0.272998
   -0.340543
   -0.188863
    0.111600
   -0.341714
   -0.331011
   -0.329974
   -0.198859
   -0.006561
   -0.071356
   -0.186097
    0.074693
   -0.473693
   -0.358510
   -0.308587
   -0.142290
   -0.275609
   -0.354426
   -0.185444
    0.132897
   -0.391684
   -0.344215
   -0.415407
   -0.225274
   -0.009214
   -0.132155
   -0.199194
    0.240151
   -0.033458
   -0.382480
   -0.278047
   -0.383069
   -0.341658
   -0.400016
   -0.398247
   -0.360992
   -0.305808
   -0.272711
   -0.309212
   -0.125599
   -0.185939
   -0.220693
   -0.184603
    0.254667
   -0.020475
   -0.439159
   -0.338864
   -0.438784
   -0.462611
   -0.414480
   -0.421128
   -0.434630
   -0.332072
   -0.332844
   -0.386877
   -0.144900
   -0.215917
   -0.173520
   -0.198004
    0.196269
   -0.234870
   -0.360593
   -0.010348
   -0.295205
   -0.414094
   -0.410240
   -0.342899
   -0.329913
   -0.436570
   -0.367680
   -0.170575
   -0.172544
   -0.169240
   -0.119322
   -0.263659
    0.169734
   -0.384273
   -0.464847
    0.004396
   -0.213365
   -0.464402
   -0.423315
   -0.321917
   -0.346668
   -0.551272
   -0.397702
   -0.161269
   -0.230725
   -0.229431
   -0.085807
   -0.301439
    0.308349
   -0.431812
   -0.023358
    0.262699
    0.397833
   -0.212733
   -0.379530
   -0.430867
   -0.374387
   -0.396569
   -0.367590
   -0.096890
    0.121329
   -0.085391
   -0.068770
    0.101680
    0.284586
   -0.546151
   -0.106770
    0.348278
    0.588341
   -0.179374
   -0.462377
   -0.414654
   -0.360886
   -0.460877
   -0.328975
   -0.141806
    0.199261
   -0.102015
   -0.129384
    0.140779
   -0.231672
   -0.035835
   -0.221873
   -0.111631
    0.033769
   -0.108163
   -0.131385
   -0.192065
   -0.254556
   -0.400824
   -0.052321
   -0.174748
   -0.140488
   -0.056969
   -0.391276
   -0.462223
   -0.270643
   -0.002898
   -0.258555
   -0.185567
    0.007472
   -0.038839
   -0.144137
   -0.194885
   -0.300223
   -0.474424
   -0.061152
   -0.182747
   -0.032366
    0.020787
   -0.412052
   -0.459768
   -0.312256
   -0.237041
   -0.337169
   -0.326415
   -0.297206
    0.190611
   -0.004047
   -0.111693
   -0.230798
   -0.155104
   -0.312432
   -0.293695
    0.008092
    0.157401
   -0.224826
   -0.475252
   -0.303631
   -0.271594
   -0.366703
   -0.345749
   -0.351810
    0.216153
   -0.013358
   -0.043927
   -0.319983
   -0.180970
   -0.335892
   -0.250358
   -0.008066
    0.236609
   -0.225492
   -0.562704
   -0.288748
   -0.269510
   -0.332936
   -0.239799
   -0.264153
   -0.259545
    0.100990
   -0.045356
   -0.299524
   -0.068579
   -0.299904
    0.000342
   -0.289853
   -0.241506
    0.219761
   -0.150015
   -0.314810
   -0.254161
   -0.389470
   -0.247910
   -0.257019
   -0.236318
    0.150524
   -0.084072
   -0.319846
   -0.050224
   -0.270873
   -0.004788
   -0.363863
   -0.238348
    0.290692
   -0.141245
    0.005708
   -0.355742
   -0.302539
   -0.329525
   -0.167593
   -0.076727
   -0.293267
   -0.037748
   -0.121947
   -0.134959
    0.077626
   -0.200653
   -0.240452
   -0.299697
   -0.301239
    0.137212
    0.095170
   -0.418844
   -0.343921
   -0.293601
   -0.179956
   -0.066156
   -0.382848
    0.054734
   -0.057920
   -0.159027
    0.083326
   -0.250991
   -0.253581
   -0.308747
   -0.405868
    0.215294
    0.332590
   -0.067090
   -0.400188
   -0.387687
    0.010857
   -0.271278
   -0.148241
   -0.303016
   -0.135506
   -0.067191
   -0.125119
   -0.131789
   -0.222991
   -0.291693
   -0.282780
   -0.292437
    0.471204
   -0.062141
   -0.459417
   -0.357433
    0.038632
   -0.298727
   -0.108285
   -0.313119
   -0.091199
   -0.066055
   -0.107943
   -0.180217
   -0.218342
   -0.304014
   -0.236963
   -0.340885
    0.348357
    0.308170
   -0.145747
   -0.379759
   -0.393732
   -0.105505
   -0.252269
   -0.377072
   -0.234052
   -0.133232
   -0.121868
   -0.341169
   -0.365229
   -0.349785
   -0.035500
   -0.105037
    0.492688
    0.407067
   -0.183365
   -0.434498
   -0.358873
   -0.118759
   -0.342969
   -0.443043
   -0.194266
   -0.142404
   -0.170602
   -0.372782
   -0.377121
   -0.388099
    0.026027
   -0.158056
    0.397767
    0.270541
    0.164060
   -0.363139
   -0.353569
   -0.350815
   -0.373032
   -0.408016
   -0.348704
   -0.206920
   -0.338609
   -0.155723
   -0.233747
   -0.191748
   -0.265712
   -0.147740
    0.548716
    0.297710
    0.182021
   -0.425389
   -0.371851
   -0.323274
   -0.403396
   -0.461663
   -0.362855
   -0.241085
   -0.370025
   -0.176641
   -0.224216
   -0.203312
   -0.311841
   -0.160567
    0.176565
    0.260368
   -0.180211
   -0.367174
    0.185523
    0.040924
   -0.325112
   -0.428849
   -0.350103
   -0.240242
   -0.259317
   -0.308941
   -0.057302
   -0.086196
   -0.212448
   -0.157390
    0.185240
    0.278217
   -0.249971
   -0.492814
    0.231574
    0.155079
   -0.290295
   -0.463794
   -0.321608
   -0.186876
   -0.300547
   -0.382561
   -0.049356
   -0.089123
   -0.227662
   -0.157348
   -0.338391
    0.002213
    0.101169
   -0.079245
   -0.125745
   -0.206971
   -0.303056
   -0.169432
   -0.274211
   -0.327342
   -0.339684
   -0.361820
   -0.104827
    0.106430
    0.001260
   -0.414740
   -0.361069
    0.026018
    0.177663
   -0.055041
   -0.162403
   -0.258900
   -0.348175
   -0.136838
   -0.310176
   -0.388610
   -0.288678
   -0.412090
   -0.185304
    0.215478
    0.024838
   -0.459121
   -0.210659
   -0.214420
   -0.094643
   -0.069902
   -0.272898
   -0.190138
   -0.021740
   -0.153723
   -0.138800
   -0.137125
   -0.284597
   -0.069354
   -0.237911
   -0.238248
   -0.088190
   -0.298519
   -0.219436
   -0.273685
   -0.045752
   -0.060356
   -0.376004
   -0.283963
    0.058532
   -0.172482
   -0.158948
   -0.117513
   -0.326297
   -0.015092
   -0.256211
   -0.261897
   -0.016482
   -0.340858
   -0.206178
   -0.325922
   -0.279485
   -0.165540
   -0.205136
   -0.388982
   -0.248409
    0.055945
   -0.158908
   -0.127237
   -0.074627
   -0.256508
   -0.300117
   -0.063270
   -0.112795
    0.035463
   -0.212768
   -0.275650
   -0.282391
   -0.189930
   -0.200670
   -0.455499
   -0.330747
    0.042783
   -0.154112
   -0.179686
   -0.046952
   -0.265196
   -0.341687
   -0.055457
   -0.177818
    0.082555
    0.317318
   -0.172965
   -0.295735
   -0.221677
   -0.122698
   -0.305164
   -0.323385
   -0.202481
    0.190937
   -0.294514
    0.101055
   -0.197046
    0.009055
   -0.272977
   -0.293972
   -0.171452
    0.417973
   -0.199205
   -0.298261
   -0.248302
   -0.109308
   -0.318958
   -0.372787
   -0.218175
    0.249109
   -0.339626
    0.115072
   -0.178728
   -0.034908
   -0.350266
   -0.282917
   -0.176329
    0.338226
    0.339503
   -0.174545
   -0.353997
   -0.177565
   -0.274935
   -0.058550
   -0.338573
   -0.227004
   -0.083578
   -0.099220
    0.082778
   -0.108820
   -0.334034
   -0.377171
   -0.398746
    0.375351
    0.430751
   -0.205827
   -0.384351
   -0.190261
   -0.272922
   -0.005193
   -0.383696
   -0.307744
   -0.005327
   -0.103939
    0.135140
   -0.119213
   -0.431083
   -0.347693
   -0.472111
    0.337180
    0.380284
    0.220471
   -0.291400
   -0.296821
   -0.139803
   -0.203538
   -0.188586
   -0.233791
   -0.268181
    0.025863
   -0.126062
   -0.180628
   -0.165678
   -0.350375
   -0.413361
    0.360825
    0.424759
    0.320602
   -0.284211
   -0.293851
   -0.080567
   -0.216264
   -0.182210
   -0.226724
   -0.270631
    0.008671
   -0.125289
   -0.209071
   -0.183771
   -0.407351
   -0.373504
    0.306297
    0.380411
    0.390342
    0.115384
   -0.303476
   -0.248407
   -0.171707
   -0.314115
   -0.396368
   -0.292742
   -0.324694
   -0.136919
   -0.319186
   -0.383468
   -0.416026
   -0.178450
    0.383359
    0.497731
    0.505138
    0.080816
   -0.355833
   -0.231250
   -0.146348
   -0.384099
   -0.449635
   -0.253684
   -0.353688
   -0.124173
   -0.323825
   -0.429575
   -0.467287
   -0.141920
   -0.050808
    0.427525
    0.240839
    0.088646
   -0.375336
   -0.255054
   -0.150662
   -0.337575
   -0.416115
   -0.328136
   -0.335855
   -0.333711
   -0.265825
   -0.168785
   -0.238656
   -0.309539
   -0.061397
    0.573462
    0.289650
   -0.029396
   -0.485426
   -0.265383
   -0.117023
   -0.326978
   -0.431283
   -0.351039
   -0.320958
   -0.370856
   -0.330447
   -0.188437
   -0.223268
   -0.365623
   -0.386963
   -0.377360
   -0.267155
   -0.023399
   -0.061636
   -0.175848
   -0.280481
   -0.228474
   -0.202776
   -0.099195
   -0.240357
   -0.281219
   -0.218309
    0.006638
   -0.262022
   -0.340645
   -0.391861
   -0.430950
   -0.219127
    0.029868
   -0.068515
   -0.179230
   -0.314664
   -0.238762
   -0.159178
   -0.085709
   -0.241751
   -0.335371
   -0.279353
    0.015395
   -0.234888
   -0.398735
   -0.300000
   -0.271036
   -0.076690
   -0.177019
    0.064562
   -0.336661
   -0.006517
   -0.201393
   -0.205896
   -0.214187
   -0.254401
   -0.341401
   -0.408034
   -0.319802
    0.060150
    0.004186
   -0.360541
   -0.279493
    0.003006
   -0.139554
    0.129416
   -0.391186
   -0.001553
   -0.320938
   -0.204405
   -0.176610
   -0.272143
   -0.339663
   -0.459007
   -0.402867
    0.097110
    0.077968
   -0.024717
   -0.355634
   -0.354356
   -0.239989
   -0.251447
   -0.342644
   -0.339416
    0.026080
    0.038818
   -0.142942
   -0.132329
   -0.253781
   -0.133540
   -0.345255
   -0.412899
   -0.035553
    0.004835
   -0.439997
   -0.356455
   -0.216864
   -0.289095
   -0.406489
   -0.491077
    0.030705
    0.062682
   -0.120546
   -0.120962
   -0.273850
   -0.110113
   -0.370301
   -0.476905
    0.004481
    0.150014
    0.085351
   -0.353539
   -0.269501
   -0.278474
   -0.357378
   -0.271333
   -0.270472
    0.094794
   -0.011293
   -0.132435
   -0.099356
   -0.282568
   -0.315261
   -0.068098
   -0.338568
    0.110178
    0.101658
   -0.381996
   -0.255425
   -0.303604
   -0.415156
   -0.285363
   -0.346242
    0.124269
    0.010649
   -0.206995
   -0.119901
   -0.246231
   -0.372608
   -0.059795
   -0.466275
    0.171898
    0.237813
    0.115739
   -0.357399
   -0.326138
   -0.350824
   -0.368086
   -0.198141
   -0.230103
    0.112806
   -0.147106
   -0.016047
   -0.168131
   -0.058794
   -0.368866
   -0.366252
    0.070877
    0.271287
    0.205204
   -0.476764
   -0.452297
   -0.374138
   -0.360878
   -0.191085
   -0.262926
    0.161560
   -0.140208
   -0.020035
   -0.179493
   -0.075750
   -0.444388
   -0.393954
    0.231379
    0.203575
    0.256620
    0.058010
   -0.335161
   -0.346369
   -0.323683
    0.020066
   -0.349624
   -0.234540
   -0.231470
   -0.115677
   -0.018671
   -0.068524
   -0.358438
   -0.392397
    0.218073
    0.175078
    0.340696
    0.149830
   -0.429035
   -0.359197
   -0.324039
    0.068471
   -0.394184
   -0.246704
   -0.232997
   -0.096391
    0.009372
   -0.037963
   -0.428735
   -0.443590
    0.253366
    0.246404
    0.190674
    0.266144
    0.027857
   -0.396940
   -0.338567
   -0.263439
   -0.158321
   -0.271155
   -0.353301
   -0.089865
   -0.141012
   -0.279228
   -0.231942
   -0.424026
    0.180526
    0.206437
    0.211153
    0.354697
    0.040092
   -0.458506
   -0.263966
   -0.254714
   -0.135012
   -0.316202
   -0.362276
   -0.071249
   -0.175856
   -0.359169
   -0.253697
   -0.440602
    0.322592
    0.228964
    0.199757
    0.315342
    0.231571
   -0.094396
   -0.380146
   -0.259254
   -0.336991
   -0.400348
   -0.365637
   -0.413936
   -0.337050
   -0.267653
   -0.411057
   -0.385092
    0.267140
    0.200190
    0.290144
    0.415751
    0.210879
   -0.216716
   -0.448457
   -0.253671
   -0.374831
   -0.427392
   -0.386350
   -0.476059
   -0.404042
   -0.329641
   -0.451507
   -0.419421
   -0.337986
   -0.382522
   -0.452794
   -0.336238
   -0.033650
    0.123833
    0.036013
   -0.386616
   -0.248398
   -0.107144
   -0.301879
   -0.274311
   -0.199174
   -0.146075
   -0.203315
   -0.412706
   -0.358135
   -0.451975
   -0.509700
   -0.351456
    0.008479
    0.166502
    0.040396
   -0.425829
   -0.228085
   -0.060903
   -0.334779
   -0.223164
   -0.135986
   -0.141452
   -0.294203
   -0.487014
   -0.338076
   -0.407628
   -0.375845
   -0.402501
    0.112351
    0.120986
   -0.188583
   -0.097907
   -0.284932
   -0.243690
   -0.287432
   -0.346186
   -0.268476
   -0.320061
    0.060522
   -0.123374
   -0.312539
   -0.407776
   -0.391297
   -0.370848
    0.227346
    0.215818
   -0.177644
   -0.113115
   -0.353325
   -0.245535
   -0.266300
   -0.415256
   -0.296946
   -0.318162
    0.079174
   -0.029879
    0.097948
   -0.369517
   -0.301286
   -0.177720
   -0.219476
   -0.083549
   -0.236789
   -0.131033
   -0.039139
   -0.201725
   -0.284588
   -0.310239
   -0.317943
   -0.398760
   -0.116865
    0.040232
    0.216490
   -0.451445
   -0.339017
   -0.187795
   -0.254776
   -0.028841
   -0.172786
   -0.155425
   -0.029136
   -0.183910
   -0.334442
   -0.325091
   -0.341129
   -0.464913
   -0.122293
    0.022873
    0.145178
    0.199816
   -0.165661
   -0.304486
   -0.318069
   -0.260357
   -0.242319
   -0.281780
   -0.217558
    0.106535
   -0.253522
   -0.257744
   -0.292672
   -0.125795
   -0.288469
   -0.387204
    0.123094
    0.268663
   -0.235083
   -0.338597
   -0.316704
   -0.276022
   -0.237740
   -0.298546
   -0.306073
    0.166769
   -0.305958
   -0.315205
   -0.285281
   -0.079922
   -0.294473
   -0.413055
    0.179232
    0.185596
    0.284438
   -0.064181
   -0.366695
   -0.299924
   -0.300550
   -0.280734
   -0.272938
   -0.174156
    0.012707
   -0.140981
   -0.307204
   -0.097121
   -0.313935
   -0.046565
    0.199939
    0.088303
    0.329151
   -0.086259
   -0.435162
   -0.316521
   -0.387199
   -0.287776
   -0.271915
   -0.174759
    0.052660
   -0.224437
   -0.352352
   -0.020116
   -0.337174
    0.003636
    0.216196
    0.216076
    0.277490
    0.359641
   -0.159738
   -0.366561
   -0.354965
   -0.370743
   -0.166513
   -0.187952
   -0.313365
   -0.014360
   -0.155598
   -0.119493
    0.044776
   -0.248246
    0.230959
    0.180951
    0.252726
    0.393574
   -0.202697
   -0.517440
   -0.358488
   -0.355863
   -0.167750
   -0.193492
   -0.308058
    0.042763
   -0.129976
   -0.180990
    0.060680
   -0.296699
    0.244339
    0.298103
    0.270616
    0.345638
    0.284242
   -0.135673
   -0.439251
   -0.359833
    0.029688
   -0.391016
   -0.176265
   -0.391668
   -0.165682
   -0.078126
   -0.033401
   -0.196288
    0.201774
    0.200836
    0.165918
    0.336405
    0.338876
   -0.208315
   -0.509079
   -0.363386
    0.080453
   -0.389674
   -0.141366
   -0.421674
   -0.125427
   -0.107769
   -0.023794
   -0.232467
    0.271568
    0.279994
    0.304086
    0.337559
    0.392185
    0.243827
   -0.333316
   -0.378977
   -0.392493
   -0.188166
   -0.329949
   -0.416436
   -0.208373
   -0.058281
   -0.351910
   -0.276019
    0.294944
    0.168112
    0.274066
    0.389859
    0.519626
    0.287089
   -0.448918
   -0.468308
   -0.395330
   -0.151768
   -0.402469
   -0.447852
   -0.257550
   -0.085732
   -0.388495
   -0.244210
   -0.392588
   -0.399328
   -0.401223
   -0.377590
   -0.385536
   -0.283708
   -0.023983
   -0.269304
   -0.341969
   -0.325531
   -0.189869
   -0.003745
    0.036247
   -0.121352
   -0.199118
   -0.402918
   -0.381119
   -0.408086
   -0.441023
   -0.449552
   -0.384668
   -0.270677
    0.010433
   -0.266434
   -0.379906
   -0.355635
   -0.191711
    0.042126
    0.043433
   -0.120409
   -0.209221
   -0.411364
   -0.195705
   -0.358882
   -0.431711
   -0.392074
   -0.375340
   -0.221511
   -0.084477
    0.102182
   -0.339663
   -0.328085
   -0.154825
   -0.181579
   -0.194740
   -0.135049
   -0.086554
   -0.145011
   -0.117132
   -0.376502
   -0.544654
   -0.448168
   -0.431311
   -0.112634
   -0.142889
    0.162639
   -0.424497
   -0.359606
   -0.137390
   -0.154030
   -0.145525
   -0.065016
   -0.094127
   -0.198332
    0.243154
   -0.116839
   -0.370430
   -0.391640
   -0.321421
    0.004587
    0.159422
   -0.174505
   -0.152474
   -0.267063
   -0.183554
   -0.169456
   -0.278811
   -0.205780
   -0.185538
   -0.084045
    0.292858
   -0.021650
   -0.360393
   -0.418160
   -0.290660
    0.069144
    0.255382
   -0.177714
   -0.167117
   -0.294957
   -0.282354
   -0.156116
   -0.315771
   -0.233834
   -0.134751
   -0.119985
    0.409720
    0.329641
    0.134348
   -0.252699
   -0.257673
   -0.250500
   -0.217928
   -0.327860
   -0.388184
   -0.085926
   -0.111004
   -0.178049
   -0.197894
   -0.197354
   -0.274976
   -0.110867
    0.506577
    0.436334
    0.144775
   -0.311447
   -0.237759
   -0.229803
   -0.241359
   -0.298349
   -0.445521
   -0.090549
   -0.098763
   -0.211872
   -0.179340
   -0.201729
   -0.357320
   -0.147375
    0.367830
    0.271529
    0.268655
    0.253305
   -0.276923
   -0.263567
   -0.284535
   -0.353998
   -0.346220
   -0.381749
   -0.011925
   -0.020481
   -0.184347
   -0.176633
   -0.028382
   -0.104752
    0.494208
    0.267354
    0.253683
    0.310124
   -0.271725
   -0.315996
   -0.311097
   -0.365974
   -0.366879
   -0.462987
    0.011587
   -0.034595
   -0.222455
   -0.195357
   -0.061607
   -0.058433
    0.361324
    0.317491
    0.289734
    0.297548
    0.305111
   -0.267018
   -0.354201
   -0.402221
   -0.316000
   -0.304043
   -0.291865
    0.050684
   -0.003083
   -0.239493
    0.016951
   -0.182835
    0.390213
    0.377165
    0.263104
    0.286588
    0.334854
   -0.377845
   -0.392761
   -0.466228
   -0.337148
   -0.337484
   -0.328218
    0.073557
   -0.078374
   -0.283895
    0.066981
   -0.148762
    0.350350
    0.339856
    0.336768
    0.340513
    0.303822
    0.244318
   -0.347451
   -0.378140
   -0.428099
   -0.212917
   -0.096453
   -0.363702
   -0.021269
   -0.081628
   -0.087947
    0.046891
    0.413030
    0.384220
    0.338479
    0.298236
    0.361430
    0.309010
   -0.450157
   -0.443885
   -0.431407
   -0.201585
   -0.058756
   -0.402631
    0.014190
   -0.039150
   -0.088110
    0.060205
    0.266135
    0.287552
    0.297071
    0.301592
    0.318924
    0.328805
    0.111962
   -0.424251
   -0.427957
   -0.163033
   -0.287938
   -0.162071
   -0.340293
   -0.156181
   -0.061233
   -0.049206
    0.334524
    0.335832
    0.321248
    0.271640
    0.309736
    0.434867
    0.129795
   -0.490606
   -0.488256
   -0.109342
   -0.253482
   -0.104219
   -0.298576
   -0.137804
   -0.086041
   -0.019990
   -0.497820
   -0.444030
   -0.436587
   -0.479944
   -0.476995
   -0.527543
   -0.415378
   -0.071282
   -0.306372
   -0.316659
   -0.204042
   -0.235349
   -0.382734
   -0.250658
   -0.043343
   -0.111508
   -0.578517
   -0.506414
   -0.538900
   -0.569813
   -0.629742
   -0.632804
   -0.509898
   -0.050904
   -0.365795
   -0.378224
   -0.235674
   -0.290097
   -0.460848
   -0.293159
    0.021369
   -0.090168
   -0.517701
   -0.424267
   -0.450818
   -0.444977
   -0.450064
   -0.499874
   -0.403808
    0.041241
   -0.032681
   -0.267488
   -0.265606
   -0.186625
   -0.100932
   -0.062525
   -0.184183
   -0.275842
   -0.530861
   -0.519513
   -0.548209
   -0.525010
   -0.643763
   -0.627212
   -0.444165
    0.038261
   -0.067045
   -0.306080
   -0.283407
   -0.185473
   -0.094889
   -0.067823
   -0.189722
   -0.332434
   -0.357184
    0.091059
   -0.266541
   -0.462423
   -0.409762
   -0.393430
   -0.345689
    0.004636
   -0.110245
   -0.122304
   -0.205752
   -0.155505
   -0.310752
   -0.205587
   -0.251148
   -0.229736
   -0.383102
    0.157315
   -0.327161
   -0.527957
   -0.482495
   -0.473923
   -0.374138
   -0.022802
   -0.091069
   -0.150368
   -0.230937
   -0.152764
   -0.298280
   -0.199295
   -0.251348
   -0.248369
    0.185622
    0.239737
    0.202259
   -0.216210
   -0.363555
   -0.317670
   -0.237277
   -0.192331
    0.021377
   -0.211166
    0.004210
   -0.131601
   -0.189775
   -0.339651
   -0.289110
   -0.286516
    0.205105
    0.206996
    0.336394
   -0.243323
   -0.471614
   -0.375568
   -0.257691
   -0.175074
    0.022302
   -0.279310
   -0.031119
   -0.170272
   -0.187912
   -0.405048
   -0.298947
   -0.279612
    0.269392
    0.368309
    0.320104
    0.249844
    0.024933
   -0.403347
   -0.395136
   -0.284803
   -0.311905
   -0.288939
   -0.172746
   -0.012296
   -0.069512
   -0.233028
   -0.214567
   -0.274362
    0.302439
    0.461145
    0.323099
    0.313929
    0.053634
   -0.436696
   -0.406817
   -0.308166
   -0.372795
   -0.342321
   -0.226034
    0.029136
   -0.075583
   -0.277331
   -0.235167
   -0.352833
    0.352369
    0.431520
    0.290153
    0.263426
    0.334927
    0.051292
   -0.350863
   -0.341996
   -0.335753
   -0.364169
   -0.327393
   -0.143749
    0.096860
   -0.147748
   -0.217903
   -0.151920
    0.399758
    0.501388
    0.321577
    0.277964
    0.410524
    0.151079
   -0.380878
   -0.385256
   -0.402180
   -0.398575
   -0.400176
   -0.177830
    0.048311
   -0.154147
   -0.285004
   -0.195404
    0.384194
    0.355781
    0.346630
    0.324764
    0.286899
    0.364806
   -0.007456
   -0.342744
   -0.396417
   -0.353959
   -0.323061
   -0.228105
   -0.130896
    0.089156
   -0.278159
   -0.053362
    0.503283
    0.443467
    0.447742
    0.373536
    0.320688
    0.479935
   -0.000108
   -0.380797
   -0.492121
   -0.368789
   -0.393009
   -0.280073
   -0.165788
    0.097444
   -0.316026
   -0.047514
    0.329004
    0.339605
    0.342689
    0.341109
    0.321019
    0.231572
    0.323465
   -0.070870
   -0.383500
   -0.364457
   -0.242192
   -0.023214
   -0.290493
   -0.188349
   -0.096598
   -0.059865
    0.365974
    0.468030
    0.399926
    0.354025
    0.305592
    0.326974
    0.446552
   -0.047369
   -0.452763
   -0.452468
   -0.259206
   -0.017219
   -0.329989
   -0.220198
   -0.036827
   -0.082393
   -0.430751
   -0.452131
   -0.430269
   -0.408411
   -0.451152
   -0.443528
   -0.291970
   -0.213054
   -0.231762
   -0.293342
   -0.330035
   -0.315313
   -0.382251
   -0.314324
   -0.037484
    0.056298
   -0.519870
   -0.493110
   -0.472775
   -0.465080
   -0.496759
   -0.511129
   -0.378311
   -0.203508
   -0.252324
   -0.265971
   -0.329601
   -0.370031
   -0.464374
   -0.344899
   -0.011603
    0.070915
   -0.472452
   -0.445215
   -0.420224
   -0.415714
   -0.405283
   -0.425684
   -0.272931
   -0.164670
   -0.140746
   -0.193918
   -0.323304
   -0.286299
   -0.281847
   -0.328385
   -0.249776
   -0.101262
   -0.527482
   -0.486372
   -0.434958
   -0.449363
   -0.474672
   -0.529759
   -0.332707
   -0.222353
   -0.107952
   -0.221852
   -0.315236
   -0.290152
   -0.347047
   -0.390316
   -0.215686
   -0.105888
   -0.495699
   -0.421154
   -0.340185
   -0.382324
   -0.393689
   -0.431046
   -0.422983
   -0.202619
   -0.131937
    0.077970
   -0.152916
   -0.311605
   -0.267469
   -0.068968
   -0.047416
   -0.150971
   -0.608220
   -0.404159
   -0.385346
   -0.389520
   -0.452778
   -0.536923
   -0.525977
   -0.175536
   -0.085545
    0.075089
   -0.163673
   -0.313354
   -0.288817
   -0.102750
   -0.076477
   -0.131157
   -0.519022
   -0.379340
    0.215213
    0.043807
   -0.402752
   -0.396688
   -0.325124
   -0.166361
    0.032332
   -0.066445
   -0.122052
   -0.285697
   -0.208425
   -0.258204
   -0.226246
   -0.261598
   -0.565034
   -0.400065
    0.244480
    0.053064
   -0.430564
   -0.432179
   -0.361128
   -0.199953
    0.098360
   -0.068051
   -0.146722
   -0.227675
   -0.188311
   -0.282702
   -0.211775
   -0.264727
   -0.284519
    0.215721
    0.287321
    0.176728
    0.027196
   -0.357419
   -0.244002
   -0.090304
   -0.116675
    0.001909
   -0.306209
   -0.018428
   -0.130584
   -0.211263
   -0.253736
   -0.263436
   -0.313577
    0.280928
    0.313315
    0.160193
    0.055062
   -0.367054
   -0.250182
   -0.094840
   -0.092387
    0.023936
   -0.310732
   -0.012437
   -0.122232
   -0.213855
   -0.329316
   -0.307658
    0.226128
    0.276363
    0.302335
    0.209401
    0.200479
    0.264876
   -0.256547
   -0.267399
   -0.148430
   -0.320527
   -0.372971
   -0.292162
   -0.000890
    0.008601
   -0.179087
   -0.204188
    0.234667
    0.316288
    0.327736
    0.235982
    0.201773
    0.322795
   -0.233292
   -0.245432
   -0.204811
   -0.308161
   -0.350948
   -0.373406
    0.050403
   -0.001755
   -0.265614
   -0.219236
    0.305845
    0.319967
    0.301934
    0.265342
    0.218522
    0.242209
    0.283432
   -0.136699
   -0.129353
   -0.252772
   -0.340590
   -0.272378
   -0.256371
    0.082957
   -0.103678
   -0.146278
    0.319994
    0.317302
    0.341313
    0.291946
    0.211760
    0.298406
    0.362450
   -0.139497
   -0.163463
   -0.307675
   -0.403000
   -0.293139
   -0.261771
    0.013605
   -0.120034
   -0.164900
    0.304227
    0.290734
    0.306299
    0.270749
    0.271112
    0.223655
    0.308934
    0.244156
   -0.199317
   -0.226675
   -0.373892
   -0.333111
   -0.260064
   -0.242275
    0.114134
   -0.185186
    0.302267
    0.329810
    0.328575
    0.318132
    0.295843
    0.216237
    0.355047
    0.301524
   -0.196231
   -0.315513
   -0.388593
   -0.374441
   -0.241889
   -0.278995
    0.139380
   -0.179729
