   -0.511610
   -0.467975
   -0.477514
   -0.475583
   -0.468792
   -0.461952
   -0.470801
   -0.472676
   -0.440118
   -0.471318
   -0.459102
   -0.425452
   -0.446155
   -0.480098
   -0.439522
   -0.338942
   -0.534718
   -0.496153
   -0.505919
   -0.504590
   -0.485956
   -0.482460
   -0.494682
   -0.498091
   -0.465860
   -0.496765
   -0.488166
   -0.455363
   -0.474956
   -0.507838
   -0.462778
   -0.372114
   -0.463147
   -0.487716
   -0.460992
   -0.453284
   -0.452189
   -0.441794
   -0.446705
   -0.456395
   -0.432426
   -0.455002
   -0.447516
   -0.420902
   -0.445772
   -0.468814
   -0.423057
   -0.337272
   -0.515269
   -0.541792
   -0.517665
   -0.513524
   -0.502929
   -0.497691
   -0.502774
   -0.511523
   -0.497156
   -0.509805
   -0.495896
   -0.483723
   -0.503683
   -0.516063
   -0.476748
   -0.403120
   -0.431269
   -0.481316
   -0.463255
   -0.451755
   -0.446311
   -0.439719
   -0.440902
   -0.450740
   -0.456697
   -0.453194
   -0.446938
   -0.442724
   -0.458730
   -0.461016
   -0.421280
   -0.358545
   -0.478888
   -0.525291
   -0.512032
   -0.504701
   -0.497529
   -0.486030
   -0.492610
   -0.501446
   -0.518608
   -0.512224
   -0.494778
   -0.502592
   -0.516816
   -0.516825
   -0.468436
   -0.419139
   -0.444010
   -0.472250
   -0.480934
   -0.460481
   -0.453309
   -0.449432
   -0.447949
   -0.460150
   -0.481765
   -0.465762
   -0.459181
   -0.471111
   -0.483924
   -0.472920
   -0.428991
   -0.384676
   -0.470947
   -0.492314
   -0.506160
   -0.491687
   -0.483561
   -0.472076
   -0.476048
   -0.489767
   -0.514034
   -0.492485
   -0.487980
   -0.502507
   -0.511042
   -0.497180
   -0.457365
   -0.418306
   -0.432790
   -0.450267
   -0.492977
   -0.467962
   -0.453678
   -0.457228
   -0.445738
   -0.469429
   -0.466750
   -0.446659
   -0.451105
   -0.457891
   -0.455219
   -0.442750
   -0.443365
   -0.459730
   -0.482549
   -0.513157
   -0.552962
   -0.527700
   -0.506764
   -0.501532
   -0.492955
   -0.502761
   -0.500821
   -0.471299
   -0.472769
   -0.487850
   -0.485138
   -0.466040
   -0.467623
   -0.487205
   -0.401202
   -0.408550
   -0.468817
   -0.492488
   -0.444363
   -0.426593
   -0.405841
   -0.415080
   -0.452192
   -0.435193
   -0.436780
   -0.451439
   -0.448264
   -0.430758
   -0.429731
   -0.451285
   -0.438234
   -0.468337
   -0.547691
   -0.577963
   -0.512071
   -0.475250
   -0.464515
   -0.454536
   -0.510709
   -0.495977
   -0.498464
   -0.521457
   -0.510801
   -0.484484
   -0.483472
   -0.510675
   -0.356798
   -0.389404
   -0.476441
   -0.538406
   -0.503908
   -0.436846
   -0.400282
   -0.411333
   -0.452815
   -0.440593
   -0.446422
   -0.465848
   -0.459706
   -0.438754
   -0.437067
   -0.457817
   -0.361617
   -0.424096
   -0.537995
   -0.600970
   -0.582869
   -0.514270
   -0.470389
   -0.482371
   -0.508159
   -0.500322
   -0.507960
   -0.530449
   -0.519931
   -0.495826
   -0.492362
   -0.514849
   -0.204483
   -0.326742
   -0.458795
   -0.524147
   -0.534842
   -0.466142
   -0.437922
   -0.429314
   -0.469403
   -0.460104
   -0.464080
   -0.492270
   -0.485474
   -0.457710
   -0.457317
   -0.481124
   -0.212509
   -0.366856
   -0.515750
   -0.586631
   -0.606893
   -0.537517
   -0.505467
   -0.493379
   -0.499535
   -0.489801
   -0.490911
   -0.525470
   -0.516429
   -0.488531
   -0.486160
   -0.510244
   -0.456220
   -0.448410
   -0.556569
   -0.514886
   -0.508818
   -0.476187
   -0.497340
   -0.500670
   -0.493673
   -0.505029
   -0.484506
   -0.496285
   -0.496054
   -0.481985
   -0.498142
   -0.515837
   -0.531172
   -0.509182
   -0.615184
   -0.596717
   -0.590593
   -0.559729
   -0.572950
   -0.575833
   -0.575807
   -0.588081
   -0.562881
   -0.578821
   -0.574213
   -0.561131
   -0.577685
   -0.581164
   -0.443898
   -0.454844
   -0.531246
   -0.512156
   -0.489647
   -0.489608
   -0.478629
   -0.489441
   -0.483809
   -0.499754
   -0.482608
   -0.494205
   -0.486742
   -0.481413
   -0.496326
   -0.500370
   -0.542783
   -0.532026
   -0.586286
   -0.610849
   -0.589149
   -0.596369
   -0.573617
   -0.578436
   -0.566280
   -0.585804
   -0.572224
   -0.571752
   -0.564116
   -0.565966
   -0.582583
   -0.577802
   -0.353261
   -0.470890
   -0.516117
   -0.508653
   -0.487871
   -0.498235
   -0.479404
   -0.486334
   -0.487526
   -0.504741
   -0.514023
   -0.497102
   -0.484977
   -0.496933
   -0.508979
   -0.491668
   -0.426313
   -0.551066
   -0.559793
   -0.610055
   -0.589782
   -0.600926
   -0.581907
   -0.576782
   -0.571009
   -0.589067
   -0.597756
   -0.584789
   -0.568509
   -0.583394
   -0.583984
   -0.574298
   -0.253678
   -0.473239
   -0.489167
   -0.538782
   -0.519649
   -0.496285
   -0.521864
   -0.490972
   -0.480772
   -0.500609
   -0.523734
   -0.496792
   -0.476756
   -0.500360
   -0.511336
   -0.483029
   -0.310863
   -0.534134
   -0.543359
   -0.613505
   -0.590401
   -0.572701
   -0.591800
   -0.562482
   -0.556251
   -0.582656
   -0.596272
   -0.573153
   -0.561134
   -0.580687
   -0.581121
   -0.553268
   -0.237638
   -0.355035
   -0.465390
   -0.494634
   -0.534164
   -0.524243
   -0.479092
   -0.524495
   -0.491882
   -0.516196
   -0.513753
   -0.486724
   -0.484740
   -0.491479
   -0.488972
   -0.479553
   -0.312537
   -0.454523
   -0.533186
   -0.552714
   -0.642825
   -0.607597
   -0.528269
   -0.565565
   -0.552729
   -0.570307
   -0.573819
   -0.560537
   -0.560923
   -0.575300
   -0.570544
   -0.547763
   -0.304685
   -0.233707
   -0.429456
   -0.438036
   -0.528449
   -0.583642
   -0.477680
   -0.472639
   -0.467203
   -0.469211
   -0.498147
   -0.477222
   -0.474140
   -0.489107
   -0.491632
   -0.490202
   -0.408068
   -0.338066
   -0.543550
   -0.537551
   -0.623474
   -0.640842
   -0.569616
   -0.518088
   -0.530116
   -0.529737
   -0.588199
   -0.586519
   -0.576796
   -0.582094
   -0.557083
   -0.540807
   -0.429228
   -0.196933
   -0.347067
   -0.450241
   -0.543289
   -0.534574
   -0.498705
   -0.454068
   -0.462354
   -0.451365
   -0.484535
   -0.479242
   -0.492621
   -0.508888
   -0.511086
   -0.511263
   -0.448504
   -0.245035
   -0.418596
   -0.578572
   -0.622067
   -0.641472
   -0.632017
   -0.553143
   -0.534384
   -0.533096
   -0.571002
   -0.588802
   -0.600213
   -0.589913
   -0.575436
   -0.564982
   -0.358498
   -0.327304
   -0.228137
   -0.390704
   -0.537660
   -0.521305
   -0.533738
   -0.479233
   -0.499138
   -0.465011
   -0.498701
   -0.499865
   -0.502861
   -0.500409
   -0.500484
   -0.503979
   -0.362435
   -0.362634
   -0.255391
   -0.458707
   -0.627073
   -0.647320
   -0.636503
   -0.574571
   -0.584344
   -0.547716
   -0.552229
   -0.577125
   -0.587557
   -0.587258
   -0.579715
   -0.578614
   -0.114566
   -0.418494
   -0.411700
   -0.416841
   -0.418065
   -0.435231
   -0.432906
   -0.433143
   -0.431763
   -0.439384
   -0.432634
   -0.443256
   -0.440851
   -0.437372
   -0.437771
   -0.455561
   -0.134719
   -0.382708
   -0.375256
   -0.386547
   -0.469903
   -0.460688
   -0.441601
   -0.427706
   -0.441533
   -0.445395
   -0.437429
   -0.466608
   -0.443215
   -0.456333
   -0.457875
   -0.458719
   -0.280820
   -0.145631
   -0.397246
   -0.433096
   -0.406381
   -0.471374
   -0.456294
   -0.411819
   -0.421021
   -0.427793
   -0.421425
   -0.439254
   -0.410062
   -0.430661
   -0.431448
   -0.441668
   -0.326706
   -0.164520
   -0.377082
   -0.398976
   -0.449714
   -0.487952
   -0.463222
   -0.427672
   -0.425481
   -0.448203
   -0.442240
   -0.464283
   -0.446229
   -0.458370
   -0.452755
   -0.461643
   -0.416808
   -0.126759
   -0.317603
   -0.417358
   -0.429001
   -0.453589
   -0.460635
   -0.427930
   -0.405416
   -0.422095
   -0.421229
   -0.433720
   -0.433501
   -0.432292
   -0.428776
   -0.438671
   -0.445262
   -0.182071
   -0.317189
   -0.414333
   -0.429390
   -0.501557
   -0.471079
   -0.446957
   -0.431497
   -0.437435
   -0.448068
   -0.460608
   -0.473182
   -0.459231
   -0.454314
   -0.471078
   -0.365737
   -0.279048
   -0.205618
   -0.401632
   -0.455938
   -0.453218
   -0.460867
   -0.429566
   -0.434730
   -0.423675
   -0.418773
   -0.440344
   -0.460433
   -0.439069
   -0.430114
   -0.454395
   -0.377229
   -0.322629
   -0.211281
   -0.380224
   -0.427801
   -0.493245
   -0.470394
   -0.431460
   -0.439629
   -0.426833
   -0.420290
   -0.450364
   -0.474257
   -0.447078
   -0.436196
   -0.460191
   -0.383455
   -0.353614
   -0.130390
   -0.276110
   -0.393704
   -0.393927
   -0.477273
   -0.443290
   -0.430281
   -0.447248
   -0.418206
   -0.444846
   -0.458150
   -0.431671
   -0.427360
   -0.435608
   -0.357847
   -0.347883
   -0.140449
   -0.290231
   -0.450059
   -0.465723
   -0.482088
   -0.503963
   -0.406001
   -0.453377
   -0.431858
   -0.450565
   -0.452098
   -0.441580
   -0.438096
   -0.447390
   -0.294113
   -0.375698
   -0.260747
   -0.109669
   -0.382402
   -0.414200
   -0.491773
   -0.461690
   -0.424097
   -0.421096
   -0.416212
   -0.427833
   -0.437132
   -0.424849
   -0.432124
   -0.438016
   -0.297016
   -0.330106
   -0.208668
   -0.105889
   -0.423594
   -0.488952
   -0.498093
   -0.536272
   -0.454625
   -0.416012
   -0.419788
   -0.416517
   -0.463793
   -0.461795
   -0.460455
   -0.458057
   -0.180941
   -0.252085
   -0.284094
   -0.117349
   -0.235826
   -0.410936
   -0.525981
   -0.471161
   -0.456162
   -0.406648
   -0.410953
   -0.404252
   -0.443086
   -0.437679
   -0.449214
   -0.459617
   -0.169699
   -0.203284
   -0.247080
   -0.097221
   -0.213862
   -0.415738
   -0.563165
   -0.519373
   -0.483436
   -0.420926
   -0.416171
   -0.404843
   -0.448539
   -0.454443
   -0.465126
   -0.464988
   -0.369855
   -0.207804
   -0.128104
   -0.190110
   -0.092461
   -0.337065
   -0.424810
   -0.472012
   -0.481713
   -0.424053
   -0.433369
   -0.399782
   -0.432378
   -0.449413
   -0.452796
   -0.441592
   -0.466266
   -0.175387
   -0.066230
   -0.145863
   -0.044622
   -0.299910
   -0.458717
   -0.535119
   -0.483696
   -0.435892
   -0.443380
   -0.395421
   -0.423779
   -0.446373
   -0.449045
   -0.441208
   -0.392068
   -0.399416
   -0.157811
   -0.302488
   -0.429248
   -0.390568
   -0.429079
   -0.467850
   -0.418478
   -0.428708
   -0.410055
   -0.421288
   -0.423822
   -0.429038
   -0.426057
   -0.435464
   -0.386395
   -0.421668
   -0.180124
   -0.265075
   -0.386289
   -0.392179
   -0.429208
   -0.465904
   -0.405658
   -0.407483
   -0.406245
   -0.426268
   -0.433112
   -0.444231
   -0.409885
   -0.427936
   -0.373683
   -0.391456
   -0.280422
   -0.218035
   -0.386540
   -0.402100
   -0.455363
   -0.445005
   -0.439142
   -0.409200
   -0.396555
   -0.404238
   -0.403437
   -0.421629
   -0.397696
   -0.443457
   -0.344951
   -0.387507
   -0.315180
   -0.197329
   -0.360775
   -0.388668
   -0.436711
   -0.464688
   -0.422253
   -0.409094
   -0.398437
   -0.419810
   -0.433133
   -0.443792
   -0.414866
   -0.441418
   -0.442601
   -0.365405
   -0.342494
   -0.232512
   -0.331364
   -0.421550
   -0.456986
   -0.467595
   -0.429778
   -0.413272
   -0.387943
   -0.404657
   -0.418215
   -0.423693
   -0.418498
   -0.425454
   -0.449278
   -0.314913
   -0.356350
   -0.222266
   -0.275190
   -0.358764
   -0.436286
   -0.472880
   -0.449545
   -0.426545
   -0.400951
   -0.396982
   -0.414780
   -0.433824
   -0.453015
   -0.453813
   -0.345138
   -0.369135
   -0.351961
   -0.228793
   -0.186538
   -0.371433
   -0.337116
   -0.469218
   -0.442488
   -0.423226
   -0.418555
   -0.408510
   -0.428407
   -0.434967
   -0.442584
   -0.426127
   -0.364167
   -0.329713
   -0.328307
   -0.222046
   -0.166388
   -0.380788
   -0.396783
   -0.485289
   -0.455171
   -0.417500
   -0.405200
   -0.388606
   -0.404911
   -0.426911
   -0.450304
   -0.442479
   -0.179304
   -0.278552
   -0.337518
   -0.303602
   -0.088219
   -0.239066
   -0.435140
   -0.425337
   -0.493345
   -0.434481
   -0.414467
   -0.417344
   -0.418964
   -0.444823
   -0.456056
   -0.426002
   -0.211372
   -0.253697
   -0.309730
   -0.278833
   -0.065065
   -0.246719
   -0.478274
   -0.489070
   -0.483601
   -0.493530
   -0.398578
   -0.419102
   -0.407186
   -0.423657
   -0.440576
   -0.448655
   -0.384536
   -0.215370
   -0.142164
   -0.286104
   -0.238593
   -0.096590
   -0.399547
   -0.451726
   -0.480954
   -0.447892
   -0.409471
   -0.412351
   -0.418577
   -0.427602
   -0.430237
   -0.406095
   -0.380848
   -0.221643
   -0.118755
   -0.225813
   -0.195722
   -0.075149
   -0.363619
   -0.500407
   -0.509435
   -0.510912
   -0.417319
   -0.383972
   -0.401398
   -0.410880
   -0.453406
   -0.454628
   -0.397042
   -0.401724
   -0.235904
   -0.121637
   -0.197545
   -0.117881
   -0.249631
   -0.383552
   -0.498830
   -0.449644
   -0.456474
   -0.419386
   -0.409931
   -0.384290
   -0.436714
   -0.424525
   -0.406217
   -0.464748
   -0.269557
   -0.042052
   -0.116159
   -0.046550
   -0.188076
   -0.384389
   -0.549206
   -0.494576
   -0.458878
   -0.402977
   -0.382626
   -0.386459
   -0.431859
   -0.448053
   -0.447871
   -0.470195
   -0.441101
   -0.293319
   -0.035527
   -0.065437
   -0.125991
   -0.363483
   -0.415587
   -0.451588
   -0.467990
   -0.431640
   -0.438418
   -0.410283
   -0.424286
   -0.416436
   -0.499296
   -0.464807
   -0.458305
   -0.309729
    0.028021
    0.035165
   -0.079362
   -0.336757
   -0.426544
   -0.518890
   -0.475388
   -0.430537
   -0.412355
   -0.379864
   -0.400171
   -0.422911
   -0.466711
   -0.432010
   -0.421112
   -0.479764
   -0.274964
   -0.254505
   -0.454972
   -0.484367
   -0.439957
   -0.474112
   -0.447247
   -0.455194
   -0.431117
   -0.436189
   -0.431896
   -0.412652
   -0.500055
   -0.446022
   -0.447417
   -0.504283
   -0.258919
   -0.220220
   -0.459197
   -0.482778
   -0.499393
   -0.528395
   -0.479425
   -0.458614
   -0.450997
   -0.469987
   -0.465267
   -0.461436
   -0.269653
   -0.433968
   -0.409017
   -0.403941
   -0.317339
   -0.224413
   -0.381239
   -0.436004
   -0.455684
   -0.445351
   -0.451785
   -0.443332
   -0.441084
   -0.458707
   -0.442935
   -0.462686
   -0.311653
   -0.507727
   -0.448778
   -0.385891
   -0.329250
   -0.251114
   -0.394585
   -0.469176
   -0.511420
   -0.524676
   -0.461273
   -0.445429
   -0.436861
   -0.465178
   -0.473853
   -0.494305
   -0.225010
   -0.255277
   -0.357851
   -0.396315
   -0.368586
   -0.225770
   -0.303819
   -0.436110
   -0.466490
   -0.485115
   -0.450734
   -0.447694
   -0.428689
   -0.450483
   -0.459618
   -0.467952
   -0.254840
   -0.295002
   -0.420973
   -0.407455
   -0.330505
   -0.237563
   -0.316789
   -0.464313
   -0.503971
   -0.534592
   -0.480415
   -0.456021
   -0.431981
   -0.442976
   -0.475882
   -0.501676
   -0.472044
   -0.312370
   -0.259283
   -0.310718
   -0.345136
   -0.248483
   -0.180640
   -0.439966
   -0.384873
   -0.512694
   -0.471335
   -0.445977
   -0.428974
   -0.433388
   -0.445128
   -0.449927
   -0.505333
   -0.286294
   -0.262346
   -0.321958
   -0.292010
   -0.221792
   -0.196794
   -0.455469
   -0.499536
   -0.575677
   -0.519762
   -0.466611
   -0.443274
   -0.448098
   -0.466773
   -0.499278
   -0.421253
   -0.424541
   -0.367403
   -0.153169
   -0.234046
   -0.322145
   -0.125561
   -0.333914
   -0.468764
   -0.460775
   -0.523985
   -0.460288
   -0.446441
   -0.424557
   -0.415103
   -0.444318
   -0.444270
   -0.473874
   -0.364554
   -0.182516
   -0.223794
   -0.279138
   -0.121981
   -0.276775
   -0.549763
   -0.537547
   -0.557059
   -0.539726
   -0.476428
   -0.437370
   -0.446228
   -0.467386
   -0.424710
   -0.419867
   -0.430115
   -0.379631
   -0.170311
   -0.139782
   -0.183736
   -0.180502
   -0.404231
   -0.477971
   -0.501493
   -0.466878
   -0.432735
   -0.437851
   -0.420372
   -0.442646
   -0.477257
   -0.453766
   -0.476171
   -0.477049
   -0.186777
   -0.081355
   -0.167072
   -0.101879
   -0.403119
   -0.547175
   -0.553025
   -0.550476
   -0.474211
   -0.419465
   -0.442227
   -0.469612
   -0.435469
   -0.477886
   -0.462061
   -0.490272
   -0.429437
   -0.181691
   -0.052819
   -0.086006
   -0.281808
   -0.406145
   -0.515226
   -0.474840
   -0.488685
   -0.435578
   -0.422971
   -0.424172
   -0.473429
   -0.528391
   -0.538986
   -0.533277
   -0.464381
   -0.177089
    0.009070
   -0.051401
   -0.265493
   -0.457472
   -0.577973
   -0.572443
   -0.500343
   -0.465071
   -0.438522
   -0.456971
   -0.428294
   -0.459062
   -0.518550
   -0.499084
   -0.450342
   -0.422168
   -0.281039
   -0.080702
   -0.179983
   -0.390872
   -0.445853
   -0.490272
   -0.501825
   -0.435434
   -0.447362
   -0.433025
   -0.401114
   -0.524032
   -0.622368
   -0.589511
   -0.520162
   -0.418453
   -0.246669
   -0.052171
   -0.182805
   -0.415025
   -0.480567
   -0.604882
   -0.524459
   -0.476873
   -0.449172
   -0.448275
   -0.217557
   -0.213655
   -0.375774
   -0.433145
   -0.407040
   -0.393291
   -0.267202
   -0.245357
   -0.458805
   -0.470252
   -0.475888
   -0.449613
   -0.444822
   -0.435190
   -0.409303
   -0.436618
   -0.251051
   -0.274775
   -0.456062
   -0.492246
   -0.430443
   -0.393736
   -0.277561
   -0.273057
   -0.479174
   -0.492990
   -0.546101
   -0.522048
   -0.484674
   -0.455175
   -0.447830
   -0.479765
   -0.401525
   -0.358972
   -0.192612
   -0.300214
   -0.399996
   -0.363844
   -0.342193
   -0.177555
   -0.402391
   -0.431675
   -0.467749
   -0.443631
   -0.446422
   -0.450236
   -0.426779
   -0.436568
   -0.388573
   -0.412424
   -0.222674
   -0.348834
   -0.449423
   -0.394718
   -0.382291
   -0.176910
   -0.441227
   -0.493448
   -0.536948
   -0.551619
   -0.470982
   -0.475695
   -0.452209
   -0.466468
   -0.382941
   -0.461606
   -0.371533
   -0.162912
   -0.226738
   -0.405458
   -0.330916
   -0.162109
   -0.323249
   -0.453857
   -0.462533
   -0.494742
   -0.447016
   -0.466331
   -0.412541
   -0.433077
   -0.316322
   -0.472187
   -0.432761
   -0.235391
   -0.249762
   -0.418765
   -0.346961
   -0.140084
   -0.339355
   -0.497073
   -0.514314
   -0.554916
   -0.495088
   -0.468690
   -0.432800
   -0.451135
   -0.421273
   -0.460396
   -0.448994
   -0.435695
   -0.225599
   -0.151769
   -0.362836
   -0.252849
   -0.156372
   -0.442361
   -0.393443
   -0.530098
   -0.442503
   -0.430958
   -0.424438
   -0.428810
   -0.415726
   -0.439372
   -0.489857
   -0.493612
   -0.249696
   -0.155649
   -0.321586
   -0.206871
   -0.180758
   -0.474021
   -0.518515
   -0.597384
   -0.506148
   -0.447000
   -0.445138
   -0.450986
   -0.412099
   -0.397644
   -0.412466
   -0.452119
   -0.452785
   -0.258355
   -0.093426
   -0.286779
   -0.080611
   -0.335520
   -0.475689
   -0.486850
   -0.480700
   -0.430453
   -0.406386
   -0.429513
   -0.436670
   -0.461087
   -0.472908
   -0.499484
   -0.505919
   -0.275999
   -0.077244
   -0.227677
   -0.056738
   -0.314917
   -0.549983
   -0.558495
   -0.516852
   -0.497970
   -0.438455
   -0.437229
   -0.345147
   -0.387574
   -0.451874
   -0.440198
   -0.448568
   -0.470740
   -0.219068
   -0.095802
   -0.177644
   -0.218770
   -0.462240
   -0.502377
   -0.455440
   -0.457159
   -0.406920
   -0.451883
   -0.378839
   -0.472783
   -0.537654
   -0.533167
   -0.510988
   -0.481422
   -0.243158
   -0.049732
   -0.129186
   -0.203832
   -0.441237
   -0.569177
   -0.538078
   -0.516304
   -0.471592
   -0.417946
   -0.283993
   -0.386253
   -0.425143
   -0.491523
   -0.488206
   -0.458522
   -0.440026
   -0.274720
   -0.038961
   -0.155185
   -0.360972
   -0.394591
   -0.495782
   -0.491033
   -0.448443
   -0.444805
   -0.284560
   -0.378995
   -0.474890
   -0.609516
   -0.598818
   -0.498100
   -0.452227
   -0.236572
    0.014848
   -0.138612
   -0.329615
   -0.479517
   -0.613551
   -0.565493
   -0.519145
   -0.461906
   -0.216748
   -0.315787
   -0.392825
   -0.476534
   -0.559804
   -0.484434
   -0.453667
   -0.392290
   -0.264872
   -0.110000
   -0.215044
   -0.335498
   -0.481171
   -0.471470
   -0.465611
   -0.437579
   -0.205158
   -0.319508
   -0.425383
   -0.520004
   -0.655104
   -0.615365
   -0.527306
   -0.364070
   -0.252227
   -0.077617
   -0.204529
   -0.381594
   -0.546248
   -0.582688
   -0.534726
   -0.470825
   -0.327999
   -0.387128
   -0.380253
   -0.249485
   -0.207850
   -0.388139
   -0.402481
   -0.391557
   -0.240289
   -0.244437
   -0.411175
   -0.456687
   -0.468941
   -0.459219
   -0.432947
   -0.472640
   -0.317376
   -0.326267
   -0.357043
   -0.272487
   -0.267503
   -0.462365
   -0.405902
   -0.349755
   -0.270450
   -0.275995
   -0.416609
   -0.507958
   -0.576261
   -0.486164
   -0.447483
   -0.461633
   -0.358233
   -0.413989
   -0.397601
   -0.418661
   -0.261333
   -0.192819
   -0.357482
   -0.350818
   -0.285397
   -0.182316
   -0.448780
   -0.426780
   -0.462282
   -0.428362
   -0.436214
   -0.422061
   -0.385987
   -0.355431
   -0.382517
   -0.437593
   -0.324947
   -0.227960
   -0.348235
   -0.333978
   -0.306641
   -0.172341
   -0.490493
   -0.494202
   -0.540202
   -0.528443
   -0.471269
   -0.443748
   -0.226314
   -0.415432
   -0.405204
   -0.397207
   -0.452963
   -0.282817
   -0.148838
   -0.282611
   -0.336613
   -0.139209
   -0.349054
   -0.444955
   -0.486771
   -0.486670
   -0.424780
   -0.414472
   -0.262540
   -0.428994
   -0.382523
   -0.390163
   -0.518205
   -0.343679
   -0.217073
   -0.252340
   -0.307625
   -0.073000
   -0.385231
   -0.483813
   -0.527766
   -0.570711
   -0.478572
   -0.422061
   -0.200325
   -0.309083
   -0.413534
   -0.409075
   -0.470134
   -0.453591
   -0.341848
   -0.110180
   -0.269164
   -0.192963
   -0.160819
   -0.473187
   -0.458537
   -0.495136
   -0.463092
   -0.432531
   -0.160753
   -0.406496
   -0.456620
   -0.447849
   -0.513894
   -0.507321
   -0.407020
   -0.085651
   -0.215433
   -0.128021
   -0.174886
   -0.528037
   -0.580475
   -0.544242
   -0.498634
   -0.425073
   -0.314448
   -0.193813
   -0.377199
   -0.445306
   -0.452854
   -0.447838
   -0.432836
   -0.327418
   -0.056006
   -0.204284
   -0.110308
   -0.377539
   -0.476418
   -0.450788
   -0.451314
   -0.409333
   -0.345941
   -0.209978
   -0.400660
   -0.480315
   -0.547140
   -0.472283
   -0.480352
   -0.368998
   -0.002571
   -0.161299
   -0.066881
   -0.342925
   -0.542250
   -0.564015
   -0.544405
   -0.442010
   -0.377507
   -0.243752
   -0.311624
   -0.409029
   -0.478273
   -0.501398
   -0.428236
   -0.414202
   -0.329270
   -0.044462
   -0.146791
   -0.294593
   -0.445584
   -0.423622
   -0.454633
   -0.474645
   -0.355787
   -0.255864
   -0.309608
   -0.389693
   -0.509630
   -0.618474
   -0.499097
   -0.495944
   -0.314773
   -0.008426
   -0.107201
   -0.282645
   -0.474599
   -0.560354
   -0.557784
   -0.511147
   -0.378981
   -0.309073
   -0.231606
   -0.366623
   -0.391524
   -0.481346
   -0.573633
   -0.487683
   -0.443784
   -0.304587
   -0.118276
   -0.185074
   -0.342800
   -0.406050
   -0.526526
   -0.526307
   -0.362430
   -0.324420
   -0.187199
   -0.394810
   -0.440025
   -0.561276
   -0.632691
   -0.538321
   -0.412249
   -0.271413
   -0.080444
   -0.158156
   -0.337713
   -0.469036
   -0.567213
   -0.571756
   -0.364916
   -0.381365
   -0.168004
   -0.270149
   -0.414196
   -0.397395
   -0.500352
   -0.520677
   -0.411134
   -0.429011
   -0.253488
    0.009533
   -0.166941
   -0.379533
   -0.495770
   -0.502228
   -0.386023
   -0.329515
   -0.159929
   -0.258786
   -0.437217
   -0.469037
   -0.598537
   -0.604462
   -0.442317
   -0.409803
   -0.233581
    0.056251
   -0.125019
   -0.379754
   -0.541729
   -0.551581
   -0.353861
   -0.237054
   -0.358221
   -0.381921
   -0.395589
   -0.390817
   -0.234929
   -0.256753
   -0.359170
   -0.335841
   -0.233784
   -0.278603
   -0.406085
   -0.416483
   -0.535365
   -0.408865
   -0.424419
   -0.234160
   -0.352212
   -0.350295
   -0.389682
   -0.439370
   -0.270872
   -0.288302
   -0.401799
   -0.312796
   -0.198327
   -0.317536
   -0.436329
   -0.467751
   -0.585257
   -0.466377
   -0.412200
   -0.243985
   -0.336285
   -0.406685
   -0.388419
   -0.440726
   -0.414277
   -0.243971
   -0.227521
   -0.340797
   -0.289605
   -0.191679
   -0.455459
   -0.402784
   -0.487659
   -0.463548
   -0.455961
   -0.218608
   -0.384565
   -0.418750
   -0.378446
   -0.462372
   -0.437046
   -0.299893
   -0.266227
   -0.355970
   -0.236531
   -0.160189
   -0.505369
   -0.505566
   -0.531311
   -0.557643
   -0.466781
   -0.295598
   -0.260415
   -0.402453
   -0.436810
   -0.398132
   -0.434904
   -0.426352
   -0.165098
   -0.230544
   -0.264553
   -0.151623
   -0.380740
   -0.440451
   -0.534721
   -0.490607
   -0.509744
   -0.321171
   -0.237240
   -0.392221
   -0.477528
   -0.419244
   -0.469823
   -0.482660
   -0.223253
   -0.194603
   -0.245744
   -0.108682
   -0.388707
   -0.500446
   -0.582835
   -0.542433
   -0.417873
   -0.445251
   -0.258376
   -0.292007
   -0.466275
   -0.461464
   -0.421287
   -0.432760
   -0.427788
   -0.120948
   -0.183061
   -0.126649
   -0.281630
   -0.462976
   -0.457291
   -0.451742
   -0.417920
   -0.485076
   -0.256764
   -0.268407
   -0.480942
   -0.510411
   -0.514679
   -0.494112
   -0.468326
   -0.082981
   -0.151188
   -0.093585
   -0.294914
   -0.493756
   -0.594638
   -0.512521
   -0.432074
   -0.430108
   -0.347326
   -0.204448
   -0.395915
   -0.431441
   -0.536870
   -0.445016
   -0.433037
   -0.369901
   -0.145495
   -0.042458
   -0.251808
   -0.417300
   -0.449240
   -0.476454
   -0.398424
   -0.426514
   -0.360701
   -0.213015
   -0.420241
   -0.478510
   -0.595666
   -0.540385
   -0.509703
   -0.383743
   -0.071291
   -0.008367
   -0.244538
   -0.385992
   -0.536072
   -0.571899
   -0.394873
   -0.423583
   -0.363000
   -0.193553
   -0.334087
   -0.381118
   -0.464748
   -0.508959
   -0.442548
   -0.426578
   -0.362517
   -0.093819
   -0.138761
   -0.346597
   -0.392068
   -0.494987
   -0.384689
   -0.394268
   -0.334855
   -0.208899
   -0.338303
   -0.440063
   -0.505833
   -0.625399
   -0.531881
   -0.440664
   -0.327460
   -0.062464
   -0.116165
   -0.330198
   -0.424592
   -0.590768
   -0.269749
   -0.344170
   -0.414316
   -0.249062
   -0.189044
   -0.383983
   -0.422700
   -0.501526
   -0.575031
   -0.463059
   -0.440776
   -0.352034
   -0.041630
   -0.131333
   -0.361996
   -0.466008
   -0.288019
   -0.403825
   -0.391895
   -0.249158
   -0.186385
   -0.424296
   -0.460887
   -0.594030
   -0.642369
   -0.494422
   -0.411665
   -0.292686
    0.093135
   -0.097253
   -0.362231
   -0.521473
   -0.290252
   -0.267044
   -0.347102
   -0.334055
   -0.099006
   -0.320894
   -0.431748
   -0.445746
   -0.474215
   -0.489320
   -0.444767
   -0.419401
   -0.100925
   -0.005167
   -0.158280
   -0.417399
   -0.326456
   -0.269602
   -0.329165
   -0.345865
   -0.071438
   -0.296742
   -0.449493
   -0.517016
   -0.588901
   -0.593466
   -0.484585
   -0.378820
   -0.011929
    0.039173
   -0.142023
   -0.432197
   -0.473152
   -0.452470
   -0.378730
   -0.243637
   -0.360215
   -0.398385
   -0.395824
   -0.403584
   -0.322762
   -0.202418
   -0.342233
   -0.331547
   -0.141365
   -0.315058
   -0.453020
   -0.402437
   -0.507627
   -0.476270
   -0.455261
   -0.253262
   -0.355095
   -0.358027
   -0.381600
   -0.464342
   -0.347458
   -0.243005
   -0.358341
   -0.315211
   -0.092752
   -0.370092
   -0.469667
   -0.447393
   -0.423401
   -0.483555
   -0.455360
   -0.275259
   -0.226184
   -0.473895
   -0.391776
   -0.429062
   -0.438001
   -0.264548
   -0.164285
   -0.331326
   -0.214867
   -0.231256
   -0.431382
   -0.447868
   -0.421574
   -0.471131
   -0.490233
   -0.289144
   -0.244913
   -0.513075
   -0.400007
   -0.455546
   -0.480851
   -0.334030
   -0.184669
   -0.301193
   -0.171750
   -0.208264
   -0.498141
   -0.534234
   -0.441242
   -0.425156
   -0.468308
   -0.408072
   -0.201471
   -0.356626
   -0.452174
   -0.470433
   -0.429803
   -0.440157
   -0.157546
   -0.190613
   -0.240449
   -0.149921
   -0.380498
   -0.456961
   -0.492900
   -0.369028
   -0.482570
   -0.462343
   -0.229300
   -0.404822
   -0.487018
   -0.541656
   -0.524990
   -0.525517
   -0.190859
   -0.113870
   -0.206269
   -0.101297
   -0.446371
   -0.535919
   -0.408871
   -0.427494
   -0.416643
   -0.431334
   -0.240593
   -0.298082
   -0.409635
   -0.463683
   -0.459457
   -0.452029
   -0.440957
   -0.119971
   -0.107876
   -0.145304
   -0.362554
   -0.437701
   -0.487246
   -0.376804
   -0.373050
   -0.410037
   -0.272369
   -0.289274
   -0.473643
   -0.553461
   -0.582189
   -0.540451
   -0.460675
   -0.079753
   -0.042489
   -0.122164
   -0.406221
   -0.497261
   -0.239161
   -0.450007
   -0.393927
   -0.415392
   -0.322651
   -0.163615
   -0.336424
   -0.430395
   -0.500856
   -0.496319
   -0.438744
   -0.349155
   -0.122108
   -0.087945
   -0.299558
   -0.414270
   -0.215273
   -0.430735
   -0.405703
   -0.359648
   -0.330167
   -0.248542
   -0.421713
   -0.434190
   -0.598931
   -0.525064
   -0.529840
   -0.385599
   -0.042157
   -0.021514
   -0.294779
   -0.381842
   -0.307771
   -0.243648
   -0.349881
   -0.374320
   -0.341391
   -0.181371
   -0.337129
   -0.423065
   -0.443741
   -0.515274
   -0.466193
   -0.400400
   -0.367057
   -0.096692
   -0.116534
   -0.369751
   -0.317741
   -0.278861
   -0.380421
   -0.415677
   -0.364426
   -0.161003
   -0.375135
   -0.479842
   -0.495081
   -0.623026
   -0.521274
   -0.421117
   -0.328891
   -0.019611
   -0.064153
   -0.379701
   -0.417586
   -0.293046
   -0.227136
   -0.306956
   -0.431544
   -0.304265
   -0.142933
   -0.411679
   -0.432668
   -0.517785
   -0.520633
   -0.469362
   -0.440457
   -0.293848
    0.014206
   -0.190803
   -0.434968
   -0.354488
   -0.281895
   -0.337212
   -0.420688
   -0.269924
   -0.124173
   -0.428393
   -0.500890
   -0.595544
   -0.595492
   -0.542962
   -0.352636
   -0.201690
    0.099310
   -0.153776
   -0.452175
   -0.402049
   -0.405086
   -0.230090
   -0.251182
   -0.369534
   -0.124786
   -0.321669
   -0.458007
   -0.456697
   -0.476755
   -0.527615
   -0.416587
   -0.329115
   -0.066748
   -0.064595
   -0.465861
   -0.401611
   -0.431608
   -0.237595
   -0.218043
   -0.347613
   -0.070162
   -0.271797
   -0.504190
   -0.505220
   -0.607655
   -0.612175
   -0.432312
   -0.296680
   -0.005925
   -0.031482
   -0.428335
   -0.417234
   -0.423222
   -0.456784
   -0.419322
   -0.234200
   -0.275670
   -0.398294
   -0.395862
   -0.434715
   -0.422449
   -0.191034
   -0.221589
   -0.364815
   -0.104041
   -0.349146
   -0.417737
   -0.454341
   -0.480634
   -0.495076
   -0.473664
   -0.248027
   -0.267502
   -0.418343
   -0.390301
   -0.483239
   -0.459986
   -0.182557
   -0.234455
   -0.340800
   -0.025858
   -0.403153
   -0.317293
   -0.441115
   -0.425391
   -0.425636
   -0.452393
   -0.290309
   -0.209069
   -0.408102
   -0.448099
   -0.415601
   -0.444417
   -0.383519
   -0.125505
   -0.287235
   -0.135676
   -0.235545
   -0.312655
   -0.458012
   -0.411753
   -0.402991
   -0.480489
   -0.342623
   -0.220665
   -0.436221
   -0.508639
   -0.428734
   -0.496400
   -0.431042
   -0.147929
   -0.258636
   -0.092050
   -0.242820
   -0.164937
   -0.346156
   -0.426187
   -0.409510
   -0.412794
   -0.388007
   -0.254692
   -0.331755
   -0.466220
   -0.436781
   -0.462041
   -0.443624
   -0.251468
   -0.127610
   -0.103299
   -0.176272
   -0.211113
   -0.350794
   -0.455053
   -0.413972
   -0.374300
   -0.445776
   -0.305440
   -0.339798
   -0.524933
   -0.530401
   -0.503069
   -0.489922
   -0.286291
   -0.040905
   -0.116596
   -0.180421
   -0.363429
   -0.196175
   -0.254077
   -0.412498
   -0.402134
   -0.419547
   -0.292704
   -0.235408
   -0.392375
   -0.419005
   -0.520680
   -0.457928
   -0.408368
   -0.216300
   -0.076480
   -0.186849
   -0.382864
   -0.176782
   -0.316063
   -0.452855
   -0.336663
   -0.378933
   -0.313206
   -0.248602
   -0.434918
   -0.529202
   -0.597799
   -0.497485
   -0.424855
   -0.164136
   -0.019273
   -0.189734
   -0.429554
   -0.398108
   -0.227014
   -0.318913
   -0.406903
   -0.348776
   -0.323276
   -0.224805
   -0.359479
   -0.440318
   -0.470278
   -0.500373
   -0.419066
   -0.390169
   -0.230566
   -0.068795
   -0.436510
   -0.425057
   -0.255212
   -0.318489
   -0.406780
   -0.346219
   -0.303851
   -0.209802
   -0.375814
   -0.444172
   -0.608291
   -0.601216
   -0.468443
   -0.382638
   -0.140960
   -0.016987
   -0.405244
   -0.408950
   -0.391166
   -0.256141
   -0.257465
   -0.386526
   -0.360037
   -0.216452
   -0.314844
   -0.420866
   -0.467018
   -0.517667
   -0.490906
   -0.412186
   -0.410686
   -0.022195
   -0.448848
   -0.419156
   -0.427612
   -0.309258
   -0.272221
   -0.385547
   -0.360663
   -0.169053
   -0.324102
   -0.479606
   -0.519068
   -0.628154
   -0.552167
   -0.384210
   -0.394432
    0.072511
   -0.457821
   -0.404838
   -0.395352
   -0.414141
   -0.285131
   -0.225572
   -0.351638
   -0.264015
   -0.158960
   -0.407492
   -0.430328
   -0.528174
   -0.529329
   -0.485073
   -0.424341
   -0.132374
   -0.523715
   -0.433227
   -0.418694
   -0.460164
   -0.348665
   -0.232742
   -0.303981
   -0.227921
   -0.103876
   -0.446240
   -0.484927
   -0.605662
   -0.625022
   -0.528565
   -0.346750
   -0.050992
   -0.458483
   -0.425978
   -0.452668
   -0.431727
   -0.440840
   -0.306058
   -0.148146
   -0.303950
   -0.142654
   -0.315902
   -0.475907
   -0.489515
   -0.465661
   -0.479189
   -0.388517
   -0.147825
   -0.496367
   -0.494476
   -0.497969
   -0.442540
   -0.480095
   -0.331397
   -0.112167
   -0.259121
   -0.062855
   -0.291919
   -0.482386
   -0.556787
   -0.630617
   -0.603188
   -0.386127
   -0.097848
   -0.276563
   -0.207040
   -0.346450
   -0.475444
   -0.408546
   -0.457502
   -0.457402
   -0.296459
   -0.235395
   -0.424441
   -0.430138
   -0.457425
   -0.471836
   -0.155082
   -0.186438
   -0.373182
   -0.272908
   -0.250122
   -0.380278
   -0.484857
   -0.417680
   -0.479572
   -0.523961
   -0.323052
   -0.282512
   -0.489736
   -0.434070
   -0.474726
   -0.520654
   -0.218315
   -0.164695
   -0.334178
   -0.391389
   -0.271631
   -0.208726
   -0.370878
   -0.461574
   -0.395092
   -0.430967
   -0.370842
   -0.201272
   -0.434603
   -0.477748
   -0.466629
   -0.460109
   -0.364546
   -0.078657
   -0.210421
   -0.427682
   -0.281720
   -0.221345
   -0.394631
   -0.490454
   -0.407872
   -0.441159
   -0.416613
   -0.235243
   -0.454927
   -0.556048
   -0.509511
   -0.513583
   -0.424727
   -0.070199
   -0.171927
   -0.441056
   -0.414182
   -0.280441
   -0.197380
   -0.367562
   -0.423471
   -0.416687
   -0.414298
   -0.209678
   -0.386905
   -0.434003
   -0.460308
   -0.463451
   -0.481232
   -0.272217
   -0.090259
   -0.448003
   -0.480476
   -0.303745
   -0.174440
   -0.377362
   -0.475690
   -0.379657
   -0.401649
   -0.223589
   -0.395415
   -0.530754
   -0.553268
   -0.519338
   -0.497448
   -0.262178
   -0.027486
   -0.426095
   -0.440863
   -0.435297
   -0.314425
   -0.200366
   -0.317042
   -0.402825
   -0.391622
   -0.259990
   -0.271259
   -0.447984
   -0.489678
   -0.538027
   -0.448429
   -0.423070
   -0.235966
   -0.459910
   -0.488223
   -0.455446
   -0.362028
   -0.245385
   -0.365495
   -0.391810
   -0.393699
   -0.236558
   -0.302559
   -0.450870
   -0.595997
   -0.643417
   -0.525781
   -0.389352
   -0.187604
   -0.465821
   -0.406462
   -0.438439
   -0.460743
   -0.369053
   -0.213918
   -0.293411
   -0.353927
   -0.338854
   -0.210267
   -0.443571
   -0.455904
   -0.552606
   -0.492156
   -0.428478
   -0.397342
   -0.503497
   -0.476479
   -0.453841
   -0.477848
   -0.421831
   -0.236834
   -0.296486
   -0.362155
   -0.278594
   -0.214772
   -0.474671
   -0.497642
   -0.654543
   -0.611788
   -0.478441
   -0.404222
   -0.451316
   -0.468638
   -0.465951
   -0.430256
   -0.445068
   -0.385496
   -0.179937
   -0.248912
   -0.336484
   -0.127377
   -0.390311
   -0.421952
   -0.500664
   -0.523746
   -0.515966
   -0.437520
   -0.504596
   -0.503115
   -0.479990
   -0.431863
   -0.447485
   -0.462298
   -0.206887
   -0.217120
   -0.321954
   -0.116881
   -0.430948
   -0.500369
   -0.575354
   -0.636967
   -0.576752
   -0.375565
   -0.447436
   -0.477148
   -0.483709
   -0.461515
   -0.447902
   -0.461077
   -0.428367
   -0.211870
   -0.292834
   -0.153180
   -0.260105
   -0.449467
   -0.442032
   -0.473033
   -0.502316
   -0.445910
   -0.510027
   -0.522314
   -0.508363
   -0.509343
   -0.451214
   -0.493014
   -0.490298
   -0.239287
   -0.257605
   -0.122253
   -0.244673
   -0.472978
   -0.564075
   -0.627004
   -0.626044
   -0.482128
   -0.462910
   -0.419858
   -0.426798
   -0.485061
   -0.445142
   -0.445051
   -0.439198
   -0.399518
   -0.207478
   -0.187555
   -0.214690
   -0.406099
   -0.469525
   -0.510516
   -0.474503
   -0.477416
   -0.513443
   -0.512283
   -0.468443
   -0.542701
   -0.514468
   -0.477452
   -0.510655
   -0.460070
   -0.146375
   -0.164591
   -0.150529
   -0.384923
   -0.572584
   -0.604791
   -0.618344
   -0.520398
   -0.444885
   -0.376877
   -0.320527
   -0.226711
   -0.288077
   -0.406391
   -0.448350
   -0.446336
   -0.433435
   -0.291741
   -0.248057
   -0.446961
   -0.479327
   -0.476541
   -0.485736
   -0.156373
   -0.452416
   -0.421368
   -0.343224
   -0.221833
   -0.274073
   -0.461310
   -0.451292
   -0.403574
   -0.492273
   -0.287712
   -0.278770
   -0.507818
   -0.513943
   -0.500269
   -0.523492
   -0.173693
   -0.451783
   -0.391486
   -0.410104
   -0.383824
   -0.231531
   -0.292196
   -0.396903
   -0.406627
   -0.406556
   -0.347250
   -0.172016
   -0.430895
   -0.505429
   -0.468070
   -0.443142
   -0.388169
   -0.528430
   -0.425885
   -0.447846
   -0.406413
   -0.240809
   -0.303596
   -0.434860
   -0.413657
   -0.381783
   -0.414993
   -0.211007
   -0.443235
   -0.540174
   -0.543729
   -0.501041
   -0.427350
   -0.499027
   -0.436652
   -0.430294
   -0.415414
   -0.373122
   -0.254196
   -0.270204
   -0.379355
   -0.385571
   -0.400383
   -0.183080
   -0.406183
   -0.448033
   -0.509348
   -0.483975
   -0.472799
   -0.545060
   -0.484378
   -0.466907
   -0.407446
   -0.408183
   -0.263265
   -0.265212
   -0.402190
   -0.326680
   -0.411344
   -0.216924
   -0.399403
   -0.477119
   -0.619777
   -0.538098
   -0.480464
   -0.450487
   -0.473455
   -0.487993
   -0.432846
   -0.416594
   -0.355728
   -0.252208
   -0.285475
   -0.350242
   -0.389398
   -0.216089
   -0.328872
   -0.414985
   -0.516525
   -0.512864
   -0.445195
   -0.485736
   -0.544359
   -0.480050
   -0.435506
   -0.461837
   -0.428160
   -0.258548
   -0.286734
   -0.348931
   -0.358255
   -0.178977
   -0.347242
   -0.439141
   -0.602404
   -0.614164
   -0.480306
   -0.435472
   -0.448209
   -0.484616
   -0.458682
   -0.433793
   -0.425942
   -0.409687
   -0.303017
   -0.268468
   -0.358031
   -0.268504
   -0.235529
   -0.445818
   -0.492631
   -0.519690
   -0.495822
   -0.488524
   -0.490337
   -0.512208
   -0.491800
   -0.441254
   -0.429203
   -0.435250
   -0.320591
   -0.288220
   -0.331398
   -0.201444
   -0.244986
   -0.462718
   -0.533538
   -0.633531
   -0.597215
   -0.453497
   -0.441311
   -0.422146
   -0.455494
   -0.438574
   -0.414595
   -0.422316
   -0.422253
   -0.162706
   -0.241818
   -0.283485
   -0.132929
   -0.405175
   -0.459492
   -0.489895
   -0.537748
   -0.505382
   -0.528736
   -0.480568
   -0.473666
   -0.485313
   -0.444462
   -0.431078
   -0.460070
   -0.193773
   -0.183239
   -0.273077
   -0.120314
   -0.440284
   -0.528922
   -0.578364
   -0.629981
   -0.408090
   -0.457964
   -0.461097
   -0.445959
   -0.478531
   -0.463038
   -0.408273
   -0.425173
   -0.416089
   -0.169730
   -0.243184
   -0.149098
   -0.298423
   -0.462818
   -0.477429
   -0.469302
   -0.462099
   -0.515746
   -0.504872
   -0.478732
   -0.523139
   -0.536030
   -0.489068
   -0.479250
   -0.494616
   -0.173870
   -0.218662
   -0.113057
   -0.270866
   -0.477181
   -0.597952
   -0.607887
   -0.443758
   -0.431496
   -0.427854
   -0.434956
   -0.422299
   -0.457009
   -0.479890
   -0.447927
   -0.431529
   -0.361506
   -0.171600
   -0.159345
   -0.291140
   -0.427432
   -0.500338
   -0.511304
   -0.487317
   -0.455330
   -0.474317
   -0.493785
   -0.451572
   -0.519115
   -0.578399
   -0.499466
   -0.519241
   -0.387481
   -0.112980
   -0.137637
   -0.218664
   -0.389922
   -0.579113
   -0.610342
   -0.476377
   -0.442934
   -0.413270
   -0.369290
   -0.372523
   -0.297652
   -0.213816
   -0.262381
   -0.453774
   -0.382230
   -0.415336
   -0.217597
   -0.267130
   -0.441246
   -0.483647
   -0.422306
   -0.474992
   -0.469428
   -0.436750
   -0.358480
   -0.338571
   -0.289394
   -0.209402
   -0.237511
   -0.443440
   -0.335470
   -0.406445
   -0.264438
   -0.231501
   -0.450452
   -0.516499
   -0.437120
   -0.425562
   -0.454260
   -0.459899
   -0.395757
   -0.372250
   -0.381685
   -0.276131
   -0.215716
   -0.356859
   -0.357579
   -0.373917
   -0.295477
   -0.253195
   -0.394653
   -0.457469
   -0.506541
   -0.452649
   -0.490914
   -0.486314
   -0.407282
   -0.354077
   -0.354308
   -0.276766
   -0.196126
   -0.349854
   -0.330066
   -0.328614
   -0.274263
   -0.218127
   -0.439528
   -0.541560
   -0.568639
   -0.422515
   -0.432198
   -0.454333
   -0.457738
   -0.421585
   -0.383229
   -0.339846
   -0.278827
   -0.228086
   -0.315515
   -0.373895
   -0.298342
   -0.222539
   -0.389540
   -0.435258
   -0.521689
   -0.451985
   -0.421701
   -0.449587
   -0.489589
   -0.443089
   -0.372024
   -0.338005
   -0.273613
   -0.255057
   -0.318370
   -0.292038
   -0.219992
   -0.162629
   -0.396420
   -0.484125
   -0.611195
   -0.421727
   -0.422066
   -0.434571
   -0.475423
   -0.451264
   -0.399148
   -0.390554
   -0.380589
   -0.254293
   -0.230764
   -0.285076
   -0.298656
   -0.112494
   -0.417857
   -0.455402
   -0.451049
   -0.419947
   -0.412530
   -0.422072
   -0.473692
   -0.463423
   -0.407851
   -0.400066
   -0.359990
   -0.277162
   -0.223150
   -0.248215
   -0.288135
   -0.028202
   -0.376466
   -0.458073
   -0.539728
   -0.421164
   -0.434289
   -0.425333
   -0.445851
   -0.424313
   -0.417155
   -0.441124
   -0.400837
   -0.383459
   -0.261083
   -0.152041
   -0.321842
   -0.072973
   -0.299859
   -0.427210
   -0.438119
   -0.419386
   -0.432881
   -0.422092
   -0.415624
   -0.404206
   -0.435894
   -0.460205
   -0.400910
   -0.384528
   -0.250075
   -0.105296
   -0.282282
    0.005270
   -0.301420
   -0.400641
   -0.480809
   -0.387415
   -0.400932
   -0.420016
   -0.453763
   -0.415067
   -0.388269
   -0.451406
   -0.452485
   -0.395276
   -0.380873
   -0.225017
   -0.192022
   -0.155299
   -0.216812
   -0.373523
   -0.451507
   -0.404145
   -0.419148
   -0.431723
   -0.426437
   -0.409104
   -0.398427
   -0.467496
   -0.479594
   -0.402841
   -0.425307
   -0.158843
   -0.110542
   -0.088648
   -0.143531
   -0.335440
   -0.510479
   -0.376795
   -0.404918
   -0.422477
   -0.416461
   -0.423274
   -0.414413
   -0.407286
   -0.453802
   -0.412682
   -0.433925
   -0.370619
   -0.171493
   -0.168850
   -0.209815
   -0.371131
   -0.427283
   -0.408693
   -0.411878
   -0.430228
   -0.417547
   -0.420057
   -0.398137
   -0.391878
   -0.493392
   -0.450398
   -0.532899
   -0.406890
   -0.116767
   -0.082148
   -0.095367
   -0.296423
   -0.437631
   -0.414395
   -0.431930
   -0.435467
   -0.392445
   -0.418814
   -0.442400
   -0.393240
   -0.404582
   -0.451636
   -0.440881
   -0.429291
   -0.406592
   -0.126857
   -0.175214
   -0.362384
   -0.395189
   -0.428195
   -0.414863
   -0.434781
   -0.394579
   -0.406026
   -0.412452
   -0.372798
   -0.417595
   -0.484484
   -0.481013
   -0.493446
   -0.395516
   -0.042383
   -0.141581
   -0.287608
   -0.390180
   -0.463190
   -0.461379
   -0.459212
   -0.464481
   -0.457725
   -0.436490
   -0.393725
   -0.332033
   -0.205478
   -0.263758
   -0.445442
   -0.378269
   -0.386174
   -0.191144
   -0.339218
   -0.447205
   -0.464197
   -0.467159
   -0.471239
   -0.490201
   -0.491475
   -0.442280
   -0.381710
   -0.333528
   -0.202384
   -0.267728
   -0.447408
   -0.343637
   -0.383370
   -0.246163
   -0.315319
   -0.448511
   -0.445441
   -0.447823
   -0.428472
   -0.435962
   -0.483960
   -0.463877
   -0.409543
   -0.388567
   -0.343485
   -0.198640
   -0.361412
   -0.375737
   -0.328925
   -0.227904
   -0.324587
   -0.420467
   -0.444817
   -0.464734
   -0.459091
   -0.480385
   -0.521271
   -0.480624
   -0.414556
   -0.382145
   -0.333550
   -0.218783
   -0.375704
   -0.368413
   -0.295484
   -0.186726
   -0.322119
   -0.465930
   -0.419897
   -0.431922
   -0.429725
   -0.439427
   -0.464122
   -0.478303
   -0.463423
   -0.425119
   -0.399139
   -0.311594
   -0.253992
   -0.277975
   -0.380923
   -0.237871
   -0.236736
   -0.427271
   -0.424472
   -0.444299
   -0.457980
   -0.472948
   -0.464814
   -0.491113
   -0.497516
   -0.441100
   -0.434669
   -0.338511
   -0.233944
   -0.263753
   -0.352506
   -0.155009
   -0.212701
   -0.455637
   -0.418927
   -0.418941
   -0.427246
   -0.440066
   -0.443889
   -0.472626
   -0.481813
   -0.449398
   -0.431335
   -0.430044
   -0.284797
   -0.173204
   -0.312455
   -0.292417
   -0.166722
   -0.426214
   -0.420934
   -0.416425
   -0.436877
   -0.448513
   -0.440065
   -0.466366
   -0.502451
   -0.466504
   -0.422199
   -0.453355
   -0.312771
   -0.172427
   -0.288628
   -0.244770
   -0.080708
   -0.456650
   -0.431902
   -0.427587
   -0.437576
   -0.446455
   -0.430430
   -0.434079
   -0.443311
   -0.431436
   -0.455415
   -0.431347
   -0.408868
   -0.280690
   -0.128491
   -0.332316
   -0.110244
   -0.352037
   -0.429328
   -0.429501
   -0.440742
   -0.445867
   -0.439712
   -0.430356
   -0.431668
   -0.444504
   -0.492143
   -0.453884
   -0.442575
   -0.302520
   -0.081858
   -0.277397
   -0.010567
   -0.386248
   -0.427358
   -0.427698
   -0.426435
   -0.418760
   -0.421419
   -0.443908
   -0.453937
   -0.419206
   -0.475281
   -0.450715
   -0.429360
   -0.411877
   -0.210556
   -0.193712
   -0.157719
   -0.308587
   -0.434311
   -0.429276
   -0.440658
   -0.437984
   -0.433755
   -0.434802
   -0.438771
   -0.428494
   -0.542479
   -0.526114
   -0.443467
   -0.461093
   -0.184302
   -0.130391
   -0.066729
   -0.264155
   -0.431355
   -0.423849
   -0.416154
   -0.408104
   -0.421720
   -0.419360
   -0.434284
   -0.433153
   -0.449549
   -0.500951
   -0.458711
   -0.449354
   -0.390876
   -0.148299
   -0.126740
   -0.330733
   -0.459688
   -0.435438
   -0.444034
   -0.442042
   -0.432676
   -0.420466
   -0.426915
   -0.425777
   -0.444220
   -0.566443
   -0.514215
   -0.546494
   -0.442278
   -0.123260
   -0.095070
   -0.242925
   -0.430140
   -0.431204
   -0.439271
   -0.436530
   -0.444654
   -0.418683
   -0.410150
   -0.444975
   -0.466016
   -0.462711
   -0.499283
   -0.463988
   -0.422960
   -0.395087
   -0.153469
   -0.246827
   -0.450959
   -0.445133
   -0.458079
   -0.451376
   -0.449994
   -0.422179
   -0.407404
   -0.433114
   -0.425588
   -0.473773
   -0.569214
   -0.535155
   -0.467711
   -0.384933
   -0.127714
   -0.242344
   -0.476608
   -0.486863
   -0.508251
   -0.523313
   -0.507435
   -0.513616
   -0.521006
   -0.508979
   -0.436368
   -0.478858
   -0.331421
   -0.270073
   -0.434908
   -0.399763
   -0.430045
   -0.230459
   -0.542100
   -0.550435
   -0.572291
   -0.588534
   -0.585075
   -0.594679
   -0.608529
   -0.593775
   -0.490533
   -0.529988
   -0.400537
   -0.359493
   -0.482133
   -0.442973
   -0.503968
   -0.341845
   -0.477117
   -0.472590
   -0.477570
   -0.496363
   -0.494329
   -0.485158
   -0.512878
   -0.527719
   -0.476876
   -0.474584
   -0.454319
   -0.287982
   -0.318290
   -0.397979
   -0.399956
   -0.249567
   -0.554321
   -0.548285
   -0.555908
   -0.574061
   -0.587724
   -0.589556
   -0.604555
   -0.609168
   -0.541943
   -0.537148
   -0.523151
   -0.409252
   -0.396202
   -0.459191
   -0.430983
   -0.250821
   -0.477999
   -0.480215
   -0.476048
   -0.474445
   -0.484232
   -0.491355
   -0.508374
   -0.524490
   -0.526754
   -0.491529
   -0.483923
   -0.457244
   -0.264938
   -0.309404
   -0.422269
   -0.268237
   -0.554351
   -0.565791
   -0.554946
   -0.546853
   -0.569318
   -0.586875
   -0.590660
   -0.596372
   -0.597066
   -0.585036
   -0.591686
   -0.520535
   -0.376763
   -0.378134
   -0.444829
   -0.233919
   -0.486439
   -0.487995
   -0.480755
   -0.475146
   -0.481742
   -0.494337
   -0.498512
   -0.512689
   -0.525168
   -0.523101
   -0.518122
   -0.510248
   -0.446262
   -0.203132
   -0.302754
   -0.320631
   -0.553636
   -0.556336
   -0.549571
   -0.543528
   -0.547231
   -0.559810
   -0.564102
   -0.578084
   -0.587294
   -0.604528
   -0.576113
   -0.559155
   -0.589822
   -0.280921
   -0.330726
   -0.331670
   -0.500420
   -0.486994
   -0.484038
   -0.486926
   -0.488640
   -0.490553
   -0.478082
   -0.471196
   -0.510357
   -0.480779
   -0.551367
   -0.469319
   -0.515079
   -0.400007
   -0.199902
   -0.298004
   -0.580567
   -0.560671
   -0.556407
   -0.558327
   -0.573094
   -0.566769
   -0.548582
   -0.547672
   -0.536628
   -0.568139
   -0.625144
   -0.552158
   -0.621041
   -0.434670
   -0.197825
   -0.354363
   -0.510817
   -0.498572
   -0.491468
   -0.489380
   -0.486434
   -0.485761
   -0.472508
   -0.480445
   -0.515481
   -0.494293
   -0.514687
   -0.517961
   -0.509533
   -0.517821
   -0.307471
   -0.235354
   -0.577334
   -0.572634
   -0.557520
   -0.551975
   -0.555405
   -0.562221
   -0.546131
   -0.540126
   -0.562993
   -0.556783
   -0.621156
   -0.630696
   -0.567847
   -0.604100
   -0.360516
   -0.230837
   -0.495207
   -0.481235
   -0.483588
   -0.489362
   -0.489040
   -0.484487
   -0.491802
   -0.485365
   -0.507283
   -0.506930
   -0.514853
   -0.542618
   -0.553201
   -0.482510
   -0.463010
   -0.266245
   -0.582609
   -0.582838
   -0.574650
   -0.564306
   -0.556906
   -0.567317
   -0.571697
   -0.543274
   -0.551440
   -0.525740
   -0.555371
   -0.635440
   -0.632458
   -0.607424
   -0.556024
   -0.275003
   -0.481312
   -0.465958
   -0.476612
   -0.487996
   -0.491028
   -0.495426
   -0.504811
   -0.498628
   -0.493817
   -0.498193
   -0.507635
   -0.513371
   -0.517000
   -0.523751
   -0.469027
   -0.454416
   -0.572091
   -0.574497
   -0.569427
   -0.577658
   -0.578108
   -0.587795
   -0.593151
   -0.577916
   -0.538092
   -0.538766
   -0.534708
   -0.593855
   -0.641270
   -0.615644
   -0.517867
   -0.519046
   -0.441710
   -0.441084
   -0.445495
   -0.446567
   -0.448547
   -0.456341
   -0.472088
   -0.495314
   -0.461817
   -0.461470
   -0.416483
   -0.396680
   -0.302117
   -0.224426
   -0.344063
   -0.386589
   -0.469877
   -0.473194
   -0.476100
   -0.474833
   -0.476720
   -0.490733
   -0.499634
   -0.515534
   -0.557085
   -0.515694
   -0.432745
   -0.462463
   -0.337300
   -0.293385
   -0.402696
   -0.411671
   -0.440019
   -0.437137
   -0.445439
   -0.440308
   -0.432818
   -0.442340
   -0.455765
   -0.459485
   -0.447854
   -0.458844
   -0.450321
   -0.434499
   -0.418847
   -0.276598
   -0.237781
   -0.388401
   -0.483874
   -0.473157
   -0.476223
   -0.468724
   -0.463069
   -0.476592
   -0.491139
   -0.494119
   -0.546444
   -0.523372
   -0.464709
   -0.452552
   -0.461291
   -0.377958
   -0.285088
   -0.367602
   -0.449821
   -0.449411
   -0.445249
   -0.439741
   -0.439100
   -0.438902
   -0.444501
   -0.449924
   -0.428827
   -0.477455
   -0.463736
   -0.485092
   -0.420387
   -0.428988
   -0.256050
   -0.297626
   -0.496143
   -0.503816
   -0.484322
   -0.472357
   -0.478657
   -0.480642
   -0.490401
   -0.485789
   -0.463178
   -0.521563
   -0.553245
   -0.542524
   -0.473904
   -0.492434
   -0.321381
   -0.274286
   -0.464831
   -0.466538
   -0.452062
   -0.439477
   -0.443818
   -0.439082
   -0.435853
   -0.439172
   -0.428093
   -0.428697
   -0.469158
   -0.493300
   -0.479830
   -0.435081
   -0.393153
   -0.160573
   -0.501950
   -0.496916
   -0.482437
   -0.474390
   -0.477939
   -0.469893
   -0.461386
   -0.469275
   -0.477764
   -0.462157
   -0.553315
   -0.560628
   -0.506726
   -0.514504
   -0.514818
   -0.163573
   -0.446528
   -0.447026
   -0.455390
   -0.461121
   -0.450202
   -0.446384
   -0.447747
   -0.449885
   -0.437426
   -0.431664
   -0.454832
   -0.480863
   -0.486976
   -0.453912
   -0.429701
   -0.302032
   -0.485897
   -0.492822
   -0.500911
   -0.503051
   -0.491370
   -0.484419
   -0.482883
   -0.486303
   -0.474001
   -0.475084
   -0.476388
   -0.524101
   -0.582869
   -0.489935
   -0.495573
   -0.294896
   -0.436718
   -0.447164
   -0.450422
   -0.448723
   -0.439278
   -0.430522
   -0.434046
   -0.444133
   -0.432192
   -0.469285
   -0.461569
   -0.462524
   -0.483198
   -0.504237
   -0.478413
   -0.418125
   -0.477280
   -0.494790
   -0.486401
   -0.482579
   -0.483923
   -0.481944
   -0.489792
   -0.488645
   -0.471288
   -0.460514
   -0.503869
   -0.500498
   -0.567637
   -0.552336
   -0.531019
   -0.464723
   -0.441295
   -0.450394
   -0.455913
   -0.448655
   -0.444912
   -0.452488
   -0.461304
   -0.451063
   -0.443441
   -0.432679
   -0.449206
   -0.465442
   -0.474278
   -0.481503
   -0.519610
   -0.452843
   -0.477144
   -0.494678
   -0.509210
   -0.486230
   -0.484985
   -0.496521
   -0.514754
   -0.493347
   -0.489335
   -0.443222
   -0.441256
   -0.474184
   -0.486044
   -0.559840
   -0.586531
   -0.540309
   -0.432664
   -0.434805
   -0.451542
   -0.444263
   -0.434863
   -0.449211
   -0.460997
   -0.450196
   -0.453261
   -0.421784
   -0.457373
   -0.436155
   -0.466399
   -0.448922
   -0.476406
   -0.497634
   -0.486374
   -0.461256
   -0.476852
   -0.478567
   -0.472864
   -0.489352
   -0.502580
   -0.495014
   -0.495835
   -0.492753
   -0.433314
   -0.460121
   -0.495176
   -0.519923
   -0.552466
   -0.537455
