   -0.451884
   -0.458176
   -0.456869
   -0.454307
   -0.451601
   -0.447536
   -0.447914
   -0.447443
   -0.452147
   -0.460984
   -0.465382
   -0.464433
   -0.436299
   -0.407508
   -0.376208
   -0.347592
   -0.481901
   -0.486920
   -0.484742
   -0.482141
   -0.480414
   -0.475380
   -0.473425
   -0.472288
   -0.474802
   -0.482703
   -0.495893
   -0.490309
   -0.464933
   -0.432781
   -0.396413
   -0.372686
   -0.442339
   -0.447550
   -0.444799
   -0.441567
   -0.437741
   -0.434604
   -0.436231
   -0.440002
   -0.441117
   -0.443760
   -0.451171
   -0.438133
   -0.416675
   -0.389110
   -0.356514
   -0.336710
   -0.495162
   -0.499188
   -0.494467
   -0.490517
   -0.487242
   -0.482179
   -0.479717
   -0.483765
   -0.485661
   -0.502144
   -0.509175
   -0.504282
   -0.473803
   -0.438990
   -0.403443
   -0.380319
   -0.437912
   -0.438774
   -0.435649
   -0.431587
   -0.426833
   -0.423228
   -0.427694
   -0.432872
   -0.437462
   -0.453622
   -0.447432
   -0.434478
   -0.407889
   -0.375632
   -0.341303
   -0.327067
   -0.495627
   -0.496084
   -0.490134
   -0.484572
   -0.479978
   -0.473715
   -0.473290
   -0.479245
   -0.490431
   -0.506248
   -0.511953
   -0.494647
   -0.462834
   -0.425582
   -0.382565
   -0.369180
   -0.451810
   -0.450886
   -0.449809
   -0.444248
   -0.428891
   -0.431600
   -0.438048
   -0.444158
   -0.454819
   -0.467599
   -0.464682
   -0.443588
   -0.414957
   -0.378819
   -0.341128
   -0.329753
   -0.478835
   -0.479046
   -0.473837
   -0.468698
   -0.450634
   -0.453505
   -0.457252
   -0.464650
   -0.474840
   -0.501224
   -0.491632
   -0.470355
   -0.443644
   -0.403789
   -0.364416
   -0.343989
   -0.470107
   -0.467215
   -0.453373
   -0.433740
   -0.421769
   -0.440268
   -0.460307
   -0.465196
   -0.462835
   -0.429075
   -0.464585
   -0.430857
   -0.419175
   -0.278720
   -0.327464
   -0.387603
   -0.523372
   -0.500857
   -0.473285
   -0.440057
   -0.423504
   -0.448816
   -0.492826
   -0.501751
   -0.494996
   -0.463687
   -0.490796
   -0.469187
   -0.411012
   -0.304437
   -0.349347
   -0.405318
   -0.439185
   -0.448885
   -0.442834
   -0.419484
   -0.414979
   -0.427718
   -0.441594
   -0.442857
   -0.460344
   -0.440395
   -0.416095
   -0.426422
   -0.328826
   -0.291896
   -0.319478
   -0.372476
   -0.540775
   -0.515590
   -0.478077
   -0.426914
   -0.412151
   -0.454356
   -0.507198
   -0.536977
   -0.526462
   -0.510429
   -0.461800
   -0.494286
   -0.325207
   -0.350009
   -0.373907
   -0.431036
   -0.435522
   -0.441468
   -0.432360
   -0.417717
   -0.415349
   -0.420861
   -0.431467
   -0.459800
   -0.488292
   -0.461566
   -0.388676
   -0.421956
   -0.233456
   -0.318583
   -0.347013
   -0.373674
   -0.530505
   -0.509763
   -0.472420
   -0.416136
   -0.414807
   -0.460306
   -0.496568
   -0.554898
   -0.550860
   -0.515844
   -0.457596
   -0.461840
   -0.256706
   -0.361213
   -0.411666
   -0.414982
   -0.451278
   -0.452005
   -0.431301
   -0.415096
   -0.422737
   -0.431710
   -0.446821
   -0.505051
   -0.528907
   -0.464407
   -0.425736
   -0.391799
   -0.210329
   -0.323685
   -0.410098
   -0.383470
   -0.496407
   -0.484301
   -0.441744
   -0.404821
   -0.415747
   -0.444453
   -0.486033
   -0.557291
   -0.559919
   -0.495597
   -0.453940
   -0.399522
   -0.221729
   -0.338335
   -0.436410
   -0.399938
   -0.490409
   -0.488315
   -0.488010
   -0.477470
   -0.477997
   -0.480597
   -0.483191
   -0.494984
   -0.477975
   -0.493493
   -0.496979
   -0.463999
   -0.416012
   -0.371966
   -0.413883
   -0.398272
   -0.561506
   -0.556649
   -0.555356
   -0.543870
   -0.543802
   -0.547091
   -0.548478
   -0.558865
   -0.583908
   -0.586560
   -0.577702
   -0.526801
   -0.464137
   -0.409325
   -0.476202
   -0.454342
   -0.484466
   -0.482459
   -0.479487
   -0.468522
   -0.473284
   -0.477014
   -0.479785
   -0.488857
   -0.478142
   -0.473263
   -0.471340
   -0.430955
   -0.392444
   -0.367496
   -0.413038
   -0.414853
   -0.562746
   -0.554566
   -0.547955
   -0.538258
   -0.545168
   -0.550290
   -0.553239
   -0.568913
   -0.578845
   -0.576507
   -0.553043
   -0.491593
   -0.438866
   -0.411811
   -0.442740
   -0.465571
   -0.481658
   -0.481170
   -0.467749
   -0.458887
   -0.471805
   -0.479976
   -0.486780
   -0.501608
   -0.498503
   -0.483276
   -0.453988
   -0.400160
   -0.375435
   -0.371921
   -0.422670
   -0.466752
   -0.561388
   -0.555852
   -0.535712
   -0.528683
   -0.542087
   -0.552266
   -0.563914
   -0.578538
   -0.615440
   -0.576613
   -0.528874
   -0.451005
   -0.416604
   -0.417897
   -0.452521
   -0.512026
   -0.489608
   -0.481729
   -0.458634
   -0.462085
   -0.479487
   -0.487773
   -0.500951
   -0.510480
   -0.498704
   -0.465950
   -0.427834
   -0.370270
   -0.361050
   -0.389583
   -0.422457
   -0.495165
   -0.554448
   -0.544598
   -0.517668
   -0.521174
   -0.539503
   -0.551122
   -0.559151
   -0.577571
   -0.596934
   -0.560651
   -0.511036
   -0.431725
   -0.410563
   -0.433501
   -0.470735
   -0.549735
   -0.504871
   -0.466054
   -0.441460
   -0.451936
   -0.469192
   -0.489980
   -0.524977
   -0.488380
   -0.491371
   -0.492072
   -0.413323
   -0.302085
   -0.390520
   -0.400112
   -0.431250
   -0.473918
   -0.597884
   -0.538877
   -0.506901
   -0.517038
   -0.552987
   -0.595459
   -0.623197
   -0.602959
   -0.544058
   -0.573997
   -0.415424
   -0.345560
   -0.402237
   -0.440293
   -0.537740
   -0.611938
   -0.495407
   -0.464435
   -0.459457
   -0.468331
   -0.469595
   -0.504940
   -0.540082
   -0.489164
   -0.452304
   -0.474026
   -0.308936
   -0.305637
   -0.398406
   -0.401092
   -0.454370
   -0.484748
   -0.578402
   -0.513535
   -0.486900
   -0.506900
   -0.552116
   -0.620359
   -0.642930
   -0.623273
   -0.519348
   -0.552325
   -0.290897
   -0.372731
   -0.377719
   -0.454992
   -0.537477
   -0.624670
   -0.456879
   -0.451231
   -0.453543
   -0.461240
   -0.475576
   -0.512888
   -0.546008
   -0.490125
   -0.460532
   -0.410387
   -0.218492
   -0.338761
   -0.410308
   -0.434472
   -0.459300
   -0.498431
   -0.542553
   -0.488958
   -0.484506
   -0.516710
   -0.559223
   -0.642394
   -0.657788
   -0.617067
   -0.543675
   -0.403496
   -0.237087
   -0.392855
   -0.395751
   -0.475810
   -0.550272
   -0.633597
   -0.437152
   -0.433743
   -0.445985
   -0.454410
   -0.476128
   -0.539119
   -0.551035
   -0.482804
   -0.483060
   -0.234731
   -0.174472
   -0.333200
   -0.395848
   -0.437332
   -0.473354
   -0.494793
   -0.512320
   -0.487606
   -0.501855
   -0.538579
   -0.569229
   -0.663705
   -0.647630
   -0.583643
   -0.537294
   -0.233915
   -0.214386
   -0.379633
   -0.404494
   -0.471799
   -0.599106
   -0.631610
   -0.421977
   -0.402502
   -0.405188
   -0.415739
   -0.422482
   -0.436952
   -0.423446
   -0.436349
   -0.400074
   -0.388279
   -0.342213
   -0.309408
   -0.334062
   -0.328983
   -0.400861
   -0.442383
   -0.417203
   -0.404567
   -0.411122
   -0.424811
   -0.429552
   -0.448824
   -0.447770
   -0.454237
   -0.448138
   -0.399648
   -0.338163
   -0.271364
   -0.334901
   -0.339998
   -0.429705
   -0.465637
   -0.409255
   -0.395390
   -0.397432
   -0.409757
   -0.415928
   -0.421606
   -0.413236
   -0.400721
   -0.386797
   -0.361132
   -0.334160
   -0.319443
   -0.377605
   -0.365989
   -0.416965
   -0.440021
   -0.403228
   -0.394411
   -0.412269
   -0.429438
   -0.439518
   -0.452742
   -0.458349
   -0.445669
   -0.437149
   -0.360665
   -0.297989
   -0.276476
   -0.329767
   -0.362117
   -0.450067
   -0.484261
   -0.398569
   -0.396504
   -0.402464
   -0.413659
   -0.423248
   -0.431913
   -0.414525
   -0.396244
   -0.363832
   -0.306793
   -0.294565
   -0.333732
   -0.390125
   -0.407836
   -0.456217
   -0.455958
   -0.390245
   -0.390939
   -0.415715
   -0.433984
   -0.446053
   -0.467081
   -0.478596
   -0.452477
   -0.420911
   -0.308029
   -0.266088
   -0.298416
   -0.361435
   -0.414544
   -0.504838
   -0.537945
   -0.395690
   -0.400543
   -0.409034
   -0.418368
   -0.462509
   -0.447672
   -0.439778
   -0.409211
   -0.362272
   -0.267769
   -0.270404
   -0.339204
   -0.387001
   -0.434651
   -0.501614
   -0.513872
   -0.389104
   -0.391586
   -0.413199
   -0.427477
   -0.473597
   -0.465597
   -0.460604
   -0.429271
   -0.376181
   -0.259387
   -0.249128
   -0.328437
   -0.381912
   -0.450031
   -0.535003
   -0.581325
   -0.401387
   -0.379993
   -0.405032
   -0.451637
   -0.468592
   -0.417173
   -0.380915
   -0.362479
   -0.301886
   -0.224951
   -0.325265
   -0.335385
   -0.371351
   -0.446947
   -0.483469
   -0.423737
   -0.382683
   -0.399679
   -0.423194
   -0.499899
   -0.547062
   -0.513569
   -0.386920
   -0.448017
   -0.259784
   -0.256343
   -0.248706
   -0.324426
   -0.395518
   -0.516899
   -0.530973
   -0.541586
   -0.402044
   -0.395671
   -0.425017
   -0.483751
   -0.481384
   -0.434111
   -0.393530
   -0.307134
   -0.169861
   -0.223168
   -0.318713
   -0.363911
   -0.407409
   -0.445506
   -0.457624
   -0.471250
   -0.375963
   -0.410274
   -0.425719
   -0.531764
   -0.610933
   -0.523693
   -0.409109
   -0.340844
   -0.113872
   -0.234074
   -0.245206
   -0.339691
   -0.436155
   -0.532346
   -0.534202
   -0.516177
   -0.383286
   -0.387914
   -0.406983
   -0.470560
   -0.487633
   -0.411083
   -0.391336
   -0.160925
   -0.046182
   -0.206876
   -0.322899
   -0.382660
   -0.444466
   -0.460323
   -0.447469
   -0.463869
   -0.380345
   -0.381160
   -0.434311
   -0.576278
   -0.593217
   -0.475520
   -0.414454
   -0.147782
   -0.032251
   -0.187183
   -0.260865
   -0.335098
   -0.464438
   -0.529479
   -0.542957
   -0.531811
   -0.421428
   -0.390905
   -0.448727
   -0.503712
   -0.459296
   -0.431999
   -0.365004
    0.010587
    0.006404
   -0.153367
   -0.302261
   -0.377348
   -0.416781
   -0.457296
   -0.435575
   -0.429274
   -0.430696
   -0.407803
   -0.511436
   -0.618063
   -0.555963
   -0.487516
   -0.324445
    0.072218
    0.054785
   -0.092755
   -0.293258
   -0.397578
   -0.467680
   -0.497597
   -0.546620
   -0.512557
   -0.384041
   -0.387345
   -0.383764
   -0.420372
   -0.416712
   -0.423342
   -0.385769
   -0.354932
   -0.289762
   -0.307087
   -0.322354
   -0.326756
   -0.394057
   -0.422960
   -0.414969
   -0.410560
   -0.368636
   -0.388684
   -0.396563
   -0.436367
   -0.429543
   -0.422848
   -0.411126
   -0.353781
   -0.262563
   -0.232926
   -0.300128
   -0.308309
   -0.414145
   -0.460751
   -0.438090
   -0.435803
   -0.389967
   -0.393993
   -0.387421
   -0.416036
   -0.403852
   -0.389892
   -0.364188
   -0.307962
   -0.271004
   -0.299065
   -0.370101
   -0.381971
   -0.454399
   -0.462480
   -0.444934
   -0.440051
   -0.373358
   -0.413178
   -0.435796
   -0.458235
   -0.429978
   -0.403020
   -0.390380
   -0.318421
   -0.266899
   -0.266766
   -0.315419
   -0.354207
   -0.470184
   -0.510563
   -0.506471
   -0.444475
   -0.407689
   -0.398356
   -0.426348
   -0.446489
   -0.404595
   -0.368239
   -0.319420
   -0.243285
   -0.256292
   -0.315620
   -0.371110
   -0.394397
   -0.450191
   -0.465977
   -0.471025
   -0.355714
   -0.388396
   -0.412440
   -0.477262
   -0.492215
   -0.442039
   -0.392624
   -0.356146
   -0.259365
   -0.223844
   -0.286411
   -0.337419
   -0.417396
   -0.506064
   -0.540685
   -0.528861
   -0.395423
   -0.403434
   -0.424277
   -0.487466
   -0.464662
   -0.403680
   -0.359046
   -0.303607
   -0.214161
   -0.291717
   -0.362871
   -0.370024
   -0.401288
   -0.463673
   -0.451524
   -0.388307
   -0.223185
   -0.395952
   -0.428681
   -0.508351
   -0.485741
   -0.413104
   -0.355790
   -0.308144
   -0.202585
   -0.239532
   -0.326526
   -0.341892
   -0.404973
   -0.490887
   -0.502081
   -0.463906
   -0.304584
   -0.397435
   -0.480707
   -0.478640
   -0.433056
   -0.426104
   -0.349715
   -0.104613
   -0.129580
   -0.276618
   -0.325989
   -0.360789
   -0.436939
   -0.446782
   -0.462241
   -0.414388
   -0.130655
   -0.387170
   -0.493647
   -0.557697
   -0.510038
   -0.418066
   -0.367310
   -0.043227
   -0.100704
   -0.204288
   -0.295474
   -0.379645
   -0.515969
   -0.530570
   -0.523484
   -0.426094
   -0.114695
   -0.362914
   -0.483261
   -0.473945
   -0.410507
   -0.423198
   -0.187722
    0.023736
   -0.123282
   -0.262408
   -0.334924
   -0.390100
   -0.453131
   -0.444331
   -0.459622
   -0.307657
   -0.074606
   -0.417721
   -0.552119
   -0.565065
   -0.485509
   -0.452743
   -0.200839
    0.053765
   -0.083575
   -0.222148
   -0.304658
   -0.417586
   -0.496444
   -0.526668
   -0.515852
   -0.351512
   -0.080500
   -0.426028
   -0.471613
   -0.458234
   -0.435689
   -0.381247
   -0.020203
    0.101888
   -0.072633
   -0.215587
   -0.333593
   -0.381055
   -0.439630
   -0.441713
   -0.437283
   -0.293128
   -0.042291
   -0.491415
   -0.573299
   -0.535327
   -0.456697
   -0.383934
    0.045259
    0.161886
    0.005228
   -0.210141
   -0.356389
   -0.407097
   -0.436636
   -0.514957
   -0.492949
   -0.326159
   -0.022190
   -0.487368
   -0.480550
   -0.440404
   -0.444569
   -0.299662
    0.100996
    0.098050
    0.003438
   -0.190903
   -0.353738
   -0.420288
   -0.419507
   -0.421771
   -0.425269
   -0.257357
   -0.041378
   -0.592707
   -0.576214
   -0.522988
   -0.440975
   -0.289155
    0.221062
    0.182685
    0.088684
   -0.159375
   -0.371220
   -0.427947
   -0.448737
   -0.498107
   -0.486954
   -0.246611
   -0.016456
   -0.418770
   -0.458436
   -0.458811
   -0.418450
   -0.372516
   -0.314401
   -0.273894
   -0.303628
   -0.390875
   -0.427403
   -0.459078
   -0.497841
   -0.489287
   -0.482017
   -0.342688
   -0.211411
   -0.477325
   -0.512847
   -0.485923
   -0.447278
   -0.416240
   -0.344070
   -0.298432
   -0.310050
   -0.349773
   -0.399022
   -0.522460
   -0.575261
   -0.578491
   -0.526316
   -0.367764
   -0.242971
   -0.450376
   -0.491478
   -0.456890
   -0.399881
   -0.339771
   -0.263347
   -0.283531
   -0.355790
   -0.397073
   -0.375738
   -0.443286
   -0.444315
   -0.486881
   -0.423177
   -0.273862
   -0.159857
   -0.526835
   -0.559598
   -0.511736
   -0.442917
   -0.397569
   -0.299114
   -0.278842
   -0.343484
   -0.389762
   -0.449387
   -0.557293
   -0.573255
   -0.581992
   -0.470534
   -0.305702
   -0.204439
   -0.501054
   -0.495632
   -0.443246
   -0.365402
   -0.290422
   -0.198653
   -0.280069
   -0.355384
   -0.393048
   -0.414939
   -0.479736
   -0.486043
   -0.449580
   -0.283091
   -0.061459
   -0.012699
   -0.577628
   -0.573621
   -0.494809
   -0.403847
   -0.336169
   -0.223553
   -0.266210
   -0.351783
   -0.380786
   -0.477057
   -0.570658
   -0.599212
   -0.551634
   -0.363301
   -0.088825
   -0.038784
   -0.498019
   -0.472830
   -0.464710
   -0.360527
   -0.097295
   -0.121898
   -0.271585
   -0.320510
   -0.377979
   -0.452465
   -0.460853
   -0.479347
   -0.431407
   -0.172424
    0.003467
    0.129161
   -0.597846
   -0.581015
   -0.484201
   -0.417901
   -0.085014
   -0.139141
   -0.251506
   -0.340457
   -0.403002
   -0.540061
   -0.577258
   -0.557544
   -0.470677
   -0.196199
    0.001403
    0.141739
   -0.496030
   -0.470761
   -0.457202
   -0.206622
    0.079712
   -0.118177
   -0.260227
   -0.336951
   -0.396703
   -0.449541
   -0.455713
   -0.506005
   -0.389905
   -0.147710
    0.011528
    0.118542
   -0.610462
   -0.559650
   -0.524610
   -0.228232
    0.100388
   -0.060212
   -0.229610
   -0.305472
   -0.426706
   -0.512916
   -0.561406
   -0.588508
   -0.442011
   -0.165333
    0.020234
    0.171427
   -0.480677
   -0.449321
   -0.416248
    0.019831
    0.106512
   -0.036779
   -0.244281
   -0.330618
   -0.401757
   -0.444230
   -0.436602
   -0.478245
   -0.374617
   -0.139864
    0.040484
    0.157278
   -0.603379
   -0.536859
   -0.451743
    0.017231
    0.194305
    0.037054
   -0.200932
   -0.354417
   -0.443514
   -0.461564
   -0.546101
   -0.557214
   -0.422752
   -0.132306
    0.046673
    0.185374
   -0.472695
   -0.459865
   -0.295201
    0.114648
    0.103297
    0.006419
   -0.182111
   -0.356643
   -0.448686
   -0.425814
   -0.420528
   -0.464008
   -0.329498
   -0.134742
    0.028371
    0.168959
   -0.594686
   -0.530408
   -0.306149
    0.187645
    0.221062
    0.088063
   -0.120287
   -0.385131
   -0.500160
   -0.477653
   -0.512503
   -0.540453
   -0.359118
   -0.153899
    0.051315
    0.213815
   -0.445535
   -0.447660
   -0.059697
    0.168286
    0.117728
    0.038597
   -0.122287
   -0.397246
   -0.479492
   -0.424185
   -0.424170
   -0.462251
   -0.351311
   -0.142479
    0.017230
    0.136202
   -0.544952
   -0.507676
   -0.019409
    0.298617
    0.228228
    0.174790
   -0.090790
   -0.428857
   -0.548146
   -0.489372
   -0.472199
   -0.518628
   -0.333463
   -0.120739
    0.061912
    0.206159
   -0.444301
   -0.411265
   -0.431753
   -0.244078
   -0.242941
   -0.328747
   -0.330892
   -0.394860
   -0.463477
   -0.447006
   -0.454365
   -0.445594
   -0.277648
   -0.184409
   -0.127578
   -0.099680
   -0.530350
   -0.460107
   -0.470471
   -0.267711
   -0.256187
   -0.314135
   -0.351492
   -0.438400
   -0.541612
   -0.585994
   -0.554709
   -0.509132
   -0.299397
   -0.181676
   -0.146701
   -0.084635
   -0.443758
   -0.411106
   -0.373300
   -0.139686
   -0.247723
   -0.307272
   -0.334777
   -0.417387
   -0.464597
   -0.460454
   -0.446548
   -0.343371
   -0.106216
    0.000011
    0.057846
    0.040722
   -0.531829
   -0.451164
   -0.366082
   -0.150683
   -0.248013
   -0.296081
   -0.366476
   -0.458723
   -0.531277
   -0.597806
   -0.579310
   -0.453284
   -0.124007
    0.032138
    0.066391
    0.057708
   -0.426915
   -0.401080
   -0.177640
   -0.001912
   -0.221658
   -0.293876
   -0.373155
   -0.436983
   -0.457427
   -0.465725
   -0.447688
   -0.323260
   -0.064887
    0.079559
    0.125658
    0.128603
   -0.525465
   -0.481795
   -0.152894
   -0.010595
   -0.211458
   -0.292767
   -0.365850
   -0.486961
   -0.590803
   -0.575226
   -0.546673
   -0.347919
   -0.034183
    0.116193
    0.186085
    0.170207
   -0.462023
   -0.341756
    0.059527
    0.015286
   -0.179065
   -0.299589
   -0.365310
   -0.374755
   -0.432534
   -0.463069
   -0.429766
   -0.299945
   -0.060411
    0.089277
    0.118802
    0.140576
   -0.508860
   -0.375633
    0.100122
    0.045093
   -0.154075
   -0.305672
   -0.383817
   -0.470238
   -0.539031
   -0.549008
   -0.505291
   -0.318308
   -0.037940
    0.116526
    0.208610
    0.225340
   -0.429867
   -0.115397
    0.105865
    0.024851
   -0.098431
   -0.272807
   -0.393559
   -0.456647
   -0.453657
   -0.461393
   -0.407646
   -0.205533
   -0.008426
    0.110423
    0.154016
    0.138557
   -0.501238
   -0.113137
    0.131809
    0.099453
   -0.048716
   -0.270983
   -0.465093
   -0.489268
   -0.525870
   -0.560753
   -0.474441
   -0.218182
    0.012939
    0.131465
    0.194370
    0.193365
   -0.344389
    0.055310
    0.140349
    0.071469
   -0.084713
   -0.292235
   -0.452354
   -0.451797
   -0.433498
   -0.449400
   -0.375385
   -0.181003
   -0.007719
    0.118642
    0.161868
    0.152190
   -0.378862
    0.108038
    0.222120
    0.181026
    0.015530
   -0.291642
   -0.528461
   -0.516806
   -0.503523
   -0.528121
   -0.433927
   -0.209404
   -0.004196
    0.147303
    0.202190
    0.194751
   -0.138762
    0.199968
    0.163026
    0.126185
   -0.055739
   -0.329591
   -0.473656
   -0.459061
   -0.443203
   -0.445909
   -0.384382
   -0.200295
   -0.012601
    0.093869
    0.121927
    0.110360
   -0.122872
    0.261383
    0.292887
    0.234398
    0.052293
   -0.339711
   -0.533889
   -0.550261
   -0.497058
   -0.497385
   -0.407434
   -0.189137
    0.018870
    0.135879
    0.178180
    0.162148
    0.121591
    0.220382
    0.209580
    0.137168
   -0.062149
   -0.386325
   -0.430054
   -0.488055
   -0.449929
   -0.425908
   -0.367144
   -0.212113
   -0.054637
    0.066661
    0.123758
    0.139630
    0.179944
    0.298022
    0.352554
    0.250749
    0.010124
   -0.386027
   -0.476779
   -0.567220
   -0.492604
   -0.453485
   -0.391583
   -0.224193
   -0.025068
    0.113885
    0.149414
    0.140560
   -0.362257
   -0.106180
   -0.213685
   -0.295871
   -0.334851
   -0.399812
   -0.437848
   -0.459421
   -0.451023
   -0.359068
   -0.151830
   -0.009113
    0.110225
    0.111128
    0.099616
    0.037956
   -0.354192
   -0.115438
   -0.213027
   -0.275504
   -0.350521
   -0.424911
   -0.472967
   -0.565679
   -0.563881
   -0.480372
   -0.172932
    0.033548
    0.122587
    0.147095
    0.099341
    0.013311
   -0.165317
    0.032280
   -0.198192
   -0.290099
   -0.384103
   -0.425878
   -0.440180
   -0.479662
   -0.460008
   -0.366696
   -0.087130
    0.080777
    0.130296
    0.168525
    0.190196
    0.137575
   -0.126253
    0.049506
   -0.157256
   -0.259781
   -0.350505
   -0.439216
   -0.529441
   -0.549371
   -0.550686
   -0.378355
   -0.054108
    0.117040
    0.196403
    0.215573
    0.192208
    0.139599
    0.054782
    0.042977
   -0.157498
   -0.290975
   -0.378510
   -0.369465
   -0.427661
   -0.477259
   -0.450460
   -0.329911
   -0.078884
    0.066598
    0.119818
    0.159910
    0.143795
    0.156967
    0.143904
    0.121441
   -0.081949
   -0.269661
   -0.371975
   -0.441379
   -0.509797
   -0.549106
   -0.544620
   -0.336213
   -0.036278
    0.097120
    0.206452
    0.226542
    0.197738
    0.201470
    0.114704
    0.053885
   -0.064705
   -0.258074
   -0.399344
   -0.445510
   -0.440770
   -0.471574
   -0.430657
   -0.254538
   -0.033859
    0.078112
    0.130519
    0.148366
    0.136093
    0.112409
    0.171504
    0.157411
    0.020820
   -0.237192
   -0.451686
   -0.469660
   -0.505765
   -0.566800
   -0.493306
   -0.272078
    0.001772
    0.107452
    0.165308
    0.195990
    0.185990
    0.139376
    0.159521
    0.125508
   -0.019982
   -0.255535
   -0.448478
   -0.435904
   -0.414153
   -0.436923
   -0.426866
   -0.216780
   -0.000755
    0.155956
    0.164174
    0.097564
    0.129698
    0.178927
    0.253755
    0.225757
    0.069072
   -0.248008
   -0.518669
   -0.515851
   -0.502873
   -0.512050
   -0.462706
   -0.242374
   -0.010956
    0.179018
    0.217646
    0.164428
    0.158935
    0.166164
    0.185126
    0.188553
    0.011261
   -0.301179
   -0.464106
   -0.445804
   -0.407713
   -0.439700
   -0.406617
   -0.237762
   -0.044121
    0.108247
    0.143543
    0.113559
    0.151460
    0.188519
    0.318634
    0.285689
    0.097681
   -0.302634
   -0.532081
   -0.550685
   -0.490634
   -0.497002
   -0.430030
   -0.237111
   -0.024712
    0.138729
    0.187522
    0.166814
    0.188691
    0.190718
    0.249936
    0.197794
   -0.006570
   -0.342498
   -0.408448
   -0.465969
   -0.434499
   -0.416591
   -0.402761
   -0.262810
   -0.110733
    0.039567
    0.113945
    0.123289
    0.148417
    0.150724
    0.372370
    0.312247
    0.062711
   -0.373494
   -0.473233
   -0.538522
   -0.483589
   -0.467118
   -0.423217
   -0.271222
   -0.089473
    0.078361
    0.133299
    0.131169
    0.137064
    0.120495
    0.276037
    0.206084
   -0.060627
   -0.364997
   -0.417221
   -0.445706
   -0.441538
   -0.381658
   -0.397710
   -0.364001
   -0.232751
   -0.063263
    0.049227
    0.108823
    0.130913
    0.133556
    0.406136
    0.321357
   -0.019438
   -0.392839
   -0.495887
   -0.509123
   -0.478266
   -0.434742
   -0.387396
   -0.355909
   -0.219636
   -0.017307
    0.091385
    0.130923
    0.119062
    0.099391
   -0.077818
   -0.246576
   -0.349682
   -0.416893
   -0.434412
   -0.465412
   -0.485001
   -0.406569
   -0.207437
    0.016694
    0.109195
    0.174127
    0.183393
    0.183058
    0.132508
    0.140825
   -0.037967
   -0.202743
   -0.316642
   -0.417246
   -0.493196
   -0.545972
   -0.552723
   -0.462157
   -0.182714
    0.058900
    0.165260
    0.247310
    0.231751
    0.214765
    0.160927
    0.144147
   -0.034152
   -0.209420
   -0.353434
   -0.424288
   -0.420550
   -0.454344
   -0.456861
   -0.377843
   -0.162446
    0.023525
    0.102960
    0.146711
    0.135374
    0.152101
    0.146607
    0.166818
    0.051241
   -0.148427
   -0.337379
   -0.464313
   -0.503620
   -0.525454
   -0.525658
   -0.421407
   -0.149248
    0.072180
    0.189988
    0.234647
    0.187159
    0.164760
    0.169527
    0.182830
    0.023478
   -0.149458
   -0.356257
   -0.483820
   -0.471504
   -0.451058
   -0.428244
   -0.328362
   -0.103513
    0.047480
    0.124980
    0.153529
    0.158630
    0.141451
    0.142726
    0.147966
    0.131340
   -0.092541
   -0.374886
   -0.507448
   -0.504382
   -0.533943
   -0.517045
   -0.375462
   -0.064656
    0.113692
    0.192660
    0.191570
    0.177830
    0.128004
    0.130813
    0.161287
    0.081049
   -0.139271
   -0.390196
   -0.465720
   -0.433954
   -0.427926
   -0.428002
   -0.327216
   -0.140422
    0.065522
    0.195827
    0.156923
    0.128852
    0.132668
    0.173275
    0.171913
    0.171948
   -0.100871
   -0.424657
   -0.528827
   -0.505021
   -0.498342
   -0.488913
   -0.354037
   -0.104271
    0.104042
    0.247455
    0.212733
    0.187507
    0.164270
    0.159624
    0.139260
    0.096620
   -0.213841
   -0.418420
   -0.464509
   -0.445223
   -0.426589
   -0.407061
   -0.279815
   -0.135418
    0.043311
    0.150554
    0.170560
    0.160592
    0.171433
    0.155803
    0.163347
    0.196007
   -0.174234
   -0.444984
   -0.543063
   -0.541605
   -0.497889
   -0.441000
   -0.302687
   -0.093895
    0.083324
    0.179355
    0.197614
    0.181668
    0.174409
    0.158497
    0.154817
    0.075451
   -0.270479
   -0.409142
   -0.442707
   -0.481001
   -0.421842
   -0.379710
   -0.312492
   -0.178070
   -0.027399
    0.091070
    0.138481
    0.146369
    0.134284
    0.125814
    0.137660
    0.148061
   -0.268541
   -0.461840
   -0.515896
   -0.548083
   -0.465801
   -0.391946
   -0.328320
   -0.162122
    0.012615
    0.120305
    0.159747
    0.147220
    0.119952
    0.114906
    0.142945
    0.029919
   -0.310137
   -0.416907
   -0.443306
   -0.478918
   -0.410585
   -0.367613
   -0.393576
   -0.296581
   -0.152294
   -0.035703
    0.059031
    0.096118
    0.101407
    0.135880
    0.180795
    0.047302
   -0.337076
   -0.495052
   -0.525200
   -0.512655
   -0.421495
   -0.366179
   -0.346855
   -0.287204
   -0.128080
    0.015974
    0.094388
    0.111604
    0.105415
    0.123059
    0.178688
   -0.056029
   -0.331145
   -0.439674
   -0.458735
   -0.447053
   -0.377747
   -0.368882
   -0.376093
   -0.398852
   -0.343954
   -0.220018
   -0.092900
   -0.011896
    0.031052
    0.098207
    0.156877
   -0.084435
   -0.394691
   -0.541830
   -0.563398
   -0.525206
   -0.400934
   -0.379047
   -0.369583
   -0.393919
   -0.326396
   -0.194109
   -0.055829
    0.009992
    0.044997
    0.111733
    0.188880
   -0.294835
   -0.414007
   -0.425273
   -0.447251
   -0.468525
   -0.420101
   -0.239018
   -0.002775
    0.072859
    0.152996
    0.149200
    0.149538
    0.166265
    0.166456
    0.173368
    0.218083
   -0.285262
   -0.433597
   -0.482205
   -0.507981
   -0.521164
   -0.468470
   -0.264965
    0.009623
    0.145392
    0.238664
    0.209719
    0.170754
    0.175793
    0.179377
    0.199203
    0.257721
   -0.295038
   -0.447101
   -0.459740
   -0.457334
   -0.435847
   -0.372065
   -0.193275
    0.021370
    0.092910
    0.156691
    0.145529
    0.139366
    0.141021
    0.149767
    0.131825
    0.171652
   -0.310563
   -0.472279
   -0.483685
   -0.500804
   -0.511570
   -0.438986
   -0.204602
    0.053639
    0.155313
    0.184686
    0.167243
    0.138009
    0.118347
    0.130889
    0.138959
    0.160608
   -0.311092
   -0.434210
   -0.434859
   -0.430726
   -0.435843
   -0.385232
   -0.208111
    0.025751
    0.127221
    0.164121
    0.115145
    0.118072
    0.143641
    0.166433
    0.173746
    0.167898
   -0.343057
   -0.499361
   -0.508864
   -0.484637
   -0.487817
   -0.420483
   -0.208806
    0.038854
    0.178748
    0.206175
    0.173490
    0.166530
    0.136814
    0.140629
    0.146503
    0.149167
   -0.366813
   -0.448784
   -0.444811
   -0.416286
   -0.402799
   -0.346721
   -0.198020
   -0.000972
    0.091541
    0.136752
    0.155997
    0.172251
    0.155886
    0.155251
    0.188067
    0.197009
   -0.386060
   -0.523932
   -0.528911
   -0.479784
   -0.435628
   -0.368902
   -0.193354
    0.014206
    0.131304
    0.168590
    0.180958
    0.190348
    0.161763
    0.152837
    0.171382
    0.191157
   -0.378654
   -0.450359
   -0.455576
   -0.424635
   -0.379340
   -0.358950
   -0.258350
   -0.106963
    0.030661
    0.116239
    0.124476
    0.123516
    0.136560
    0.149153
    0.179279
    0.239821
   -0.426390
   -0.526253
   -0.535009
   -0.477755
   -0.402933
   -0.366224
   -0.268152
   -0.101993
    0.064233
    0.137794
    0.141774
    0.116285
    0.128970
    0.144915
    0.181266
    0.250996
   -0.386635
   -0.450605
   -0.451946
   -0.406363
   -0.369280
   -0.386090
   -0.345101
   -0.215041
   -0.097756
    0.015975
    0.072069
    0.088165
    0.126632
    0.162593
    0.193855
    0.246580
   -0.480410
   -0.551593
   -0.514001
   -0.414280
   -0.362882
   -0.356030
   -0.337266
   -0.230933
   -0.067447
    0.056981
    0.087514
    0.091980
    0.119849
    0.165128
    0.189731
    0.251890
   -0.426172
   -0.481411
   -0.451467
   -0.393573
   -0.385310
   -0.386588
   -0.397415
   -0.378804
   -0.302253
   -0.163361
   -0.072321
   -0.015076
    0.063000
    0.129738
    0.157708
    0.196704
   -0.515722
   -0.587487
   -0.523952
   -0.397498
   -0.357395
   -0.363164
   -0.392617
   -0.374249
   -0.286720
   -0.141762
   -0.052334
   -0.003522
    0.070898
    0.143153
    0.178582
    0.220542
   -0.415468
   -0.487888
   -0.444207
   -0.379280
   -0.369695
   -0.377355
   -0.391207
   -0.417389
   -0.422177
   -0.342336
   -0.276730
   -0.210566
   -0.129771
   -0.052713
    0.013919
    0.095706
   -0.524684
   -0.603887
   -0.525918
   -0.409455
   -0.381345
   -0.377340
   -0.408813
   -0.441942
   -0.453131
   -0.364788
   -0.265522
   -0.184950
   -0.101406
   -0.052782
    0.034995
    0.162020
   -0.430411
   -0.445806
   -0.443761
   -0.403068
   -0.269058
   -0.051616
    0.100958
    0.164850
    0.134691
    0.140942
    0.147595
    0.151405
    0.141222
    0.151701
    0.198741
    0.226440
   -0.479090
   -0.499499
   -0.509718
   -0.465070
   -0.300318
   -0.043629
    0.140890
    0.206660
    0.178882
    0.156377
    0.139484
    0.124619
    0.132396
    0.141103
    0.168056
    0.221677
   -0.436497
   -0.426614
   -0.415356
   -0.379879
   -0.270052
   -0.075442
    0.085514
    0.140158
    0.153115
    0.127391
    0.135987
    0.160363
    0.179231
    0.180093
    0.207949
    0.220226
   -0.535132
   -0.511733
   -0.471260
   -0.424390
   -0.301915
   -0.079911
    0.113806
    0.199067
    0.195904
    0.166482
    0.134750
    0.139316
    0.159296
    0.171435
    0.194696
    0.219680
   -0.458157
   -0.426334
   -0.396149
   -0.363481
   -0.285812
   -0.124725
    0.031622
    0.116804
    0.128921
    0.146578
    0.142305
    0.150519
    0.181516
    0.219271
    0.220703
    0.232201
   -0.560059
   -0.519074
   -0.448259
   -0.404389
   -0.307366
   -0.118606
    0.063153
    0.163875
    0.132273
    0.142592
    0.138270
    0.144834
    0.166512
    0.201448
    0.219954
    0.249168
   -0.481863
   -0.441212
   -0.377339
   -0.368219
   -0.348096
   -0.235695
   -0.070637
    0.070394
    0.093969
    0.101472
    0.106845
    0.128570
    0.153204
    0.215170
    0.253089
    0.258396
   -0.586387
   -0.520817
   -0.417039
   -0.375926
   -0.352083
   -0.236338
   -0.053047
    0.087669
    0.106247
    0.106600
    0.101208
    0.119466
    0.140292
    0.190205
    0.265456
    0.306911
   -0.446534
   -0.404323
   -0.370303
   -0.354820
   -0.380737
   -0.360625
   -0.253678
   -0.158439
    0.006676
    0.048857
    0.074339
    0.135800
    0.172146
    0.183794
    0.238272
    0.256835
   -0.555078
   -0.470417
   -0.394271
   -0.360208
   -0.371672
   -0.367368
   -0.280737
   -0.134953
    0.028950
    0.070803
    0.102188
    0.154347
    0.197737
    0.219152
    0.276500
    0.317984
   -0.474638
   -0.407758
   -0.380412
   -0.360535
   -0.375182
   -0.402198
   -0.385100
   -0.312533
   -0.161353
   -0.076481
   -0.026531
    0.038482
    0.105141
    0.151356
    0.194726
    0.221813
   -0.567623
   -0.467352
   -0.382989
   -0.352897
   -0.370211
   -0.417650
   -0.404999
   -0.312905
   -0.180839
   -0.079206
   -0.020000
    0.044847
    0.130527
    0.191437
    0.243946
    0.272907
   -0.480543
   -0.418592
   -0.385132
   -0.377189
   -0.376081
   -0.400779
   -0.412001
   -0.407298
   -0.363159
   -0.291989
   -0.220753
   -0.159197
   -0.082579
   -0.009088
    0.060509
    0.052476
   -0.531093
   -0.457825
   -0.385901
   -0.369152
   -0.381667
   -0.426851
   -0.450225
   -0.441802
   -0.392713
   -0.311102
   -0.236222
   -0.159313
   -0.108931
   -0.016532
    0.102445
    0.112109
   -0.417984
   -0.380991
   -0.359857
   -0.375966
   -0.397489
   -0.412908
   -0.411808
   -0.408214
   -0.394605
   -0.374326
   -0.364748
   -0.355943
   -0.319143
   -0.273761
   -0.222603
   -0.180882
   -0.489220
   -0.440484
   -0.375134
   -0.369677
   -0.386640
   -0.420079
   -0.446477
   -0.459612
   -0.440296
   -0.414063
   -0.400070
   -0.386619
   -0.353527
   -0.300830
   -0.237760
   -0.193783
   -0.436894
   -0.404985
   -0.338652
   -0.203479
   -0.032551
    0.092255
    0.134201
    0.116567
    0.130108
    0.141371
    0.166556
    0.170374
    0.182738
    0.203842
    0.212520
    0.197119
   -0.503360
   -0.451816
   -0.376624
   -0.221854
   -0.011762
    0.139480
    0.185031
    0.153247
    0.123271
    0.118729
    0.146670
    0.163490
    0.167461
    0.193046
    0.216094
    0.209008
   -0.424334
   -0.395839
   -0.355125
   -0.244897
   -0.086362
    0.049701
    0.106307
    0.107101
    0.140916
    0.128144
    0.155933
    0.198284
    0.231351
    0.241858
    0.247697
    0.234417
   -0.488619
   -0.434978
   -0.375805
   -0.235948
   -0.054571
    0.101090
    0.139210
    0.123000
    0.138439
    0.126402
    0.144389
    0.183835
    0.233642
    0.254420
    0.274657
    0.273550
   -0.424991
   -0.394171
   -0.393140
   -0.342498
   -0.201479
   -0.029263
    0.059470
    0.064316
    0.080375
    0.115825
    0.162837
    0.192607
    0.230384
    0.243568
    0.253973
    0.237845
   -0.471164
   -0.401651
   -0.387481
   -0.334991
   -0.183116
   -0.008780
    0.082296
    0.084593
    0.083052
    0.105393
    0.139755
    0.166502
    0.225952
    0.278684
    0.306757
    0.305216
   -0.408380
   -0.385033
   -0.395402
   -0.417128
   -0.362636
   -0.243152
   -0.101821
   -0.010530
    0.065705
    0.105463
    0.148511
    0.164575
    0.204028
    0.248817
    0.246027
    0.202457
   -0.447673
   -0.388083
   -0.386937
   -0.414085
   -0.378966
   -0.241631
   -0.072273
    0.022906
    0.081754
    0.123755
    0.163479
    0.189920
    0.229498
    0.293473
    0.321751
    0.295491
   -0.393819
   -0.384551
   -0.372630
   -0.406404
   -0.432443
   -0.397173
   -0.329451
   -0.181713
   -0.093890
   -0.021666
    0.074758
    0.149976
    0.181703
    0.192451
    0.180940
    0.105981
   -0.439859
   -0.385984
   -0.382081
   -0.425421
   -0.468665
   -0.434074
   -0.338497
   -0.198281
   -0.116762
    0.005522
    0.105444
    0.175185
    0.191801
    0.227825
    0.237656
    0.153811
   -0.429863
   -0.394781
   -0.390697
   -0.403332
   -0.418747
   -0.419943
   -0.427225
   -0.399752
   -0.342675
   -0.261570
   -0.183762
   -0.082908
   -0.009664
    0.048034
    0.023150
    0.007337
   -0.426292
   -0.384923
   -0.398423
   -0.451333
   -0.484555
   -0.477149
   -0.452057
   -0.401448
   -0.382339
   -0.296108
   -0.186732
   -0.102268
   -0.014123
    0.067067
    0.078920
    0.038544
   -0.393134
   -0.376764
   -0.391815
   -0.421066
   -0.415423
   -0.416085
   -0.416261
   -0.417303
   -0.410813
   -0.392308
   -0.362310
   -0.317341
   -0.286255
   -0.255769
   -0.220154
   -0.185059
   -0.418629
   -0.377996
   -0.411462
   -0.457927
   -0.466714
   -0.471242
   -0.455019
   -0.434243
   -0.442763
   -0.458923
   -0.432092
   -0.370705
   -0.314826
   -0.277198
   -0.249153
   -0.228103
   -0.386698
   -0.352280
   -0.369464
   -0.411358
   -0.423397
   -0.424093
   -0.415337
   -0.420162
   -0.417827
   -0.457709
   -0.453962
   -0.391368
   -0.358961
   -0.377439
   -0.397723
   -0.415628
   -0.382546
   -0.355566
   -0.372696
   -0.418998
   -0.438617
   -0.450377
   -0.466520
   -0.452030
   -0.434671
   -0.453974
   -0.471313
   -0.439534
   -0.419478
   -0.430823
   -0.444739
   -0.479847
   -0.408299
   -0.333801
   -0.185715
   -0.019873
    0.096320
    0.130068
    0.135967
    0.132242
    0.163356
    0.208306
    0.216800
    0.248342
    0.225474
    0.244614
    0.206321
    0.184233
   -0.422544
   -0.318462
   -0.153423
    0.036136
    0.151843
    0.163332
    0.151616
    0.135433
    0.147367
    0.185781
    0.222153
    0.266110
    0.280886
    0.300796
    0.301970
    0.280102
   -0.399435
   -0.395222
   -0.324844
   -0.179445
   -0.030141
    0.046700
    0.081402
    0.117096
    0.151890
    0.185531
    0.218973
    0.242434
    0.257879
    0.237384
    0.194339
    0.143468
   -0.387180
   -0.378162
   -0.302650
   -0.150918
    0.005251
    0.083029
    0.109972
    0.128295
    0.175729
    0.190938
    0.226476
    0.257423
    0.315749
    0.297866
    0.268991
    0.214227
   -0.329121
   -0.380784
   -0.411211
   -0.354003
   -0.233476
   -0.109470
   -0.025304
    0.028786
    0.136303
    0.146733
    0.176109
    0.190059
    0.228632
    0.179917
    0.140608
    0.053747
   -0.326523
   -0.384292
   -0.428637
   -0.375084
   -0.220032
   -0.086664
    0.000944
    0.048505
    0.162895
    0.186007
    0.213049
    0.241574
    0.288829
    0.275014
    0.216669
    0.108781
   -0.345246
   -0.366973
   -0.418239
   -0.420399
   -0.378869
   -0.297770
   -0.211023
   -0.161348
   -0.012787
    0.080172
    0.125624
    0.151546
    0.130648
    0.088403
    0.021699
   -0.061793
   -0.339091
   -0.379722
   -0.450616
   -0.464228
   -0.409036
   -0.310477
   -0.236833
   -0.158927
   -0.022219
    0.094189
    0.141523
    0.198232
    0.197195
    0.181803
    0.067352
   -0.061875
   -0.366400
   -0.389080
   -0.419426
   -0.431604
   -0.431215
   -0.406475
   -0.372651
   -0.316016
   -0.272942
   -0.189275
   -0.104221
   -0.034128
   -0.006364
   -0.019357
   -0.116854
   -0.265502
   -0.360442
   -0.398364
   -0.430719
   -0.447494
   -0.445901
   -0.421301
   -0.395233
   -0.369345
   -0.271114
   -0.194845
   -0.124833
   -0.068689
   -0.030466
   -0.018862
   -0.111023
   -0.266178
   -0.375204
   -0.410684
   -0.423307
   -0.421589
   -0.418559
   -0.406152
   -0.400494
   -0.398108
   -0.403783
   -0.369434
   -0.328320
   -0.283553
   -0.257570
   -0.225077
   -0.261065
   -0.370346
   -0.384027
   -0.426766
   -0.449782
   -0.461105
   -0.454337
   -0.432992
   -0.427730
   -0.443203
   -0.453942
   -0.406157
   -0.335804
   -0.302376
   -0.300748
   -0.305515
   -0.347682
   -0.415872
   -0.365716
   -0.393270
   -0.413435
   -0.418710
   -0.421802
   -0.412680
   -0.409447
   -0.413009
   -0.411989
   -0.393854
   -0.365631
   -0.360418
   -0.382494
   -0.404122
   -0.409127
   -0.396327
   -0.394910
   -0.415649
   -0.435416
   -0.444727
   -0.442043
   -0.433081
   -0.422496
   -0.421945
   -0.441412
   -0.439629
   -0.426299
   -0.415377
   -0.415590
   -0.439283
   -0.462192
   -0.465421
   -0.396080
   -0.414997
   -0.432133
   -0.425738
   -0.417813
   -0.405829
   -0.402961
   -0.406423
   -0.402991
   -0.411125
   -0.411444
   -0.399784
   -0.386829
   -0.392020
   -0.407545
   -0.411052
   -0.398715
   -0.420500
   -0.447751
   -0.451960
   -0.442752
   -0.429237
   -0.424675
   -0.406886
   -0.413366
   -0.422012
   -0.426605
   -0.412810
   -0.415297
   -0.423539
   -0.434435
   -0.435952
   -0.352559
   -0.262520
   -0.136586
   -0.004848
    0.101240
    0.142773
    0.164535
    0.190051
    0.209852
    0.286426
    0.262658
    0.236027
    0.187994
    0.190304
    0.115617
    0.015353
   -0.321184
   -0.245400
   -0.115682
    0.022840
    0.129809
    0.166854
    0.182949
    0.219920
    0.311537
    0.369584
    0.341887
    0.321374
    0.287082
    0.260160
    0.161843
    0.030494
   -0.393430
   -0.367543
   -0.302584
   -0.204080
   -0.088450
   -0.010191
    0.066988
    0.152923
    0.188766
    0.242707
    0.224307
    0.217616
    0.171998
    0.098003
   -0.069515
   -0.241227
   -0.345540
   -0.333788
   -0.281572
   -0.182713
   -0.064662
    0.023907
    0.123831
    0.216416
    0.262633
    0.317499
    0.298006
    0.294795
    0.241836
    0.149698
   -0.032526
   -0.207582
   -0.353058
   -0.385049
   -0.383805
   -0.327281
   -0.259327
   -0.207384
   -0.129057
   -0.027813
    0.078565
    0.135686
    0.126571
    0.127983
    0.053964
   -0.059960
   -0.222626
   -0.368597
   -0.350074
   -0.394173
   -0.406142
   -0.359601
   -0.274972
   -0.212027
   -0.102254
    0.018872
    0.126996
    0.192314
    0.204552
    0.207844
    0.100091
   -0.046026
   -0.225313
   -0.366664
   -0.342642
   -0.378627
   -0.400000
   -0.367874
   -0.340817
   -0.354581
   -0.335787
   -0.273722
   -0.185489
   -0.120407
   -0.090548
   -0.045390
   -0.109377
   -0.226821
   -0.365213
   -0.464271
   -0.354044
   -0.404852
   -0.434733
   -0.409393
   -0.365108
   -0.372781
   -0.346503
   -0.272574
   -0.175224
   -0.098111
   -0.066629
   -0.016715
   -0.090976
   -0.232950
   -0.411414
   -0.537581
   -0.389121
   -0.391333
   -0.389525
   -0.382453
   -0.367088
   -0.372718
   -0.372644
   -0.381188
   -0.352538
   -0.347364
   -0.343221
   -0.336356
   -0.359192
   -0.395138
   -0.436123
   -0.465123
   -0.378315
   -0.389071
   -0.388925
   -0.375774
   -0.357082
   -0.360852
   -0.367879
   -0.377437
   -0.358569
   -0.351964
   -0.347326
   -0.350711
   -0.367334
   -0.407618
   -0.463616
   -0.493539
   -0.389856
   -0.393049
   -0.391706
   -0.379752
   -0.376366
   -0.369857
   -0.370361
   -0.367648
   -0.369699
   -0.363014
   -0.360979
   -0.358889
   -0.369540
   -0.392396
   -0.413652
   -0.432240
   -0.388858
   -0.395457
   -0.391804
   -0.373623
   -0.361786
   -0.362589
   -0.358890
   -0.365389
   -0.386434
   -0.369855
   -0.358291
   -0.354751
   -0.384822
   -0.424598
   -0.467430
   -0.497716
   -0.399603
   -0.402495
   -0.393147
   -0.384724
   -0.381021
   -0.378052
   -0.379944
   -0.378815
   -0.396907
   -0.387391
   -0.376496
   -0.372341
   -0.377173
   -0.385950
   -0.400418
   -0.415226
   -0.392984
   -0.397605
   -0.389548
   -0.372129
   -0.369094
   -0.369235
   -0.375049
   -0.371232
   -0.392102
   -0.375361
   -0.365623
   -0.364517
   -0.388069
   -0.417419
   -0.455150
   -0.489108
   -0.406046
   -0.410988
   -0.400564
   -0.391306
   -0.383874
   -0.383382
   -0.388574
   -0.389882
   -0.401319
   -0.390313
   -0.387226
   -0.397516
   -0.407730
   -0.408242
   -0.420462
   -0.429857
   -0.406439
   -0.410440
   -0.399231
   -0.386202
   -0.376766
   -0.375638
   -0.373632
   -0.378098
   -0.390044
   -0.383437
   -0.380090
   -0.383607
   -0.394649
   -0.416349
   -0.449018
   -0.463339
   -0.367844
   -0.298039
   -0.205017
   -0.123878
   -0.045579
    0.045665
    0.123786
    0.175885
    0.161262
    0.171842
    0.163715
    0.092079
   -0.047839
   -0.215017
   -0.350995
   -0.425850
   -0.364699
   -0.320680
   -0.238286
   -0.143056
   -0.038888
    0.065194
    0.155770
    0.209004
    0.254682
    0.259854
    0.215716
    0.111648
   -0.052559
   -0.246665
   -0.408603
   -0.528211
   -0.387928
   -0.368954
   -0.315880
   -0.289799
   -0.247277
   -0.176777
   -0.076010
    0.008401
    0.057245
    0.085896
    0.053566
   -0.060344
   -0.224057
   -0.371075
   -0.458482
   -0.507620
   -0.412730
   -0.411941
   -0.372918
   -0.332559
   -0.280148
   -0.184263
   -0.076535
    0.010345
    0.080999
    0.099415
    0.051628
   -0.071238
   -0.247407
   -0.407164
   -0.523026
   -0.580428
   -0.392952
   -0.387430
   -0.362850
   -0.358245
   -0.365613
   -0.347567
   -0.293474
   -0.229589
   -0.213236
   -0.171830
   -0.170215
   -0.231796
   -0.345172
   -0.450819
   -0.499908
   -0.484698
   -0.456897
   -0.436127
   -0.396681
   -0.381362
   -0.395831
   -0.381481
   -0.324359
   -0.265562
   -0.180546
   -0.170620
   -0.207724
   -0.294964
   -0.418881
   -0.533745
   -0.574753
   -0.554405
   -0.400484
   -0.401515
   -0.397152
   -0.385438
   -0.373432
   -0.372437
   -0.369862
   -0.353559
   -0.366178
   -0.381624
   -0.404108
   -0.402162
   -0.405287
   -0.430135
   -0.473949
   -0.494782
   -0.471916
   -0.445289
   -0.407416
   -0.386450
   -0.383487
   -0.402654
   -0.403758
   -0.387452
   -0.371629
   -0.394607
   -0.417159
   -0.442657
   -0.474665
   -0.509888
   -0.536376
   -0.542623
   -0.402116
   -0.381098
   -0.377710
   -0.373766
   -0.376163
   -0.393833
   -0.400173
   -0.403962
   -0.383902
   -0.364425
   -0.365664
   -0.372845
   -0.403080
   -0.445595
   -0.447872
   -0.425103
   -0.421513
   -0.403895
   -0.391572
   -0.387679
   -0.386894
   -0.405031
   -0.428712
   -0.410839
   -0.408995
   -0.410928
   -0.408062
   -0.434484
   -0.468328
   -0.510345
   -0.507363
   -0.474559
   -0.410591
   -0.398784
   -0.389838
   -0.375728
   -0.387021
   -0.396766
   -0.419309
   -0.406280
   -0.375242
   -0.375022
   -0.396294
   -0.397077
   -0.390825
   -0.423580
   -0.426351
   -0.399686
   -0.436710
   -0.421826
   -0.413661
   -0.399672
   -0.403433
   -0.420032
   -0.425468
   -0.409694
   -0.402479
   -0.399311
   -0.408533
   -0.411158
   -0.432340
   -0.451161
   -0.433401
   -0.423756
   -0.412179
   -0.408196
   -0.400769
   -0.397592
   -0.397013
   -0.405163
   -0.412410
   -0.402726
   -0.404359
   -0.408698
   -0.418008
   -0.431601
   -0.442393
   -0.425320
   -0.395989
   -0.413330
   -0.419628
   -0.413035
   -0.408646
   -0.417316
   -0.417108
   -0.426423
   -0.430264
   -0.426070
   -0.436597
   -0.410322
   -0.402421
   -0.410864
   -0.440560
   -0.433725
   -0.428292
   -0.478612
   -0.395819
   -0.394748
   -0.395527
   -0.406824
   -0.407362
   -0.420074
   -0.425871
   -0.422116
   -0.422592
   -0.422874
   -0.429656
   -0.435410
   -0.435901
   -0.438402
   -0.436471
   -0.467157
   -0.429642
   -0.425821
   -0.425619
   -0.436286
   -0.440414
   -0.444980
   -0.450891
   -0.448433
   -0.412690
   -0.427725
   -0.445634
   -0.449778
   -0.449401
   -0.449855
   -0.498436
   -0.552425
   -0.459124
   -0.424179
   -0.381670
   -0.324631
   -0.250777
   -0.160869
   -0.093073
   -0.053024
   -0.068514
   -0.137923
   -0.249572
   -0.381455
   -0.480347
   -0.549056
   -0.540443
   -0.526609
   -0.522946
   -0.491611
   -0.461834
   -0.409271
   -0.324478
   -0.229324
   -0.155369
   -0.121822
   -0.122946
   -0.202166
   -0.337151
   -0.494239
   -0.615706
   -0.643541
   -0.643102
   -0.621378
   -0.434002
   -0.424928
   -0.428193
   -0.434836
   -0.415528
   -0.372601
   -0.322352
   -0.293234
   -0.301480
   -0.328418
   -0.392029
   -0.469854
   -0.530258
   -0.528487
   -0.510196
   -0.465656
   -0.541228
   -0.519763
   -0.515112
   -0.504057
   -0.487807
   -0.452083
   -0.417222
   -0.394067
   -0.398956
   -0.440768
   -0.503563
   -0.578924
   -0.641214
   -0.640705
   -0.624250
   -0.579292
   -0.481602
   -0.455160
   -0.446798
   -0.448453
   -0.440502
   -0.435445
   -0.424705
   -0.419806
   -0.432073
   -0.451388
   -0.458721
   -0.481556
   -0.515568
   -0.544261
   -0.523614
   -0.472317
   -0.532745
   -0.510436
   -0.506675
   -0.514881
   -0.526637
   -0.529111
   -0.525551
   -0.520297
   -0.525175
   -0.553125
   -0.587420
   -0.629168
   -0.632947
   -0.623017
   -0.597105
   -0.542377
   -0.457259
   -0.452695
   -0.452097
   -0.460343
   -0.478108
   -0.474596
   -0.459410
   -0.452045
   -0.439638
   -0.443004
   -0.449360
   -0.468242
   -0.481498
   -0.477433
   -0.454109
   -0.439485
   -0.529223
   -0.514550
   -0.509059
   -0.515929
   -0.537007
   -0.534942
   -0.518009
   -0.515831
   -0.511416
   -0.534294
   -0.555148
   -0.584086
   -0.594345
   -0.564647
   -0.515088
   -0.487606
   -0.458492
   -0.448666
   -0.446700
   -0.455643
   -0.466006
   -0.454493
   -0.450064
   -0.457852
   -0.494116
   -0.453112
   -0.423522
   -0.439713
   -0.448640
   -0.446519
   -0.451019
   -0.444977
   -0.531552
   -0.518308
   -0.518177
   -0.522321
   -0.527482
   -0.526585
   -0.521644
   -0.518114
   -0.538780
   -0.520995
   -0.510559
   -0.506384
   -0.513107
   -0.508900
   -0.505219
   -0.502969
   -0.464373
   -0.456374
   -0.457858
   -0.464583
   -0.465612
   -0.462882
   -0.464936
   -0.472580
   -0.438223
   -0.466952
   -0.477069
   -0.463809
   -0.446864
   -0.444851
   -0.440905
   -0.409719
   -0.539516
   -0.541447
   -0.539957
   -0.547453
   -0.548504
   -0.554928
   -0.554056
   -0.532422
   -0.493382
   -0.523046
   -0.547091
   -0.539317
   -0.532071
   -0.532194
   -0.517813
   -0.472518
   -0.457399
   -0.461961
   -0.476517
   -0.482109
   -0.482581
   -0.481663
   -0.479483
   -0.478847
   -0.459378
   -0.489138
   -0.510865
   -0.495872
   -0.466049
   -0.449596
   -0.410191
   -0.364946
   -0.543650
   -0.550027
   -0.557049
   -0.575367
   -0.577557
   -0.553249
   -0.536349
   -0.548844
   -0.549696
   -0.552811
   -0.533584
   -0.532149
   -0.541587
   -0.537472
   -0.475878
   -0.400985
   -0.448700
   -0.461011
   -0.478017
   -0.481134
   -0.487975
   -0.472656
   -0.449336
   -0.446356
   -0.482487
   -0.487960
   -0.482492
   -0.457872
   -0.417337
   -0.420144
   -0.400435
   -0.360469
   -0.510774
   -0.521091
   -0.537448
   -0.558860
   -0.572686
   -0.575812
   -0.558558
   -0.533784
   -0.565419
   -0.565012
   -0.549531
   -0.538167
   -0.523841
   -0.498979
   -0.429570
   -0.368360
   -0.411721
   -0.415790
   -0.402211
   -0.373691
   -0.336400
   -0.301822
   -0.296543
   -0.315257
   -0.346954
   -0.412619
   -0.473803
   -0.503122
   -0.488503
   -0.457470
   -0.440512
   -0.425528
   -0.456688
   -0.447896
   -0.430546
   -0.411461
   -0.385598
   -0.361057
   -0.357732
   -0.377221
   -0.432087
   -0.485400
   -0.543784
   -0.579668
   -0.575847
   -0.520133
   -0.470296
   -0.411420
   -0.406240
   -0.404612
   -0.413941
   -0.410593
   -0.402481
   -0.393958
   -0.397061
   -0.407617
   -0.422056
   -0.443850
   -0.454420
   -0.464668
   -0.454350
   -0.419087
   -0.398931
   -0.367940
   -0.426348
   -0.424561
   -0.444514
   -0.448916
   -0.447145
   -0.442498
   -0.444505
   -0.456337
   -0.485090
   -0.520225
   -0.549262
   -0.561874
   -0.532445
   -0.479040
   -0.430024
   -0.394084
   -0.412987
   -0.417450
   -0.429017
   -0.428727
   -0.416113
   -0.403507
   -0.387009
   -0.388821
   -0.393132
   -0.404549
   -0.426047
   -0.428672
   -0.412953
   -0.399787
   -0.392327
   -0.374236
   -0.434628
   -0.437398
   -0.448580
   -0.450047
   -0.442297
   -0.437908
   -0.451869
   -0.457253
   -0.460507
   -0.468414
   -0.479647
   -0.472386
   -0.447703
   -0.424172
   -0.401255
   -0.392677
   -0.409940
   -0.414886
   -0.421513
   -0.423837
   -0.426321
   -0.437182
   -0.451381
   -0.451901
   -0.390857
   -0.382262
   -0.395776
   -0.405775
   -0.416383
   -0.426698
   -0.403964
   -0.393263
   -0.441039
   -0.445048
   -0.452599
   -0.451965
   -0.449064
   -0.448594
   -0.441941
   -0.437956
   -0.427168
   -0.423352
   -0.417505
   -0.411933
   -0.417741
   -0.406744
   -0.405855
   -0.401648
   -0.439901
   -0.447137
   -0.423767
   -0.412783
   -0.437997
   -0.446357
   -0.407562
   -0.440200
   -0.425971
   -0.425830
   -0.404093
   -0.440908
   -0.446007
   -0.390518
   -0.431433
   -0.412588
   -0.469536
   -0.460212
   -0.459472
   -0.464535
   -0.472867
   -0.461328
   -0.420413
   -0.443334
   -0.468745
   -0.444175
   -0.450442
   -0.445811
   -0.453844
   -0.427046
   -0.421735
   -0.442525
   -0.439432
   -0.421444
   -0.435880
   -0.450448
   -0.436281
   -0.438239
   -0.431386
   -0.433867
   -0.422872
   -0.467028
   -0.440074
   -0.417075
   -0.407865
   -0.356849
   -0.369889
   -0.356228
   -0.469383
   -0.469882
   -0.480327
   -0.478290
   -0.456469
   -0.470551
   -0.461534
   -0.445487
   -0.455311
   -0.462489
   -0.458647
   -0.478226
   -0.442339
   -0.411673
   -0.422213
   -0.382910
   -0.434376
   -0.441250
   -0.444487
   -0.436738
   -0.437058
   -0.422804
   -0.438271
   -0.439468
   -0.391614
   -0.418651
   -0.407125
   -0.374717
   -0.363071
   -0.355910
   -0.352074
   -0.177929
   -0.452054
   -0.484405
   -0.482295
   -0.482537
   -0.494916
   -0.461217
   -0.471026
   -0.477258
   -0.451604
   -0.476140
   -0.450048
   -0.441042
   -0.455234
   -0.423794
   -0.365004
   -0.134294
   -0.412014
   -0.423161
   -0.437780
   -0.427358
   -0.440101
   -0.444448
   -0.387261
   -0.404182
   -0.441576
   -0.425228
   -0.403090
   -0.390942
   -0.340697
   -0.278167
   -0.106507
    0.134867
   -0.464486
   -0.455113
   -0.457722
   -0.453798
   -0.445827
   -0.473854
   -0.421015
   -0.439050
   -0.514021
   -0.478973
   -0.420658
   -0.364714
   -0.359043
   -0.302764
   -0.101970
    0.165386
