   -0.321839
   -0.414512
   -0.392623
   -0.446057
   -0.377458
   -0.397206
   -0.402317
   -0.410092
   -0.388044
   -0.404286
   -0.358218
   -0.393040
   -0.296572
   -0.097567
    0.191642
    0.292164
   -0.391628
   -0.405805
   -0.397291
   -0.449315
   -0.400136
   -0.427618
   -0.400649
   -0.437244
   -0.451458
   -0.374093
   -0.328960
   -0.376455
   -0.352704
   -0.128026
    0.204734
    0.390033
   -0.385064
   -0.366337
   -0.412627
   -0.411534
   -0.410326
   -0.463561
   -0.393428
   -0.422196
   -0.361799
   -0.378900
   -0.342694
   -0.380426
   -0.338147
   -0.351920
   -0.161991
    0.021734
   -0.385480
   -0.358041
   -0.449789
   -0.387096
   -0.405139
   -0.494976
   -0.389767
   -0.387279
   -0.444059
   -0.349078
   -0.360314
   -0.344271
   -0.407368
   -0.321273
   -0.169904
    0.088021
   -0.405759
   -0.407528
   -0.399007
   -0.395808
   -0.387232
   -0.382456
   -0.384106
   -0.380088
   -0.361621
   -0.362541
   -0.358197
   -0.354959
   -0.350797
   -0.340547
   -0.335945
   -0.332021
   -0.428684
   -0.428040
   -0.429312
   -0.419548
   -0.414804
   -0.405446
   -0.402917
   -0.405005
   -0.383008
   -0.375733
   -0.371792
   -0.368925
   -0.363978
   -0.358383
   -0.354147
   -0.354654
   -0.389144
   -0.385315
   -0.381667
   -0.379091
   -0.371431
   -0.366270
   -0.361922
   -0.361978
   -0.351721
   -0.352849
   -0.349109
   -0.343016
   -0.336896
   -0.330952
   -0.328369
   -0.328045
   -0.442721
   -0.444420
   -0.437478
   -0.432985
   -0.423384
   -0.418561
   -0.420189
   -0.417060
   -0.386016
   -0.382556
   -0.384191
   -0.377217
   -0.367565
   -0.361151
   -0.357700
   -0.360337
   -0.391388
   -0.385992
   -0.384748
   -0.381747
   -0.365993
   -0.361725
   -0.356968
   -0.357443
   -0.352926
   -0.352657
   -0.351219
   -0.342178
   -0.332994
   -0.325783
   -0.324949
   -0.321666
   -0.436972
   -0.436752
   -0.432554
   -0.428510
   -0.423033
   -0.417540
   -0.412260
   -0.403486
   -0.385320
   -0.384255
   -0.377125
   -0.372808
   -0.367367
   -0.359411
   -0.353069
   -0.356007
   -0.395923
   -0.396914
   -0.392956
   -0.389759
   -0.384970
   -0.370410
   -0.370069
   -0.364819
   -0.356040
   -0.357190
   -0.352204
   -0.348390
   -0.339510
   -0.334625
   -0.329636
   -0.323918
   -0.421565
   -0.423142
   -0.419520
   -0.416285
   -0.403537
   -0.396734
   -0.395737
   -0.388532
   -0.372633
   -0.367974
   -0.363657
   -0.359252
   -0.355545
   -0.352253
   -0.341192
   -0.338652
   -0.410296
   -0.411615
   -0.403380
   -0.400006
   -0.391713
   -0.385627
   -0.382825
   -0.377625
   -0.348637
   -0.352666
   -0.356428
   -0.359962
   -0.363940
   -0.369298
   -0.377736
   -0.377637
   -0.431400
   -0.430155
   -0.430786
   -0.422630
   -0.419980
   -0.409776
   -0.402441
   -0.401293
   -0.366708
   -0.365388
   -0.369743
   -0.372892
   -0.381261
   -0.387195
   -0.391037
   -0.398162
   -0.391365
   -0.388332
   -0.385755
   -0.382575
   -0.375521
   -0.369937
   -0.363651
   -0.363219
   -0.339712
   -0.340595
   -0.348956
   -0.351431
   -0.356076
   -0.360937
   -0.367027
   -0.368395
   -0.442051
   -0.444106
   -0.438130
   -0.435153
   -0.428268
   -0.424143
   -0.421178
   -0.415716
   -0.369766
   -0.370217
   -0.372814
   -0.381493
   -0.389207
   -0.394475
   -0.395331
   -0.400256
   -0.407285
   -0.402405
   -0.420778
   -0.421226
   -0.404663
   -0.419165
   -0.399992
   -0.420709
   -0.391996
   -0.397970
   -0.382074
   -0.364710
   -0.356588
   -0.347034
   -0.324909
   -0.269226
   -0.495790
   -0.492410
   -0.477955
   -0.499732
   -0.476799
   -0.479079
   -0.482337
   -0.499276
   -0.429724
   -0.456972
   -0.415536
   -0.447335
   -0.422827
   -0.429329
   -0.324959
   -0.245490
   -0.418417
   -0.423905
   -0.407748
   -0.434158
   -0.406930
   -0.396964
   -0.399525
   -0.418986
   -0.395792
   -0.364088
   -0.391856
   -0.384298
   -0.398789
   -0.360425
   -0.353082
   -0.337462
   -0.478435
   -0.462763
   -0.516513
   -0.490039
   -0.486516
   -0.496817
   -0.434713
   -0.446647
   -0.419604
   -0.419050
   -0.381649
   -0.430723
   -0.463835
   -0.421766
   -0.368861
   -0.352358
   -0.400209
   -0.408885
   -0.408965
   -0.415662
   -0.404944
   -0.401488
   -0.391929
   -0.386859
   -0.394632
   -0.398574
   -0.390826
   -0.374430
   -0.382121
   -0.390667
   -0.383147
   -0.360171
   -0.480149
   -0.496411
   -0.509274
   -0.490563
   -0.476522
   -0.466475
   -0.474741
   -0.475785
   -0.447592
   -0.445807
   -0.442858
   -0.427867
   -0.426393
   -0.433811
   -0.426960
   -0.405423
   -0.414751
   -0.404655
   -0.399621
   -0.413649
   -0.421721
   -0.403026
   -0.388236
   -0.379905
   -0.387941
   -0.387447
   -0.380240
   -0.367263
   -0.362628
   -0.369318
   -0.365822
   -0.340735
   -0.495280
   -0.499175
   -0.502263
   -0.488643
   -0.478293
   -0.468746
   -0.475909
   -0.475121
   -0.444806
   -0.447255
   -0.436353
   -0.422189
   -0.425196
   -0.431542
   -0.422757
   -0.401427
   -0.453387
   -0.426037
   -0.399289
   -0.413756
   -0.404437
   -0.398507
   -0.381935
   -0.378573
   -0.389376
   -0.388644
   -0.379643
   -0.361135
   -0.364622
   -0.375895
   -0.362523
   -0.336844
   -0.493975
   -0.480904
   -0.480147
   -0.481341
   -0.472125
   -0.462385
   -0.454784
   -0.450935
   -0.451215
   -0.451544
   -0.441155
   -0.422733
   -0.427051
   -0.442185
   -0.427392
   -0.407780
   -0.415575
   -0.421005
   -0.422063
   -0.417429
   -0.407983
   -0.397626
   -0.395653
   -0.390796
   -0.366497
   -0.380057
   -0.369855
   -0.368771
   -0.381566
   -0.400593
   -0.399412
   -0.380915
   -0.458852
   -0.469181
   -0.482998
   -0.483022
   -0.477931
   -0.469633
   -0.462669
   -0.454403
   -0.426341
   -0.430923
   -0.424291
   -0.422781
   -0.440367
   -0.454277
   -0.454310
   -0.442324
   -0.418000
   -0.424168
   -0.425121
   -0.421194
   -0.415812
   -0.406174
   -0.401097
   -0.397668
   -0.382815
   -0.385024
   -0.394600
   -0.403379
   -0.405197
   -0.396994
   -0.405094
   -0.429041
   -0.464610
   -0.483769
   -0.493339
   -0.493902
   -0.488555
   -0.479697
   -0.471721
   -0.467527
   -0.443263
   -0.436732
   -0.449666
   -0.463379
   -0.465920
   -0.457109
   -0.461821
   -0.487822
   -0.405750
   -0.406324
   -0.406046
   -0.400859
   -0.398840
   -0.391731
   -0.388588
   -0.384899
   -0.371561
   -0.372610
   -0.386840
   -0.397742
   -0.398922
   -0.390155
   -0.401062
   -0.422248
   -0.466681
   -0.481795
   -0.490415
   -0.489649
   -0.484118
   -0.480225
   -0.474524
   -0.470762
   -0.435159
   -0.432234
   -0.442717
   -0.463621
   -0.460278
   -0.445684
   -0.459294
   -0.467987
   -0.402909
   -0.379140
   -0.395965
   -0.382546
   -0.372910
   -0.363219
   -0.341037
   -0.359457
   -0.342330
   -0.324943
   -0.337176
   -0.323328
   -0.328709
   -0.364041
   -0.390943
   -0.424513
   -0.398195
   -0.388412
   -0.406462
   -0.388729
   -0.384565
   -0.376511
   -0.352146
   -0.349027
   -0.341386
   -0.336105
   -0.353863
   -0.344363
   -0.367787
   -0.416262
   -0.480198
   -0.522153
   -0.361994
   -0.376028
   -0.371489
   -0.365142
   -0.354702
   -0.333805
   -0.345272
   -0.335276
   -0.349220
   -0.330276
   -0.332841
   -0.331193
   -0.334532
   -0.330376
   -0.362178
   -0.372089
   -0.397766
   -0.404361
   -0.394808
   -0.396917
   -0.385121
   -0.365846
   -0.366146
   -0.364208
   -0.359213
   -0.367953
   -0.348994
   -0.342586
   -0.337962
   -0.376753
   -0.410977
   -0.430252
   -0.378621
   -0.373114
   -0.373711
   -0.371045
   -0.366341
   -0.366014
   -0.347322
   -0.342476
   -0.352890
   -0.349060
   -0.340315
   -0.317317
   -0.320076
   -0.339812
   -0.334404
   -0.315423
   -0.395445
   -0.383919
   -0.381035
   -0.377102
   -0.370838
   -0.371364
   -0.363356
   -0.349144
   -0.363260
   -0.355100
   -0.343545
   -0.322048
   -0.324141
   -0.342933
   -0.336497
   -0.316425
   -0.384306
   -0.374361
   -0.368965
   -0.365271
   -0.363468
   -0.354721
   -0.345450
   -0.339336
   -0.353209
   -0.347382
   -0.333904
   -0.308749
   -0.315251
   -0.335306
   -0.322853
   -0.306482
   -0.395615
   -0.390416
   -0.381415
   -0.375722
   -0.372942
   -0.369571
   -0.362119
   -0.353981
   -0.370581
   -0.367916
   -0.346617
   -0.327083
   -0.334866
   -0.353353
   -0.345251
   -0.316191
   -0.370635
   -0.359488
   -0.348795
   -0.349268
   -0.360845
   -0.354269
   -0.343574
   -0.337768
   -0.346499
   -0.347672
   -0.322332
   -0.315838
   -0.322077
   -0.347166
   -0.347632
   -0.327836
   -0.379774
   -0.373871
   -0.370431
   -0.367366
   -0.364653
   -0.366053
   -0.365066
   -0.364831
   -0.344153
   -0.353190
   -0.338040
   -0.330054
   -0.340388
   -0.372137
   -0.379704
   -0.352004
   -0.373729
   -0.369293
   -0.365314
   -0.349700
   -0.342648
   -0.345638
   -0.346871
   -0.351486
   -0.339715
   -0.338170
   -0.337385
   -0.336874
   -0.344982
   -0.358440
   -0.368955
   -0.370852
   -0.378418
   -0.374247
   -0.373278
   -0.365312
   -0.355081
   -0.365487
   -0.367065
   -0.378598
   -0.352674
   -0.355669
   -0.354727
   -0.358730
   -0.362800
   -0.361731
   -0.383108
   -0.400117
   -0.368041
   -0.362624
   -0.358673
   -0.346339
   -0.338672
   -0.344385
   -0.359262
   -0.363459
   -0.342844
   -0.343188
   -0.352525
   -0.366420
   -0.366251
   -0.351905
   -0.363125
   -0.384933
   -0.372947
   -0.364553
   -0.362292
   -0.358716
   -0.341343
   -0.346436
   -0.360420
   -0.365266
   -0.345863
   -0.346328
   -0.355959
   -0.371978
   -0.371448
   -0.355275
   -0.369069
   -0.378428
   -0.369024
   -0.360022
   -0.346593
   -0.336950
   -0.324598
   -0.328269
   -0.337638
   -0.337567
   -0.333529
   -0.325454
   -0.337936
   -0.354339
   -0.349540
   -0.339650
   -0.347351
   -0.362908
   -0.389659
   -0.385126
   -0.372226
   -0.363371
   -0.346146
   -0.341531
   -0.354617
   -0.359487
   -0.349228
   -0.343404
   -0.361827
   -0.371983
   -0.369454
   -0.354004
   -0.369830
   -0.387724
   -0.387915
   -0.379819
   -0.368399
   -0.364115
   -0.364833
   -0.361186
   -0.360401
   -0.354862
   -0.344776
   -0.328334
   -0.327509
   -0.342976
   -0.334655
   -0.317779
   -0.321366
   -0.339732
   -0.381645
   -0.375691
   -0.367970
   -0.354330
   -0.358181
   -0.356047
   -0.356031
   -0.348581
   -0.333882
   -0.321727
   -0.329388
   -0.334727
   -0.329894
   -0.314897
   -0.328975
   -0.345655
   -0.378179
   -0.370481
   -0.363072
   -0.353531
   -0.355631
   -0.356244
   -0.355891
   -0.351775
   -0.333236
   -0.340114
   -0.331219
   -0.316318
   -0.308112
   -0.316471
   -0.318849
   -0.312016
   -0.379128
   -0.383059
   -0.361746
   -0.358732
   -0.358183
   -0.360356
   -0.364949
   -0.366868
   -0.354933
   -0.359717
   -0.346112
   -0.308600
   -0.296956
   -0.327324
   -0.348653
   -0.333558
   -0.360289
   -0.356227
   -0.348030
   -0.356388
   -0.359266
   -0.348191
   -0.339616
   -0.340255
   -0.346775
   -0.343563
   -0.325968
   -0.305525
   -0.302949
   -0.315206
   -0.304450
   -0.294971
   -0.368152
   -0.361414
   -0.356266
   -0.355160
   -0.354345
   -0.356932
   -0.350724
   -0.335018
   -0.355199
   -0.352593
   -0.331927
   -0.303631
   -0.306404
   -0.325468
   -0.310573
   -0.297922
   -0.370791
   -0.369540
   -0.363704
   -0.346430
   -0.340452
   -0.342110
   -0.346803
   -0.343032
   -0.349324
   -0.347278
   -0.326693
   -0.308351
   -0.309110
   -0.330338
   -0.319308
   -0.306676
   -0.363669
   -0.360607
   -0.353439
   -0.348503
   -0.350166
   -0.350719
   -0.353925
   -0.349405
   -0.346677
   -0.354687
   -0.327610
   -0.321869
   -0.327086
   -0.346637
   -0.346225
   -0.332715
   -0.361346
   -0.361218
   -0.356620
   -0.342444
   -0.344129
   -0.347880
   -0.361064
   -0.349466
   -0.332974
   -0.338136
   -0.320433
   -0.322825
   -0.323691
   -0.342725
   -0.352262
   -0.344336
   -0.356277
   -0.353543
   -0.350109
   -0.335645
   -0.332081
   -0.337361
   -0.352235
   -0.340958
   -0.340330
   -0.342214
   -0.339296
   -0.342080
   -0.343594
   -0.340291
   -0.360079
   -0.370414
   -0.363823
   -0.353511
   -0.339358
   -0.327854
   -0.323233
   -0.328510
   -0.336227
   -0.336153
   -0.343524
   -0.336591
   -0.343131
   -0.348952
   -0.346870
   -0.333883
   -0.349351
   -0.369898
   -0.383935
   -0.368679
   -0.356491
   -0.346765
   -0.332990
   -0.334065
   -0.350054
   -0.347856
   -0.334546
   -0.331711
   -0.340978
   -0.348581
   -0.345103
   -0.329658
   -0.344171
   -0.364782
   -0.384619
   -0.369610
   -0.354887
   -0.340315
   -0.335439
   -0.342312
   -0.353883
   -0.344246
   -0.354089
   -0.340700
   -0.337641
   -0.342550
   -0.331825
   -0.320077
   -0.341124
   -0.352782
   -0.377304
   -0.355787
   -0.347712
   -0.337021
   -0.327835
   -0.325512
   -0.324814
   -0.322929
   -0.335241
   -0.320731
   -0.326825
   -0.328023
   -0.314573
   -0.303720
   -0.321982
   -0.343121
   -0.368289
   -0.357464
   -0.350007
   -0.349495
   -0.348491
   -0.337413
   -0.329982
   -0.326244
   -0.334034
   -0.323031
   -0.324128
   -0.319694
   -0.306310
   -0.300687
   -0.328441
   -0.355758
   -0.382851
   -0.366200
   -0.353764
   -0.352216
   -0.342642
   -0.330717
   -0.321813
   -0.317811
   -0.316049
   -0.302275
   -0.303494
   -0.287408
   -0.279526
   -0.281278
   -0.323346
   -0.377453
   -0.370466
   -0.376574
   -0.374070
   -0.382584
   -0.386590
   -0.381766
   -0.368777
   -0.358099
   -0.355629
   -0.364996
   -0.366748
   -0.370862
   -0.351950
   -0.328177
   -0.306277
   -0.284604
   -0.400026
   -0.392220
   -0.398684
   -0.393088
   -0.389607
   -0.392334
   -0.383292
   -0.379480
   -0.356098
   -0.361098
   -0.371003
   -0.360425
   -0.342410
   -0.325104
   -0.289833
   -0.266351
   -0.393792
   -0.392606
   -0.394695
   -0.388755
   -0.383556
   -0.383267
   -0.370582
   -0.367535
   -0.350056
   -0.362744
   -0.362281
   -0.351043
   -0.341260
   -0.334473
   -0.317140
   -0.284668
   -0.397439
   -0.396282
   -0.400142
   -0.390828
   -0.391034
   -0.392314
   -0.384377
   -0.380937
   -0.364162
   -0.364948
   -0.358586
   -0.339861
   -0.330076
   -0.330950
   -0.328529
   -0.294182
   -0.381258
   -0.387164
   -0.383055
   -0.381510
   -0.386532
   -0.379946
   -0.377724
   -0.382593
   -0.364433
   -0.359598
   -0.345764
   -0.338237
   -0.325799
   -0.327224
   -0.327864
   -0.328547
   -0.398191
   -0.399241
   -0.387859
   -0.378685
   -0.383720
   -0.382891
   -0.380810
   -0.378465
   -0.377789
   -0.377635
   -0.355916
   -0.361269
   -0.353629
   -0.359389
   -0.364664
   -0.367207
   -0.376499
   -0.377641
   -0.381157
   -0.374510
   -0.365773
   -0.358227
   -0.358231
   -0.357272
   -0.335829
   -0.344083
   -0.332406
   -0.347037
   -0.332308
   -0.331704
   -0.352523
   -0.359295
   -0.391425
   -0.399163
   -0.403750
   -0.402996
   -0.391046
   -0.382619
   -0.380267
   -0.373632
   -0.373112
   -0.373841
   -0.375275
   -0.387402
   -0.377048
   -0.354472
   -0.379885
   -0.416086
   -0.408021
   -0.409005
   -0.400909
   -0.399141
   -0.384304
   -0.372345
   -0.358862
   -0.354656
   -0.345241
   -0.340431
   -0.351851
   -0.362973
   -0.357733
   -0.324445
   -0.349258
   -0.388689
   -0.417200
   -0.417604
   -0.412179
   -0.397742
   -0.380127
   -0.371482
   -0.355411
   -0.350323
   -0.360323
   -0.357887
   -0.373017
   -0.386412
   -0.380669
   -0.344466
   -0.363043
   -0.411216
   -0.412274
   -0.407902
   -0.402059
   -0.384977
   -0.368254
   -0.354795
   -0.349417
   -0.346111
   -0.360641
   -0.346303
   -0.351986
   -0.358965
   -0.342294
   -0.311820
   -0.342829
   -0.378542
   -0.436830
   -0.431605
   -0.412969
   -0.407383
   -0.385543
   -0.370934
   -0.366450
   -0.343963
   -0.357190
   -0.339988
   -0.352308
   -0.357541
   -0.340908
   -0.314429
   -0.335608
   -0.380290
   -0.426087
   -0.426105
   -0.424508
   -0.408421
   -0.404279
   -0.394686
   -0.384472
   -0.376827
   -0.374237
   -0.359094
   -0.352075
   -0.345023
   -0.332645
   -0.321349
   -0.345600
   -0.376052
   -0.437425
   -0.437147
   -0.424288
   -0.419974
   -0.416250
   -0.410170
   -0.398173
   -0.387679
   -0.372422
   -0.353586
   -0.352718
   -0.332239
   -0.318583
   -0.316705
   -0.357006
   -0.413497
   -0.417449
   -0.417988
   -0.420900
   -0.427763
   -0.430033
   -0.423486
   -0.412724
   -0.407544
   -0.363200
   -0.354330
   -0.354019
   -0.328459
   -0.315078
   -0.310104
   -0.370009
   -0.421660
   -0.434837
   -0.434691
   -0.440779
   -0.443752
   -0.441076
   -0.435290
   -0.420958
   -0.415348
   -0.383162
   -0.379365
   -0.372582
   -0.352713
   -0.324610
   -0.327055
   -0.381175
   -0.447459
   -0.384325
   -0.380671
   -0.387760
   -0.386099
   -0.383212
   -0.387174
   -0.379755
   -0.376328
   -0.366462
   -0.355338
   -0.355145
   -0.343642
   -0.336367
   -0.324282
   -0.318609
   -0.309204
   -0.406410
   -0.401625
   -0.403894
   -0.393741
   -0.383420
   -0.388011
   -0.388406
   -0.386125
   -0.385842
   -0.384672
   -0.389593
   -0.365250
   -0.368534
   -0.369063
   -0.359211
   -0.357860
   -0.370112
   -0.377771
   -0.378724
   -0.384284
   -0.377283
   -0.368388
   -0.360510
   -0.359750
   -0.356739
   -0.332114
   -0.338437
   -0.325731
   -0.334881
   -0.329378
   -0.329644
   -0.347509
   -0.407941
   -0.392444
   -0.405790
   -0.409198
   -0.408963
   -0.395368
   -0.384968
   -0.380881
   -0.383702
   -0.380884
   -0.375647
   -0.368348
   -0.381898
   -0.378501
   -0.358563
   -0.382976
   -0.405928
   -0.401474
   -0.392386
   -0.382436
   -0.368386
   -0.356797
   -0.348273
   -0.346225
   -0.370780
   -0.350243
   -0.346329
   -0.363339
   -0.333994
   -0.344103
   -0.364295
   -0.353008
   -0.426682
   -0.417846
   -0.403414
   -0.384179
   -0.375053
   -0.361548
   -0.361551
   -0.364733
   -0.374254
   -0.353528
   -0.359039
   -0.382192
   -0.354285
   -0.346845
   -0.370910
   -0.382103
   -0.405859
   -0.390958
   -0.373660
   -0.358071
   -0.353187
   -0.347148
   -0.348632
   -0.347252
   -0.342155
   -0.326794
   -0.341539
   -0.355570
   -0.343486
   -0.314840
   -0.344367
   -0.367985
   -0.439474
   -0.427090
   -0.414762
   -0.396037
   -0.384350
   -0.375410
   -0.369666
   -0.359070
   -0.358073
   -0.350821
   -0.362282
   -0.378167
   -0.361585
   -0.326500
   -0.350770
   -0.390010
   -0.420979
   -0.411274
   -0.395126
   -0.393214
   -0.383529
   -0.377521
   -0.368223
   -0.355735
   -0.342169
   -0.335293
   -0.341540
   -0.342248
   -0.329812
   -0.290548
   -0.313702
   -0.357379
   -0.442953
   -0.438293
   -0.429419
   -0.425944
   -0.415487
   -0.409160
   -0.386737
   -0.374148
   -0.368590
   -0.359441
   -0.360643
   -0.359323
   -0.346187
   -0.315247
   -0.327816
   -0.383383
   -0.418087
   -0.422772
   -0.424740
   -0.425918
   -0.416468
   -0.409852
   -0.381631
   -0.356049
   -0.360337
   -0.355790
   -0.350704
   -0.341383
   -0.335107
   -0.304339
   -0.315043
   -0.369570
   -0.443209
   -0.444945
   -0.445378
   -0.442960
   -0.429889
   -0.424467
   -0.404055
   -0.386833
   -0.380824
   -0.384233
   -0.362151
   -0.343241
   -0.341661
   -0.323869
   -0.342486
   -0.406485
   -0.421006
   -0.428037
   -0.439356
   -0.437474
   -0.437981
   -0.423014
   -0.407267
   -0.386027
   -0.402797
   -0.394933
   -0.378144
   -0.340065
   -0.344420
   -0.323005
   -0.343441
   -0.403064
   -0.447086
   -0.455406
   -0.464050
   -0.473812
   -0.466934
   -0.458748
   -0.443875
   -0.425478
   -0.425144
   -0.430326
   -0.411243
   -0.383365
   -0.378472
   -0.356620
   -0.385094
   -0.443700
   -0.421144
   -0.431734
   -0.452016
   -0.459851
   -0.460025
   -0.452607
   -0.447850
   -0.443695
   -0.421064
   -0.426499
   -0.412775
   -0.395066
   -0.385714
   -0.363483
   -0.387008
   -0.436830
   -0.446921
   -0.458494
   -0.477263
   -0.482030
   -0.478914
   -0.467771
   -0.476184
   -0.476730
   -0.462700
   -0.464529
   -0.455071
   -0.451750
   -0.428359
   -0.418092
   -0.430772
   -0.456433
   -0.409410
   -0.401458
   -0.396276
   -0.384005
   -0.374373
   -0.361915
   -0.349786
   -0.342481
   -0.351490
   -0.337949
   -0.327935
   -0.321490
   -0.325462
   -0.332974
   -0.339340
   -0.358058
   -0.414323
   -0.414096
   -0.404502
   -0.392754
   -0.374936
   -0.369962
   -0.361210
   -0.360605
   -0.374057
   -0.371399
   -0.368708
   -0.359003
   -0.365738
   -0.380600
   -0.381142
   -0.392244
   -0.394021
   -0.387514
   -0.381082
   -0.367879
   -0.349673
   -0.347382
   -0.346936
   -0.349780
   -0.336722
   -0.338124
   -0.323642
   -0.333087
   -0.328699
   -0.321393
   -0.345460
   -0.356409
   -0.431841
   -0.418019
   -0.412896
   -0.404999
   -0.386478
   -0.377790
   -0.374918
   -0.369475
   -0.370074
   -0.365631
   -0.353701
   -0.367681
   -0.363269
   -0.348467
   -0.359194
   -0.389508
   -0.430599
   -0.416867
   -0.398885
   -0.380074
   -0.368255
   -0.364777
   -0.354502
   -0.351995
   -0.342716
   -0.331538
   -0.332408
   -0.342936
   -0.339066
   -0.321229
   -0.324100
   -0.349888
   -0.446079
   -0.436333
   -0.417706
   -0.408428
   -0.398483
   -0.392697
   -0.379479
   -0.369321
   -0.345300
   -0.333460
   -0.336792
   -0.341828
   -0.339854
   -0.314630
   -0.314150
   -0.345567
   -0.431977
   -0.421479
   -0.413697
   -0.408762
   -0.401421
   -0.398242
   -0.380540
   -0.358469
   -0.349676
   -0.341552
   -0.343458
   -0.342834
   -0.339382
   -0.312330
   -0.307368
   -0.341592
   -0.446729
   -0.444345
   -0.433316
   -0.423714
   -0.411749
   -0.407035
   -0.398444
   -0.380914
   -0.355864
   -0.353062
   -0.349503
   -0.344573
   -0.338881
   -0.317962
   -0.307928
   -0.337835
   -0.432358
   -0.426941
   -0.418428
   -0.418086
   -0.414182
   -0.414643
   -0.402811
   -0.388840
   -0.365854
   -0.367418
   -0.358131
   -0.342822
   -0.335750
   -0.320367
   -0.315084
   -0.349001
   -0.449115
   -0.444735
   -0.445394
   -0.446961
   -0.443931
   -0.444166
   -0.432188
   -0.418197
   -0.384989
   -0.389274
   -0.378918
   -0.350109
   -0.340251
   -0.332832
   -0.332695
   -0.369634
   -0.429024
   -0.430724
   -0.435691
   -0.445556
   -0.443900
   -0.444933
   -0.434845
   -0.432694
   -0.406037
   -0.412141
   -0.401782
   -0.374296
   -0.358387
   -0.349904
   -0.346307
   -0.386300
   -0.447677
   -0.448748
   -0.452111
   -0.460511
   -0.452519
   -0.453818
   -0.449080
   -0.463704
   -0.431650
   -0.433846
   -0.422036
   -0.401610
   -0.390865
   -0.378108
   -0.377247
   -0.411309
   -0.417258
   -0.416846
   -0.427064
   -0.421021
   -0.421789
   -0.420270
   -0.416087
   -0.411044
   -0.434704
   -0.436286
   -0.431873
   -0.413137
   -0.407131
   -0.386632
   -0.386505
   -0.414433
   -0.446484
   -0.446156
   -0.449786
   -0.451516
   -0.450241
   -0.449566
   -0.447147
   -0.442497
   -0.453506
   -0.464087
   -0.450100
   -0.445053
   -0.438658
   -0.416629
   -0.418745
   -0.433636
   -0.430694
   -0.435186
   -0.437626
   -0.433077
   -0.429964
   -0.428998
   -0.426330
   -0.426753
   -0.431813
   -0.437996
   -0.419661
   -0.420945
   -0.414281
   -0.407858
   -0.405036
   -0.410640
   -0.456151
   -0.457269
   -0.458819
   -0.448547
   -0.442561
   -0.440782
   -0.439667
   -0.440940
   -0.450024
   -0.447794
   -0.443396
   -0.445370
   -0.443655
   -0.437426
   -0.438729
   -0.434305
   -0.422366
   -0.422343
   -0.408774
   -0.390288
   -0.375344
   -0.369154
   -0.365821
   -0.355937
   -0.343911
   -0.343858
   -0.333705
   -0.335341
   -0.322826
   -0.324591
   -0.325709
   -0.333892
   -0.440168
   -0.441341
   -0.429580
   -0.412780
   -0.403791
   -0.398805
   -0.384365
   -0.375555
   -0.363632
   -0.362321
   -0.344191
   -0.351893
   -0.343628
   -0.327307
   -0.345744
   -0.348007
   -0.419306
   -0.429813
   -0.420525
   -0.412945
   -0.404753
   -0.402010
   -0.391021
   -0.373401
   -0.355957
   -0.349749
   -0.336609
   -0.347637
   -0.337831
   -0.313215
   -0.318993
   -0.333595
   -0.440966
   -0.445726
   -0.437526
   -0.428310
   -0.413660
   -0.411829
   -0.404059
   -0.396249
   -0.365073
   -0.351477
   -0.346654
   -0.349468
   -0.342402
   -0.316394
   -0.317514
   -0.340827
   -0.431327
   -0.434251
   -0.429402
   -0.419936
   -0.421432
   -0.416903
   -0.413155
   -0.399717
   -0.380225
   -0.369067
   -0.370284
   -0.355080
   -0.347586
   -0.337035
   -0.320225
   -0.339924
   -0.445019
   -0.450433
   -0.447407
   -0.449088
   -0.449066
   -0.446409
   -0.441102
   -0.422229
   -0.402878
   -0.395572
   -0.386989
   -0.370190
   -0.350706
   -0.340459
   -0.331308
   -0.348289
   -0.422405
   -0.432678
   -0.439343
   -0.443866
   -0.446145
   -0.446140
   -0.441518
   -0.435194
   -0.416661
   -0.409524
   -0.402864
   -0.383738
   -0.365405
   -0.349376
   -0.339277
   -0.359527
   -0.444399
   -0.451069
   -0.451981
   -0.461805
   -0.462566
   -0.454407
   -0.454630
   -0.455030
   -0.438639
   -0.422365
   -0.419989
   -0.403315
   -0.386914
   -0.379648
   -0.365932
   -0.381895
   -0.418743
   -0.419776
   -0.430561
   -0.430135
   -0.422212
   -0.423084
   -0.423640
   -0.419398
   -0.419370
   -0.432948
   -0.431419
   -0.417121
   -0.406208
   -0.396044
   -0.382579
   -0.398389
   -0.447800
   -0.447825
   -0.449260
   -0.448992
   -0.449738
   -0.451598
   -0.454119
   -0.449917
   -0.443322
   -0.452271
   -0.446831
   -0.439371
   -0.431499
   -0.419623
   -0.412820
   -0.424515
   -0.428192
   -0.435014
   -0.434413
   -0.433430
   -0.431049
   -0.432575
   -0.435523
   -0.434711
   -0.438321
   -0.443916
   -0.439076
   -0.424089
   -0.418548
   -0.417192
   -0.412536
   -0.415255
   -0.457479
   -0.457215
   -0.456170
   -0.456643
   -0.448772
   -0.445172
   -0.447770
   -0.446513
   -0.452478
   -0.451496
   -0.452449
   -0.449299
   -0.447444
   -0.443643
   -0.438219
   -0.441196
   -0.424875
   -0.416590
   -0.415489
   -0.423947
   -0.422591
   -0.425174
   -0.426481
   -0.428428
   -0.430131
   -0.430009
   -0.423578
   -0.438489
   -0.434704
   -0.423235
   -0.428243
   -0.431434
   -0.437529
   -0.431638
   -0.432956
   -0.434133
   -0.431944
   -0.428032
   -0.433103
   -0.435065
   -0.441319
   -0.441184
   -0.439972
   -0.446338
   -0.449275
   -0.446757
   -0.441833
   -0.450880
   -0.408850
   -0.407605
   -0.422790
   -0.429531
   -0.430274
   -0.427068
   -0.426918
   -0.426792
   -0.426595
   -0.425807
   -0.424056
   -0.418172
   -0.424823
   -0.428357
   -0.430978
   -0.429586
   -0.438611
   -0.435724
   -0.440967
   -0.437423
   -0.435208
   -0.431748
   -0.425415
   -0.423582
   -0.434737
   -0.430673
   -0.431418
   -0.428417
   -0.432720
   -0.438806
   -0.445020
   -0.443268
   -0.410729
   -0.421775
   -0.429364
   -0.429836
   -0.421907
   -0.422346
   -0.418157
   -0.413545
   -0.386860
   -0.376683
   -0.353736
   -0.354964
   -0.333617
   -0.311295
   -0.297136
   -0.284626
   -0.444754
   -0.445072
   -0.446971
   -0.446906
   -0.447577
   -0.447318
   -0.443246
   -0.438282
   -0.412398
   -0.397607
   -0.376553
   -0.374507
   -0.347300
   -0.322936
   -0.299758
   -0.291842
   -0.413487
   -0.420602
   -0.425422
   -0.435179
   -0.439461
   -0.442854
   -0.446214
   -0.440028
   -0.419238
   -0.403392
   -0.382465
   -0.382080
   -0.359533
   -0.336899
   -0.316239
   -0.305224
   -0.443156
   -0.446215
   -0.447266
   -0.451213
   -0.451752
   -0.461529
   -0.452188
   -0.452254
   -0.409896
   -0.404130
   -0.395784
   -0.393431
   -0.374793
   -0.349880
   -0.336951
   -0.324292
   -0.416033
   -0.418538
   -0.420346
   -0.422296
   -0.432745
   -0.423238
   -0.424537
   -0.424853
   -0.425365
   -0.425254
   -0.425524
   -0.414045
   -0.392500
   -0.374108
   -0.354183
   -0.353221
   -0.445493
   -0.446916
   -0.457491
   -0.458516
   -0.459648
   -0.459673
   -0.460962
   -0.460300
   -0.451046
   -0.452205
   -0.444683
   -0.433825
   -0.419073
   -0.406438
   -0.387459
   -0.386532
   -0.402461
   -0.413574
   -0.427892
   -0.432851
   -0.433541
   -0.429107
   -0.430893
   -0.433844
   -0.439241
   -0.440629
   -0.440097
   -0.424030
   -0.406721
   -0.393784
   -0.393993
   -0.386672
   -0.457241
   -0.458602
   -0.464491
   -0.466596
   -0.467139
   -0.463132
   -0.460293
   -0.462041
   -0.455756
   -0.454736
   -0.454429
   -0.444727
   -0.440699
   -0.432943
   -0.432879
   -0.433486
   -0.407569
   -0.408507
   -0.410392
   -0.411570
   -0.411545
   -0.415614
   -0.415797
   -0.417110
   -0.432669
   -0.433448
   -0.426068
   -0.426811
   -0.434752
   -0.425295
   -0.417334
   -0.423257
   -0.445901
   -0.441893
   -0.436660
   -0.435701
   -0.439180
   -0.442668
   -0.439065
   -0.440590
   -0.446357
   -0.447934
   -0.444381
   -0.449398
   -0.453981
   -0.453333
   -0.448168
   -0.450510
   -0.404307
   -0.405218
   -0.404758
   -0.408285
   -0.425620
   -0.429302
   -0.426205
   -0.426088
   -0.428687
   -0.428247
   -0.429388
   -0.423227
   -0.424284
   -0.433250
   -0.436559
   -0.435252
   -0.447313
   -0.442658
   -0.436646
   -0.439381
   -0.442236
   -0.441329
   -0.437219
   -0.429973
   -0.436085
   -0.436300
   -0.437711
   -0.437785
   -0.442663
   -0.448539
   -0.454995
   -0.462374
   -0.419091
   -0.418225
   -0.415399
   -0.416663
   -0.415515
   -0.426073
   -0.426816
   -0.427554
   -0.416183
   -0.415393
   -0.407908
   -0.411049
   -0.409466
   -0.414628
   -0.418026
   -0.422129
   -0.441776
   -0.442219
   -0.437122
   -0.437749
   -0.443101
   -0.446856
   -0.442827
   -0.443245
   -0.439514
   -0.440009
   -0.442363
   -0.446874
   -0.447598
   -0.454826
   -0.462294
   -0.468918
   -0.407117
   -0.407929
   -0.413280
   -0.419930
   -0.438556
   -0.443602
   -0.439595
   -0.439725
   -0.426681
   -0.419461
   -0.421734
   -0.418060
   -0.414925
   -0.417724
   -0.429777
   -0.442223
   -0.442286
   -0.438720
   -0.436329
   -0.445165
   -0.452852
   -0.455067
   -0.450721
   -0.446641
   -0.444408
   -0.452786
   -0.461206
   -0.453443
   -0.449890
   -0.451991
   -0.468657
   -0.480353
   -0.414604
   -0.415158
   -0.418687
   -0.420619
   -0.430712
   -0.430730
   -0.422242
   -0.422932
   -0.415687
   -0.403400
   -0.390214
   -0.389439
   -0.377795
   -0.354982
   -0.342742
   -0.331224
   -0.446168
   -0.446146
   -0.456161
   -0.458619
   -0.458990
   -0.459976
   -0.461343
   -0.462308
   -0.450665
   -0.442590
   -0.430932
   -0.419571
   -0.397693
   -0.377206
   -0.354423
   -0.344498
   -0.406825
   -0.406053
   -0.416264
   -0.430180
   -0.431563
   -0.431892
   -0.429333
   -0.431456
   -0.437341
   -0.437291
   -0.433610
   -0.431205
   -0.408063
   -0.392093
   -0.379688
   -0.373604
   -0.453783
   -0.458258
   -0.463743
   -0.466017
   -0.467452
   -0.468409
   -0.463802
   -0.460302
   -0.469426
   -0.471533
   -0.463031
   -0.448865
   -0.435578
   -0.419868
   -0.403784
   -0.400531
   -0.403984
   -0.403374
   -0.404603
   -0.406075
   -0.411036
   -0.410577
   -0.410235
   -0.415975
   -0.440538
   -0.440805
   -0.432117
   -0.432923
   -0.431693
   -0.413057
   -0.410183
   -0.419725
   -0.443891
   -0.438472
   -0.433942
   -0.437411
   -0.440322
   -0.440396
   -0.436414
   -0.439372
   -0.457723
   -0.459528
   -0.447792
   -0.449578
   -0.451067
   -0.446851
   -0.442784
   -0.453617
   -0.398892
   -0.397433
   -0.402431
   -0.410161
   -0.423962
   -0.423554
   -0.415405
   -0.415862
   -0.431838
   -0.431491
   -0.433111
   -0.421874
   -0.429956
   -0.422593
   -0.433842
   -0.436324
   -0.446043
   -0.440117
   -0.439108
   -0.441848
   -0.440267
   -0.441009
   -0.435402
   -0.430548
   -0.435135
   -0.437533
   -0.437772
   -0.440862
   -0.446230
   -0.451110
   -0.462177
   -0.451089
   -0.413462
   -0.412030
   -0.408803
   -0.408307
   -0.413076
   -0.414326
   -0.414770
   -0.414705
   -0.416882
   -0.416054
   -0.409225
   -0.408313
   -0.410083
   -0.413809
   -0.420649
   -0.419447
   -0.439576
   -0.439186
   -0.433078
   -0.437703
   -0.442370
   -0.441763
   -0.435587
   -0.435917
   -0.435923
   -0.441001
   -0.440154
   -0.446316
   -0.448584
   -0.463729
   -0.470067
   -0.460162
   -0.403256
   -0.407369
   -0.411935
   -0.425918
   -0.436025
   -0.435843
   -0.430867
   -0.426493
   -0.412452
   -0.407273
   -0.412301
   -0.413126
   -0.412106
   -0.419434
   -0.441075
   -0.434433
   -0.440587
   -0.435611
   -0.436294
   -0.442147
   -0.444218
   -0.445125
   -0.440203
   -0.440093
   -0.439502
   -0.444249
   -0.449639
   -0.446998
   -0.447849
   -0.458646
   -0.478034
   -0.490992
   -0.424039
   -0.417307
   -0.415717
   -0.409840
   -0.413918
   -0.417358
   -0.418743
   -0.420905
   -0.414490
   -0.416588
   -0.414779
   -0.412873
   -0.423515
   -0.427162
   -0.433427
   -0.438405
   -0.441788
   -0.444834
   -0.451379
   -0.464504
   -0.474178
   -0.477729
   -0.477605
   -0.476922
   -0.457454
   -0.457441
   -0.454055
   -0.452180
   -0.457067
   -0.459107
   -0.468539
   -0.459072
   -0.418950
   -0.418936
   -0.420205
   -0.422082
   -0.425572
   -0.425752
   -0.424769
   -0.426221
   -0.422025
   -0.416475
   -0.424444
   -0.421000
   -0.421936
   -0.416748
   -0.418007
   -0.421943
   -0.443555
   -0.447713
   -0.453215
   -0.465882
   -0.472818
   -0.472948
   -0.473687
   -0.477033
   -0.466173
   -0.464871
   -0.467622
   -0.455209
   -0.465407
   -0.456856
   -0.447936
   -0.451499
   -0.416052
   -0.409407
   -0.408635
   -0.408054
   -0.409944
   -0.414370
   -0.414009
   -0.414398
   -0.398607
   -0.419527
   -0.425421
   -0.424619
   -0.430460
   -0.440438
   -0.429417
   -0.431316
   -0.454041
   -0.449849
   -0.445435
   -0.445381
   -0.449539
   -0.454231
   -0.449865
   -0.450606
   -0.450520
   -0.464560
   -0.474839
   -0.465154
   -0.475603
   -0.481846
   -0.479521
   -0.480484
   -0.409240
   -0.403129
   -0.403878
   -0.413032
   -0.421672
   -0.429948
   -0.420567
   -0.421054
   -0.415951
   -0.436302
   -0.437778
   -0.437949
   -0.425787
   -0.441307
   -0.435748
   -0.445064
   -0.455796
   -0.450733
   -0.450638
   -0.450196
   -0.454298
   -0.452941
   -0.449043
   -0.444296
   -0.456511
   -0.462030
   -0.461489
   -0.456470
   -0.457446
   -0.463760
   -0.470153
   -0.481467
   -0.419257
   -0.418614
   -0.417700
   -0.415907
   -0.415654
   -0.421907
   -0.421089
   -0.419339
   -0.422549
   -0.423385
   -0.415915
   -0.414890
   -0.416384
   -0.418962
   -0.425604
   -0.432482
   -0.449235
   -0.448665
   -0.442484
   -0.443955
   -0.449052
   -0.453071
   -0.447961
   -0.449029
   -0.448818
   -0.447834
   -0.450711
   -0.453938
   -0.458021
   -0.469541
   -0.476523
   -0.478699
   -0.412374
   -0.410796
   -0.413825
   -0.423235
   -0.437065
   -0.441296
   -0.435065
   -0.429556
   -0.421107
   -0.412846
   -0.411842
   -0.417509
   -0.416075
   -0.421355
   -0.434246
   -0.441875
   -0.452924
   -0.447687
   -0.447457
   -0.448821
   -0.453516
   -0.452066
   -0.446743
   -0.446283
   -0.445995
   -0.445916
   -0.450765
   -0.456994
   -0.451450
   -0.457899
   -0.471305
   -0.482993
   -0.425054
   -0.422021
   -0.418920
   -0.412961
   -0.412400
   -0.411271
   -0.416614
   -0.416246
   -0.417098
   -0.416849
   -0.418030
   -0.415974
   -0.416177
   -0.422981
   -0.430204
   -0.432357
   -0.445459
   -0.446560
   -0.451230
   -0.459721
   -0.468605
   -0.470043
   -0.470065
   -0.469341
   -0.457544
   -0.455086
   -0.456823
   -0.450474
   -0.448880
   -0.454971
   -0.463618
   -0.455333
   -0.420201
   -0.420454
   -0.421196
   -0.425855
   -0.425009
   -0.424868
   -0.423919
   -0.422344
   -0.421723
   -0.416608
   -0.417826
   -0.420431
   -0.415676
   -0.416425
   -0.415494
   -0.416506
   -0.447184
   -0.446608
   -0.455276
   -0.460446
   -0.468807
   -0.468543
   -0.468208
   -0.470012
   -0.466012
   -0.465086
   -0.466815
   -0.456347
   -0.453020
   -0.455547
   -0.448981
   -0.444345
   -0.423933
   -0.423757
   -0.432186
   -0.430291
   -0.432466
   -0.421409
   -0.419688
   -0.420528
   -0.423280
   -0.417306
   -0.438760
   -0.412018
   -0.438385
   -0.413026
   -0.432274
   -0.423625
   -0.439500
   -0.439131
   -0.447536
   -0.455720
   -0.450554
   -0.455226
   -0.458517
   -0.458591
   -0.455496
   -0.443602
   -0.464587
   -0.431121
   -0.437722
   -0.414483
   -0.429720
   -0.410531
   -0.421356
   -0.414468
   -0.416885
   -0.412896
   -0.408021
   -0.403886
   -0.404151
   -0.402304
   -0.411920
   -0.404031
   -0.407795
   -0.396331
   -0.397797
   -0.389376
   -0.388024
   -0.372928
   -0.457554
   -0.456720
   -0.454740
   -0.446454
   -0.436684
   -0.426610
   -0.421940
   -0.420022
   -0.445381
   -0.427493
   -0.427013
   -0.417725
   -0.420765
   -0.407281
   -0.395454
   -0.372630
   -0.424849
   -0.422577
   -0.421162
   -0.420743
   -0.418743
   -0.427949
   -0.428722
   -0.428658
   -0.426005
   -0.430167
   -0.432059
   -0.432596
   -0.425455
   -0.429334
   -0.438388
   -0.444494
   -0.448390
   -0.447553
   -0.441565
   -0.440456
   -0.445408
   -0.449510
   -0.444557
   -0.443901
   -0.458150
   -0.459685
   -0.461773
   -0.462769
   -0.466398
   -0.468858
   -0.476456
   -0.482125
   -0.416263
   -0.414885
   -0.417249
   -0.429229
   -0.438007
   -0.443402
   -0.437881
   -0.433034
   -0.417118
   -0.418731
   -0.414622
   -0.419856
   -0.421337
   -0.432556
   -0.437804
   -0.444445
   -0.452571
   -0.446003
   -0.445336
   -0.444354
   -0.448904
   -0.448457
   -0.444521
   -0.444060
   -0.442501
   -0.441368
   -0.438307
   -0.444138
   -0.445773
   -0.447431
   -0.463175
   -0.473736
   -0.421290
   -0.418368
   -0.414380
   -0.409517
   -0.408364
   -0.409063
   -0.414356
   -0.414037
   -0.414220
   -0.415372
   -0.415489
   -0.415168
   -0.413789
   -0.422347
   -0.428475
   -0.430007
   -0.436510
   -0.438933
   -0.443591
   -0.449735
   -0.459206
   -0.460898
   -0.460787
   -0.459121
   -0.458331
   -0.448786
   -0.450922
   -0.450653
   -0.446044
   -0.451441
   -0.458687
   -0.457813
   -0.417504
   -0.418939
   -0.418618
   -0.424142
   -0.424412
   -0.425139
   -0.425859
   -0.425401
   -0.419553
   -0.418398
   -0.414999
   -0.419606
   -0.419573
   -0.415281
   -0.417081
   -0.416089
   -0.436425
   -0.437696
   -0.445865
   -0.448504
   -0.458881
   -0.458560
   -0.459753
   -0.461677
   -0.464253
   -0.462193
   -0.464748
   -0.461587
   -0.454266
   -0.451261
   -0.453810
   -0.449755
   -0.422013
   -0.422665
   -0.431920
   -0.432068
   -0.433089
   -0.423798
   -0.423226
   -0.424043
   -0.423157
   -0.417385
   -0.427187
   -0.419986
   -0.422623
   -0.429045
   -0.422919
   -0.433555
   -0.433041
   -0.432866
   -0.443285
   -0.451134
   -0.452490
   -0.459737
   -0.464729
   -0.465030
   -0.462037
   -0.447776
   -0.453429
   -0.443675
   -0.434388
   -0.427224
   -0.425347
   -0.429995
   -0.418593
   -0.413884
   -0.413315
   -0.411635
   -0.411239
   -0.411609
   -0.410275
   -0.409330
   -0.413506
   -0.412944
   -0.414313
   -0.413348
   -0.404843
   -0.408233
   -0.396004
   -0.393447
   -0.449517
   -0.451623
   -0.449408
   -0.446521
   -0.446440
   -0.442058
   -0.437615
   -0.435691
   -0.441990
   -0.441570
   -0.432269
   -0.436465
   -0.424283
   -0.427771
   -0.404517
   -0.388866
   -0.391186
   -0.410910
   -0.399277
   -0.402138
   -0.407466
   -0.412657
   -0.401917
   -0.410995
   -0.413349
   -0.414349
   -0.422112
   -0.412571
   -0.392982
   -0.408565
   -0.393376
   -0.396770
   -0.421022
   -0.424598
   -0.408716
   -0.407743
   -0.390180
   -0.385470
   -0.378132
   -0.378318
   -0.401719
   -0.417550
   -0.426882
   -0.409576
   -0.401061
   -0.426895
   -0.407134
   -0.404403
   -0.412407
   -0.404512
   -0.409965
   -0.407702
   -0.408139
   -0.418903
   -0.423699
   -0.413814
   -0.414708
   -0.419283
   -0.392784
   -0.405874
   -0.375711
   -0.404214
   -0.403362
   -0.397642
   -0.427759
   -0.420678
   -0.425707
   -0.423562
   -0.398347
   -0.401543
   -0.402600
   -0.373441
   -0.425551
   -0.434935
   -0.419056
   -0.436450
   -0.410993
   -0.413626
   -0.415378
   -0.424063
   -0.411782
   -0.414791
   -0.414951
   -0.415437
   -0.414755
   -0.415420
   -0.415268
   -0.415296
   -0.401671
   -0.399151
   -0.397752
   -0.399071
   -0.395824
   -0.393532
   -0.395832
   -0.395630
   -0.401674
   -0.402151
   -0.402384
   -0.402444
   -0.402466
   -0.402315
   -0.402408
   -0.402234
   -0.402637
   -0.400382
   -0.398061
   -0.399940
   -0.397801
   -0.396031
   -0.395945
   -0.396584
   -0.411968
   -0.414363
   -0.414598
   -0.415251
   -0.415076
   -0.414801
   -0.415487
   -0.414991
   -0.401047
   -0.395009
   -0.394286
   -0.395756
   -0.396835
   -0.393796
   -0.394103
   -0.395726
   -0.402093
   -0.403129
   -0.403239
   -0.403456
   -0.403502
   -0.403997
   -0.403815
   -0.404563
   -0.392327
   -0.390803
   -0.390339
   -0.393013
   -0.392402
   -0.389678
   -0.389649
   -0.390074
   -0.405852
   -0.403208
   -0.402984
   -0.404542
   -0.402618
   -0.398880
   -0.401912
   -0.407667
   -0.411586
   -0.407957
   -0.416185
   -0.411440
   -0.415204
   -0.408579
   -0.410943
   -0.407540
   -0.396818
   -0.395549
   -0.397120
   -0.396749
   -0.396661
   -0.396556
   -0.396833
   -0.393731
   -0.408759
   -0.407966
   -0.411233
   -0.405660
   -0.410055
   -0.403398
   -0.403400
   -0.402660
   -0.403696
   -0.403042
   -0.402325
   -0.400064
   -0.398619
   -0.399325
   -0.401583
   -0.402720
   -0.406276
   -0.405028
   -0.406941
   -0.405713
   -0.406275
   -0.402066
   -0.401696
   -0.396826
   -0.394406
   -0.395410
   -0.396285
   -0.393738
   -0.393959
   -0.399800
   -0.402166
   -0.400209
   -0.413218
   -0.414636
   -0.411378
   -0.408911
   -0.412181
   -0.409311
   -0.406676
   -0.405380
   -0.405021
   -0.400772
   -0.399321
   -0.403975
   -0.406736
   -0.406000
   -0.402211
   -0.401563
   -0.402106
   -0.401218
   -0.398444
   -0.400993
   -0.399902
   -0.399539
   -0.402511
   -0.400027
   -0.392554
   -0.390247
   -0.392284
   -0.396679
   -0.394840
   -0.393053
   -0.394040
   -0.394730
   -0.406868
   -0.410927
   -0.406951
   -0.407821
   -0.407532
   -0.405279
   -0.407100
   -0.407353
   -0.403862
   -0.402352
   -0.401946
   -0.403715
   -0.402866
   -0.402209
   -0.405092
   -0.409036
   -0.403680
   -0.406036
   -0.404939
   -0.406893
   -0.408979
   -0.404561
   -0.413119
   -0.410669
   -0.393902
   -0.395450
   -0.395099
   -0.393582
   -0.392667
   -0.392768
   -0.392640
   -0.392012
   -0.407965
   -0.412288
   -0.406438
   -0.410471
   -0.419764
   -0.409986
   -0.417684
   -0.419561
   -0.389595
   -0.395379
   -0.390571
   -0.396617
   -0.407256
   -0.417104
   -0.422218
   -0.423478
   -0.413255
   -0.402680
   -0.383884
   -0.412495
   -0.425801
   -0.426574
   -0.425815
   -0.443678
   -0.400277
   -0.401738
   -0.400703
   -0.410673
   -0.438616
   -0.455876
   -0.458871
   -0.464743
   -0.413682
   -0.448606
   -0.423316
   -0.432563
   -0.437494
   -0.467083
   -0.479303
   -0.464266
   -0.410722
   -0.413726
   -0.403343
   -0.413031
   -0.425267
   -0.441521
   -0.442995
   -0.446330
   -0.415264
   -0.450986
   -0.445054
   -0.449616
   -0.452054
   -0.479824
   -0.491841
   -0.516844
   -0.403063
   -0.405192
   -0.407700
   -0.442493
   -0.471869
   -0.502670
   -0.510144
   -0.510348
   -0.483937
   -0.510404
   -0.512721
   -0.533702
   -0.524729
   -0.521385
   -0.549046
   -0.597268
   -0.403370
   -0.421231
   -0.421297
   -0.421804
   -0.422247
   -0.421285
   -0.420749
   -0.421014
   -0.420584
   -0.419538
   -0.418833
   -0.418054
   -0.419388
   -0.418572
   -0.416878
   -0.415823
   -0.421695
   -0.421616
   -0.423002
   -0.423094
   -0.422568
   -0.421920
   -0.422821
   -0.422924
   -0.420559
   -0.424643
   -0.424473
   -0.423642
   -0.422517
   -0.422148
   -0.420413
   -0.419096
   -0.408931
   -0.422223
   -0.422040
   -0.421109
   -0.419789
   -0.419189
   -0.419835
   -0.420792
   -0.420880
   -0.422796
   -0.422849
   -0.421413
   -0.420731
   -0.420016
   -0.419103
   -0.416253
   -0.413081
   -0.422486
   -0.422942
   -0.423036
   -0.422590
   -0.422526
   -0.423062
   -0.423038
   -0.422332
   -0.427590
   -0.427770
   -0.425575
   -0.425030
   -0.425593
   -0.423025
   -0.420390
   -0.429363
   -0.428152
   -0.426123
   -0.427784
   -0.429370
   -0.427386
   -0.416854
   -0.414141
   -0.427808
   -0.413911
   -0.424422
   -0.412657
   -0.430624
   -0.410840
   -0.428642
   -0.415956
   -0.435956
   -0.427812
   -0.427141
   -0.435207
   -0.432962
   -0.425571
   -0.426400
   -0.426210
   -0.425527
   -0.430949
   -0.431129
   -0.425144
   -0.430839
   -0.429278
   -0.437071
   -0.434168
   -0.425134
   -0.423548
   -0.423827
   -0.415432
   -0.410028
   -0.409787
   -0.405037
   -0.405261
   -0.423560
   -0.425720
   -0.415372
   -0.426625
   -0.413121
   -0.426428
   -0.410635
   -0.421866
   -0.436376
   -0.433573
   -0.434902
   -0.445650
   -0.438997
   -0.437529
   -0.431996
   -0.428485
   -0.417030
   -0.423447
   -0.408860
   -0.428832
   -0.406972
   -0.430483
   -0.410418
   -0.426098
   -0.421592
   -0.421265
   -0.413787
   -0.409032
   -0.399713
   -0.402840
   -0.403291
   -0.401489
   -0.409892
   -0.416772
   -0.388571
   -0.410759
   -0.413991
   -0.433891
   -0.416566
   -0.426399
   -0.435163
   -0.436138
   -0.430352
   -0.436538
   -0.431001
   -0.434800
   -0.432321
   -0.430881
   -0.432919
   -0.436056
   -0.432848
   -0.433431
   -0.426553
   -0.451269
   -0.458695
   -0.449742
   -0.426069
   -0.427470
   -0.424410
   -0.425152
   -0.416732
   -0.413255
   -0.418822
   -0.422690
   -0.413938
   -0.416323
   -0.434238
   -0.416079
   -0.442340
   -0.428450
   -0.465878
   -0.475871
   -0.433164
   -0.427783
   -0.421193
   -0.431633
   -0.430339
   -0.430124
   -0.430774
   -0.436429
   -0.476312
   -0.468667
   -0.498584
   -0.475668
   -0.520371
   -0.479267
   -0.518940
   -0.542234
   -0.454331
   -0.430186
   -0.430733
   -0.426241
   -0.471081
   -0.478211
   -0.488902
   -0.498045
   -0.424549
   -0.461032
   -0.429401
   -0.458403
   -0.479162
   -0.450933
   -0.468922
   -0.471810
   -0.517093
   -0.480533
   -0.474877
   -0.459918
   -0.577849
   -0.610884
   -0.599683
   -0.612471
   -0.526673
   -0.561877
   -0.475875
   -0.563657
   -0.545144
   -0.532784
   -0.587728
   -0.556230
   -0.461723
   -0.448506
   -0.432840
   -0.429119
   -0.448487
   -0.454574
   -0.461586
   -0.481728
   -0.441663
   -0.451008
   -0.441164
   -0.402726
   -0.459696
   -0.451629
   -0.447608
   -0.455644
   -0.513090
   -0.496997
   -0.486645
   -0.515119
   -0.559657
   -0.575201
   -0.594779
   -0.590070
   -0.514345
   -0.498513
   -0.517776
   -0.476832
   -0.445228
   -0.505210
   -0.486828
   -0.455839
   -0.461572
   -0.462498
   -0.462458
   -0.462244
   -0.462450
   -0.462305
   -0.462400
   -0.462367
   -0.476973
   -0.477872
   -0.478458
   -0.469687
   -0.479065
   -0.483995
   -0.479290
   -0.479353
   -0.548471
   -0.548156
   -0.548137
   -0.547925
   -0.548137
   -0.548059
   -0.548133
   -0.548007
   -0.548580
   -0.553901
   -0.558983
   -0.554143
   -0.555058
   -0.559776
   -0.560008
   -0.555674
   -0.466077
   -0.466743
   -0.466688
   -0.466543
   -0.466724
   -0.466859
   -0.466587
   -0.466655
   -0.464677
   -0.491488
   -0.487646
   -0.478846
   -0.478638
   -0.492097
   -0.492216
   -0.470931
   -0.538301
   -0.538701
   -0.538831
   -0.538544
   -0.538754
   -0.538406
   -0.538596
   -0.538184
   -0.545455
   -0.554633
   -0.554855
   -0.541574
   -0.541873
   -0.555221
   -0.555443
   -0.543026
   -0.460332
   -0.480092
   -0.477539
   -0.467522
   -0.484701
   -0.505738
   -0.478191
   -0.434433
   -0.476814
   -0.495429
   -0.446753
   -0.473160
   -0.450923
   -0.487786
   -0.479464
   -0.487528
   -0.527058
   -0.533669
   -0.533417
   -0.548102
   -0.549206
   -0.541867
   -0.545681
   -0.569680
   -0.547552
   -0.552653
   -0.524006
   -0.558268
   -0.516430
   -0.559582
   -0.561180
   -0.560132
   -0.474087
   -0.484186
   -0.488547
   -0.496622
   -0.488715
   -0.479795
   -0.465415
   -0.464960
   -0.457096
   -0.478047
   -0.451679
   -0.467479
   -0.448988
   -0.482577
   -0.461541
   -0.497379
   -0.545177
   -0.542095
   -0.544662
   -0.575337
   -0.571295
   -0.526256
   -0.508156
   -0.524267
   -0.544391
   -0.538643
   -0.548094
   -0.575728
   -0.529043
   -0.562297
   -0.554358
   -0.563145
   -0.454183
   -0.491018
   -0.506406
   -0.473766
   -0.445386
   -0.448404
   -0.472151
   -0.477958
   -0.450728
   -0.459302
   -0.461922
   -0.459171
   -0.474784
   -0.491195
   -0.440054
   -0.475666
   -0.560095
   -0.577670
   -0.559029
   -0.528781
   -0.529785
   -0.553259
   -0.546080
   -0.542437
   -0.557933
   -0.520201
   -0.549900
   -0.545783
   -0.536150
   -0.563240
   -0.543298
   -0.547070
   -0.468291
   -0.476942
   -0.475846
   -0.457398
   -0.461275
   -0.464606
   -0.446308
   -0.419858
   -0.459174
   -0.447571
   -0.471654
   -0.438092
   -0.444309
   -0.469748
   -0.429035
   -0.452956
   -0.560302
   -0.545897
   -0.529822
   -0.544138
   -0.541658
   -0.537793
   -0.533808
   -0.538743
   -0.524496
   -0.486223
   -0.546912
   -0.511610
   -0.473064
   -0.515670
   -0.479756
   -0.478932
   -0.454632
   -0.436073
   -0.456178
   -0.440406
   -0.437733
   -0.383436
   -0.380104
   -0.382151
   -0.455810
   -0.415714
   -0.484544
   -0.436525
   -0.437686
   -0.414052
   -0.375233
   -0.282761
   -0.504829
   -0.496212
   -0.509602
   -0.505549
   -0.419516
   -0.369700
   -0.359911
   -0.388035
   -0.535132
   -0.449849
   -0.526463
   -0.454607
   -0.450680
   -0.451188
   -0.375551
   -0.290124
   -0.447113
   -0.407283
   -0.480455
   -0.372257
   -0.309763
   -0.200114
   -0.201152
   -0.181466
   -0.344683
   -0.210637
   -0.258753
   -0.112357
   -0.117806
   -0.022818
    0.035150
    0.240846
   -0.501884
   -0.492896
   -0.569888
   -0.396859
   -0.267542
   -0.181190
   -0.180440
   -0.179980
   -0.370249
   -0.176470
   -0.262773
   -0.117341
   -0.071262
   -0.034614
    0.112339
    0.285875
   -0.433733
   -0.431594
   -0.431488
   -0.431387
   -0.431198
   -0.431526
   -0.431740
   -0.431592
   -0.437497
   -0.437719
   -0.438014
   -0.437088
   -0.437794
   -0.438486
   -0.438638
   -0.438879
   -0.470536
   -0.470271
   -0.470087
   -0.469808
   -0.470203
   -0.470231
   -0.470089
   -0.469916
   -0.474933
   -0.474897
   -0.475575
   -0.475230
   -0.475659
   -0.476228
   -0.476886
   -0.476708
   -0.433378
   -0.431803
   -0.431817
   -0.432167
   -0.432606
   -0.432773
   -0.432625
   -0.432219
   -0.435718
   -0.438230
   -0.437743
   -0.437018
   -0.437383
   -0.439121
   -0.439565
   -0.437605
   -0.462239
   -0.460697
   -0.460773
   -0.460542
   -0.460871
   -0.460751
   -0.460695
   -0.460610
   -0.469574
   -0.469750
   -0.469752
   -0.468790
   -0.469019
   -0.470418
   -0.471314
   -0.470494
   -0.388684
   -0.415901
   -0.432411
   -0.418446
   -0.420162
   -0.418477
   -0.408741
   -0.399947
   -0.436060
   -0.427338
   -0.437460
   -0.420908
   -0.428660
   -0.435422
   -0.415870
   -0.422299
   -0.445177
   -0.476000
   -0.476457
   -0.452134
   -0.461240
   -0.477935
   -0.474242
   -0.464294
   -0.470121
   -0.473802
   -0.479059
   -0.487645
   -0.482106
   -0.487154
   -0.453264
   -0.445078
   -0.403162
   -0.421151
   -0.421671
   -0.423635
   -0.427582
   -0.422331
   -0.413302
   -0.413094
   -0.405669
   -0.407528
   -0.406022
   -0.422871
   -0.418510
   -0.440929
   -0.449084
   -0.455408
   -0.455408
   -0.472029
   -0.455923
   -0.457906
   -0.462874
   -0.441373
   -0.436082
   -0.471637
   -0.491978
   -0.473802
   -0.493392
   -0.493711
   -0.474459
   -0.483318
   -0.501501
   -0.483824
   -0.413889
   -0.442915
   -0.437696
   -0.418012
   -0.436968
   -0.424020
   -0.405913
   -0.423281
   -0.431882
   -0.390018
   -0.436031
   -0.432462
   -0.417446
   -0.433181
   -0.438040
   -0.411655
   -0.477936
   -0.483778
   -0.470414
   -0.458046
   -0.467216
   -0.448732
   -0.423530
   -0.431654
   -0.474601
   -0.436397
   -0.477595
   -0.481034
   -0.438911
   -0.505014
   -0.468266
   -0.437045
   -0.423179
   -0.423709
   -0.415711
   -0.400825
   -0.406592
   -0.403121
   -0.346527
   -0.297200
   -0.353034
   -0.326303
   -0.335231
   -0.354314
   -0.197935
   -0.289528
   -0.118029
   -0.060696
   -0.445461
   -0.473630
   -0.480967
   -0.447741
   -0.422694
   -0.426280
   -0.388247
   -0.350584
   -0.389776
   -0.357470
   -0.343319
   -0.392539
   -0.161811
   -0.313296
   -0.074718
   -0.008935
   -0.180225
   -0.269118
   -0.291731
   -0.311372
    0.159909
    0.229113
    0.264236
    0.215276
   -0.247298
    0.048774
   -0.200152
    0.033677
   -0.000632
   -0.089197
    0.100468
    0.123867
   -0.169978
   -0.281784
   -0.291798
   -0.317989
    0.205915
    0.294886
    0.332165
    0.309904
   -0.221069
    0.016667
   -0.202415
    0.066268
    0.039997
   -0.054321
    0.145058
    0.149921
   -0.016969
   -0.126200
   -0.265396
   -0.016895
    0.175196
    0.250259
    0.209149
    0.177038
   -0.020935
   -0.083778
   -0.031609
   -0.033002
    0.049099
    0.074668
    0.017756
    0.195891
   -0.033120
   -0.158532
   -0.305710
   -0.033453
    0.240796
    0.285434
    0.300534
    0.300816
    0.044264
   -0.020082
    0.002670
   -0.024813
    0.068788
    0.125687
    0.118956
    0.320343
