    0.065926
    0.025381
    0.054287
    0.117481
    0.129570
    0.127584
    0.047121
   -0.174640
   -0.173351
   -0.110603
   -0.135271
   -0.081670
   -0.068856
   -0.148893
   -0.115395
   -0.021040
    0.111350
    0.046077
    0.048252
    0.088426
    0.178041
    0.141377
    0.084453
   -0.196904
   -0.161703
   -0.135126
   -0.129639
   -0.079116
   -0.074995
   -0.129141
   -0.085923
    0.028244
    0.153900
    0.070292
    0.036977
    0.056604
    0.150359
    0.129285
    0.132923
   -0.164874
   -0.084667
   -0.146368
   -0.138884
   -0.135263
   -0.121085
   -0.118042
   -0.057352
   -0.051451
    0.181328
    0.079162
    0.023545
    0.031125
    0.165071
    0.133925
    0.162822
   -0.167555
   -0.071172
   -0.158371
   -0.132412
   -0.144253
   -0.111203
   -0.091468
   -0.025142
   -0.090312
    0.096412
    0.034811
    0.001092
    0.030731
    0.088753
    0.104357
    0.108987
   -0.039544
   -0.096388
   -0.162522
   -0.156390
   -0.082032
   -0.134986
   -0.067998
   -0.029039
    0.014972
    0.086011
    0.055418
    0.046320
    0.076328
    0.107121
    0.123599
    0.128874
   -0.043862
   -0.101901
   -0.161958
   -0.172047
   -0.113526
   -0.089724
   -0.050929
   -0.031245
   -0.000144
    0.035398
    0.035098
    0.035938
    0.061289
    0.060834
    0.099207
    0.106084
   -0.069479
   -0.107795
   -0.121022
   -0.108262
   -0.060676
   -0.143303
   -0.053656
    0.024476
   -0.094345
    0.009514
    0.049684
    0.068625
    0.089603
    0.099309
    0.142574
    0.129213
   -0.080811
   -0.126245
   -0.131749
   -0.143640
   -0.122042
   -0.095564
   -0.029823
   -0.014975
   -0.119391
    0.035088
    0.068678
    0.071956
    0.061006
    0.065300
    0.103793
    0.090310
   -0.096008
   -0.100457
   -0.082308
   -0.075310
   -0.072065
   -0.097377
   -0.128495
   -0.085630
   -0.328060
    0.033071
    0.058599
    0.063532
    0.047739
    0.117353
    0.126949
    0.094436
   -0.086002
   -0.099212
   -0.107006
   -0.112781
   -0.112695
   -0.097366
   -0.141073
   -0.114864
   -0.387116
    0.125598
    0.127518
    0.113400
    0.085115
    0.100907
    0.080332
    0.061704
   -0.072826
   -0.071153
   -0.069176
   -0.090513
   -0.084778
   -0.064691
   -0.179402
   -0.442863
   -0.425709
    0.139626
    0.136087
    0.124839
    0.098283
    0.128831
    0.090523
    0.063737
   -0.055833
   -0.055263
   -0.082357
   -0.109007
   -0.090798
   -0.080637
   -0.200300
   -0.436623
   -0.479112
    0.150085
    0.108072
    0.071287
    0.066608
    0.059214
    0.012901
   -0.005434
   -0.102933
   -0.055933
   -0.060964
   -0.107010
   -0.102417
   -0.222805
   -0.358975
   -0.449138
   -0.431992
    0.190300
    0.159950
    0.125332
    0.111695
    0.060627
    0.034654
    0.002819
   -0.109654
   -0.060462
   -0.058220
   -0.100188
   -0.110952
   -0.263637
   -0.391726
   -0.481932
   -0.474833
    0.188377
    0.158365
    0.103739
    0.074858
    0.025721
    0.011610
   -0.022607
   -0.153900
   -0.110547
   -0.117698
   -0.170635
   -0.206686
   -0.331355
   -0.375260
   -0.417175
   -0.445393
    0.189585
    0.188614
    0.135717
    0.106725
    0.046506
    0.032048
   -0.011655
   -0.166095
   -0.126759
   -0.117576
   -0.176196
   -0.243041
   -0.402969
   -0.431714
   -0.488024
   -0.509836
    0.040197
    0.040519
    0.110121
    0.134743
    0.137935
   -0.037330
   -0.147265
   -0.148984
   -0.142733
   -0.144260
   -0.111001
   -0.110946
   -0.105221
   -0.090199
   -0.043981
   -0.046058
    0.039541
    0.031287
    0.115607
    0.171363
    0.173065
   -0.008608
   -0.087045
   -0.154858
   -0.137560
   -0.164267
   -0.122824
   -0.115429
   -0.077153
   -0.054680
   -0.047555
   -0.029211
    0.032987
    0.018726
    0.089116
    0.130977
    0.145616
    0.028006
   -0.079490
   -0.138083
   -0.175297
   -0.113395
   -0.144439
   -0.095541
   -0.062503
   -0.013585
    0.018798
   -0.150746
    0.031860
    0.038527
    0.104476
    0.134586
    0.146541
    0.054515
   -0.046922
   -0.152778
   -0.189953
   -0.116478
   -0.154923
   -0.091968
   -0.025761
   -0.001638
    0.027571
   -0.140523
    0.055328
    0.034593
    0.048544
    0.089474
    0.148483
    0.064303
   -0.078047
   -0.118019
   -0.133619
   -0.173124
   -0.139842
   -0.100391
   -0.050505
   -0.025556
   -0.196505
   -0.335210
    0.089830
    0.072833
    0.101909
    0.164182
    0.191276
    0.049966
   -0.080344
   -0.120570
   -0.159734
   -0.202721
   -0.128807
   -0.065932
   -0.015831
    0.009488
   -0.160512
   -0.348395
    0.087198
    0.053386
    0.056026
    0.109253
    0.150766
    0.005290
   -0.085729
   -0.084330
   -0.144871
   -0.109366
   -0.098461
   -0.101290
   -0.099640
   -0.232306
   -0.376296
   -0.405377
    0.092935
    0.074486
    0.101207
    0.151495
    0.161306
    0.005166
   -0.076591
   -0.090005
   -0.160907
   -0.130016
   -0.123828
   -0.101733
   -0.041481
   -0.239889
   -0.429982
   -0.430730
    0.106799
    0.077466
    0.082686
    0.087783
    0.100300
   -0.018907
   -0.043886
   -0.092076
   -0.096201
   -0.105172
   -0.073718
   -0.079971
   -0.305311
   -0.426915
   -0.393060
   -0.437140
    0.134288
    0.102946
    0.113490
    0.100306
    0.101068
   -0.002568
   -0.048713
   -0.097974
   -0.104393
   -0.115453
   -0.075821
   -0.085241
   -0.290884
   -0.457210
   -0.493437
   -0.523526
    0.105488
    0.077203
    0.057435
    0.014028
    0.018328
   -0.056529
   -0.104428
   -0.047914
   -0.090274
   -0.105523
   -0.136725
   -0.235223
   -0.402894
   -0.465328
   -0.479314
   -0.482246
    0.156805
    0.121680
    0.087840
    0.047576
    0.035580
   -0.060141
   -0.114008
   -0.041351
   -0.094733
   -0.121515
   -0.142496
   -0.273918
   -0.451242
   -0.470334
   -0.502527
   -0.547354
    0.130110
    0.096892
    0.057831
    0.010805
    0.026384
   -0.116653
   -0.145692
   -0.110303
   -0.161179
   -0.123260
   -0.254256
   -0.406574
   -0.412747
   -0.463451
   -0.488295
   -0.477229
    0.150027
    0.124440
    0.069312
    0.015691
    0.022657
   -0.119361
   -0.159281
   -0.116833
   -0.150297
   -0.162769
   -0.311857
   -0.477197
   -0.511066
   -0.569757
   -0.580630
   -0.549393
    0.151774
    0.128561
    0.071915
    0.014961
   -0.041989
   -0.173377
   -0.216225
   -0.204664
   -0.176189
   -0.340941
   -0.425461
   -0.430444
   -0.451785
   -0.446429
   -0.462302
   -0.477450
    0.147275
    0.145978
    0.108369
    0.035432
   -0.048176
   -0.164864
   -0.219786
   -0.203292
   -0.182016
   -0.366455
   -0.447618
   -0.494380
   -0.587009
   -0.558436
   -0.545389
   -0.538066
    0.030758
    0.099835
    0.125340
    0.075870
   -0.068949
   -0.139030
   -0.137138
   -0.103878
   -0.093023
   -0.106585
   -0.053650
   -0.017594
   -0.034768
    0.021305
   -0.156200
   -0.348608
    0.017380
    0.092065
    0.137955
    0.111240
   -0.076869
   -0.132018
   -0.158327
   -0.123246
   -0.097698
   -0.097132
   -0.012659
    0.023512
   -0.006775
    0.013083
   -0.174082
   -0.425567
    0.003889
    0.044639
    0.107285
    0.108086
   -0.062326
   -0.107202
   -0.125926
   -0.103058
   -0.131267
   -0.082867
   -0.038212
    0.015880
    0.052438
   -0.153730
   -0.357611
   -0.419268
    0.028511
    0.106906
    0.172270
    0.132963
   -0.073722
   -0.117977
   -0.155163
   -0.138485
   -0.129242
   -0.066331
   -0.023607
    0.066543
    0.021964
   -0.190227
   -0.373177
   -0.444242
    0.023865
    0.029236
    0.085768
    0.064323
   -0.063218
   -0.104007
   -0.141839
   -0.137137
   -0.085272
   -0.044793
   -0.084760
   -0.127613
   -0.333476
   -0.366293
   -0.427063
   -0.472756
    0.047825
    0.079249
    0.130707
    0.091118
   -0.096295
   -0.129457
   -0.160979
   -0.133868
   -0.090149
   -0.047763
   -0.012675
   -0.084002
   -0.332727
   -0.378716
   -0.453787
   -0.502577
    0.053936
    0.057318
    0.092819
    0.078290
   -0.042908
   -0.087718
   -0.125327
   -0.094060
   -0.079216
   -0.075581
   -0.155010
   -0.346252
   -0.367194
   -0.397222
   -0.443791
   -0.442854
    0.089181
    0.083352
    0.096657
    0.084956
   -0.058899
   -0.114635
   -0.125158
   -0.081472
   -0.060355
   -0.053700
   -0.116001
   -0.322786
   -0.398728
   -0.457615
   -0.512699
   -0.502403
    0.060070
    0.016135
    0.002581
    0.001646
   -0.111301
   -0.129907
   -0.088538
   -0.073482
   -0.118985
   -0.160275
   -0.288479
   -0.409357
   -0.412409
   -0.428703
   -0.435530
   -0.418779
    0.100482
    0.044015
    0.018679
   -0.016029
   -0.109262
   -0.123774
   -0.084241
   -0.093262
   -0.116569
   -0.158194
   -0.307176
   -0.374603
   -0.499441
   -0.518387
   -0.516955
   -0.460309
    0.045631
   -0.017257
   -0.035737
   -0.077734
   -0.157149
   -0.144842
   -0.138470
   -0.135064
   -0.169285
   -0.318315
   -0.403682
   -0.424148
   -0.469417
   -0.459632
   -0.423707
   -0.426531
    0.047988
   -0.015272
   -0.033875
   -0.087673
   -0.182164
   -0.157390
   -0.161330
   -0.161060
   -0.202727
   -0.366932
   -0.432935
   -0.470906
   -0.517454
   -0.502618
   -0.459468
   -0.432310
    0.077089
    0.012300
   -0.029987
   -0.138512
   -0.178771
   -0.171531
   -0.159438
   -0.206272
   -0.362085
   -0.422644
   -0.400415
   -0.419787
   -0.450998
   -0.432706
   -0.417977
   -0.410872
    0.082025
    0.020653
   -0.051221
   -0.180170
   -0.196182
   -0.210380
   -0.177317
   -0.234877
   -0.388533
   -0.443341
   -0.490660
   -0.527952
   -0.477799
   -0.461295
   -0.436730
   -0.434729
    0.049189
   -0.010597
   -0.076304
   -0.211446
   -0.248800
   -0.240986
   -0.242527
   -0.364060
   -0.443291
   -0.449599
   -0.432858
   -0.395988
   -0.436537
   -0.425697
   -0.412615
   -0.405986
    0.094159
    0.017266
   -0.056303
   -0.215382
   -0.257241
   -0.238564
   -0.271434
   -0.380391
   -0.434265
   -0.473498
   -0.500863
   -0.484827
   -0.453616
   -0.442501
   -0.428972
   -0.420933
    0.103760
    0.079910
    0.012326
   -0.092241
   -0.123067
   -0.113204
   -0.087787
   -0.085852
   -0.095601
    0.029503
   -0.039434
    0.025830
   -0.208302
   -0.361611
   -0.409955
   -0.449833
    0.109665
    0.114622
    0.027751
   -0.129199
   -0.151089
   -0.132971
   -0.107223
   -0.102070
   -0.070097
    0.043276
    0.034248
    0.017691
   -0.217292
   -0.368493
   -0.496835
   -0.539348
    0.099016
    0.098227
    0.008720
   -0.103331
   -0.121026
   -0.117629
   -0.074609
   -0.075011
   -0.047258
   -0.089955
    0.025787
   -0.158493
   -0.357663
   -0.387504
   -0.460122
   -0.443829
    0.102913
    0.097983
   -0.002908
   -0.121534
   -0.154381
   -0.148552
   -0.102393
   -0.055955
    0.020328
   -0.102380
    0.071373
   -0.214041
   -0.404005
   -0.427396
   -0.547018
   -0.477181
    0.066832
    0.079681
    0.001567
   -0.067049
   -0.129725
   -0.123760
   -0.150489
   -0.040469
   -0.090490
   -0.008450
   -0.304863
   -0.359226
   -0.459202
   -0.465765
   -0.447152
   -0.431937
    0.039730
    0.074667
   -0.010914
   -0.083668
   -0.140292
   -0.141964
   -0.141341
   -0.028729
   -0.103207
   -0.049900
   -0.316685
   -0.414450
   -0.497982
   -0.506091
   -0.489133
   -0.467344
    0.018934
    0.062883
   -0.023887
   -0.083635
   -0.096471
   -0.117008
   -0.070619
   -0.127062
   -0.044908
   -0.342654
   -0.353963
   -0.450657
   -0.439887
   -0.423514
   -0.407174
   -0.403819
   -0.011170
    0.011516
   -0.099310
   -0.118161
   -0.121194
   -0.106051
   -0.069284
   -0.154561
   -0.059191
   -0.340298
   -0.351746
   -0.504937
   -0.489152
   -0.466512
   -0.444869
   -0.444544
   -0.031941
   -0.033574
   -0.137159
   -0.100047
   -0.141956
   -0.074103
   -0.207816
   -0.103904
   -0.355761
   -0.347361
   -0.456521
   -0.477193
   -0.431179
   -0.416036
   -0.420913
   -0.415026
   -0.035127
   -0.050055
   -0.168703
   -0.125548
   -0.144904
   -0.082145
   -0.178200
   -0.110889
   -0.365397
   -0.413880
   -0.518909
   -0.506700
   -0.458228
   -0.437149
   -0.431421
   -0.423766
   -0.061918
   -0.093144
   -0.159783
   -0.154967
   -0.153441
   -0.175086
   -0.142751
   -0.424551
   -0.389258
   -0.461037
   -0.441518
   -0.447540
   -0.423079
   -0.414084
   -0.410340
   -0.410102
   -0.051352
   -0.110200
   -0.167137
   -0.186879
   -0.136460
   -0.194079
   -0.161412
   -0.428579
   -0.410241
   -0.517519
   -0.469580
   -0.460870
   -0.434202
   -0.430942
   -0.423764
   -0.415062
   -0.015656
   -0.152986
   -0.227719
   -0.203326
   -0.201923
   -0.233570
   -0.361143
   -0.421518
   -0.453482
   -0.473838
   -0.399862
   -0.411968
   -0.421037
   -0.413121
   -0.408601
   -0.409448
    0.007993
   -0.163609
   -0.239922
   -0.224752
   -0.197359
   -0.241591
   -0.406556
   -0.471144
   -0.467637
   -0.477087
   -0.421187
   -0.399882
   -0.409830
   -0.400985
   -0.397489
   -0.401860
   -0.029655
   -0.214316
   -0.285054
   -0.288716
   -0.340367
   -0.372725
   -0.420153
   -0.420589
   -0.445890
   -0.432440
   -0.396713
   -0.415800
   -0.415831
   -0.415917
   -0.412509
   -0.410013
   -0.001308
   -0.241885
   -0.333097
   -0.361967
   -0.354467
   -0.419402
   -0.442864
   -0.455998
   -0.502510
   -0.453390
   -0.423143
   -0.427583
   -0.398435
   -0.401790
   -0.402545
   -0.403127
    0.101786
   -0.066352
   -0.077139
   -0.103840
   -0.194417
   -0.062274
   -0.098312
   -0.070796
   -0.068881
    0.059750
   -0.298745
   -0.355764
   -0.427357
   -0.439877
   -0.422084
   -0.432194
    0.099754
   -0.100272
   -0.117416
   -0.143662
   -0.143913
   -0.058326
   -0.011262
   -0.024221
   -0.041912
    0.065068
   -0.347879
   -0.371544
   -0.463238
   -0.499746
   -0.493845
   -0.464360
    0.094709
   -0.053635
   -0.062659
   -0.122363
   -0.119894
   -0.102801
   -0.022853
   -0.137781
   -0.045033
   -0.373154
   -0.389776
   -0.436109
   -0.465306
   -0.467276
   -0.464637
   -0.422128
    0.102795
   -0.103499
   -0.116011
   -0.131565
   -0.111375
   -0.061902
    0.007395
   -0.065639
   -0.010416
   -0.409777
   -0.387372
   -0.512298
   -0.533401
   -0.493410
   -0.478847
   -0.433777
    0.043490
   -0.056447
   -0.095015
   -0.095857
   -0.085102
   -0.084045
   -0.072154
   -0.187908
   -0.358260
   -0.405426
   -0.449304
   -0.431428
   -0.441291
   -0.435153
   -0.424487
   -0.415814
   -0.014243
   -0.108743
   -0.132503
   -0.103045
   -0.052638
   -0.074769
   -0.077558
   -0.176026
   -0.352554
   -0.446389
   -0.542523
   -0.531823
   -0.468881
   -0.462049
   -0.450128
   -0.441000
   -0.098559
   -0.127107
   -0.113250
   -0.086352
   -0.125292
   -0.153184
   -0.226805
   -0.365589
   -0.391417
   -0.466721
   -0.445141
   -0.421508
   -0.418606
   -0.410619
   -0.400645
   -0.404342
   -0.102771
   -0.145208
   -0.147229
   -0.103916
   -0.095180
   -0.121457
   -0.221288
   -0.389616
   -0.449342
   -0.515919
   -0.508729
   -0.494013
   -0.446757
   -0.435277
   -0.425696
   -0.430523
   -0.167907
   -0.172908
   -0.127646
   -0.141034
   -0.139261
   -0.268069
   -0.412246
   -0.418150
   -0.440910
   -0.431806
   -0.446248
   -0.440378
   -0.414989
   -0.412737
   -0.410764
   -0.420303
   -0.146183
   -0.184868
   -0.156933
   -0.145302
   -0.126162
   -0.245925
   -0.406058
   -0.452566
   -0.508778
   -0.490169
   -0.484077
   -0.475414
   -0.434893
   -0.432344
   -0.431194
   -0.447028
   -0.231302
   -0.220328
   -0.180834
   -0.182977
   -0.309452
   -0.400117
   -0.413912
   -0.461567
   -0.428658
   -0.413641
   -0.417154
   -0.422079
   -0.405752
   -0.410041
   -0.422977
   -0.422072
   -0.223459
   -0.236627
   -0.201055
   -0.194386
   -0.289858
   -0.408949
   -0.430762
   -0.470218
   -0.466086
   -0.444971
   -0.431622
   -0.426178
   -0.426189
   -0.431890
   -0.444624
   -0.449149
   -0.253544
   -0.282280
   -0.272334
   -0.336752
   -0.390024
   -0.416250
   -0.430459
   -0.442487
   -0.419434
   -0.413966
   -0.423848
   -0.420898
   -0.425651
   -0.431904
   -0.436395
   -0.436913
   -0.272051
   -0.326510
   -0.327440
   -0.337219
   -0.419387
   -0.440351
   -0.482544
   -0.488725
   -0.441897
   -0.428590
   -0.419560
   -0.405512
   -0.447703
   -0.453646
   -0.459334
   -0.459946
   -0.322334
   -0.362309
   -0.417627
   -0.401703
   -0.436108
   -0.430928
   -0.429248
   -0.411715
   -0.419435
   -0.424828
   -0.412035
   -0.426345
   -0.418317
   -0.421215
   -0.424019
   -0.425680
   -0.377422
   -0.427861
   -0.516050
   -0.421017
   -0.480750
   -0.475590
   -0.468208
   -0.464392
   -0.464128
   -0.447017
   -0.412877
   -0.417612
   -0.446341
   -0.449305
   -0.452669
   -0.454797
   -0.053628
   -0.083592
   -0.119630
   -0.106014
   -0.068856
   -0.113771
   -0.071169
   -0.077545
   -0.370758
   -0.424483
   -0.442704
   -0.460000
   -0.459708
   -0.448569
   -0.417859
   -0.410657
   -0.097416
   -0.131312
   -0.139897
   -0.090899
    0.007603
   -0.056736
   -0.039133
   -0.088735
   -0.395115
   -0.432846
   -0.521203
   -0.524630
   -0.494769
   -0.459671
   -0.402706
   -0.412175
   -0.049684
   -0.109937
   -0.079415
   -0.077918
   -0.092199
   -0.092693
   -0.195926
   -0.377198
   -0.395986
   -0.466928
   -0.469144
   -0.443221
   -0.437974
   -0.436356
   -0.402813
   -0.403993
   -0.081903
   -0.139554
   -0.064077
   -0.054648
   -0.082277
   -0.060436
   -0.217733
   -0.384949
   -0.487554
   -0.515472
   -0.542951
   -0.460364
   -0.463760
   -0.455972
   -0.413085
   -0.418779
   -0.080361
   -0.106231
   -0.119689
   -0.111100
   -0.134932
   -0.255905
   -0.340368
   -0.411775
   -0.461412
   -0.482931
   -0.452661
   -0.446839
   -0.425849
   -0.423988
   -0.431608
   -0.437651
   -0.073250
   -0.121027
   -0.110123
   -0.083469
   -0.110735
   -0.250068
   -0.370652
   -0.458871
   -0.501824
   -0.527521
   -0.492973
   -0.464302
   -0.447277
   -0.444855
   -0.452137
   -0.460502
   -0.161659
   -0.105200
   -0.171715
   -0.112796
   -0.314374
   -0.384992
   -0.421806
   -0.436781
   -0.470117
   -0.457160
   -0.461231
   -0.434132
   -0.407751
   -0.414633
   -0.420899
   -0.422125
   -0.143800
   -0.092236
   -0.124792
   -0.132754
   -0.292140
   -0.406618
   -0.471338
   -0.487653
   -0.511094
   -0.483160
   -0.480613
   -0.449839
   -0.431999
   -0.441264
   -0.449598
   -0.449492
   -0.198420
   -0.174767
   -0.154068
   -0.323973
   -0.395315
   -0.441770
   -0.433419
   -0.441421
   -0.414546
   -0.435732
   -0.421209
   -0.418630
   -0.425330
   -0.430781
   -0.429317
   -0.430411
   -0.166815
   -0.197251
   -0.161879
   -0.360638
   -0.433456
   -0.470662
   -0.487446
   -0.495083
   -0.456669
   -0.448138
   -0.441928
   -0.447454
   -0.454117
   -0.461527
   -0.463949
   -0.464905
   -0.233316
   -0.228497
   -0.375300
   -0.406860
   -0.434178
   -0.451088
   -0.464191
   -0.415389
   -0.418176
   -0.414528
   -0.417682
   -0.421649
   -0.428403
   -0.431562
   -0.431284
   -0.431859
   -0.235570
   -0.280579
   -0.434005
   -0.437573
   -0.493399
   -0.512941
   -0.507332
   -0.456126
   -0.446349
   -0.422644
   -0.431945
   -0.455339
   -0.451249
   -0.452093
   -0.453262
   -0.456106
   -0.365327
   -0.446369
   -0.406298
   -0.431728
   -0.444442
   -0.427915
   -0.412448
   -0.421623
   -0.423226
   -0.418023
   -0.427439
   -0.415082
   -0.435985
   -0.438474
   -0.439351
   -0.439326
   -0.452423
   -0.488303
   -0.455620
   -0.503970
   -0.488878
   -0.484022
   -0.462838
   -0.452603
   -0.438299
   -0.423550
   -0.443311
   -0.455645
   -0.467654
   -0.470251
   -0.470977
   -0.469356
   -0.431810
   -0.450888
   -0.400982
   -0.444371
   -0.437482
   -0.428925
   -0.406367
   -0.409694
   -0.411326
   -0.418337
   -0.423186
   -0.414686
   -0.421224
   -0.421258
   -0.421835
   -0.422944
   -0.488911
   -0.477640
   -0.420694
   -0.463788
   -0.464425
   -0.436738
   -0.416223
   -0.426095
   -0.420626
   -0.435800
   -0.451549
   -0.460666
   -0.460025
   -0.458584
   -0.458031
   -0.457596
   -0.123352
   -0.081330
   -0.110005
   -0.114167
   -0.035214
   -0.239164
   -0.374027
   -0.416900
   -0.438972
   -0.510793
   -0.419352
   -0.436682
   -0.413289
   -0.386954
   -0.384595
   -0.440616
   -0.107168
   -0.044944
   -0.099171
   -0.080006
   -0.054056
   -0.249762
   -0.427223
   -0.462902
   -0.538997
   -0.529515
   -0.435648
   -0.449876
   -0.432397
   -0.380357
   -0.416640
   -0.443205
   -0.095556
   -0.120765
   -0.144027
   -0.158695
   -0.276336
   -0.391530
   -0.434312
   -0.434896
   -0.448868
   -0.451958
   -0.435176
   -0.389584
   -0.428342
   -0.422274
   -0.421904
   -0.446455
   -0.101981
   -0.096493
   -0.101028
   -0.125306
   -0.316740
   -0.408625
   -0.482661
   -0.501811
   -0.512482
   -0.468725
   -0.457615
   -0.398044
   -0.418731
   -0.426607
   -0.439215
   -0.451098
   -0.176193
   -0.147499
   -0.154446
   -0.354023
   -0.400802
   -0.429932
   -0.449918
   -0.461392
   -0.453882
   -0.446945
   -0.423169
   -0.413595
   -0.434918
   -0.437288
   -0.440293
   -0.442854
   -0.139010
   -0.138880
   -0.163748
   -0.347308
   -0.444981
   -0.485125
   -0.500116
   -0.497158
   -0.479557
   -0.463230
   -0.438105
   -0.430743
   -0.459885
   -0.462558
   -0.466062
   -0.468544
   -0.171886
   -0.218526
   -0.327224
   -0.418820
   -0.437471
   -0.436563
   -0.428793
   -0.422160
   -0.432279
   -0.421522
   -0.423150
   -0.430355
   -0.419664
   -0.422034
   -0.424773
   -0.423576
   -0.167622
   -0.242051
   -0.379614
   -0.463839
   -0.485745
   -0.493792
   -0.476737
   -0.452360
   -0.444881
   -0.443356
   -0.445963
   -0.452378
   -0.450422
   -0.453807
   -0.456246
   -0.454732
   -0.288288
   -0.400318
   -0.421050
   -0.430948
   -0.459565
   -0.447472
   -0.417338
   -0.413744
   -0.418122
   -0.422798
   -0.423915
   -0.427794
   -0.430696
   -0.430927
   -0.431818
   -0.428313
   -0.344299
   -0.437465
   -0.470606
   -0.501925
   -0.520374
   -0.491980
   -0.459912
   -0.440091
   -0.426044
   -0.437735
   -0.451783
   -0.446229
   -0.464148
   -0.464368
   -0.464554
   -0.458876
   -0.391595
   -0.401815
   -0.454404
   -0.461143
   -0.422158
   -0.415099
   -0.427975
   -0.421706
   -0.421865
   -0.415674
   -0.422904
   -0.435845
   -0.433556
   -0.431876
   -0.427228
   -0.427608
   -0.445105
   -0.466090
   -0.517210
   -0.512643
   -0.482927
   -0.467137
   -0.459638
   -0.433408
   -0.433091
   -0.444178
   -0.453546
   -0.465757
   -0.455842
   -0.453993
   -0.449152
   -0.447524
   -0.418520
   -0.452715
   -0.460560
   -0.407320
   -0.416674
   -0.406963
   -0.408110
   -0.413783
   -0.420736
   -0.418375
   -0.416712
   -0.418806
   -0.434335
   -0.431925
   -0.430237
   -0.430080
   -0.449284
   -0.470486
   -0.470016
   -0.431563
   -0.432508
   -0.428145
   -0.423776
   -0.424152
   -0.442582
   -0.454032
   -0.456046
   -0.458381
   -0.460313
   -0.458087
   -0.455904
   -0.455944
   -0.397331
   -0.403692
   -0.392156
   -0.429014
   -0.400446
   -0.407823
   -0.414998
   -0.432585
   -0.434423
   -0.415430
   -0.418224
   -0.426706
   -0.419652
   -0.418572
   -0.417580
   -0.416844
   -0.459023
   -0.416171
   -0.378947
   -0.444835
   -0.431484
   -0.431987
   -0.436274
   -0.445286
   -0.447300
   -0.446410
   -0.457190
   -0.465673
   -0.449085
   -0.448198
   -0.447043
   -0.446351
   -0.159197
   -0.178456
   -0.143430
   -0.392032
   -0.394024
   -0.428048
   -0.461640
   -0.477144
   -0.433967
   -0.395472
   -0.402428
   -0.431447
   -0.404173
   -0.413865
   -0.413577
   -0.424384
   -0.097783
   -0.113879
   -0.142470
   -0.438541
   -0.448754
   -0.491180
   -0.516912
   -0.500593
   -0.439564
   -0.396670
   -0.384675
   -0.408392
   -0.424031
   -0.428015
   -0.442234
   -0.451928
   -0.119948
   -0.191317
   -0.425818
   -0.421798
   -0.426692
   -0.441736
   -0.442686
   -0.430698
   -0.425034
   -0.420840
   -0.423193
   -0.431253
   -0.420756
   -0.420306
   -0.435145
   -0.435579
   -0.118533
   -0.182501
   -0.456332
   -0.432955
   -0.495600
   -0.500545
   -0.486779
   -0.455777
   -0.429724
   -0.433762
   -0.437345
   -0.452732
   -0.444076
   -0.449281
   -0.458981
   -0.464142
   -0.275228
   -0.380126
   -0.417597
   -0.449268
   -0.443007
   -0.432366
   -0.435177
   -0.427898
   -0.422771
   -0.412697
   -0.423716
   -0.416594
   -0.423742
   -0.424327
   -0.421261
   -0.419005
   -0.319640
   -0.446380
   -0.448853
   -0.501981
   -0.497303
   -0.471734
   -0.456772
   -0.451191
   -0.446437
   -0.439379
   -0.450858
   -0.448526
   -0.454544
   -0.455405
   -0.452223
   -0.449331
   -0.409388
   -0.421770
   -0.443368
   -0.464802
   -0.440194
   -0.420158
   -0.419296
   -0.418761
   -0.413522
   -0.424365
   -0.423957
   -0.429722
   -0.432312
   -0.429510
   -0.427256
   -0.426722
   -0.454235
   -0.496948
   -0.507502
   -0.514878
   -0.480056
   -0.450165
   -0.433334
   -0.433249
   -0.439909
   -0.452993
   -0.453639
   -0.461911
   -0.463282
   -0.459783
   -0.456482
   -0.456801
   -0.423665
   -0.457866
   -0.457821
   -0.422405
   -0.422459
   -0.424472
   -0.426649
   -0.409533
   -0.421571
   -0.426749
   -0.436106
   -0.432609
   -0.428972
   -0.427124
   -0.427512
   -0.427482
   -0.497035
   -0.496954
   -0.525486
   -0.466268
   -0.463082
   -0.439976
   -0.430543
   -0.430748
   -0.446627
   -0.459013
   -0.463463
   -0.453054
   -0.449652
   -0.447427
   -0.446090
   -0.446762
   -0.460124
   -0.443508
   -0.413914
   -0.416105
   -0.409015
   -0.410796
   -0.407392
   -0.422655
   -0.416884
   -0.422874
   -0.430601
   -0.434870
   -0.431734
   -0.430556
   -0.431354
   -0.430817
   -0.482369
   -0.436689
   -0.438811
   -0.422156
   -0.422626
   -0.420256
   -0.423080
   -0.444388
   -0.449671
   -0.456135
   -0.462364
   -0.458899
   -0.456083
   -0.456099
   -0.455927
   -0.455312
   -0.397413
   -0.400807
   -0.413562
   -0.391632
   -0.407793
   -0.422269
   -0.432668
   -0.430025
   -0.417107
   -0.422278
   -0.426612
   -0.419134
   -0.418458
   -0.417630
   -0.417712
   -0.417459
   -0.398912
   -0.404622
   -0.432001
   -0.416767
   -0.432185
   -0.439204
   -0.446393
   -0.449773
   -0.451870
   -0.462565
   -0.457900
   -0.446024
   -0.445405
   -0.444933
   -0.444565
   -0.445489
   -0.419427
   -0.419460
   -0.427434
   -0.408201
   -0.424723
   -0.430041
   -0.439649
   -0.436593
   -0.432701
   -0.420200
   -0.426228
   -0.429018
   -0.427607
   -0.427420
   -0.427660
   -0.426936
   -0.403030
   -0.416541
   -0.427968
   -0.411434
   -0.435294
   -0.449409
   -0.462134
   -0.461482
   -0.454142
   -0.446040
   -0.447556
   -0.456041
   -0.453442
   -0.454299
   -0.454245
   -0.454874
   -0.226044
   -0.397289
   -0.423308
   -0.447762
   -0.459813
   -0.434211
   -0.435564
   -0.428442
   -0.405651
   -0.410638
   -0.447044
   -0.419424
   -0.415984
   -0.425037
   -0.417761
   -0.413735
   -0.216862
   -0.426413
   -0.423980
   -0.533123
   -0.511734
   -0.468479
   -0.437053
   -0.419291
   -0.400792
   -0.414854
   -0.457100
   -0.432582
   -0.436975
   -0.446196
   -0.439148
   -0.442230
   -0.397112
   -0.415693
   -0.419882
   -0.431501
   -0.452642
   -0.433163
   -0.431009
   -0.435445
   -0.407780
   -0.425112
   -0.431097
   -0.422542
   -0.421590
   -0.421361
   -0.428502
   -0.423103
   -0.415322
   -0.493992
   -0.502384
   -0.483821
   -0.465036
   -0.439996
   -0.447864
   -0.451085
   -0.426437
   -0.443453
   -0.436179
   -0.438833
   -0.450844
   -0.451996
   -0.448375
   -0.454830
   -0.421075
   -0.453588
   -0.455654
   -0.420827
   -0.411509
   -0.416510
   -0.414259
   -0.417053
   -0.422943
   -0.425643
   -0.428799
   -0.428163
   -0.415941
   -0.415216
   -0.414272
   -0.413742
   -0.490108
   -0.505358
   -0.493730
   -0.462408
   -0.433567
   -0.427574
   -0.429418
   -0.442357
   -0.449932
   -0.454858
   -0.460509
   -0.459640
   -0.443724
   -0.442856
   -0.441764
   -0.441303
   -0.455490
   -0.441788
   -0.423245
   -0.423429
   -0.422785
   -0.418351
   -0.412211
   -0.418044
   -0.426314
   -0.429517
   -0.427931
   -0.424912
   -0.426392
   -0.425868
   -0.425049
   -0.425577
   -0.504181
   -0.492201
   -0.460603
   -0.449730
   -0.429801
   -0.422728
   -0.431039
   -0.443941
   -0.457139
   -0.450595
   -0.449519
   -0.446584
   -0.452951
   -0.452183
   -0.451527
   -0.452128
   -0.428126
   -0.412475
   -0.411394
   -0.406169
   -0.404088
   -0.411382
   -0.416511
   -0.416749
   -0.420195
   -0.427730
   -0.431526
   -0.429674
   -0.424929
   -0.425116
   -0.424660
   -0.425998
   -0.437258
   -0.426223
   -0.422547
   -0.416342
   -0.410269
   -0.425806
   -0.438837
   -0.448090
   -0.451328
   -0.457983
   -0.454408
   -0.453688
   -0.441556
   -0.441896
   -0.441744
   -0.443897
   -0.408648
   -0.400744
   -0.393518
   -0.405541
   -0.423433
   -0.427683
   -0.417443
   -0.414976
   -0.417844
   -0.417891
   -0.417588
   -0.416460
   -0.428531
   -0.429114
   -0.430788
   -0.430591
   -0.420697
   -0.418476
   -0.416583
   -0.423800
   -0.435253
   -0.441082
   -0.441929
   -0.447704
   -0.456626
   -0.445264
   -0.444100
   -0.442254
   -0.451771
   -0.452588
   -0.454145
   -0.454956
   -0.423729
   -0.406536
   -0.404368
   -0.424046
   -0.430414
   -0.434235
   -0.431448
   -0.420652
   -0.416744
   -0.424848
   -0.427031
   -0.425981
   -0.415846
   -0.416573
   -0.417360
   -0.417228
   -0.415958
   -0.405472
   -0.416142
   -0.437446
   -0.445402
   -0.455188
   -0.450488
   -0.445957
   -0.441077
   -0.443478
   -0.451430
   -0.450113
   -0.443307
   -0.444418
   -0.444933
   -0.445143
   -0.412481
   -0.411881
   -0.419451
   -0.424289
   -0.430396
   -0.430835
   -0.429216
   -0.429586
   -0.428472
   -0.426696
   -0.418689
   -0.418268
   -0.426995
   -0.427179
   -0.427730
   -0.427814
   -0.425523
   -0.435808
   -0.448010
   -0.442189
   -0.447054
   -0.457310
   -0.460988
   -0.454829
   -0.444226
   -0.440489
   -0.438130
   -0.438583
   -0.454130
   -0.454793
   -0.454763
   -0.455415
   -0.404163
   -0.405567
   -0.444997
   -0.416840
   -0.415455
   -0.438579
   -0.425338
   -0.400545
   -0.412452
   -0.432247
   -0.425150
   -0.415628
   -0.434351
   -0.428030
   -0.429614
   -0.428808
   -0.491702
   -0.493862
   -0.522968
   -0.454824
   -0.431039
   -0.445351
   -0.413407
   -0.413763
   -0.458574
   -0.471408
   -0.463953
   -0.464765
   -0.450564
   -0.456671
   -0.451913
   -0.456195
   -0.439376
   -0.442133
   -0.383808
   -0.403042
   -0.436544
   -0.425170
   -0.399242
   -0.414538
   -0.448468
   -0.441687
   -0.416888
   -0.412564
   -0.417184
   -0.417367
   -0.415284
   -0.415311
   -0.507167
   -0.503406
   -0.434697
   -0.439482
   -0.423778
   -0.425262
   -0.425467
   -0.446731
   -0.478507
   -0.463902
   -0.447454
   -0.465948
   -0.440659
   -0.445235
   -0.441809
   -0.451697
   -0.431358
   -0.429047
   -0.414887
   -0.402531
   -0.407434
   -0.422133
   -0.424500
   -0.427906
   -0.429125
   -0.431481
   -0.427281
   -0.427879
   -0.416550
   -0.416474
   -0.417536
   -0.418497
   -0.460414
   -0.437043
   -0.430111
   -0.423341
   -0.431279
   -0.447420
   -0.445286
   -0.450020
   -0.450855
   -0.461058
   -0.456343
   -0.455361
   -0.444741
   -0.444589
   -0.445777
   -0.446863
   -0.417182
   -0.421515
   -0.418398
   -0.405188
   -0.410438
   -0.419317
   -0.428090
   -0.432092
   -0.434946
   -0.426916
   -0.427125
   -0.425470
   -0.424280
   -0.425459
   -0.426145
   -0.426487
   -0.432015
   -0.423638
   -0.428149
   -0.431179
   -0.439599
   -0.446856
   -0.459953
   -0.459716
   -0.460961
   -0.447118
   -0.446907
   -0.444334
   -0.453091
   -0.454436
   -0.455661
   -0.455476
   -0.421430
   -0.419263
   -0.418137
   -0.423515
   -0.412763
   -0.418712
   -0.416951
   -0.420019
   -0.416373
   -0.429759
   -0.428059
   -0.428439
   -0.425202
   -0.425862
   -0.425705
   -0.425677
   -0.433326
   -0.441739
   -0.436154
   -0.450166
   -0.444145
   -0.458017
   -0.451123
   -0.451981
   -0.447189
   -0.453978
   -0.452830
   -0.454449
   -0.447039
   -0.447642
   -0.448314
   -0.447668
   -0.407244
   -0.417186
   -0.425091
   -0.418791
   -0.421795
   -0.421859
   -0.430165
   -0.424185
   -0.425816
   -0.416735
   -0.416003
   -0.415662
   -0.430366
   -0.430830
   -0.430258
   -0.430630
   -0.426407
   -0.437954
   -0.447130
   -0.446041
   -0.448906
   -0.449106
   -0.452671
   -0.455007
   -0.455207
   -0.444067
   -0.443994
   -0.445364
   -0.455408
   -0.455284
   -0.455278
   -0.455315
   -0.430403
   -0.430102
   -0.426272
   -0.431990
   -0.434786
   -0.432405
   -0.425280
   -0.415949
   -0.417828
   -0.426153
   -0.426429
   -0.427172
   -0.418423
   -0.418691
   -0.418513
   -0.418722
   -0.452858
   -0.450984
   -0.455501
   -0.465808
   -0.459419
   -0.450375
   -0.443060
   -0.441307
   -0.441041
   -0.452015
   -0.454764
   -0.457052
   -0.448064
   -0.448090
   -0.448243
   -0.447800
   -0.427496
   -0.418556
   -0.415864
   -0.420999
   -0.418528
   -0.426152
   -0.423469
   -0.424493
   -0.424927
   -0.418552
   -0.417337
   -0.416410
   -0.425932
   -0.426020
   -0.425816
   -0.426160
   -0.462953
   -0.459940
   -0.456776
   -0.460936
   -0.457747
   -0.459872
   -0.457743
   -0.457583
   -0.457302
   -0.442532
   -0.443179
   -0.442179
   -0.456462
   -0.456129
   -0.456147
   -0.455844
   -0.462962
   -0.433416
   -0.431124
   -0.429686
   -0.425860
   -0.409047
   -0.420015
   -0.454491
   -0.448648
   -0.426706
   -0.414620
   -0.421414
   -0.433479
   -0.429246
   -0.437709
   -0.445029
   -0.509177
   -0.494611
   -0.481335
   -0.427973
   -0.436175
   -0.441092
   -0.461944
   -0.490637
   -0.484721
   -0.466707
   -0.477915
   -0.455787
   -0.449687
   -0.446176
   -0.454513
   -0.457102
   -0.416515
   -0.446737
   -0.444603
   -0.432032
   -0.429259
   -0.434285
   -0.432818
   -0.431840
   -0.439691
   -0.434465
   -0.430054
   -0.420432
   -0.414183
   -0.412630
   -0.417698
   -0.424696
   -0.457259
   -0.438499
   -0.453216
   -0.487965
   -0.463639
   -0.460866
   -0.461503
   -0.462560
   -0.477447
   -0.469929
   -0.468388
   -0.459151
   -0.439205
   -0.442900
   -0.445657
   -0.451174
   -0.420472
   -0.409854
   -0.412789
   -0.432584
   -0.440646
   -0.441580
   -0.437496
   -0.436315
   -0.434070
   -0.432924
   -0.432193
   -0.432341
   -0.424789
   -0.425020
   -0.425289
   -0.425351
   -0.448437
   -0.442998
   -0.445160
   -0.464487
   -0.473037
   -0.475237
   -0.465094
   -0.461920
   -0.459311
   -0.467431
   -0.465969
   -0.466285
   -0.460047
   -0.460307
   -0.460639
   -0.460652
   -0.422643
   -0.412442
   -0.422627
   -0.425071
   -0.424809
   -0.425569
   -0.440314
   -0.438844
   -0.437681
   -0.431806
   -0.432382
   -0.433538
   -0.433178
   -0.433186
   -0.433483
   -0.433189
   -0.453458
   -0.447089
   -0.465995
   -0.461159
   -0.464610
   -0.465213
   -0.473156
   -0.469474
   -0.466840
   -0.457414
   -0.457898
   -0.459106
   -0.469039
   -0.469128
   -0.469301
   -0.469061
   -0.420425
   -0.426119
   -0.427533
   -0.437068
   -0.437030
   -0.434872
   -0.423179
   -0.422786
   -0.422963
   -0.437350
   -0.437266
   -0.437768
   -0.433388
   -0.433146
   -0.433442
   -0.432843
   -0.454031
   -0.458807
   -0.460818
   -0.467067
   -0.477143
   -0.474061
   -0.460334
   -0.457866
   -0.457282
   -0.467134
   -0.468579
   -0.468622
   -0.460740
   -0.460510
   -0.460549
   -0.459816
   -0.434021
   -0.441268
   -0.444060
   -0.437073
   -0.423465
   -0.421969
   -0.433733
   -0.434121
   -0.433994
   -0.423851
   -0.424091
   -0.424440
   -0.438271
   -0.437942
   -0.437496
   -0.437423
   -0.476517
   -0.473521
   -0.466343
   -0.460345
   -0.457112
   -0.454935
   -0.468889
   -0.468421
   -0.467319
   -0.459413
   -0.459846
   -0.460368
   -0.469012
   -0.468733
   -0.468176
   -0.467913
   -0.424534
   -0.427583
   -0.437769
   -0.433309
   -0.432795
   -0.431643
   -0.422346
   -0.423100
   -0.424352
   -0.433568
   -0.432857
   -0.433065
   -0.424613
   -0.424242
   -0.424081
   -0.423990
   -0.473199
   -0.475003
   -0.479291
   -0.475699
   -0.473586
   -0.471079
   -0.452386
   -0.453110
   -0.454900
   -0.470383
   -0.469346
   -0.469596
   -0.459928
   -0.459532
   -0.459327
   -0.459321
   -0.433701
   -0.423768
   -0.422394
   -0.423166
   -0.421358
   -0.422260
   -0.432236
   -0.432916
   -0.433349
   -0.422558
   -0.423587
   -0.423711
   -0.432772
   -0.432580
   -0.432534
   -0.432325
   -0.458232
   -0.460394
   -0.457443
   -0.461068
   -0.468720
   -0.467791
   -0.472255
   -0.473406
   -0.475208
   -0.455050
   -0.455835
   -0.455766
   -0.468349
   -0.468155
   -0.468140
   -0.467984
   -0.445603
   -0.438242
   -0.422575
   -0.435094
   -0.437223
   -0.431108
   -0.434690
   -0.441485
   -0.436110
   -0.428543
   -0.417542
   -0.416372
   -0.421564
   -0.423548
   -0.433742
   -0.433721
   -0.451441
   -0.459127
   -0.445211
   -0.445394
   -0.456750
   -0.454436
   -0.468970
   -0.470758
   -0.459758
   -0.454220
   -0.440376
   -0.434904
   -0.440913
   -0.445495
   -0.448223
   -0.450998
   -0.419406
   -0.407009
   -0.419066
   -0.425044
   -0.437749
   -0.435013
   -0.437312
   -0.433960
   -0.429372
   -0.430169
   -0.433339
   -0.425380
   -0.414093
   -0.414511
   -0.416367
   -0.421022
   -0.432764
   -0.421101
   -0.446425
   -0.470709
   -0.468913
   -0.459346
   -0.457205
   -0.461116
   -0.456390
   -0.459237
   -0.461137
   -0.451236
   -0.447095
   -0.447532
   -0.449023
   -0.448754
   -0.417865
   -0.416501
   -0.424388
   -0.436210
   -0.439972
   -0.436674
   -0.431115
   -0.429944
   -0.429788
   -0.428986
   -0.430607
   -0.430289
   -0.422767
   -0.422676
   -0.422381
   -0.421931
   -0.447614
   -0.454219
   -0.455567
   -0.467372
   -0.465865
   -0.461899
   -0.451333
   -0.449927
   -0.449905
   -0.457857
   -0.459662
   -0.459998
   -0.451964
   -0.452038
   -0.451532
   -0.451214
   -0.433312
   -0.419340
   -0.424621
   -0.427081
   -0.424289
   -0.422078
   -0.435124
   -0.434785
   -0.433946
   -0.431077
   -0.431039
   -0.431403
   -0.431990
   -0.431440
   -0.431320
   -0.431065
   -0.463357
   -0.456471
   -0.465545
   -0.455543
   -0.452277
   -0.449624
   -0.456615
   -0.457048
   -0.456846
   -0.450297
   -0.450307
   -0.451146
   -0.459399
   -0.458982
   -0.458449
   -0.458638
   -0.425051
   -0.426351
   -0.426607
   -0.433153
   -0.433973
   -0.433058
   -0.424474
   -0.423365
   -0.424684
   -0.437052
   -0.437723
   -0.437458
   -0.432951
   -0.432629
   -0.432790
   -0.432702
   -0.450736
   -0.449255
   -0.451085
   -0.450689
   -0.460143
   -0.457577
   -0.448913
   -0.448920
   -0.450585
   -0.459692
   -0.459861
   -0.459414
   -0.450287
   -0.450256
   -0.449830
   -0.450336
   -0.435435
   -0.438476
   -0.435426
   -0.431136
   -0.421076
   -0.421146
   -0.429494
   -0.431477
   -0.430994
   -0.422724
   -0.423059
   -0.423028
   -0.435186
   -0.434900
   -0.435320
   -0.434991
   -0.470470
   -0.462497
   -0.450615
   -0.445395
   -0.444624
   -0.444798
   -0.458675
   -0.459986
   -0.459953
   -0.452359
   -0.452276
   -0.451836
   -0.459704
   -0.459884
   -0.459799
   -0.459980
   -0.419854
   -0.419651
   -0.430422
   -0.428774
   -0.428930
   -0.429796
   -0.421923
   -0.423029
   -0.422338
   -0.430787
   -0.430842
   -0.430459
   -0.422119
   -0.421945
   -0.422162
   -0.421926
   -0.458252
   -0.458731
   -0.463900
   -0.461606
   -0.462984
   -0.464442
   -0.447089
   -0.447711
   -0.447597
   -0.460813
   -0.459901
   -0.459120
   -0.450805
   -0.450896
   -0.450771
   -0.451049
   -0.430738
   -0.422444
   -0.423585
   -0.421647
   -0.422784
   -0.421944
   -0.432338
   -0.431831
   -0.431693
   -0.422577
   -0.422945
   -0.423218
   -0.431390
   -0.431329
   -0.431477
   -0.431274
   -0.441531
   -0.447524
   -0.448909
   -0.447110
   -0.457781
   -0.458156
   -0.463625
   -0.463623
   -0.463540
   -0.445973
   -0.445684
   -0.446038
   -0.458325
   -0.458444
   -0.458431
   -0.458590
   -0.395167
   -0.400578
   -0.414670
   -0.423844
   -0.419499
   -0.418828
   -0.416775
   -0.411955
   -0.412594
   -0.414891
   -0.417446
   -0.414923
   -0.408896
   -0.423755
   -0.412735
   -0.407057
   -0.396107
   -0.407088
   -0.411891
   -0.427291
   -0.411787
   -0.408380
   -0.404469
   -0.400341
   -0.400310
   -0.403217
   -0.402825
   -0.403921
   -0.402595
   -0.418522
   -0.406582
   -0.401757
   -0.396344
   -0.391225
   -0.399409
   -0.414795
   -0.416160
   -0.413714
   -0.414022
   -0.414660
   -0.412331
   -0.414084
   -0.415330
   -0.415631
   -0.409524
   -0.423146
   -0.412984
   -0.407592
   -0.405594
   -0.409618
   -0.416379
   -0.422157
   -0.405767
   -0.403983
   -0.403761
   -0.405069
   -0.402071
   -0.404635
   -0.404843
   -0.405308
   -0.403129
   -0.415972
   -0.405636
   -0.399980
   -0.412463
   -0.414432
   -0.414601
   -0.410417
   -0.409173
   -0.409124
   -0.409154
   -0.409652
   -0.410466
   -0.410934
   -0.411035
   -0.411032
   -0.410520
   -0.410505
   -0.410352
   -0.410475
   -0.406342
   -0.407792
   -0.406750
   -0.402893
   -0.399834
   -0.399624
   -0.400117
   -0.401576
   -0.402279
   -0.402752
   -0.402893
   -0.402955
   -0.401838
   -0.401915
   -0.401695
   -0.401850
   -0.414396
   -0.413556
   -0.411399
   -0.410332
   -0.410678
   -0.410596
   -0.409989
   -0.410505
   -0.411018
   -0.411393
   -0.411218
   -0.410765
   -0.410857
   -0.410921
   -0.410782
   -0.410977
   -0.407011
   -0.406182
   -0.402392
   -0.401327
   -0.400243
   -0.400459
   -0.400677
   -0.402128
   -0.402869
   -0.403153
   -0.402786
   -0.402476
   -0.401873
   -0.402042
   -0.401895
   -0.402072
   -0.412411
   -0.410355
   -0.409799
   -0.409718
   -0.409632
   -0.410473
   -0.411520
   -0.411753
   -0.411583
   -0.411140
   -0.411112
   -0.410963
   -0.410995
   -0.411142
   -0.410959
   -0.411268
   -0.402069
   -0.400623
   -0.399626
   -0.399518
   -0.398802
   -0.400290
   -0.401889
   -0.402955
   -0.402796
   -0.402561
   -0.401816
   -0.402062
   -0.401601
   -0.401887
   -0.401739
   -0.402094
   -0.410371
   -0.409569
   -0.408789
   -0.409778
   -0.411579
   -0.412129
   -0.411050
   -0.410737
   -0.410837
   -0.411297
   -0.411203
   -0.411065
   -0.410877
   -0.411018
   -0.411103
   -0.411225
   -0.400581
   -0.400485
   -0.400178
   -0.400930
   -0.402046
   -0.402918
   -0.402371
   -0.402560
   -0.402789
   -0.402597
   -0.402287
   -0.402311
   -0.402212
   -0.402438
   -0.402531
   -0.402682
   -0.410863
   -0.409939
   -0.409120
   -0.410915
   -0.411002
   -0.411375
   -0.411484
   -0.411146
   -0.410761
   -0.410589
   -0.410826
   -0.410796
   -0.410690
   -0.410871
   -0.410835
   -0.411003
   -0.400521
   -0.399890
   -0.399749
   -0.401303
   -0.401834
   -0.402697
   -0.403052
   -0.402889
   -0.402105
   -0.401392
   -0.401658
   -0.401824
   -0.401949
   -0.402247
   -0.402201
   -0.402264
   -0.410767
   -0.411271
   -0.411585
   -0.411554
   -0.412015
   -0.411825
   -0.411170
   -0.411004
   -0.410855
   -0.411635
   -0.411242
   -0.411173
   -0.411091
   -0.411187
   -0.411122
   -0.411330
   -0.401570
   -0.402257
   -0.403063
   -0.402064
   -0.402132
   -0.402550
   -0.402261
   -0.402008
   -0.401216
   -0.402406
   -0.401994
   -0.402147
   -0.402188
   -0.402372
   -0.402300
   -0.402365
   -0.401059
   -0.409191
   -0.427288
   -0.423195
   -0.409916
   -0.411800
   -0.411005
   -0.408826
   -0.410818
   -0.413146
   -0.413863
   -0.409223
   -0.415602
   -0.423013
   -0.407732
   -0.407846
   -0.427731
   -0.435002
   -0.446357
   -0.426284
   -0.427947
   -0.429431
   -0.426357
   -0.426358
   -0.429990
   -0.431880
   -0.432614
   -0.429350
   -0.434232
   -0.442396
   -0.431009
   -0.431875
   -0.423025
   -0.423492
   -0.419665
   -0.420633
   -0.411579
   -0.411516
   -0.410879
   -0.411837
   -0.413783
   -0.413257
   -0.412094
   -0.412823
   -0.416765
   -0.425129
   -0.414630
   -0.409369
   -0.427654
   -0.428764
   -0.421749
   -0.419845
   -0.418002
   -0.419795
   -0.420321
   -0.421048
   -0.422782
   -0.421723
   -0.420896
   -0.422446
   -0.423829
   -0.432343
   -0.421922
   -0.413224
   -0.427928
   -0.427030
   -0.425432
   -0.423469
   -0.423414
   -0.424434
   -0.425498
   -0.425776
   -0.425831
   -0.426022
   -0.425470
   -0.425576
   -0.426252
   -0.426305
   -0.426392
   -0.426586
   -0.434427
   -0.432208
   -0.431607
   -0.430034
   -0.430616
   -0.432235
   -0.433710
   -0.434248
   -0.434030
   -0.433347
   -0.432570
   -0.432561
   -0.433374
   -0.433441
   -0.433547
   -0.433721
   -0.420252
   -0.422121
   -0.421559
   -0.420678
   -0.421719
   -0.422417
   -0.420973
   -0.420981
   -0.421291
   -0.421215
   -0.421274
   -0.421171
   -0.420965
   -0.421151
   -0.421196
   -0.421295
   -0.436849
   -0.437472
   -0.436505
   -0.438237
   -0.439362
   -0.440394
   -0.439804
   -0.439625
   -0.439528
   -0.439898
   -0.439845
   -0.439649
   -0.438743
   -0.438929
   -0.439085
   -0.439030
   -0.411778
   -0.411460
   -0.411450
   -0.411115
   -0.410877
   -0.411079
   -0.412043
   -0.412379
   -0.411969
   -0.410638
   -0.410420
   -0.410522
   -0.411094
   -0.411210
   -0.411139
   -0.411194
   -0.437779
   -0.438511
   -0.437881
   -0.439122
   -0.437777
   -0.438639
   -0.439437
   -0.439441
   -0.438763
   -0.437691
   -0.437601
   -0.437823
   -0.438986
   -0.439047
   -0.439149
   -0.438980
   -0.420775
   -0.420777
   -0.421910
   -0.422314
   -0.423699
   -0.423602
   -0.422809
   -0.422102
   -0.422310
   -0.423123
   -0.423053
   -0.423048
   -0.421823
   -0.421895
   -0.421738
   -0.421869
   -0.426940
   -0.428770
   -0.430943
   -0.431761
   -0.431877
   -0.431817
   -0.429898
   -0.429518
   -0.429396
   -0.430195
   -0.430144
   -0.430396
   -0.429546
   -0.429547
   -0.429501
   -0.429469
   -0.427241
   -0.427440
   -0.425699
   -0.426126
   -0.426065
   -0.425704
   -0.426501
   -0.426093
   -0.426434
   -0.425419
   -0.425434
   -0.425525
   -0.426501
   -0.426521
   -0.426454
   -0.426542
   -0.433313
   -0.433228
   -0.432386
   -0.433113
   -0.432514
   -0.432023
   -0.433952
   -0.433894
   -0.433839
   -0.432437
   -0.432561
   -0.432985
   -0.433730
   -0.433825
   -0.433739
   -0.433745
   -0.421403
   -0.422298
   -0.421853
   -0.422529
   -0.422109
   -0.422368
   -0.420869
   -0.420958
   -0.421142
   -0.422139
   -0.422171
   -0.421965
   -0.421221
   -0.421132
   -0.421166
   -0.421166
   -0.442035
   -0.440924
   -0.440303
   -0.441110
   -0.439262
   -0.439225
   -0.438159
   -0.438365
   -0.438261
   -0.440531
   -0.440469
   -0.440523
   -0.439017
   -0.439133
   -0.438991
   -0.439055
   -0.469907
   -0.468235
   -0.467412
   -0.462441
   -0.465605
   -0.465662
   -0.466454
   -0.468209
   -0.467904
   -0.466841
   -0.466027
   -0.466281
   -0.479251
   -0.475029
   -0.480082
   -0.480607
   -0.543742
   -0.540931
   -0.541268
   -0.536014
   -0.555900
   -0.556804
   -0.558484
   -0.559797
   -0.559567
   -0.558388
   -0.558479
   -0.557503
   -0.550701
   -0.541250
   -0.547802
   -0.551850
   -0.481727
   -0.483473
   -0.482915
   -0.480539
   -0.474938
   -0.475745
   -0.475743
   -0.475380
   -0.476095
   -0.475438
   -0.475241
   -0.474942
   -0.487294
   -0.487543
   -0.488648
   -0.488964
   -0.551830
   -0.550134
   -0.550589
   -0.550513
   -0.552526
   -0.552821
   -0.552986
   -0.552371
   -0.553326
   -0.552489
   -0.552524
   -0.552210
   -0.555033
   -0.555613
   -0.556689
   -0.556603
   -0.480606
   -0.480051
   -0.480102
   -0.481675
   -0.482134
   -0.482022
   -0.481992
   -0.481714
   -0.481545
   -0.481240
   -0.481401
   -0.481234
   -0.481499
   -0.481347
   -0.481549
   -0.481328
   -0.548812
   -0.548294
   -0.548894
   -0.550154
   -0.551284
   -0.551084
   -0.550909
   -0.550277
   -0.550129
   -0.549973
   -0.550025
   -0.549979
   -0.550324
   -0.550265
   -0.550352
   -0.550269
   -0.475240
   -0.475357
   -0.476152
   -0.476545
   -0.476410
   -0.476310
   -0.476724
   -0.476446
   -0.476367
   -0.476112
   -0.476314
   -0.476320
   -0.476452
   -0.476263
   -0.476463
   -0.476228
   -0.552353
   -0.552401
   -0.553931
   -0.553999
   -0.554393
   -0.554113
   -0.554192
   -0.553627
   -0.553460
   -0.553272
   -0.553447
   -0.553529
   -0.553856
   -0.553743
   -0.553813
   -0.553731
   -0.466906
   -0.467604
   -0.467828
   -0.467831
   -0.467959
   -0.467583
   -0.467240
   -0.467031
   -0.467235
   -0.467369
   -0.467538
   -0.467430
   -0.467513
   -0.467305
   -0.467528
   -0.467258
   -0.554625
   -0.554889
   -0.555431
   -0.555229
   -0.555692
   -0.555005
   -0.554495
   -0.554050
   -0.554234
   -0.554343
   -0.554644
   -0.554511
   -0.554606
   -0.554481
   -0.554536
   -0.554425
   -0.475894
   -0.476115
   -0.476344
   -0.475905
   -0.475277
   -0.475011
   -0.475540
   -0.475597
   -0.475659
   -0.475310
   -0.475490
   -0.475387
   -0.475698
   -0.475487
   -0.475638
   -0.475411
   -0.545244
   -0.544995
   -0.545037
   -0.544611
   -0.544306
   -0.543925
   -0.544350
   -0.544247
   -0.544245
   -0.544191
   -0.544335
   -0.544280
   -0.544412
   -0.544324
   -0.544295
   -0.544260
   -0.481280
   -0.481508
   -0.482007
   -0.481277
   -0.481362
   -0.481166
   -0.481171
   -0.481203
   -0.481424
   -0.481433
   -0.481504
   -0.481347
   -0.481459
   -0.481221
   -0.481429
   -0.481160
   -0.550790
   -0.550904
   -0.551120
   -0.550447
   -0.550383
   -0.550058
   -0.549844
   -0.549845
   -0.550170
   -0.550486
   -0.550409
   -0.550301
   -0.550215
   -0.550107
   -0.550112
   -0.550126
   -0.476439
   -0.476104
   -0.476134
   -0.475979
   -0.475987
   -0.475910
   -0.476380
   -0.476300
   -0.476465
   -0.475976
   -0.476266
   -0.476142
   -0.476393
   -0.476188
   -0.476404
   -0.476118
   -0.553686
   -0.553455
   -0.553317
   -0.553514
   -0.553699
   -0.553496
   -0.553743
   -0.553755
   -0.554087
   -0.553453
   -0.553623
   -0.553546
   -0.553682
   -0.553604
   -0.553627
   -0.553635
   -0.438748
   -0.438512
   -0.434909
   -0.436115
   -0.438066
   -0.437629
   -0.437708
   -0.438443
   -0.437747
   -0.437012
   -0.436849
   -0.437378
   -0.425573
   -0.436682
   -0.443702
   -0.439414
   -0.472461
   -0.471410
   -0.470061
   -0.472755
   -0.475703
   -0.474740
   -0.476040
   -0.475673
   -0.474702
   -0.473914
   -0.473837
   -0.473881
   -0.481315
   -0.483432
   -0.498242
   -0.490194
   -0.436934
   -0.437078
   -0.438077
   -0.438161
   -0.438590
   -0.438739
   -0.438836
   -0.438607
   -0.437872
   -0.438086
   -0.438519
   -0.438237
   -0.426309
   -0.437657
   -0.443432
   -0.444142
   -0.469272
   -0.468410
   -0.471278
   -0.471461
   -0.472390
   -0.471404
   -0.471532
   -0.471042
   -0.470642
   -0.470836
   -0.471304
   -0.470628
   -0.458585
   -0.469820
   -0.475606
   -0.476510
   -0.436361
   -0.436983
   -0.437288
   -0.438071
   -0.437909
   -0.437685
   -0.437246
   -0.437215
   -0.437185
   -0.437134
   -0.437332
   -0.437269
   -0.437074
   -0.437006
   -0.437027
   -0.436910
   -0.473302
   -0.473618
   -0.474209
   -0.474278
   -0.474378
   -0.473515
   -0.473319
   -0.472900
   -0.473231
   -0.473240
   -0.473720
   -0.473519
   -0.473421
   -0.473211
   -0.473359
   -0.473118
   -0.433446
   -0.432993
   -0.432989
   -0.433402
   -0.432952
   -0.432801
   -0.433205
   -0.433263
   -0.433130
   -0.433193
   -0.433144
   -0.433192
   -0.433243
   -0.433200
   -0.433163
   -0.433154
   -0.461631
   -0.461050
   -0.461628
   -0.460716
   -0.460610
   -0.459995
   -0.460458
   -0.460296
   -0.460585
   -0.460225
   -0.460478
   -0.460295
   -0.460832
   -0.460526
   -0.460721
   -0.460491
   -0.437447
   -0.437591
   -0.437530
   -0.437694
   -0.437730
   -0.437712
   -0.437375
   -0.437299
   -0.437397
   -0.437877
   -0.437895
   -0.437924
   -0.437658
   -0.437707
   -0.437633
   -0.437721
   -0.469360
   -0.468855
   -0.469265
   -0.468626
   -0.469279
   -0.468805
   -0.468787
   -0.468580
   -0.469039
   -0.469144
   -0.469429
   -0.469074
   -0.468977
   -0.468646
   -0.468936
   -0.468665
   -0.425114
   -0.425077
   -0.424715
   -0.424577
   -0.424165
   -0.424196
   -0.424437
   -0.424684
   -0.424584
   -0.424375
   -0.424317
   -0.424418
   -0.424701
   -0.424821
   -0.424720
   -0.424842
   -0.461755
   -0.460989
   -0.460403
   -0.459980
   -0.460132
   -0.459984
   -0.460820
   -0.460733
   -0.461017
   -0.460481
   -0.460784
   -0.460382
   -0.461008
   -0.460650
   -0.461043
   -0.460674
   -0.436777
   -0.436608
   -0.437256
   -0.437084
   -0.437156
   -0.437253
   -0.436995
   -0.437140
   -0.436978
   -0.437387
   -0.437279
   -0.437387
   -0.436890
   -0.437079
   -0.436893
   -0.437083
   -0.473378
   -0.473264
   -0.473678
   -0.473313
   -0.473686
   -0.473682
   -0.473255
   -0.473035
   -0.473304
   -0.473460
   -0.473762
   -0.473251
   -0.473407
   -0.472953
   -0.473423
   -0.472975
   -0.433161
   -0.432779
   -0.433018
   -0.432726
   -0.432924
   -0.432811
   -0.433291
   -0.433293
   -0.433161
   -0.432951
   -0.432782
   -0.433036
   -0.433063
   -0.433342
   -0.433069
   -0.433337
   -0.459652
   -0.459913
   -0.460268
   -0.459827
   -0.460614
   -0.460441
   -0.461019
   -0.460693
   -0.461000
   -0.459933
   -0.460318
   -0.459893
   -0.460842
   -0.460338
   -0.460864
   -0.460362
