   -0.402260
    0.372189
    0.371691
    0.245226
    0.199530
   -0.035794
   -0.551262
   -0.447920
   -0.412115
   -0.503122
    0.366368
    0.455441
    0.303297
    0.356534
    0.369148
   -0.474488
   -0.417361
    0.394660
    0.428896
    0.269805
    0.185881
   -0.017437
   -0.616136
   -0.474846
   -0.413442
   -0.510775
    0.427611
    0.500087
    0.316500
    0.328357
    0.401617
   -0.525396
   -0.407246
    0.344606
    0.322057
    0.204286
    0.181513
   -0.062410
   -0.516855
   -0.422942
   -0.404019
   -0.414605
    0.359768
    0.397939
    0.298713
    0.372680
    0.161629
   -0.507650
   -0.436471
    0.403413
    0.443038
    0.257203
    0.168495
   -0.005283
   -0.644621
   -0.472868
   -0.422157
   -0.442597
    0.505624
    0.488810
    0.312204
    0.367421
    0.176549
   -0.632728
   -0.421778
    0.330248
    0.292299
    0.174317
    0.157069
   -0.079684
   -0.520586
   -0.413713
   -0.404015
   -0.305688
    0.395757
    0.353953
    0.306427
    0.357870
   -0.139462
   -0.502244
   -0.458644
    0.384596
    0.415424
    0.228380
    0.146309
   -0.021931
   -0.651904
   -0.460809
   -0.424617
   -0.328009
    0.552530
    0.437086
    0.311910
    0.422187
   -0.205838
   -0.642066
   -0.448539
    0.334790
    0.309532
    0.165859
    0.138266
   -0.069074
   -0.552751
   -0.421634
   -0.409678
   -0.227318
    0.469409
    0.338988
    0.336187
    0.380544
   -0.412671
   -0.481980
   -0.458474
    0.359460
    0.364978
    0.191392
    0.121713
   -0.049811
   -0.612525
   -0.445273
   -0.422027
   -0.234626
    0.538661
    0.375049
    0.329115
    0.427954
   -0.467326
   -0.551801
   -0.486371
    0.176884
    0.231837
    0.160595
    0.144298
   -0.194512
   -0.554898
   -0.362763
   -0.425925
    0.074937
    0.462545
    0.339185
    0.381697
    0.304773
   -0.499318
   -0.434086
   -0.483344
    0.178807
    0.256356
    0.150473
    0.140396
   -0.192051
   -0.601496
   -0.386563
   -0.436513
    0.099036
    0.506265
    0.329360
    0.380897
    0.320177
   -0.604235
   -0.510328
   -0.470563
    0.057144
    0.132466
    0.145854
    0.117199
   -0.206561
   -0.477849
   -0.369268
   -0.458390
    0.132147
    0.386281
    0.278689
    0.368512
   -0.031708
   -0.462125
   -0.376802
   -0.464884
    0.075140
    0.208713
    0.128330
    0.120360
   -0.216269
   -0.609584
   -0.425219
   -0.465674
    0.180355
    0.472286
    0.269620
    0.333756
   -0.007154
   -0.622391
   -0.452982
   -0.462276
   -0.045923
    0.080060
    0.101501
    0.101539
   -0.260177
   -0.451464
   -0.380562
   -0.487950
    0.216028
    0.283295
    0.218783
    0.290401
   -0.351224
   -0.470081
   -0.419462
   -0.470308
    0.013256
    0.204451
    0.065072
    0.130544
   -0.296474
   -0.592865
   -0.419089
   -0.475827
    0.258396
    0.350834
    0.216470
    0.319639
   -0.367744
   -0.619618
   -0.410571
   -0.478844
   -0.046840
    0.138727
    0.046706
    0.126357
   -0.331326
   -0.505238
   -0.385667
   -0.473951
    0.274115
    0.203955
    0.204613
    0.208047
   -0.491843
   -0.450672
   -0.443706
   -0.485764
   -0.006009
    0.209292
    0.026395
    0.142416
   -0.350446
   -0.566613
   -0.393261
   -0.469832
    0.287736
    0.230966
    0.207431
    0.264881
   -0.524837
   -0.552039
   -0.429971
   -0.326811
   -0.261110
    0.436048
    0.364242
    0.305613
    0.317111
   -0.191170
   -0.578210
   -0.490747
   -0.484254
   -0.393948
    0.405081
    0.384751
    0.334149
    0.346952
    0.228292
   -0.354530
   -0.264970
    0.545228
    0.499351
    0.363197
    0.364808
   -0.235000
   -0.695214
   -0.560616
   -0.527276
   -0.379390
    0.508208
    0.546552
    0.408412
    0.375106
    0.206314
   -0.333185
   -0.271344
    0.418285
    0.360880
    0.313708
    0.319708
   -0.240703
   -0.558353
   -0.479105
   -0.482576
   -0.266316
    0.385933
    0.374181
    0.286357
    0.350502
   -0.115138
   -0.357301
   -0.310299
    0.553074
    0.480701
    0.345940
    0.396658
   -0.319633
   -0.698518
   -0.550651
   -0.542248
   -0.248181
    0.522727
    0.501272
    0.313039
    0.369523
   -0.149869
   -0.329808
   -0.291498
    0.405344
    0.329509
    0.303666
    0.342695
   -0.352628
   -0.561899
   -0.468361
   -0.483208
   -0.072493
    0.391886
    0.322416
    0.260605
    0.308055
   -0.397364
   -0.355152
   -0.336088
    0.538863
    0.454273
    0.320607
    0.414314
   -0.439243
   -0.695390
   -0.535125
   -0.541953
   -0.038097
    0.551129
    0.402926
    0.295938
    0.336386
   -0.447049
   -0.338573
   -0.338020
    0.410899
    0.313893
    0.254857
    0.347867
   -0.452631
   -0.574802
   -0.452494
   -0.483743
    0.081685
    0.434129
    0.315176
    0.318851
    0.205544
   -0.578922
   -0.367615
   -0.343265
    0.526123
    0.453594
    0.295450
    0.390549
   -0.517836
   -0.690264
   -0.524878
   -0.525785
    0.124062
    0.558194
    0.359601
    0.354802
    0.211559
   -0.636365
   -0.337484
   -0.374850
    0.358364
    0.279321
    0.248464
    0.296176
   -0.478170
   -0.554887
   -0.447196
   -0.472367
    0.307260
    0.381866
    0.314228
    0.376687
   -0.096653
   -0.601496
   -0.397886
   -0.427118
    0.419585
    0.345865
    0.229380
    0.322218
   -0.576055
   -0.660802
   -0.498325
   -0.497250
    0.423156
    0.524483
    0.310444
    0.434970
   -0.132071
   -0.683252
   -0.376481
   -0.446799
    0.275321
    0.208369
    0.203922
    0.206473
   -0.494802
   -0.495561
   -0.451484
   -0.431246
    0.315905
    0.344000
    0.300392
    0.329128
   -0.377323
   -0.525443
   -0.404418
   -0.464202
    0.367467
    0.239728
    0.171358
    0.260020
   -0.625218
   -0.634934
   -0.501248
   -0.475027
    0.444810
    0.465002
    0.290643
    0.363515
   -0.478627
   -0.676227
   -0.379342
   -0.452946
    0.226959
    0.123087
    0.149860
    0.129652
   -0.535244
   -0.469860
   -0.450141
   -0.364793
    0.266226
    0.251535
    0.227946
    0.233742
   -0.536825
   -0.495455
   -0.400310
   -0.471136
    0.302473
    0.160592
    0.153502
    0.146609
   -0.652861
   -0.586532
   -0.530846
   -0.389200
    0.390572
    0.322656
    0.269175
    0.201055
   -0.651249
   -0.635991
   -0.380067
   -0.438935
    0.208740
    0.112470
    0.120681
    0.063294
   -0.555998
   -0.480867
   -0.460064
   -0.276760
    0.196182
    0.134319
    0.247966
   -0.093212
   -0.554422
   -0.502848
   -0.440656
   -0.491661
    0.252796
    0.193520
    0.136671
    0.053019
   -0.647211
   -0.573173
   -0.541544
   -0.283674
    0.298120
    0.234292
    0.235232
   -0.116845
   -0.668725
   -0.570671
   -0.361397
   -0.497976
    0.007075
    0.403185
    0.301747
    0.319416
    0.377211
   -0.333867
   -0.530594
   -0.359247
   -0.494805
   -0.322185
    0.382959
    0.302000
    0.228894
    0.438972
   -0.388359
   -0.580188
   -0.001528
    0.496186
    0.392471
    0.366504
    0.473265
   -0.353396
   -0.613031
   -0.389422
   -0.571511
   -0.348054
    0.445326
    0.410103
    0.263992
    0.512223
   -0.389085
   -0.476504
   -0.011298
    0.391601
    0.343050
    0.327400
    0.354385
   -0.374199
   -0.503859
   -0.376262
   -0.499791
   -0.145285
    0.335797
    0.235249
    0.222601
    0.413486
   -0.357326
   -0.612511
   -0.028606
    0.510974
    0.390448
    0.363090
    0.495263
   -0.424892
   -0.600307
   -0.365404
   -0.620850
   -0.178132
    0.455885
    0.278046
    0.227400
    0.540688
   -0.373059
   -0.485919
   -0.050462
    0.365211
    0.332377
    0.332260
    0.338339
   -0.436691
   -0.462682
   -0.382072
   -0.513209
    0.076296
    0.377035
    0.210750
    0.255334
    0.298338
   -0.346158
   -0.619438
   -0.078965
    0.482551
    0.373230
    0.359160
    0.470753
   -0.500179
   -0.550432
   -0.376194
   -0.628255
    0.066435
    0.478413
    0.172292
    0.283200
    0.400110
   -0.339544
   -0.515683
   -0.076118
    0.379326
    0.313369
    0.321353
    0.315133
   -0.509756
   -0.445409
   -0.388510
   -0.517150
    0.260812
    0.372143
    0.195245
    0.315862
    0.075081
   -0.368646
   -0.606271
   -0.092912
    0.467569
    0.406224
    0.358628
    0.388935
   -0.550612
   -0.524459
   -0.420779
   -0.589173
    0.264018
    0.481839
    0.191544
    0.357407
    0.102706
   -0.348998
   -0.459402
   -0.077555
    0.316842
    0.296691
    0.307426
    0.259623
   -0.488682
   -0.438891
   -0.443458
   -0.463171
    0.338157
    0.330625
    0.175413
    0.290572
   -0.295535
   -0.394773
   -0.541484
   -0.122391
    0.422813
    0.327765
    0.353352
    0.252342
   -0.598317
   -0.476775
   -0.463664
   -0.486029
    0.455573
    0.403730
    0.199981
    0.359444
   -0.324214
   -0.379834
   -0.484701
   -0.163948
    0.209896
    0.229583
    0.196172
    0.062544
   -0.491777
   -0.411933
   -0.443286
   -0.258625
    0.360795
    0.291718
    0.208040
    0.274600
   -0.448919
   -0.373122
   -0.538028
   -0.189179
    0.315147
    0.239776
    0.254775
    0.113684
   -0.589920
   -0.438588
   -0.473709
   -0.326147
    0.445926
    0.331389
    0.239226
    0.357195
   -0.496188
   -0.375317
   -0.464103
   -0.230506
    0.151391
    0.142706
    0.130555
   -0.127085
   -0.505825
   -0.366120
   -0.460755
   -0.089080
    0.304608
    0.257153
    0.240246
    0.096213
   -0.505046
   -0.362356
   -0.507680
   -0.272111
    0.274290
    0.113193
    0.184674
   -0.086244
   -0.600412
   -0.403605
   -0.511114
   -0.121762
    0.424641
    0.257462
    0.317410
    0.140910
   -0.608662
   -0.344388
   -0.416488
   -0.252591
    0.145381
    0.066714
    0.098482
   -0.193594
   -0.495497
   -0.360908
   -0.489983
    0.018827
    0.233020
    0.171590
    0.246066
   -0.173337
   -0.479023
   -0.383214
   -0.502836
   -0.307210
    0.273579
    0.071477
    0.137472
   -0.210221
   -0.592333
   -0.402539
   -0.528625
    0.012245
    0.369848
    0.184163
    0.313189
   -0.165386
   -0.590246
   -0.433484
   -0.380772
   -0.514235
    0.145486
    0.348836
    0.219562
    0.335153
    0.352210
   -0.272045
   -0.364844
   -0.417924
   -0.498945
   -0.287946
    0.428402
    0.358421
    0.326313
   -0.511507
   -0.423707
   -0.600980
    0.134460
    0.448879
    0.254543
    0.416773
    0.504394
   -0.302882
   -0.438665
   -0.414030
   -0.622691
   -0.349865
    0.491424
    0.426187
    0.320395
   -0.455603
   -0.401103
   -0.480040
    0.133301
    0.353696
    0.249117
    0.356680
    0.325927
   -0.307354
   -0.350598
   -0.421996
   -0.496977
   -0.067572
    0.379854
    0.289600
    0.356760
   -0.555040
   -0.402597
   -0.609257
    0.121093
    0.469975
    0.251386
    0.461305
    0.480377
   -0.340781
   -0.396702
   -0.446319
   -0.621064
   -0.117430
    0.473374
    0.332721
    0.371271
   -0.467344
   -0.394084
   -0.472519
    0.097913
    0.336445
    0.231101
    0.394190
    0.310236
   -0.348669
   -0.314997
   -0.418479
   -0.506382
    0.184043
    0.392493
    0.275381
    0.388677
   -0.566136
   -0.387715
   -0.597274
    0.060757
    0.442252
    0.227923
    0.513113
    0.412032
   -0.380436
   -0.322590
   -0.509344
   -0.615496
    0.212274
    0.492891
    0.279846
    0.465222
   -0.482135
   -0.357274
   -0.485863
    0.059461
    0.354588
    0.222051
    0.422178
    0.253441
   -0.394134
   -0.284404
   -0.453361
   -0.485129
    0.329772
    0.389815
    0.340711
    0.437061
   -0.548880
   -0.393895
   -0.586835
    0.025795
    0.453450
    0.251120
    0.520832
    0.349090
   -0.441242
   -0.321005
   -0.515991
   -0.579387
    0.409032
    0.471126
    0.352549
    0.524345
   -0.488849
   -0.400442
   -0.476323
    0.105706
    0.346224
    0.237524
    0.463237
    0.161441
   -0.410455
   -0.285525
   -0.498651
   -0.366657
    0.361427
    0.290941
    0.306221
    0.410810
   -0.546084
   -0.383471
   -0.564482
    0.096851
    0.427291
    0.228508
    0.551517
    0.155638
   -0.466251
   -0.280034
   -0.622231
   -0.391419
    0.463511
    0.333339
    0.367213
    0.456230
   -0.459461
   -0.410594
   -0.475707
    0.029631
    0.294360
    0.192464
    0.352050
   -0.054939
   -0.402165
   -0.267607
   -0.462998
   -0.131205
    0.373931
    0.278234
    0.373537
    0.276016
   -0.552056
   -0.402501
   -0.579334
    0.082395
    0.370108
    0.153304
    0.462317
    0.012640
   -0.471066
   -0.274560
   -0.595111
   -0.204599
    0.490925
    0.301587
    0.466062
    0.347228
   -0.475130
   -0.415890
   -0.524891
   -0.021298
    0.233252
    0.155856
    0.266380
   -0.228518
   -0.362222
   -0.269194
   -0.454883
    0.046651
    0.343361
    0.211298
    0.393024
   -0.063341
   -0.588255
   -0.401052
   -0.612265
    0.046361
    0.292461
    0.102174
    0.345428
   -0.218835
   -0.436834
   -0.279040
   -0.541359
    0.069284
    0.452486
    0.250352
    0.494667
   -0.037845
   -0.477783
   -0.396549
   -0.489872
    0.017194
    0.193401
    0.118428
    0.219258
   -0.338230
   -0.346777
   -0.299263
   -0.445373
    0.203288
    0.232678
    0.219943
    0.329089
   -0.368640
   -0.529079
   -0.387487
   -0.582246
    0.026551
    0.272843
    0.095625
    0.288714
   -0.363184
   -0.404208
   -0.288350
   -0.528566
    0.217448
    0.331456
    0.258312
    0.400657
   -0.395015
   -0.527671
   -0.377265
   -0.428071
   -0.355110
    0.176192
    0.287322
    0.173842
    0.367621
    0.344427
   -0.450007
   -0.439514
   -0.394118
   -0.518806
   -0.108755
    0.468612
    0.316552
   -0.595379
   -0.419416
   -0.493779
   -0.445835
    0.183773
    0.386068
    0.171058
    0.448669
    0.465571
   -0.511914
   -0.502620
   -0.378196
   -0.607514
   -0.120003
    0.567727
    0.334193
   -0.495825
   -0.419569
   -0.424752
   -0.334162
    0.181926
    0.291509
    0.230159
    0.388532
    0.270962
   -0.464686
   -0.419988
   -0.414625
   -0.449302
    0.136377
    0.422317
    0.254755
   -0.623767
   -0.420213
   -0.469628
   -0.442281
    0.214996
    0.401400
    0.163474
    0.481281
    0.363355
   -0.556009
   -0.458740
   -0.429182
   -0.577531
    0.160112
    0.560077
    0.235460
   -0.488519
   -0.427138
   -0.419990
   -0.344084
    0.189307
    0.258556
    0.230469
    0.411957
    0.156671
   -0.479770
   -0.388462
   -0.434096
   -0.441992
    0.317033
    0.425255
    0.248883
   -0.605849
   -0.413201
   -0.438296
   -0.423594
    0.198092
    0.364452
    0.168591
    0.522585
    0.198358
   -0.566883
   -0.384809
   -0.512371
   -0.520293
    0.413817
    0.527092
    0.234906
   -0.492653
   -0.403441
   -0.404397
   -0.363257
    0.192430
    0.269528
    0.221683
    0.432013
    0.017497
   -0.526979
   -0.358322
   -0.486859
   -0.355422
    0.422983
    0.404625
    0.324235
   -0.543672
   -0.419131
   -0.436852
   -0.430249
    0.182927
    0.369555
    0.217851
    0.525334
    0.080123
   -0.599682
   -0.385633
   -0.541548
   -0.406420
    0.539304
    0.475636
    0.335598
   -0.521413
   -0.419755
   -0.410843
   -0.290760
    0.199567
    0.205068
    0.221662
    0.418541
   -0.219316
   -0.480545
   -0.359248
   -0.516936
   -0.070842
    0.437947
    0.324033
    0.381781
   -0.553147
   -0.437739
   -0.424034
   -0.369110
    0.228808
    0.273739
    0.235032
    0.488943
   -0.247037
   -0.547593
   -0.385820
   -0.627912
   -0.075229
    0.546502
    0.288099
    0.409081
   -0.450803
   -0.418811
   -0.413463
   -0.314361
    0.155630
    0.164866
    0.219290
    0.318709
   -0.322365
   -0.449909
   -0.395404
   -0.477315
    0.193928
    0.433405
    0.269126
    0.344447
   -0.529796
   -0.463157
   -0.433034
   -0.385314
    0.217235
    0.248374
    0.191942
    0.452647
   -0.321053
   -0.549234
   -0.407267
   -0.621675
    0.188774
    0.546477
    0.236925
    0.485000
   -0.416088
   -0.433169
   -0.439223
   -0.355243
    0.130579
    0.172051
    0.206150
    0.243383
   -0.417385
   -0.419793
   -0.432188
   -0.449295
    0.251139
    0.291127
    0.238110
    0.305801
   -0.511678
   -0.486556
   -0.446344
   -0.425812
    0.196339
    0.188905
    0.181374
    0.319409
   -0.445925
   -0.466057
   -0.463374
   -0.516247
    0.316820
    0.363162
    0.248274
    0.427279
   -0.388838
   -0.441755
   -0.393776
   -0.325052
    0.158299
    0.153647
    0.158273
    0.154516
   -0.503032
   -0.386269
   -0.476191
   -0.346794
    0.242441
    0.193006
    0.234042
    0.122039
   -0.420955
   -0.464537
   -0.421124
   -0.405693
    0.197983
    0.169216
    0.176744
    0.185370
   -0.545268
   -0.396830
   -0.517381
   -0.404013
    0.326006
    0.201543
    0.256328
    0.166364
   -0.092034
   -0.520832
   -0.351387
   -0.430497
   -0.466509
    0.336431
    0.339587
    0.233172
    0.391105
    0.194822
   -0.493940
   -0.442351
   -0.409836
   -0.515088
    0.013281
    0.409053
   -0.057619
   -0.589045
   -0.380996
   -0.505802
   -0.535713
    0.408590
    0.382779
    0.168755
    0.470971
    0.268153
   -0.566696
   -0.441449
   -0.408800
   -0.607762
    0.001290
    0.497257
   -0.018879
   -0.499482
   -0.401764
   -0.428269
   -0.414771
    0.350270
    0.340604
    0.268675
    0.360574
    0.092139
   -0.494198
   -0.421218
   -0.403413
   -0.451657
    0.234014
    0.383177
    0.020984
   -0.631525
   -0.387438
   -0.495032
   -0.525949
    0.435704
    0.361885
    0.192455
    0.483024
    0.085690
   -0.569408
   -0.435922
   -0.443770
   -0.555637
    0.244372
    0.477031
    0.020794
   -0.483879
   -0.405995
   -0.444182
   -0.431567
    0.374002
    0.280672
    0.259309
    0.372803
   -0.094046
   -0.499054
   -0.398792
   -0.440657
   -0.431797
    0.334398
    0.341062
    0.060591
   -0.628004
   -0.387972
   -0.462473
   -0.507464
    0.440344
    0.298713
    0.196244
    0.500069
   -0.160709
   -0.554410
   -0.376711
   -0.572192
   -0.448668
    0.382871
    0.392783
    0.028227
   -0.500848
   -0.380325
   -0.450176
   -0.441439
    0.368504
    0.261976
    0.274214
    0.373086
   -0.316324
   -0.496292
   -0.402471
   -0.506981
   -0.247514
    0.357912
    0.307371
    0.054869
   -0.572076
   -0.391983
   -0.467832
   -0.492147
    0.423887
    0.303911
    0.214944
    0.462163
   -0.306906
   -0.566417
   -0.377944
   -0.610048
   -0.264646
    0.453539
    0.349181
    0.027793
   -0.498377
   -0.407077
   -0.446795
   -0.379300
    0.329082
    0.240240
    0.228249
    0.358845
   -0.447913
   -0.460899
   -0.429431
   -0.518287
    0.123023
    0.356858
    0.234477
    0.041969
   -0.585362
   -0.404444
   -0.464669
   -0.477267
    0.386377
    0.250695
    0.264123
    0.429866
   -0.516094
   -0.477646
   -0.428046
   -0.599603
    0.088315
    0.500704
    0.224439
    0.027505
   -0.490621
   -0.403619
   -0.436612
   -0.353471
    0.299670
    0.202062
    0.247903
    0.259492
   -0.478655
   -0.416257
   -0.466472
   -0.476068
    0.297170
    0.333737
    0.257336
    0.059455
   -0.599571
   -0.400755
   -0.475600
   -0.454037
    0.404638
    0.163153
    0.266276
    0.387323
   -0.555516
   -0.441160
   -0.453577
   -0.587431
    0.308177
    0.438727
    0.230612
    0.086939
   -0.443934
   -0.405256
   -0.453503
   -0.380995
    0.249216
    0.174849
    0.242227
    0.125853
   -0.499800
   -0.386898
   -0.465484
   -0.413996
    0.327463
    0.230058
    0.298239
    0.122612
   -0.571733
   -0.416652
   -0.495610
   -0.423831
    0.329496
    0.072369
    0.238112
    0.175202
   -0.585693
   -0.429467
   -0.545205
   -0.487876
    0.418148
    0.206037
    0.298543
    0.116776
   -0.473880
   -0.409467
   -0.435788
   -0.338814
    0.213792
    0.109922
    0.183294
   -0.048025
   -0.536324
   -0.416281
   -0.508591
   -0.253254
    0.298333
    0.152974
    0.300627
    0.152951
   -0.566014
   -0.409045
   -0.487343
   -0.387012
    0.245680
    0.066733
    0.188881
   -0.036263
   -0.602287
   -0.443924
   -0.585161
   -0.336501
    0.355891
    0.109291
    0.369565
    0.381302
   -0.295804
   -0.490246
   -0.394978
   -0.452105
   -0.404845
    0.342419
    0.314455
    0.231260
    0.390593
    0.117447
   -0.538358
   -0.372514
   -0.430920
   -0.484994
    0.129913
    0.492646
   -0.286254
   -0.590228
   -0.407862
   -0.534373
   -0.476370
    0.455779
    0.332450
    0.192160
    0.475492
    0.159163
   -0.609712
   -0.391369
   -0.447710
   -0.609926
    0.137217
    0.369040
   -0.206589
   -0.511565
   -0.400704
   -0.437130
   -0.352016
    0.379739
    0.316009
    0.235949
    0.372048
   -0.024120
   -0.505560
   -0.369860
   -0.471002
   -0.461176
    0.310648
    0.506591
   -0.261133
   -0.622350
   -0.398062
   -0.549476
   -0.440398
    0.509783
    0.303880
    0.236633
    0.466604
   -0.059164
   -0.601029
   -0.371415
   -0.531023
   -0.562536
    0.340089
    0.352911
   -0.153845
   -0.511890
   -0.383470
   -0.479414
   -0.301291
    0.410061
    0.261683
    0.238023
    0.332605
   -0.211812
   -0.504266
   -0.373197
   -0.516979
   -0.356095
    0.329284
    0.484848
   -0.231258
   -0.616805
   -0.393723
   -0.538892
   -0.367934
    0.523820
    0.237220
    0.261920
    0.438199
   -0.310970
   -0.577767
   -0.372681
   -0.621824
   -0.408262
    0.418406
    0.307623
   -0.159624
   -0.503971
   -0.377357
   -0.503855
   -0.289439
    0.434497
    0.231750
    0.280403
    0.311945
   -0.465989
   -0.496913
   -0.389952
   -0.510873
   -0.071291
    0.370153
    0.403680
   -0.180231
   -0.593354
   -0.387930
   -0.534919
   -0.342537
    0.533657
    0.242933
    0.253272
    0.414570
   -0.487936
   -0.562904
   -0.369798
   -0.638220
   -0.108711
    0.485239
    0.274735
   -0.163549
   -0.487428
   -0.421393
   -0.522150
   -0.207920
    0.363273
    0.158555
    0.258056
    0.251922
   -0.496956
   -0.433028
   -0.402519
   -0.466905
    0.274877
    0.249396
    0.298983
   -0.189463
   -0.591306
   -0.416877
   -0.572500
   -0.255622
    0.427626
    0.178685
    0.336915
    0.327215
   -0.588190
   -0.404066
   -0.432531
   -0.591581
    0.288515
    0.331285
    0.203658
   -0.161252
   -0.489270
   -0.408149
   -0.485000
   -0.168234
    0.284018
    0.136777
    0.252972
    0.142621
   -0.487825
   -0.380958
   -0.454344
   -0.407565
    0.342247
    0.236736
    0.278958
   -0.190110
   -0.615613
   -0.401996
   -0.578353
   -0.218004
    0.398426
    0.119281
    0.320021
    0.237413
   -0.586285
   -0.362428
   -0.532056
   -0.529309
    0.450531
    0.229179
    0.199302
   -0.097760
   -0.473272
   -0.424117
   -0.508009
   -0.210474
    0.160445
    0.082797
    0.230560
   -0.048993
   -0.486810
   -0.359376
   -0.477387
   -0.234214
    0.335776
    0.151807
    0.257432
   -0.108019
   -0.605583
   -0.390489
   -0.606968
   -0.197223
    0.256574
   -0.009644
    0.295791
   -0.055645
   -0.586784
   -0.362072
   -0.581347
   -0.253059
    0.419315
    0.066479
    0.173599
   -0.063727
   -0.532378
   -0.423842
   -0.481520
   -0.180257
    0.115386
    0.030059
    0.187877
   -0.290068
   -0.460064
   -0.406525
   -0.466782
    0.059707
    0.238754
    0.119454
    0.231041
   -0.052008
   -0.611625
   -0.401019
   -0.565211
   -0.174608
    0.158914
   -0.017010
    0.256861
   -0.294418
   -0.533735
   -0.395280
   -0.573083
    0.028730
    0.303867
    0.076727
    0.343718
    0.370533
   -0.467507
   -0.460101
   -0.367705
   -0.523731
   -0.202757
    0.398333
    0.261505
    0.267991
    0.411898
   -0.085398
   -0.379814
   -0.369348
   -0.485281
   -0.486028
    0.332316
    0.479492
   -0.477768
   -0.560239
   -0.354066
   -0.636591
   -0.221081
    0.546473
    0.259702
    0.231434
    0.524257
   -0.076594
   -0.479581
   -0.376987
   -0.479465
   -0.587537
    0.305679
    0.360135
   -0.399683
   -0.476427
   -0.397505
   -0.484929
   -0.114140
    0.398353
    0.302262
    0.262032
    0.381389
   -0.169662
   -0.382390
   -0.382665
   -0.479281
   -0.373116
    0.316330
    0.501295
   -0.453781
   -0.559388
   -0.355418
   -0.645134
   -0.097913
    0.556605
    0.275710
    0.283361
    0.460211
   -0.228982
   -0.501618
   -0.358434
   -0.539392
   -0.450752
    0.292223
    0.367259
   -0.375321
   -0.481410
   -0.379753
   -0.499204
    0.010368
    0.397211
    0.266106
    0.280552
    0.306379
   -0.284585
   -0.382019
   -0.410050
   -0.510642
   -0.176781
    0.306202
    0.493752
   -0.461970
   -0.573550
   -0.354918
   -0.625695
    0.060022
    0.551719
    0.219392
    0.343873
    0.374919
   -0.402175
   -0.443623
   -0.402789
   -0.630067
   -0.184753
    0.239232
    0.367986
   -0.381024
   -0.452112
   -0.380864
   -0.508613
    0.110618
    0.393616
    0.244354
    0.379370
    0.182523
   -0.458107
   -0.371047
   -0.417101
   -0.469086
    0.161076
    0.244344
    0.461815
   -0.437241
   -0.561361
   -0.364340
   -0.594736
    0.106916
    0.538497
    0.217327
    0.379386
    0.285128
   -0.506999
   -0.411297
   -0.424737
   -0.608306
    0.181602
    0.167411
    0.298397
   -0.376032
   -0.486086
   -0.380984
   -0.505632
    0.227449
    0.387682
    0.209263
    0.357307
    0.043808
   -0.417139
   -0.316529
   -0.426717
   -0.378375
    0.325897
    0.143262
    0.352005
   -0.445703
   -0.543711
   -0.360646
   -0.584525
    0.256200
    0.464664
    0.221435
    0.465632
    0.042589
   -0.483828
   -0.322397
   -0.502362
   -0.497811
    0.446031
    0.113468
    0.176387
   -0.407266
   -0.464093
   -0.374860
   -0.448498
    0.218492
    0.295583
    0.161102
    0.323245
   -0.123694
   -0.381505
   -0.338316
   -0.496817
   -0.203310
    0.372911
    0.103361
    0.257622
   -0.471960
   -0.543034
   -0.372925
   -0.613142
    0.268319
    0.382602
    0.117753
    0.451463
   -0.138742
   -0.499306
   -0.307208
   -0.609108
   -0.227917
    0.498877
    0.108595
    0.156657
   -0.391096
   -0.450393
   -0.400083
   -0.492672
    0.163894
    0.205954
    0.107563
    0.260936
   -0.298743
   -0.359292
   -0.352323
   -0.505255
    0.045795
    0.318890
    0.064821
    0.224592
   -0.465247
   -0.506696
   -0.399731
   -0.583820
    0.242021
    0.224431
    0.087880
    0.348334
   -0.341241
   -0.428242
   -0.297504
   -0.614979
    0.098266
    0.351161
    0.074782
    0.160218
   -0.380022
   -0.478154
   -0.394190
   -0.482201
    0.175447
    0.154034
    0.086727
    0.143582
   -0.412104
   -0.325861
   -0.365066
   -0.479629
    0.188588
    0.207950
    0.066049
    0.233586
   -0.452250
   -0.506607
   -0.403298
   -0.511717
    0.234074
    0.169059
    0.131624
    0.231274
   -0.430300
   -0.345734
   -0.353548
   -0.592314
    0.229045
    0.162817
    0.187135
    0.379048
    0.276921
   -0.451085
   -0.448007
   -0.370867
   -0.391306
    0.022130
    0.358721
    0.241720
    0.300082
    0.421775
   -0.242462
   -0.450439
   -0.392859
   -0.506458
    0.176975
    0.396940
    0.378464
   -0.477581
   -0.519846
   -0.383808
   -0.530559
    0.026100
    0.492882
    0.241154
    0.320146
    0.520401
   -0.269516
   -0.552960
   -0.385975
   -0.531817
    0.198992
    0.307552
    0.311880
   -0.446020
   -0.474248
   -0.377754
   -0.382427
    0.069765
    0.389173
    0.247336
    0.324120
    0.356784
   -0.344117
   -0.484669
   -0.397304
   -0.487626
    0.150396
    0.410989
    0.408947
   -0.509282
   -0.503351
   -0.370613
   -0.519554
    0.116334
    0.523967
    0.253608
    0.382894
    0.429186
   -0.414100
   -0.545163
   -0.339963
   -0.574246
    0.201359
    0.305405
    0.312714
   -0.459665
   -0.445507
   -0.409964
   -0.371893
    0.150733
    0.361003
    0.258751
    0.323202
    0.250763
   -0.468888
   -0.463799
   -0.383073
   -0.483994
    0.175984
    0.418228
    0.410908
   -0.539742
   -0.492044
   -0.387345
   -0.499303
    0.264415
    0.474247
    0.232449
    0.442740
    0.306434
   -0.566241
   -0.456391
   -0.411277
   -0.584931
    0.177130
    0.303488
    0.274995
   -0.434827
   -0.411055
   -0.389255
   -0.387711
    0.245914
    0.337871
    0.286370
    0.396288
    0.117915
   -0.540384
   -0.357969
   -0.428359
   -0.490749
    0.201002
    0.345525
    0.365373
   -0.485830
   -0.494451
   -0.373825
   -0.507173
    0.303917
    0.449269
    0.237313
    0.468020
    0.193663
   -0.600497
   -0.391725
   -0.483430
   -0.611258
    0.188583
    0.274329
    0.251747
   -0.463699
   -0.413424
   -0.376276
   -0.326331
    0.288304
    0.298512
    0.244762
    0.355869
   -0.173411
   -0.490951
   -0.409536
   -0.519636
   -0.250337
    0.186611
    0.293333
    0.307440
   -0.536753
   -0.449793
   -0.347036
   -0.374739
    0.347252
    0.371828
    0.257727
    0.445306
   -0.209916
   -0.536550
   -0.346112
   -0.603156
   -0.310363
    0.139545
    0.173953
    0.136088
   -0.459710
   -0.366751
   -0.339598
   -0.283334
    0.251982
    0.252791
    0.218760
    0.277234
   -0.302797
   -0.482548
   -0.389119
   -0.507466
    0.076096
    0.175218
    0.216325
    0.249331
   -0.548573
   -0.412053
   -0.366712
   -0.363712
    0.325982
    0.302987
    0.214447
    0.365219
   -0.383038
   -0.547219
   -0.372718
   -0.622072
    0.107086
    0.135156
    0.147258
    0.136726
   -0.458334
   -0.365249
   -0.322301
   -0.296583
    0.202905
    0.200381
    0.150662
    0.161308
   -0.427024
   -0.452295
   -0.423557
   -0.501329
    0.288757
    0.190262
    0.163011
    0.217305
   -0.530037
   -0.375020
   -0.351764
   -0.343405
    0.271924
    0.184891
    0.168324
    0.213100
   -0.544249
   -0.425798
   -0.453214
   -0.584350
    0.346304
    0.134519
    0.108382
    0.165727
   -0.470004
   -0.389527
   -0.331178
   -0.250130
    0.190459
    0.114648
    0.103097
   -0.029098
   -0.499850
   -0.378378
   -0.489002
   -0.350312
    0.324761
    0.185900
    0.150720
    0.200757
   -0.526069
   -0.397187
   -0.327172
   -0.273592
    0.256073
    0.127395
    0.151139
    0.046041
   -0.565693
   -0.370330
   -0.516373
   -0.415666
    0.402498
    0.344394
    0.182602
    0.339312
    0.180334
   -0.496538
   -0.379006
   -0.373654
   -0.454166
    0.113990
    0.390574
    0.253767
    0.367347
    0.398599
   -0.355618
   -0.461108
   -0.395637
    0.430437
    0.130259
    0.391859
    0.239883
   -0.560799
   -0.392285
   -0.429068
   -0.594183
    0.143039
    0.498536
    0.217202
    0.420394
    0.499080
   -0.367898
   -0.594711
   -0.386279
    0.356890
    0.181913
    0.283392
    0.193971
   -0.494819
   -0.390615
   -0.428264
   -0.461441
    0.206821
    0.369109
    0.254479
    0.391337
    0.331798
   -0.472629
   -0.458780
   -0.416355
    0.472014
    0.106925
    0.398516
    0.229876
   -0.618710
   -0.332261
   -0.477926
   -0.585720
    0.249831
    0.490732
    0.208776
    0.487903
    0.417075
   -0.507917
   -0.489633
   -0.375370
    0.333222
    0.184558
    0.261398
    0.183866
   -0.497144
   -0.400630
   -0.471144
   -0.453999
    0.273443
    0.326222
    0.270273
    0.365228
    0.222003
   -0.519834
   -0.416202
   -0.427046
    0.437244
    0.124891
    0.405061
    0.235389
   -0.623304
   -0.362128
   -0.508012
   -0.566089
    0.367676
    0.424820
    0.209577
    0.509965
    0.219727
   -0.592981
   -0.384086
   -0.448928
    0.311896
    0.154367
    0.250417
    0.139755
   -0.497489
   -0.344132
   -0.488685
   -0.469761
    0.345074
    0.277334
    0.331527
    0.397060
   -0.008765
   -0.500447
   -0.405971
   -0.499811
    0.388520
    0.115453
    0.341969
    0.210842
   -0.596278
   -0.356473
   -0.510016
   -0.594065
    0.414507
    0.370154
    0.275813
    0.491688
    0.001475
   -0.598264
   -0.419311
   -0.592423
    0.299651
    0.090606
    0.229208
    0.085385
   -0.514327
   -0.383060
   -0.514442
   -0.452983
    0.346437
    0.229126
    0.297795
    0.386030
   -0.303629
   -0.479274
   -0.411540
   -0.531215
    0.373423
    0.064318
    0.278654
    0.124334
   -0.612286
   -0.347588
   -0.548961
   -0.471591
    0.447642
    0.261466
    0.360534
    0.477745
   -0.366325
   -0.554844
   -0.355475
   -0.634742
    0.202969
    0.057497
    0.145801
    0.001620
   -0.499135
   -0.375021
   -0.458011
   -0.324863
    0.338425
    0.231841
    0.309660
    0.311089
   -0.427590
   -0.440240
   -0.409782
   -0.444913
    0.307957
    0.017715
    0.244399
    0.060104
   -0.602677
   -0.311800
   -0.576916
   -0.371028
    0.455094
    0.222148
    0.373886
    0.401752
   -0.529902
   -0.477601
   -0.430406
   -0.565092
    0.164914
    0.042872
    0.151074
   -0.017392
   -0.486659
   -0.386878
   -0.454545
   -0.245463
    0.290787
    0.189036
    0.284816
    0.134442
   -0.487334
   -0.415477
   -0.456789
   -0.366412
    0.258653
    0.021931
    0.213681
   -0.017649
   -0.583074
   -0.304197
   -0.587254
   -0.274801
    0.375316
    0.109152
    0.332352
    0.129248
   -0.591414
   -0.396324
   -0.552070
   -0.397302
    0.145665
    0.013129
    0.149782
   -0.040012
   -0.519465
   -0.415095
   -0.470207
   -0.167586
    0.237475
    0.103139
    0.205348
   -0.157102
   -0.492778
   -0.391081
   -0.481874
   -0.056879
    0.206136
    0.047281
    0.224837
   -0.032198
   -0.589963
   -0.370775
   -0.546693
   -0.180372
    0.291402
    0.061211
    0.278930
   -0.132099
   -0.613621
   -0.383594
   -0.555325
    0.010392
    0.366242
    0.287902
    0.228670
    0.342878
   -0.037140
   -0.507917
   -0.384881
   -0.444109
   -0.463509
    0.275690
    0.371728
    0.209742
    0.376506
    0.321977
   -0.438933
   -0.464151
    0.456584
    0.330406
    0.154626
    0.406155
    0.011387
   -0.602210
   -0.355945
   -0.502113
   -0.625102
    0.321675
    0.430161
    0.168428
    0.406803
    0.395327
   -0.491988
   -0.576952
    0.305218
    0.322051
    0.187036
    0.313738
   -0.041565
   -0.487933
   -0.412602
   -0.455863
   -0.430851
    0.350229
    0.327626
    0.244071
    0.365400
    0.196534
   -0.500728
   -0.449231
    0.401569
    0.335526
    0.113882
    0.411651
   -0.054857
   -0.607222
   -0.334692
   -0.553980
   -0.553407
    0.385456
    0.372015
    0.181228
    0.490597
    0.260728
   -0.602862
   -0.452753
    0.239077
    0.287390
    0.147593
    0.322191
   -0.047911
   -0.514518
   -0.421004
   -0.466928
   -0.379734
    0.369840
    0.273303
    0.248925
    0.380333
   -0.001178
   -0.533448
   -0.410179
    0.294001
    0.288991
    0.088336
    0.442852
   -0.063506
   -0.609943
   -0.368028
   -0.613321
   -0.424859
    0.469684
    0.267167
    0.194689
    0.529725
   -0.007735
   -0.621357
   -0.328153
    0.123487
    0.236510
    0.119023
    0.301011
   -0.096745
   -0.503316
   -0.401167
   -0.519695
   -0.309043
    0.381797
    0.240090
    0.279023
    0.387536
   -0.324992
   -0.502111
   -0.344397
    0.174920
    0.258300
    0.058087
    0.392599
   -0.070457
   -0.593082
   -0.381033
   -0.622071
   -0.383395
    0.477537
    0.248734
    0.238265
    0.456753
   -0.333178
   -0.594373
   -0.319722
    0.052812
    0.166028
    0.044608
    0.278761
   -0.197276
   -0.549123
   -0.436535
   -0.552761
   -0.132344
    0.377085
    0.234467
    0.301232
    0.331065
   -0.491971
   -0.406878
   -0.375292
    0.074450
    0.203318
   -0.014991
    0.375631
   -0.241222
   -0.589488
   -0.411849
   -0.634596
   -0.119563
    0.460374
    0.226687
    0.358405
    0.367812
   -0.590897
   -0.412751
   -0.414486
   -0.056782
    0.058847
    0.021212
    0.180363
   -0.270698
   -0.505661
   -0.435364
   -0.490069
   -0.013197
    0.360216
    0.245760
    0.353969
    0.181787
   -0.524634
   -0.359712
   -0.432373
   -0.066314
    0.087714
   -0.020565
    0.306714
   -0.311409
   -0.550315
   -0.405852
   -0.642013
    0.024243
    0.447375
    0.196365
    0.448411
    0.217605
   -0.619240
   -0.330969
   -0.467800
   -0.143147
    0.028950
    0.012588
    0.195881
   -0.340234
   -0.465623
   -0.436543
   -0.522907
    0.068289
    0.283364
    0.196552
    0.312689
   -0.110509
   -0.493290
   -0.371083
   -0.466523
   -0.183275
    0.079021
   -0.062592
    0.262251
   -0.410169
   -0.550306
   -0.430488
   -0.628487
    0.114478
    0.301206
    0.123026
    0.420176
   -0.133454
   -0.572923
   -0.332560
   -0.528190
   -0.214903
    0.036414
    0.021169
    0.190230
   -0.378968
   -0.472485
   -0.429916
   -0.527994
    0.135162
    0.196417
    0.150233
    0.195520
   -0.376242
   -0.440490
   -0.403732
   -0.440155
   -0.233314
    0.105839
   -0.011928
    0.264378
   -0.443634
   -0.555156
   -0.443799
   -0.597612
    0.158640
    0.197662
    0.124664
    0.288514
   -0.454573
   -0.498240
   -0.397198
   -0.513445
   -0.349167
    0.429025
    0.253069
    0.287338
    0.367021
   -0.293770
   -0.478820
   -0.346458
   -0.471987
   -0.378742
    0.384730
    0.313696
    0.164844
    0.307340
    0.259560
   -0.489113
   -0.410422
    0.555311
    0.286381
    0.269713
    0.484903
   -0.301039
   -0.567447
   -0.314633
   -0.563965
   -0.532368
    0.488684
    0.347945
    0.089913
    0.434759
    0.364652
   -0.568705
   -0.389485
    0.387411
    0.290633
    0.263532
    0.343129
   -0.300418
   -0.470645
   -0.374357
   -0.464609
   -0.274820
    0.427462
    0.240576
    0.206925
    0.350575
    0.038915
   -0.469233
   -0.457100
    0.525005
    0.248244
    0.266405
    0.480298
   -0.396705
   -0.543533
   -0.309191
   -0.584624
   -0.384556
    0.493980
    0.267594
    0.144500
    0.498217
    0.050984
   -0.586118
   -0.426047
    0.369630
    0.268674
    0.276536
    0.359131
   -0.344204
   -0.461911
   -0.370186
   -0.489732
   -0.169071
    0.403254
    0.199915
    0.192898
    0.358851
   -0.233517
   -0.531336
   -0.501051
    0.498814
    0.213910
    0.248389
    0.485890
   -0.447759
   -0.498923
   -0.314471
   -0.622892
   -0.182627
    0.516296
    0.149043
    0.152668
    0.477417
   -0.328122
   -0.558503
   -0.443294
    0.304585
    0.223191
    0.252829
    0.346101
   -0.422923
   -0.426145
   -0.381269
   -0.506843
   -0.034835
    0.362106
    0.167766
    0.242754
    0.326495
   -0.478663
   -0.430519
   -0.528401
    0.410008
    0.235303
    0.203991
    0.471060
   -0.468476
   -0.502907
   -0.332409
   -0.608648
   -0.075793
    0.476641
    0.124444
    0.271775
    0.398097
   -0.515956
   -0.463611
   -0.470273
    0.243384
    0.214895
    0.222740
    0.329700
   -0.487060
   -0.394654
   -0.337640
   -0.521933
    0.189562
    0.325776
    0.114139
    0.275819
    0.173342
   -0.475034
   -0.370674
   -0.537258
    0.291211
    0.203300
    0.209646
    0.421867
   -0.534731
   -0.420074
   -0.358705
   -0.613108
    0.232216
    0.374929
    0.069620
    0.351102
    0.189668
   -0.616603
   -0.367595
   -0.482692
    0.162472
    0.167343
    0.181594
    0.275495
   -0.485858
   -0.423493
   -0.377919
   -0.464994
    0.246556
    0.269027
    0.128058
    0.313780
   -0.107757
   -0.482183
   -0.357113
   -0.570267
    0.219749
    0.164767
    0.147502
    0.326419
   -0.604723
   -0.402809
   -0.380127
   -0.565540
    0.317248
    0.285458
    0.060272
    0.438417
   -0.086975
   -0.595881
   -0.347901
   -0.495579
    0.072544
    0.121878
    0.129418
    0.175105
   -0.486957
   -0.426438
   -0.409467
   -0.436109
    0.248081
    0.185023
    0.106735
    0.259032
   -0.343483
   -0.456223
   -0.369119
   -0.590374
    0.119995
    0.123396
    0.133005
    0.224448
   -0.607170
   -0.363332
   -0.434464
   -0.540097
    0.319180
    0.215612
    0.117624
    0.403003
   -0.429838
   -0.486259
   -0.393594
   -0.495995
    0.067257
    0.114550
    0.149459
    0.167088
   -0.498163
   -0.364190
   -0.449633
   -0.406017
    0.266171
    0.147130
    0.106124
    0.143653
   -0.485954
   -0.405910
   -0.441654
   -0.577754
    0.093330
    0.106452
    0.140336
    0.192009
   -0.593516
   -0.340229
   -0.473197
   -0.449248
    0.319152
    0.146415
    0.142603
    0.211299
   -0.580551
   -0.393182
   -0.531255
   -0.505270
    0.032338
    0.433379
    0.261420
    0.316863
    0.312643
   -0.401676
   -0.339648
   -0.271226
   -0.472624
   -0.270784
    0.431942
    0.309605
    0.308014
    0.414472
    0.161771
   -0.610474
    0.059191
    0.619900
    0.263460
    0.354178
    0.405398
   -0.490937
   -0.455632
   -0.236291
   -0.574358
   -0.263807
    0.590869
    0.377315
    0.318948
    0.541705
    0.199683
   -0.497583
   -0.068555
    0.447281
    0.273674
    0.310535
    0.294426
   -0.399606
   -0.349281
   -0.330983
   -0.499747
   -0.053928
    0.397458
    0.313844
    0.311354
    0.393126
   -0.145481
   -0.610178
   -0.027125
    0.611329
    0.266347
    0.347356
    0.353752
   -0.484552
   -0.433394
   -0.284622
   -0.598144
   -0.013835
    0.582386
    0.312360
    0.311410
    0.540031
   -0.188855
   -0.488865
   -0.089225
    0.426791
    0.257973
    0.295936
    0.272173
   -0.398303
   -0.379322
   -0.331638
   -0.516678
    0.152206
    0.419777
    0.273496
    0.328619
    0.328831
   -0.452257
   -0.591085
   -0.033566
    0.560140
    0.234455
    0.337204
    0.302638
   -0.518777
   -0.356021
   -0.343858
   -0.610835
    0.229428
    0.571630
    0.225089
    0.392792
    0.425334
   -0.533268
   -0.458766
   -0.154903
    0.353950
    0.233984
    0.287526
    0.179816
   -0.358182
   -0.326561
   -0.368434
   -0.461193
    0.280891
    0.417344
    0.224838
    0.370994
    0.195185
   -0.510974
   -0.564868
   -0.111560
    0.521098
    0.215289
    0.336734
    0.240089
   -0.490854
   -0.327590
   -0.382421
   -0.566836
    0.328125
    0.539147
    0.200349
    0.489842
    0.268738
   -0.583719
   -0.478893
   -0.234755
    0.384069
    0.222706
    0.293919
    0.126480
   -0.386560
   -0.281645
   -0.391802
   -0.406550
    0.388952
    0.358366
    0.207670
    0.412187
   -0.182804
   -0.503453
   -0.516528
   -0.219930
    0.491561
    0.181930
    0.344524
    0.164758
   -0.482556
   -0.261569
   -0.449950
   -0.473852
    0.478973
    0.394184
    0.252070
    0.515126
   -0.222700
   -0.619617
   -0.463500
   -0.264659
    0.281687
    0.186259
    0.223026
    0.076722
   -0.379516
   -0.287041
   -0.406223
   -0.351780
    0.355648
    0.285396
    0.282606
    0.394979
   -0.413970
   -0.466373
   -0.528161
   -0.249459
    0.421937
    0.189864
    0.274966
    0.074729
   -0.475096
   -0.213546
   -0.500589
   -0.377186
    0.477422
    0.302224
    0.321234
    0.483623
   -0.445248
   -0.603647
   -0.455614
   -0.309456
    0.244997
    0.118846
    0.197037
   -0.018471
   -0.405522
   -0.287301
   -0.446678
   -0.255511
    0.313898
    0.226180
    0.271404
    0.206364
   -0.519262
   -0.441705
   -0.459380
   -0.316139
    0.395981
    0.141393
    0.273165
   -0.002738
   -0.468113
   -0.262980
   -0.567856
   -0.212950
    0.440504
    0.197291
    0.312671
    0.249456
   -0.623479
   -0.538441
   -0.435156
   -0.345227
    0.222902
    0.136158
    0.231414
   -0.136931
   -0.386990
   -0.281178
   -0.475246
   -0.077606
    0.235283
    0.132406
    0.259275
   -0.133828
   -0.509570
   -0.425856
   -0.405061
   -0.359485
    0.338801
    0.107104
    0.298314
   -0.091221
   -0.442185
   -0.304115
   -0.552319
   -0.079299
    0.329164
    0.124774
    0.342516
   -0.149235
   -0.617503
   -0.439625
   -0.446303
   -0.489354
    0.240869
    0.256803
    0.235524
    0.419275
    0.266484
   -0.475013
   -0.418655
   -0.419672
   -0.517641
   -0.014135
    0.425504
    0.311350
    0.301751
    0.426976
   -0.454133
   -0.589557
    0.289934
    0.387694
    0.219544
    0.502740
    0.309121
   -0.557115
   -0.487484
   -0.415797
   -0.623396
    0.013697
    0.589004
    0.355734
    0.280520
    0.524919
   -0.404567
   -0.489162
    0.163757
    0.338795
    0.272859
    0.397646
    0.200555
   -0.470118
   -0.417825
   -0.479055
   -0.505066
    0.178024
    0.401118
    0.294326
    0.282085
    0.353818
   -0.391895
   -0.588502
    0.225072
    0.400577
    0.240712
    0.484846
    0.206938
   -0.547341
   -0.450562
   -0.467038
   -0.623278
    0.264800
    0.568591
    0.270390
    0.350814
    0.450703
   -0.378993
   -0.459159
    0.145349
    0.335074
    0.267135
    0.400359
    0.101434
   -0.478701
   -0.420187
   -0.467670
   -0.467857
    0.352756
    0.406763
    0.289894
    0.361399
    0.223729
   -0.411500
   -0.555109
    0.221996
    0.394430
    0.221427
    0.500290
    0.074290
   -0.585803
   -0.363916
   -0.515448
   -0.595532
    0.465723
    0.504486
    0.250742
    0.480090
    0.228652
   -0.340094
   -0.415542
    0.075234
    0.249172
    0.245958
    0.394857
   -0.018562
   -0.453924
   -0.371764
   -0.468573
   -0.407725
    0.476010
    0.311668
    0.269764
    0.393531
   -0.034970
   -0.397069
   -0.519020
    0.133103
    0.381974
    0.201959
    0.495423
   -0.008969
   -0.573430
   -0.352222
   -0.522034
   -0.496186
    0.528792
    0.398155
    0.271275
    0.485039
   -0.037456
   -0.408642
   -0.413295
    0.143294
    0.309316
    0.209114
    0.352834
   -0.162652
   -0.491365
   -0.395346
   -0.472118
   -0.246890
    0.429296
    0.305980
    0.269230
    0.334503
   -0.368681
   -0.386309
   -0.451315
    0.164634
    0.365939
    0.192965
    0.439774
   -0.197152
   -0.532710
   -0.387217
   -0.575149
   -0.246399
    0.534848
    0.313788
    0.311046
    0.465676
   -0.494271
   -0.401817
   -0.379548
    0.046661
    0.244157
    0.121551
    0.290069
   -0.263661
   -0.468019
   -0.395565
   -0.495036
   -0.071742
    0.385170
    0.248989
    0.335260
    0.243943
   -0.495908
   -0.395215
   -0.471378
    0.080497
    0.342230
    0.114887
    0.387854
   -0.333801
   -0.512224
   -0.357111
   -0.627871
   -0.056559
    0.538376
    0.244176
    0.376026
    0.326168
   -0.603716
   -0.371228
   -0.358768
   -0.027056
    0.202556
    0.109744
    0.208929
   -0.357326
   -0.485707
   -0.416438
   -0.510329
    0.064908
    0.320232
    0.238009
    0.305568
   -0.009076
   -0.526570
   -0.344346
   -0.430659
    0.022109
    0.295996
    0.093865
    0.323945
   -0.434327
   -0.519814
   -0.389160
   -0.618086
    0.121464
    0.419501
    0.207107
    0.442123
   -0.061914
   -0.596790
   -0.359775
   -0.368407
   -0.041319
    0.173978
    0.144933
    0.178429
   -0.441868
   -0.449658
   -0.398772
   -0.493900
    0.140154
    0.164759
    0.137952
    0.247737
   -0.387164
   -0.423920
   -0.313174
   -0.391693
   -0.012955
    0.229913
    0.122365
    0.283278
   -0.484616
   -0.487883
   -0.417361
   -0.590638
    0.202027
    0.218210
    0.142588
    0.307862
   -0.500314
   -0.483385
   -0.422524
   -0.557397
   -0.529485
    0.258614
    0.289772
    0.328212
    0.433714
    0.240272
   -0.458083
   -0.439176
   -0.456261
   -0.552404
    0.033639
    0.298214
    0.187928
    0.235104
   -0.474897
   -0.631400
   -0.648474
    0.271218
    0.380638
    0.324218
    0.575618
    0.310580
   -0.509091
   -0.505359
   -0.515189
   -0.668377
    0.002845
    0.391613
    0.207625
    0.266962
   -0.445515
   -0.509644
   -0.527502
    0.245185
    0.349740
    0.355873
    0.392252
    0.159487
   -0.467046
   -0.425707
   -0.486686
   -0.519640
    0.162081
    0.257969
    0.210724
    0.259956
   -0.478364
   -0.603373
   -0.654618
    0.244858
    0.389848
    0.377476
    0.559598
    0.162466
   -0.543028
   -0.497291
   -0.590428
   -0.645256
    0.157886
    0.381905
    0.234289
    0.407869
   -0.421828
   -0.500896
   -0.525834
    0.233776
    0.324613
    0.350873
    0.371680
    0.035904
   -0.477204
   -0.438925
   -0.493827
   -0.472939
    0.258660
    0.303076
    0.223325
    0.362778
   -0.500230
   -0.628438
   -0.650495
    0.242389
    0.370308
    0.352241
    0.552165
    0.010687
   -0.568909
   -0.426815
   -0.654311
   -0.590832
    0.286251
    0.338983
    0.233331
    0.479500
   -0.458065
   -0.475107
   -0.491167
    0.189706
    0.257947
    0.343752
    0.345817
   -0.121776
   -0.467672
   -0.446392
   -0.537134
   -0.366719
    0.281379
    0.217479
    0.216316
    0.340154
   -0.549985
   -0.602354
   -0.645645
    0.211953
    0.350800
    0.315048
    0.495844
   -0.098843
   -0.553039
   -0.433686
   -0.655356
   -0.469275
    0.357786
    0.270019
    0.234130
    0.432424
   -0.466801
   -0.484135
   -0.508636
    0.192930
    0.265524
    0.291539
    0.323960
   -0.320574
   -0.504456
   -0.459003
   -0.553536
   -0.157305
    0.312507
    0.249928
    0.319899
    0.261259
   -0.525740
   -0.564060
   -0.614457
    0.177611
    0.295876
    0.308565
    0.433045
   -0.341836
   -0.546212
   -0.497680
   -0.664480
   -0.161180
    0.380664
    0.239265
    0.451775
    0.335871
   -0.454386
   -0.461685
   -0.485290
    0.128590
    0.164927
    0.199263
    0.268198
   -0.390075
   -0.474707
   -0.451005
   -0.507292
    0.067350
    0.291488
    0.305317
    0.328219
    0.138070
   -0.490292
   -0.570023
   -0.636199
    0.108498
    0.219444
    0.246575
    0.334115
   -0.448022
   -0.500835
   -0.503501
   -0.643829
    0.027024
    0.368448
    0.298075
    0.485274
    0.225711
   -0.477297
   -0.473396
   -0.521261
    0.072150
    0.149325
    0.158555
    0.168460
   -0.465349
   -0.473412
   -0.460497
   -0.495516
    0.139002
    0.238684
    0.269484
    0.273354
   -0.124177
   -0.549256
   -0.560426
   -0.647715
    0.060764
    0.174865
    0.178466
    0.199770
   -0.517131
   -0.491963
   -0.548555
   -0.605627
    0.128971
    0.274455
    0.317101
    0.429154
   -0.050444
   -0.455374
   -0.453558
   -0.529093
    0.063843
    0.133446
    0.174360
    0.107154
   -0.509763
   -0.460187
   -0.493777
   -0.461282
    0.123209
    0.145976
    0.234749
    0.144545
   -0.328079
   -0.559180
   -0.503988
   -0.626171
    0.050952
    0.133354
    0.170157
    0.171234
   -0.527111
   -0.492186
   -0.574565
   -0.545720
    0.149140
    0.164393
    0.286263
    0.189873
   -0.379555
   -0.387436
   -0.416906
   -0.498420
   -0.322645
    0.341011
    0.265771
    0.303844
    0.363339
   -0.042915
   -0.306279
   -0.304564
   -0.486528
   -0.465053
    0.235717
    0.303364
    0.264500
   -0.473833
   -0.408059
   -0.624537
   -0.389583
    0.377566
    0.283639
    0.331817
    0.537894
   -0.041307
   -0.361172
   -0.294030
   -0.568262
   -0.567718
    0.272575
    0.325004
    0.269721
   -0.421224
   -0.417407
   -0.490568
   -0.351987
    0.350331
    0.283813
    0.337626
    0.336652
   -0.160773
   -0.290058
   -0.287294
   -0.506266
   -0.408984
    0.298588
    0.293665
    0.273492
   -0.512773
   -0.410008
   -0.613456
   -0.377697
    0.334928
    0.276183
    0.398252
    0.475181
   -0.192700
   -0.357644
   -0.285228
   -0.622158
   -0.496695
    0.369346
    0.305161
    0.298000
   -0.430819
   -0.383250
   -0.509089
   -0.360733
    0.340708
    0.252538
    0.323844
    0.328788
   -0.300366
   -0.297823
   -0.281053
   -0.500216
   -0.282887
    0.335010
    0.338799
    0.320763
   -0.488220
   -0.438536
   -0.625937
   -0.402863
    0.356240
    0.232710
    0.428884
    0.422253
   -0.350825
   -0.316653
   -0.307135
   -0.650471
   -0.307034
    0.360472
    0.263530
    0.344008
   -0.431377
   -0.408191
   -0.468377
   -0.321544
    0.290395
    0.237298
    0.320861
    0.275307
   -0.435922
   -0.306516
   -0.299016
   -0.539502
   -0.057640
    0.329178
    0.222035
    0.350901
   -0.474642
   -0.476218
   -0.612806
   -0.409418
    0.351732
    0.237009
    0.375104
    0.395850
   -0.462961
   -0.325390
   -0.325821
   -0.646369
   -0.063995
    0.337306
    0.215444
    0.406324
   -0.444671
   -0.418845
   -0.528799
   -0.325302
    0.279507
    0.206419
    0.317803
    0.197499
   -0.446955
   -0.316971
   -0.368423
   -0.533571
    0.211715
    0.303823
    0.253085
    0.371594
   -0.518812
   -0.463022
   -0.609602
   -0.368760
    0.296592
    0.183326
    0.391704
    0.241864
   -0.484779
   -0.327720
   -0.429443
   -0.612192
    0.220870
    0.315248
    0.254193
    0.509304
   -0.447660
   -0.410213
   -0.456664
   -0.336592
    0.224454
    0.116973
    0.227961
    0.092962
   -0.455259
   -0.302954
   -0.354869
   -0.411352
    0.277649
    0.280358
    0.282024
    0.404663
   -0.505293
   -0.429367
   -0.581379
   -0.382737
    0.262495
    0.085121
    0.315899
    0.114002
   -0.504116
   -0.289676
   -0.425615
   -0.525989
    0.295327
    0.267074
    0.289233
    0.508848
   -0.466307
   -0.433340
   -0.448359
   -0.363869
    0.159202
    0.048031
    0.141723
   -0.068252
   -0.460204
   -0.280630
   -0.348791
   -0.299178
    0.252952
    0.243559
    0.285060
    0.300691
   -0.526368
   -0.461704
   -0.575992
   -0.402384
    0.170414
    0.006917
    0.232449
   -0.069682
   -0.506762
   -0.290386
   -0.438027
   -0.338139
    0.287282
    0.232593
    0.362736
    0.417790
   -0.423362
   -0.405059
   -0.455820
   -0.352128
    0.065739
    0.007876
    0.143829
   -0.191707
   -0.456214
   -0.255940
   -0.355686
   -0.158004
    0.216432
    0.171682
    0.272074
    0.040605
   -0.497260
   -0.461627
   -0.540804
   -0.390405
    0.065696
   -0.020923
    0.215781
   -0.168367
   -0.483559
   -0.291927
   -0.456450
   -0.169606
    0.233937
    0.195681
    0.359371
    0.098021
