   -0.110079
   -0.163189
   -0.408194
   -0.434196
   -0.500861
   -0.488405
   -0.501470
   -0.484399
   -0.455767
   -0.452901
   -0.442027
   -0.421489
   -0.448956
   -0.447772
   -0.448376
   -0.446869
   -0.064782
   -0.130736
   -0.431567
   -0.481116
   -0.539624
   -0.547618
   -0.569345
   -0.557263
   -0.521954
   -0.521870
   -0.515079
   -0.505211
   -0.510565
   -0.510261
   -0.511895
   -0.509370
    0.106824
   -0.139532
   -0.246782
   -0.408428
   -0.402742
   -0.410509
   -0.426168
   -0.431860
   -0.417981
   -0.422990
   -0.426204
   -0.439742
   -0.448590
   -0.446472
   -0.448106
   -0.448127
    0.178315
   -0.073687
   -0.232196
   -0.417764
   -0.401713
   -0.412466
   -0.442034
   -0.452310
   -0.442664
   -0.445294
   -0.456169
   -0.470502
   -0.474155
   -0.473270
   -0.473586
   -0.473125
    0.258990
   -0.037934
   -0.062969
   -0.363521
   -0.367617
   -0.381854
   -0.403214
   -0.447583
   -0.456681
   -0.437215
   -0.402774
   -0.376766
   -0.459140
   -0.457942
   -0.458310
   -0.457818
    0.314602
    0.028098
   -0.174732
   -0.373686
   -0.358953
   -0.382726
   -0.424357
   -0.474198
   -0.495764
   -0.476738
   -0.453938
   -0.436614
   -0.479521
   -0.478746
   -0.479083
   -0.479024
    0.308030
    0.173750
   -0.084787
   -0.238326
   -0.412530
   -0.430204
   -0.452293
   -0.467565
   -0.449301
   -0.425467
   -0.391409
   -0.368484
   -0.441582
   -0.440822
   -0.441569
   -0.441453
    0.390259
    0.224768
   -0.168014
   -0.267545
   -0.425126
   -0.457597
   -0.495907
   -0.515051
   -0.512193
   -0.493786
   -0.480206
   -0.472645
   -0.490661
   -0.489541
   -0.490447
   -0.490373
    0.016613
    0.302546
   -0.009044
   -0.150427
   -0.357990
   -0.399317
   -0.446739
   -0.474624
   -0.465068
   -0.452590
   -0.445839
   -0.453503
   -0.441650
   -0.441623
   -0.441996
   -0.442736
    0.019419
    0.371548
    0.069530
   -0.150924
   -0.392558
   -0.443732
   -0.496717
   -0.520800
   -0.508508
   -0.488943
   -0.493023
   -0.506752
   -0.495369
   -0.495198
   -0.495340
   -0.496605
   -0.316461
    0.323171
    0.260432
   -0.100725
   -0.262158
   -0.336827
   -0.413320
   -0.454861
   -0.459006
   -0.463030
   -0.488327
   -0.520176
   -0.452405
   -0.452851
   -0.453076
   -0.453804
   -0.346623
    0.393958
    0.299718
   -0.095115
   -0.282277
   -0.368698
   -0.439769
   -0.476690
   -0.473634
   -0.478509
   -0.500853
   -0.542323
   -0.481049
   -0.481630
   -0.481611
   -0.482423
    0.098225
    0.355572
    0.278024
   -0.110252
   -0.125066
   -0.159038
   -0.392089
   -0.479657
   -0.443802
   -0.455817
   -0.413793
   -0.464836
   -0.461965
   -0.462668
   -0.462933
   -0.462990
    0.092885
    0.364588
    0.375719
   -0.090017
   -0.086190
   -0.107208
   -0.401914
   -0.402468
   -0.510796
   -0.476544
   -0.480079
   -0.504967
   -0.486353
   -0.486626
   -0.486862
   -0.486820
    0.238078
    0.029692
   -0.004966
    0.310672
    0.046286
   -0.127460
   -0.388705
   -0.415721
   -0.390862
   -0.402168
   -0.403904
   -0.501056
   -0.442330
   -0.442383
   -0.442002
   -0.442061
    0.224878
   -0.085854
   -0.003989
    0.331560
    0.105744
   -0.146108
   -0.349170
   -0.435414
   -0.448862
   -0.440660
   -0.440233
   -0.481142
   -0.496141
   -0.496098
   -0.495728
   -0.495771
   -0.251380
   -0.526906
   -0.521977
   -0.560852
   -0.558141
   -0.504722
   -0.443659
   -0.382922
   -0.475564
   -0.491446
   -0.501551
   -0.495229
   -0.494725
   -0.498261
   -0.497310
   -0.495478
   -0.330150
   -0.669838
   -0.677736
   -0.692646
   -0.670273
   -0.653968
   -0.606653
   -0.533632
   -0.576117
   -0.580627
   -0.577939
   -0.589280
   -0.594427
   -0.598818
   -0.597555
   -0.596438
   -0.133999
   -0.329309
   -0.455418
   -0.527941
   -0.530715
   -0.536375
   -0.522077
   -0.513083
   -0.444165
   -0.506906
   -0.480722
   -0.469512
   -0.478838
   -0.481174
   -0.479669
   -0.479446
   -0.106689
   -0.334235
   -0.505465
   -0.623508
   -0.661039
   -0.670375
   -0.679785
   -0.615705
   -0.597294
   -0.592263
   -0.580552
   -0.560879
   -0.585978
   -0.588229
   -0.586174
   -0.584868
   -0.012247
   -0.120298
   -0.402499
   -0.462008
   -0.461026
   -0.475273
   -0.491711
   -0.479682
   -0.467090
   -0.466275
   -0.462178
   -0.472243
   -0.493422
   -0.493769
   -0.491118
   -0.490515
    0.085182
   -0.092493
   -0.418825
   -0.485817
   -0.534498
   -0.548292
   -0.561820
   -0.558823
   -0.543608
   -0.538942
   -0.539144
   -0.555898
   -0.562912
   -0.564132
   -0.561397
   -0.559405
    0.242717
   -0.077973
   -0.194384
   -0.409062
   -0.426271
   -0.438298
   -0.461953
   -0.485688
   -0.490361
   -0.480036
   -0.447095
   -0.422005
   -0.480957
   -0.480313
   -0.478768
   -0.477515
    0.354417
   -0.049166
   -0.239036
   -0.458626
   -0.470914
   -0.485257
   -0.510498
   -0.546368
   -0.573109
   -0.561170
   -0.548057
   -0.529082
   -0.556728
   -0.555887
   -0.554438
   -0.552809
    0.261231
    0.022640
   -0.165527
   -0.357073
   -0.468383
   -0.466683
   -0.476135
   -0.487004
   -0.490416
   -0.486956
   -0.460380
   -0.444264
   -0.486315
   -0.485771
   -0.483586
   -0.483151
    0.310351
    0.072336
   -0.166765
   -0.420096
   -0.503219
   -0.501837
   -0.522487
   -0.549471
   -0.575242
   -0.576561
   -0.571911
   -0.570958
   -0.575036
   -0.573899
   -0.571667
   -0.570956
    0.246888
    0.253123
   -0.070815
   -0.255077
   -0.462502
   -0.463048
   -0.477912
   -0.472068
   -0.486037
   -0.485025
   -0.489674
   -0.495359
   -0.482274
   -0.481611
   -0.480582
   -0.479848
    0.241203
    0.344962
   -0.013071
   -0.278172
   -0.555692
   -0.559581
   -0.560097
   -0.551342
   -0.557410
   -0.552429
   -0.560316
   -0.566330
   -0.565166
   -0.564677
   -0.564719
   -0.563461
   -0.093047
    0.355952
    0.074089
   -0.174363
   -0.341518
   -0.420729
   -0.513864
   -0.444310
   -0.461479
   -0.481984
   -0.490650
   -0.509139
   -0.495261
   -0.495699
   -0.496174
   -0.496493
   -0.102721
    0.441012
    0.192442
   -0.187714
   -0.367932
   -0.460797
   -0.575933
   -0.537830
   -0.549285
   -0.550997
   -0.539899
   -0.566637
   -0.579472
   -0.579356
   -0.580405
   -0.580317
    0.311762
    0.303486
    0.201158
   -0.117149
   -0.174108
   -0.220402
   -0.472648
   -0.485708
   -0.437142
   -0.454094
   -0.461308
   -0.475121
   -0.484339
   -0.484745
   -0.484596
   -0.484631
    0.325238
    0.370246
    0.220547
   -0.055665
   -0.164678
   -0.240274
   -0.536541
   -0.549937
   -0.553152
   -0.534647
   -0.544887
   -0.550865
   -0.572083
   -0.572001
   -0.572265
   -0.571675
   -0.388566
   -0.426675
   -0.388073
   -0.302086
   -0.130810
   -0.051685
    0.115701
   -0.037046
   -0.395182
   -0.424169
   -0.378142
   -0.430871
   -0.398679
   -0.401299
   -0.399621
   -0.404584
   -0.475757
   -0.538529
   -0.482814
   -0.373682
   -0.148086
   -0.056119
    0.115408
   -0.045153
   -0.374205
   -0.387893
   -0.352164
   -0.401920
   -0.381844
   -0.381768
   -0.377292
   -0.384894
   -0.439101
   -0.499766
   -0.485023
   -0.439295
   -0.426928
   -0.401244
   -0.316960
   -0.374257
   -0.432460
   -0.443960
   -0.426764
   -0.389663
   -0.426500
   -0.432011
   -0.427632
   -0.427769
   -0.615248
   -0.652199
   -0.602225
   -0.520513
   -0.491928
   -0.486701
   -0.392713
   -0.412921
   -0.479329
   -0.485999
   -0.459626
   -0.435611
   -0.457944
   -0.460219
   -0.459530
   -0.461500
   -0.212939
   -0.430031
   -0.526973
   -0.493837
   -0.509752
   -0.518949
   -0.505094
   -0.431449
   -0.407597
   -0.441423
   -0.447012
   -0.448504
   -0.432959
   -0.436301
   -0.435895
   -0.437500
   -0.265200
   -0.466301
   -0.604116
   -0.613849
   -0.619680
   -0.594664
   -0.551470
   -0.480803
   -0.425484
   -0.448691
   -0.461119
   -0.466079
   -0.449585
   -0.451820
   -0.451239
   -0.452272
   -0.111876
   -0.279335
   -0.450259
   -0.459151
   -0.435125
   -0.412271
   -0.434815
   -0.431968
   -0.442889
   -0.419150
   -0.427627
   -0.438502
   -0.429643
   -0.432074
   -0.430248
   -0.431000
   -0.099617
   -0.291292
   -0.464201
   -0.495512
   -0.474318
   -0.463181
   -0.478286
   -0.459256
   -0.469499
   -0.439998
   -0.443390
   -0.450799
   -0.461549
   -0.465304
   -0.462764
   -0.463755
    0.022279
   -0.136060
   -0.361185
   -0.385251
   -0.388528
   -0.403215
   -0.427285
   -0.403128
   -0.411068
   -0.397401
   -0.404038
   -0.379695
   -0.415789
   -0.416240
   -0.415522
   -0.413763
    0.159875
   -0.161543
   -0.378080
   -0.426701
   -0.403514
   -0.419880
   -0.442090
   -0.429520
   -0.443190
   -0.426834
   -0.425462
   -0.391006
   -0.438796
   -0.439810
   -0.439756
   -0.436600
    0.277509
   -0.180263
   -0.263315
   -0.400147
   -0.413704
   -0.388101
   -0.409097
   -0.398740
   -0.417836
   -0.421714
   -0.449680
   -0.436493
   -0.419969
   -0.419169
   -0.418508
   -0.416926
    0.373815
   -0.164094
   -0.271495
   -0.460868
   -0.432413
   -0.396331
   -0.416189
   -0.439711
   -0.463927
   -0.428979
   -0.420422
   -0.403438
   -0.438172
   -0.436815
   -0.436696
   -0.434884
    0.257597
    0.031688
   -0.200807
   -0.375876
   -0.494198
   -0.464645
   -0.452702
   -0.416189
   -0.432880
   -0.433830
   -0.400560
   -0.411708
   -0.424156
   -0.422346
   -0.421172
   -0.421229
    0.237162
    0.057452
   -0.229647
   -0.375267
   -0.523396
   -0.515866
   -0.462897
   -0.439268
   -0.428645
   -0.429560
   -0.423555
   -0.448100
   -0.442343
   -0.441734
   -0.440655
   -0.440926
    0.151051
    0.289858
   -0.086598
   -0.256884
   -0.443951
   -0.429034
   -0.405703
   -0.435304
   -0.458689
   -0.451427
   -0.443832
   -0.428721
   -0.429392
   -0.429494
   -0.430243
   -0.430450
    0.168379
    0.384800
   -0.080863
   -0.344400
   -0.464837
   -0.467066
   -0.461086
   -0.438196
   -0.461297
   -0.443707
   -0.455892
   -0.443365
   -0.447351
   -0.447590
   -0.448485
   -0.448592
    0.240428
    0.339384
    0.407651
    0.366759
    0.322738
    0.343270
    0.346497
   -0.125380
   -0.417066
   -0.424528
   -0.362902
   -0.409601
   -0.399294
   -0.382834
   -0.391674
   -0.401307
    0.263389
    0.430502
    0.528120
    0.471936
    0.465496
    0.488051
    0.493203
   -0.095314
   -0.361578
   -0.373574
   -0.316398
   -0.361040
   -0.373570
   -0.361184
   -0.365863
   -0.367107
   -0.413010
   -0.370837
   -0.181037
   -0.045708
    0.165532
    0.272584
    0.322403
   -0.224246
   -0.387165
   -0.373960
   -0.368080
   -0.424918
   -0.394616
   -0.386634
   -0.391939
   -0.392661
   -0.520196
   -0.411162
   -0.189877
   -0.017843
    0.224678
    0.324638
    0.395558
   -0.199485
   -0.339853
   -0.355457
   -0.330870
   -0.366797
   -0.337073
   -0.330244
   -0.336064
   -0.342297
   -0.475098
   -0.484710
   -0.434883
   -0.387897
   -0.412972
   -0.354630
   -0.292358
   -0.409446
   -0.407954
   -0.405699
   -0.397122
   -0.376311
   -0.391982
   -0.393312
   -0.409141
   -0.413630
   -0.643731
   -0.609730
   -0.524868
   -0.418705
   -0.446740
   -0.386383
   -0.313070
   -0.418652
   -0.424818
   -0.384074
   -0.375966
   -0.351492
   -0.405583
   -0.404770
   -0.420811
   -0.429463
   -0.375494
   -0.507448
   -0.507480
   -0.504082
   -0.505077
   -0.466590
   -0.430814
   -0.454127
   -0.448952
   -0.401959
   -0.411033
   -0.398222
   -0.416139
   -0.420410
   -0.430738
   -0.437178
   -0.507170
   -0.617309
   -0.642995
   -0.616723
   -0.609679
   -0.546221
   -0.506405
   -0.462175
   -0.439134
   -0.411423
   -0.425759
   -0.404947
   -0.412842
   -0.417188
   -0.427550
   -0.434870
   -0.193794
   -0.396362
   -0.473836
   -0.451311
   -0.443304
   -0.460374
   -0.462432
   -0.441522
   -0.421808
   -0.393327
   -0.436653
   -0.414038
   -0.404530
   -0.409035
   -0.423727
   -0.428522
   -0.189170
   -0.444787
   -0.504607
   -0.471777
   -0.492557
   -0.538805
   -0.517541
   -0.487568
   -0.438350
   -0.433464
   -0.476744
   -0.457539
   -0.426642
   -0.432322
   -0.447334
   -0.452902
   -0.104334
   -0.251155
   -0.416910
   -0.403543
   -0.357116
   -0.414378
   -0.403035
   -0.446419
   -0.398562
   -0.409826
   -0.427760
   -0.404653
   -0.393177
   -0.398412
   -0.409757
   -0.415405
   -0.003697
   -0.301899
   -0.443828
   -0.426776
   -0.328768
   -0.393151
   -0.395512
   -0.476282
   -0.419234
   -0.409133
   -0.391758
   -0.399177
   -0.413439
   -0.417766
   -0.423642
   -0.433106
    0.011991
   -0.198320
   -0.379375
   -0.406711
   -0.409812
   -0.368837
   -0.411887
   -0.414118
   -0.454253
   -0.451444
   -0.420981
   -0.414653
   -0.409620
   -0.409568
   -0.407812
   -0.407627
    0.058550
   -0.268636
   -0.462650
   -0.398280
   -0.394163
   -0.372737
   -0.421735
   -0.418170
   -0.430404
   -0.407109
   -0.396776
   -0.410247
   -0.398971
   -0.399284
   -0.396782
   -0.396741
    0.157235
   -0.135568
   -0.278212
   -0.438332
   -0.459909
   -0.440065
   -0.439480
   -0.416670
   -0.433849
   -0.411785
   -0.411580
   -0.425741
   -0.414707
   -0.414158
   -0.413728
   -0.414270
    0.132011
   -0.131255
   -0.319235
   -0.486459
   -0.527717
   -0.496145
   -0.438800
   -0.406775
   -0.411063
   -0.407795
   -0.404842
   -0.410927
   -0.400136
   -0.399908
   -0.399362
   -0.400522
    0.349942
    0.405941
    0.413639
    0.376708
    0.339895
    0.396817
    0.295322
   -0.204209
   -0.520881
   -0.504543
   -0.495863
   -0.495684
   -0.517619
   -0.500722
   -0.511185
   -0.511359
    0.523083
    0.566889
    0.523361
    0.461455
    0.439621
    0.452896
    0.285675
   -0.295548
   -0.621132
   -0.633829
   -0.586092
   -0.580955
   -0.619485
   -0.608930
   -0.634407
   -0.621327
    0.358971
    0.336638
    0.355482
    0.377178
    0.326500
    0.368939
    0.346886
   -0.301796
   -0.410742
   -0.435289
   -0.402452
   -0.430375
   -0.428213
   -0.412326
   -0.425689
   -0.431367
    0.432166
    0.451245
    0.461511
    0.458205
    0.463657
    0.505408
    0.417616
   -0.294638
   -0.417364
   -0.429584
   -0.417458
   -0.427407
   -0.423715
   -0.422520
   -0.425169
   -0.424054
   -0.287995
   -0.162424
    0.052421
    0.200259
    0.288623
    0.379837
    0.353245
   -0.355130
   -0.457516
   -0.421038
   -0.423109
   -0.398526
   -0.433264
   -0.424019
   -0.428042
   -0.422911
   -0.355789
   -0.138065
    0.069173
    0.280858
    0.350163
    0.429046
    0.398153
   -0.363352
   -0.473520
   -0.425271
   -0.396372
   -0.373037
   -0.412313
   -0.409485
   -0.411227
   -0.412191
   -0.452213
   -0.423021
   -0.425906
   -0.422555
   -0.358909
   -0.241219
   -0.163778
   -0.417162
   -0.418419
   -0.412488
   -0.411110
   -0.357421
   -0.413952
   -0.408947
   -0.421924
   -0.424029
   -0.560885
   -0.522561
   -0.488438
   -0.472066
   -0.449261
   -0.315890
   -0.192514
   -0.362886
   -0.396340
   -0.385539
   -0.410947
   -0.401403
   -0.396639
   -0.390594
   -0.402881
   -0.403879
   -0.468636
   -0.543031
   -0.469047
   -0.501096
   -0.437941
   -0.428007
   -0.388536
   -0.472246
   -0.463208
   -0.423277
   -0.460866
   -0.504941
   -0.430329
   -0.436035
   -0.450704
   -0.459851
   -0.630623
   -0.651992
   -0.614011
   -0.615030
   -0.531087
   -0.546452
   -0.508374
   -0.470254
   -0.471087
   -0.449850
   -0.466239
   -0.477565
   -0.447629
   -0.448550
   -0.458541
   -0.476901
   -0.258799
   -0.409945
   -0.465757
   -0.477862
   -0.499079
   -0.545917
   -0.461067
   -0.407037
   -0.455197
   -0.462128
   -0.450442
   -0.434352
   -0.419120
   -0.427977
   -0.443530
   -0.454653
   -0.312897
   -0.466150
   -0.554617
   -0.509732
   -0.556840
   -0.635011
   -0.537087
   -0.468564
   -0.484429
   -0.512677
   -0.483558
   -0.483289
   -0.455080
   -0.465632
   -0.478759
   -0.491718
   -0.163916
   -0.374803
   -0.383463
   -0.362548
   -0.392121
   -0.423207
   -0.458957
   -0.431649
   -0.399568
   -0.447752
   -0.450579
   -0.416574
   -0.432983
   -0.446997
   -0.453231
   -0.456454
   -0.154433
   -0.403863
   -0.382907
   -0.381520
   -0.344907
   -0.393334
   -0.492226
   -0.501017
   -0.476114
   -0.481084
   -0.470912
   -0.451040
   -0.482530
   -0.490129
   -0.496513
   -0.498718
   -0.124821
   -0.297122
   -0.411900
   -0.431844
   -0.376066
   -0.395857
   -0.423205
   -0.413248
   -0.433383
   -0.433954
   -0.427597
   -0.411233
   -0.432258
   -0.432255
   -0.430028
   -0.429601
   -0.102504
   -0.375004
   -0.425885
   -0.347924
   -0.384329
   -0.420795
   -0.454158
   -0.450533
   -0.440139
   -0.440159
   -0.443752
   -0.447203
   -0.464357
   -0.464346
   -0.461433
   -0.461249
    0.331369
    0.267376
    0.276628
    0.287071
    0.297472
    0.335801
    0.345976
    0.044537
   -0.422483
   -0.457386
   -0.475259
   -0.474171
   -0.424174
   -0.446278
   -0.442199
   -0.452187
    0.282821
    0.202917
    0.202526
    0.206734
    0.231897
    0.309768
    0.340879
   -0.009839
   -0.528638
   -0.518053
   -0.539508
   -0.525233
   -0.502092
   -0.538754
   -0.534435
   -0.536672
    0.404907
    0.375492
    0.317197
    0.300097
    0.251232
    0.323845
    0.291221
   -0.269413
   -0.516365
   -0.531433
   -0.528884
   -0.510723
   -0.502830
   -0.524760
   -0.511084
   -0.521951
    0.530089
    0.486813
    0.399948
    0.390525
    0.252598
    0.352650
    0.277742
   -0.403353
   -0.637290
   -0.654308
   -0.643416
   -0.636917
   -0.648774
   -0.663320
   -0.650906
   -0.654434
    0.352392
    0.327432
    0.331703
    0.395089
    0.392469
    0.426089
    0.395333
   -0.391303
   -0.453375
   -0.490098
   -0.446945
   -0.472282
   -0.469586
   -0.477783
   -0.473388
   -0.480153
    0.474034
    0.454324
    0.456412
    0.474873
    0.539630
    0.516059
    0.490242
   -0.418893
   -0.506140
   -0.555959
   -0.472905
   -0.522116
   -0.500224
   -0.521396
   -0.514226
   -0.498651
   -0.099447
    0.122409
    0.243365
    0.298300
    0.328290
    0.357299
    0.348612
   -0.395731
   -0.398021
   -0.449251
   -0.431662
   -0.428262
   -0.426214
   -0.436653
   -0.432508
   -0.420470
   -0.062530
    0.201732
    0.323730
    0.361074
    0.424143
    0.436032
    0.422343
   -0.409145
   -0.446928
   -0.420122
   -0.434617
   -0.437192
   -0.443494
   -0.456850
   -0.447145
   -0.433063
   -0.439067
   -0.457912
   -0.427771
   -0.363913
   -0.112964
    0.042838
    0.051058
   -0.414177
   -0.418368
   -0.401390
   -0.415078
   -0.398977
   -0.400500
   -0.412372
   -0.413195
   -0.409354
   -0.517469
   -0.505903
   -0.457832
   -0.374951
   -0.164070
    0.036920
    0.058593
   -0.373883
   -0.393828
   -0.401811
   -0.413162
   -0.401031
   -0.389197
   -0.399302
   -0.397811
   -0.394610
   -0.527968
   -0.503878
   -0.493557
   -0.431664
   -0.446097
   -0.395985
   -0.389933
   -0.397246
   -0.425863
   -0.410624
   -0.459097
   -0.470736
   -0.418775
   -0.430400
   -0.443497
   -0.439161
   -0.661995
   -0.632314
   -0.585666
   -0.504025
   -0.570197
   -0.505834
   -0.434870
   -0.407931
   -0.439867
   -0.463605
   -0.462129
   -0.466626
   -0.431902
   -0.442684
   -0.462964
   -0.462014
   -0.361885
   -0.437054
   -0.436065
   -0.510884
   -0.485464
   -0.517575
   -0.461161
   -0.419322
   -0.405659
   -0.439420
   -0.445710
   -0.406016
   -0.438610
   -0.448276
   -0.460249
   -0.465087
   -0.425278
   -0.477428
   -0.488951
   -0.579288
   -0.611493
   -0.591619
   -0.507792
   -0.460701
   -0.455734
   -0.493346
   -0.502969
   -0.460359
   -0.479873
   -0.487645
   -0.501672
   -0.506380
   -0.218044
   -0.405635
   -0.420790
   -0.429988
   -0.427242
   -0.464648
   -0.438976
   -0.422006
   -0.443280
   -0.464267
   -0.450495
   -0.424453
   -0.452980
   -0.457941
   -0.459158
   -0.458347
   -0.223877
   -0.418608
   -0.448204
   -0.380974
   -0.436863
   -0.501648
   -0.502922
   -0.461882
   -0.470428
   -0.497390
   -0.494638
   -0.490591
   -0.506872
   -0.510717
   -0.512706
   -0.509767
    0.295956
    0.239666
    0.312075
    0.367826
    0.273867
    0.210653
    0.363922
    0.303418
    0.256883
    0.267262
    0.215122
    0.215571
    0.288374
    0.264511
    0.304584
    0.238792
    0.245678
    0.218541
    0.312014
    0.354442
    0.266670
    0.185156
    0.461344
    0.446292
    0.295646
    0.353306
    0.241023
    0.220947
    0.291747
    0.366912
    0.375007
    0.282435
    0.260597
    0.252789
    0.281994
    0.264607
    0.277191
    0.275774
    0.385504
   -0.201195
   -0.400560
   -0.414706
   -0.424727
   -0.447123
   -0.408115
   -0.452246
   -0.404459
   -0.413990
    0.195314
    0.179484
    0.201517
    0.225152
    0.256331
    0.243305
    0.503693
   -0.246539
   -0.443077
   -0.475391
   -0.488151
   -0.555631
   -0.496355
   -0.485450
   -0.519090
   -0.524652
    0.412605
    0.348032
    0.322518
    0.253127
    0.293710
    0.288173
    0.391724
   -0.383993
   -0.431845
   -0.449492
   -0.468360
   -0.461373
   -0.470979
   -0.488993
   -0.489838
   -0.498801
    0.536776
    0.437169
    0.356346
    0.240216
    0.250457
    0.299954
    0.416062
   -0.468219
   -0.501211
   -0.545273
   -0.569713
   -0.571989
   -0.579642
   -0.579601
   -0.575304
   -0.595453
    0.331215
    0.373095
    0.327645
    0.412202
    0.373767
    0.345268
    0.397966
   -0.521225
   -0.517431
   -0.512566
   -0.482078
   -0.498098
   -0.484139
   -0.498728
   -0.491332
   -0.505188
    0.451080
    0.483770
    0.421975
    0.537191
    0.539349
    0.477241
    0.495603
   -0.617960
   -0.626845
   -0.649943
   -0.566636
   -0.600220
   -0.602733
   -0.640608
   -0.621742
   -0.630883
    0.230556
    0.293332
    0.311269
    0.331012
    0.378769
    0.360034
    0.205381
   -0.440387
   -0.404286
   -0.408734
   -0.410150
   -0.379199
   -0.407520
   -0.426980
   -0.428732
   -0.408852
    0.334377
    0.397534
    0.438287
    0.439293
    0.457761
    0.497432
    0.316292
   -0.470627
   -0.392789
   -0.400942
   -0.417531
   -0.427420
   -0.423526
   -0.450882
   -0.451451
   -0.423712
   -0.405298
   -0.347210
   -0.184205
    0.046192
    0.208391
    0.332350
   -0.088277
   -0.371953
   -0.384692
   -0.393032
   -0.440425
   -0.424209
   -0.409941
   -0.424080
   -0.418996
   -0.406504
   -0.504100
   -0.387125
   -0.164048
    0.052177
    0.204267
    0.386525
   -0.097392
   -0.348949
   -0.415367
   -0.422565
   -0.402743
   -0.391343
   -0.402900
   -0.409966
   -0.414491
   -0.402150
   -0.504235
   -0.473766
   -0.471360
   -0.488927
   -0.397888
   -0.367553
   -0.348571
   -0.393880
   -0.414450
   -0.378677
   -0.406294
   -0.410870
   -0.386884
   -0.397517
   -0.393623
   -0.398165
   -0.624369
   -0.564504
   -0.542199
   -0.554107
   -0.488742
   -0.422459
   -0.339902
   -0.368449
   -0.401223
   -0.374029
   -0.364243
   -0.377104
   -0.368507
   -0.385635
   -0.383937
   -0.391027
   -0.416833
   -0.464858
   -0.518489
   -0.480764
   -0.525365
   -0.495471
   -0.440299
   -0.440558
   -0.464053
   -0.445558
   -0.425994
   -0.439511
   -0.442366
   -0.449798
   -0.458166
   -0.465791
   -0.475202
   -0.505723
   -0.592375
   -0.633637
   -0.629215
   -0.564184
   -0.477166
   -0.456757
   -0.490649
   -0.492574
   -0.478224
   -0.470463
   -0.443614
   -0.450565
   -0.464445
   -0.468123
    0.397604
    0.442876
    0.409497
    0.351842
    0.429174
    0.166135
    0.180101
    0.294481
    0.378222
    0.349090
    0.369284
    0.393551
    0.328876
    0.367353
    0.419783
    0.437525
    0.532046
    0.580768
    0.540252
    0.523229
    0.490459
    0.148577
    0.161480
    0.330911
    0.518573
    0.483807
    0.456318
    0.493555
    0.428367
    0.554099
    0.503025
    0.551841
    0.266282
    0.284489
    0.376648
    0.326823
    0.336558
    0.256353
    0.270030
    0.256410
    0.323000
    0.301320
    0.278826
    0.292251
    0.290246
    0.359536
    0.295075
    0.302647
    0.248827
    0.275213
    0.407309
    0.418112
    0.483976
    0.236912
    0.392759
    0.345265
    0.370071
    0.448171
    0.373723
    0.357382
    0.384882
    0.495440
    0.388797
    0.396302
    0.258593
    0.287932
    0.296035
    0.285567
    0.274318
    0.278930
    0.386540
   -0.134011
   -0.158809
   -0.115240
   -0.195709
   -0.197090
   -0.169007
   -0.166066
   -0.203951
   -0.226928
    0.205439
    0.207432
    0.238075
    0.260474
    0.238395
    0.230526
    0.466761
   -0.117702
   -0.156289
   -0.084736
   -0.224772
   -0.230371
   -0.216096
   -0.155618
   -0.236320
   -0.254601
    0.330323
    0.289743
    0.274925
    0.266653
    0.255825
    0.229828
    0.306642
   -0.399890
   -0.372229
   -0.428631
   -0.429459
   -0.417012
   -0.407795
   -0.411374
   -0.427220
   -0.425095
    0.406434
    0.296568
    0.231225
    0.237341
    0.236787
    0.257517
    0.378058
   -0.508320
   -0.428285
   -0.523332
   -0.469789
   -0.492319
   -0.487442
   -0.473798
   -0.490064
   -0.495475
    0.396368
    0.403133
    0.345229
    0.341119
    0.334826
    0.298523
    0.121275
   -0.497332
   -0.491017
   -0.493533
   -0.478099
   -0.458777
   -0.491666
   -0.497107
   -0.504301
   -0.508218
    0.499129
    0.524909
    0.453305
    0.449281
    0.381983
    0.363296
    0.135850
   -0.652790
   -0.610365
   -0.629055
   -0.557048
   -0.596162
   -0.610987
   -0.639368
   -0.652364
   -0.647693
    0.313000
    0.356862
    0.322211
    0.369634
    0.387274
    0.443081
   -0.156300
   -0.483992
   -0.482384
   -0.496988
   -0.443532
   -0.430817
   -0.433965
   -0.457056
   -0.451467
   -0.447709
    0.420536
    0.477687
    0.486436
    0.496615
    0.520362
    0.592858
   -0.177833
   -0.559593
   -0.567188
   -0.519604
   -0.542817
   -0.518065
   -0.518295
   -0.523167
   -0.506910
   -0.504696
   -0.362622
   -0.257347
    0.003157
    0.200333
    0.286202
    0.363687
   -0.308965
   -0.433353
   -0.453627
   -0.448776
   -0.420123
   -0.466524
   -0.408370
   -0.418668
   -0.407136
   -0.405709
   -0.433395
   -0.257310
    0.015717
    0.226118
    0.388877
    0.385836
   -0.279660
   -0.444075
   -0.445796
   -0.407025
   -0.376013
   -0.432993
   -0.393426
   -0.415636
   -0.402588
   -0.401397
   -0.474347
   -0.476298
   -0.429623
   -0.438190
   -0.341256
   -0.207575
   -0.390493
   -0.414088
   -0.399246
   -0.406768
   -0.410639
   -0.377318
   -0.384647
   -0.388723
   -0.385731
   -0.399748
   -0.562008
   -0.521328
   -0.509366
   -0.526275
   -0.354095
   -0.266158
   -0.344795
   -0.421065
   -0.373874
   -0.366893
   -0.373409
   -0.332993
   -0.350170
   -0.360926
   -0.356315
   -0.375386
    0.341798
    0.328014
    0.219639
    0.018800
    0.156872
    0.316598
   -0.367911
   -0.133488
    0.002050
    0.070276
    0.260056
    0.250592
    0.069425
   -0.046977
    0.034802
    0.275019
    0.400031
    0.380953
    0.231997
    0.061998
    0.186163
    0.326023
   -0.452270
   -0.180491
    0.069032
    0.024981
    0.351301
    0.298135
    0.046489
   -0.067438
   -0.043281
    0.293852
    0.376445
    0.366126
    0.348972
    0.341743
    0.339240
    0.329231
   -0.269015
    0.349218
    0.339227
    0.420479
    0.406038
    0.372023
    0.302919
    0.347641
    0.315207
    0.371108
    0.516079
    0.518751
    0.493951
    0.435047
    0.394675
    0.361883
   -0.333935
    0.504109
    0.448821
    0.560344
    0.504721
    0.494008
    0.419589
    0.455586
    0.430733
    0.571933
    0.249815
    0.297513
    0.323353
    0.398736
    0.350352
    0.318437
    0.146570
    0.312671
    0.262715
    0.338031
    0.349101
    0.307062
    0.292266
    0.305224
    0.278569
    0.324465
    0.252785
    0.334082
    0.417326
    0.553689
    0.502293
    0.365742
    0.147602
    0.343158
    0.350434
    0.361320
    0.413895
    0.368697
    0.375084
    0.432845
    0.350022
    0.378488
    0.266858
    0.261553
    0.289222
    0.267451
    0.265267
    0.192711
    0.198362
    0.244076
    0.263901
    0.295551
    0.180487
    0.236837
    0.230751
    0.302392
    0.275512
    0.265448
    0.275344
    0.241970
    0.256008
    0.238076
    0.224320
    0.177252
    0.197588
    0.300384
    0.353761
    0.398133
    0.212393
    0.270685
    0.284610
    0.430726
    0.336475
    0.368486
    0.278982
    0.270419
    0.268251
    0.274465
    0.323489
    0.286766
    0.089401
   -0.320363
   -0.421410
   -0.440949
   -0.424599
   -0.406532
   -0.447690
   -0.396742
   -0.381570
   -0.446389
    0.226709
    0.202893
    0.228215
    0.232295
    0.277249
    0.276206
    0.058375
   -0.383974
   -0.469182
   -0.486036
   -0.504737
   -0.463553
   -0.527685
   -0.471235
   -0.446372
   -0.487219
    0.384600
    0.371890
    0.323233
    0.301911
    0.278883
    0.298733
   -0.243689
   -0.444015
   -0.461592
   -0.481675
   -0.464382
   -0.504080
   -0.467029
   -0.432214
   -0.456656
   -0.469967
    0.511225
    0.492699
    0.445316
    0.336255
    0.288958
    0.256113
   -0.328175
   -0.582494
   -0.503106
   -0.580323
   -0.560621
   -0.616955
   -0.581033
   -0.581214
   -0.570069
   -0.619934
    0.338022
    0.313350
    0.324806
    0.401976
    0.356400
    0.421888
   -0.437741
   -0.534534
   -0.481002
   -0.568503
   -0.496769
   -0.493763
   -0.488591
   -0.511881
   -0.526786
   -0.510434
    0.415952
    0.440568
    0.446710
    0.517383
    0.522078
    0.495302
   -0.510645
   -0.656169
   -0.586959
   -0.639079
   -0.634524
   -0.605628
   -0.615774
   -0.620110
   -0.638990
   -0.611730
   -0.188989
    0.031852
    0.245100
    0.269549
    0.350504
    0.215162
   -0.406523
   -0.440309
   -0.396179
   -0.446408
   -0.421469
   -0.372185
   -0.402593
   -0.407644
   -0.397087
   -0.403187
   -0.158121
    0.071799
    0.313915
    0.369299
    0.479299
    0.253748
   -0.426682
   -0.542181
   -0.429991
   -0.452379
   -0.416338
   -0.404391
   -0.426513
   -0.441434
   -0.425568
   -0.431749
   -0.433402
   -0.449822
   -0.444558
   -0.431479
   -0.412497
    0.372903
    0.128066
    0.216767
    0.006474
    0.119792
    0.248738
    0.265434
    0.285207
   -0.157757
   -0.058316
   -0.061262
   -0.518883
   -0.565590
   -0.570035
   -0.505027
   -0.466631
    0.411693
    0.078941
    0.222664
   -0.035690
    0.129322
    0.215839
    0.289881
    0.217189
   -0.295669
   -0.147655
   -0.121369
    0.295073
    0.220286
    0.023367
   -0.176129
   -0.263705
    0.362185
   -0.190113
    0.238639
    0.190332
    0.139312
    0.267742
    0.295226
    0.267123
   -0.245538
   -0.121569
   -0.015719
    0.367757
    0.236436
    0.017063
   -0.177556
   -0.348488
    0.424019
   -0.312892
    0.231905
    0.203169
    0.092012
    0.295017
    0.280647
    0.227466
   -0.333319
   -0.167718
   -0.044955
    0.372795
    0.349101
    0.313072
    0.305165
    0.298326
    0.329011
   -0.215357
   -0.024498
    0.053677
   -0.011545
    0.402360
    0.323885
    0.371098
    0.054030
    0.353319
    0.353260
    0.518595
    0.484737
    0.416677
    0.383081
    0.439077
    0.354995
   -0.299397
    0.070699
    0.142777
   -0.024645
    0.518002
    0.401436
    0.449024
    0.169779
    0.391928
    0.480568
    0.346026
    0.365032
    0.391188
    0.395929
    0.374423
    0.356124
   -0.051500
    0.350181
    0.328882
    0.350192
    0.395729
    0.406111
    0.368230
    0.321633
    0.386648
    0.379788
    0.379145
    0.450382
    0.528576
    0.536372
    0.444125
    0.383213
   -0.055563
    0.435040
    0.414253
    0.485479
    0.467116
    0.514333
    0.459607
    0.444087
    0.522587
    0.524484
    0.242235
    0.238966
    0.282351
    0.313150
    0.395635
    0.313025
    0.194566
    0.366126
    0.278833
    0.277376
    0.277039
    0.290809
    0.291285
    0.305077
    0.362936
    0.307136
    0.232631
    0.217683
    0.263981
    0.305364
    0.433721
    0.317860
    0.198153
    0.455695
    0.316531
    0.384150
    0.298183
    0.354513
    0.286288
    0.389523
    0.480618
    0.444810
    0.282987
    0.284219
    0.270106
    0.265232
    0.278981
    0.240589
   -0.090685
   -0.061911
   -0.026674
   -0.096065
   -0.138816
   -0.179898
   -0.196766
   -0.095401
   -0.185164
   -0.210077
    0.208253
    0.205853
    0.225062
    0.246954
    0.213955
    0.220885
   -0.123386
   -0.059744
    0.021832
   -0.057064
   -0.152240
   -0.220050
   -0.183160
   -0.126612
   -0.216745
   -0.227294
    0.369089
    0.313897
    0.288696
    0.227988
    0.262183
    0.337905
   -0.374571
   -0.363161
   -0.463584
   -0.479085
   -0.469098
   -0.406717
   -0.422170
   -0.401111
   -0.420120
   -0.438507
    0.489828
    0.398772
    0.317286
    0.232124
    0.243760
    0.317320
   -0.430798
   -0.390526
   -0.540693
   -0.584799
   -0.568339
   -0.456609
   -0.499558
   -0.477287
   -0.513338
   -0.525362
    0.278644
    0.313794
    0.379581
    0.381706
    0.347558
    0.167502
   -0.483883
   -0.548245
   -0.544919
   -0.550408
   -0.473378
   -0.506987
   -0.497624
   -0.503412
   -0.514722
   -0.511841
    0.401158
    0.450077
    0.476611
    0.497936
    0.480187
    0.184226
   -0.588749
   -0.624662
   -0.626572
   -0.653621
   -0.626120
   -0.630644
   -0.645892
   -0.640729
   -0.659814
   -0.640946
   -0.508055
   -0.515616
   -0.472515
   -0.413309
   -0.418013
    0.261829
    0.331084
    0.243782
   -0.340780
    0.282759
   -0.010605
    0.310845
    0.371743
   -0.112693
    0.073940
   -0.246167
   -0.609957
   -0.603964
   -0.530326
   -0.462272
   -0.534162
    0.362637
    0.459678
    0.421535
   -0.333830
    0.385010
   -0.073702
    0.372670
    0.385652
   -0.137999
    0.130152
   -0.318261
   -0.461928
   -0.461296
   -0.449128
   -0.442288
   -0.493578
    0.220506
    0.355641
   -0.135483
    0.057048
   -0.195570
    0.233389
    0.272006
    0.210670
   -0.219739
   -0.119284
   -0.313648
   -0.554541
   -0.588743
   -0.568348
   -0.522667
   -0.591679
    0.310880
    0.403733
   -0.222209
    0.012239
   -0.258010
    0.197233
    0.239493
    0.224367
   -0.321935
   -0.206190
   -0.472414
    0.188430
   -0.009671
   -0.214654
   -0.355240
   -0.392763
    0.195480
    0.212301
    0.064649
    0.195422
    0.207655
    0.219638
    0.285399
    0.286594
    0.048064
    0.178674
    0.122270
    0.220572
    0.014949
   -0.226860
   -0.443804
   -0.421079
    0.231880
    0.231090
    0.059704
    0.178204
    0.152092
    0.191802
    0.312055
    0.300406
   -0.023127
    0.206861
    0.121308
    0.333415
    0.344930
    0.323679
    0.297457
    0.156692
    0.310166
    0.213483
   -0.131278
   -0.026816
   -0.143277
    0.269329
    0.268923
    0.266506
   -0.168996
    0.005195
   -0.023944
    0.429410
    0.421430
    0.371226
    0.367571
    0.255138
    0.350217
    0.214157
   -0.101708
   -0.038580
   -0.183969
    0.340455
    0.289238
    0.295921
   -0.220663
    0.006009
   -0.044738
    0.371065
    0.363271
    0.371389
    0.352879
    0.316260
    0.338986
    0.227163
    0.137994
    0.326640
    0.343987
    0.405851
    0.379885
    0.421444
    0.272699
    0.319996
    0.371868
    0.478519
    0.486474
    0.498849
    0.464463
    0.411628
    0.416801
    0.269129
    0.219352
    0.423626
    0.512835
    0.608511
    0.509708
    0.533636
    0.384461
    0.428763
    0.468088
    0.240818
    0.255154
    0.300910
    0.360094
    0.348693
    0.345044
    0.303512
    0.280929
    0.311475
    0.325054
    0.338973
    0.340847
    0.313017
    0.310918
    0.379614
    0.361419
    0.201618
    0.254735
    0.337864
    0.441162
    0.388764
    0.487390
    0.383125
    0.373596
    0.325923
    0.370388
    0.406306
    0.468521
    0.405222
    0.414589
    0.452717
    0.460400
    0.261508
    0.268884
    0.259016
    0.256214
    0.295924
    0.241649
    0.238554
    0.302396
    0.210379
    0.244302
    0.198805
    0.237084
    0.242953
    0.313519
    0.300993
    0.241326
    0.209055
    0.185104
    0.203650
    0.222996
    0.277074
    0.242844
    0.278510
    0.397052
    0.290839
    0.319761
    0.309007
    0.301083
    0.331744
    0.355615
    0.378511
    0.322977
    0.304879
    0.269941
    0.250082
    0.255849
    0.227416
    0.168883
   -0.407219
   -0.289084
   -0.404105
   -0.440296
   -0.417533
   -0.413666
   -0.442467
   -0.415749
   -0.440799
   -0.441369
    0.316718
    0.249218
    0.219179
    0.231564
    0.170413
    0.147896
   -0.471383
   -0.273239
   -0.481163
   -0.518193
   -0.492442
   -0.504041
   -0.503224
   -0.463486
   -0.504806
   -0.509149
   -0.403389
   -0.403154
   -0.401746
   -0.400241
   -0.378548
    0.066472
    0.369220
    0.177110
    0.182467
    0.191969
    0.164043
    0.272516
    0.306842
    0.219030
   -0.132665
   -0.156861
   -0.353825
   -0.349357
   -0.344321
   -0.364809
   -0.374948
    0.060337
    0.417819
    0.167337
    0.201409
    0.223851
    0.249922
    0.321961
    0.382250
    0.261683
   -0.115188
   -0.176229
   -0.497142
   -0.475288
   -0.432283
   -0.419287
   -0.398475
    0.045979
    0.401261
   -0.197674
   -0.245195
    0.088123
    0.032818
    0.272945
    0.304945
    0.283638
   -0.101451
   -0.037487
   -0.575229
   -0.536237
   -0.467606
   -0.460153
   -0.377619
    0.076986
    0.551246
   -0.230643
   -0.346047
    0.163707
   -0.010360
    0.330622
    0.390140
    0.323452
   -0.075016
   -0.082610
   -0.446333
   -0.465874
   -0.472746
   -0.490166
   -0.457786
    0.075623
    0.344160
   -0.104824
   -0.024526
    0.269480
   -0.177779
    0.278557
    0.247226
    0.092511
    0.226067
   -0.037978
   -0.551836
   -0.575876
   -0.574202
   -0.613501
   -0.550204
    0.110990
    0.493008
   -0.080345
    0.012072
    0.346348
   -0.206132
    0.263299
    0.225056
    0.070306
    0.280897
   -0.039955
   -0.183184
   -0.329287
   -0.410030
   -0.433999
   -0.437927
    0.060821
    0.346569
    0.022827
    0.191121
   -0.026545
    0.184158
    0.260802
    0.256022
    0.082292
   -0.190921
   -0.241482
   -0.195473
   -0.349151
   -0.484760
   -0.524579
   -0.465075
    0.087953
    0.400734
   -0.098940
    0.183240
   -0.097779
    0.142040
    0.226366
    0.226038
    0.013557
   -0.298018
   -0.285061
    0.309330
    0.305468
    0.210415
    0.047460
   -0.183342
    0.109840
    0.351943
   -0.229251
    0.295351
    0.210915
    0.283314
    0.308129
    0.259726
    0.118978
   -0.097860
   -0.079748
    0.392415
    0.336192
    0.235900
    0.109370
   -0.144291
    0.190520
    0.370528
   -0.350910
    0.335643
    0.175835
    0.293000
    0.285752
    0.262766
    0.040512
   -0.110446
   -0.140554
    0.368041
    0.345934
    0.339149
    0.336651
    0.309910
    0.255296
    0.345767
   -0.247103
   -0.071318
   -0.073552
    0.179109
    0.370583
    0.361539
    0.175770
    0.312620
    0.319822
    0.518624
    0.483043
    0.438778
    0.417362
    0.365934
    0.429833
    0.442714
   -0.202671
   -0.100669
   -0.014186
    0.277218
    0.483886
    0.440333
    0.221366
    0.434001
    0.465927
    0.269736
    0.330776
    0.327340
    0.363805
    0.359095
    0.341867
    0.359637
    0.013671
    0.378903
    0.449854
    0.401066
    0.364512
    0.441433
    0.391902
    0.379824
    0.344414
    0.247377
    0.368880
    0.433811
    0.484477
    0.520596
    0.448208
    0.441051
    0.049306
    0.534776
    0.636660
    0.556502
    0.478068
    0.520204
    0.458684
    0.533750
    0.504735
    0.247540
    0.235373
    0.221984
    0.261404
    0.248735
    0.334664
    0.291270
    0.288544
    0.312844
    0.326578
    0.290505
    0.283896
    0.302015
    0.302039
    0.340351
    0.330624
    0.231356
    0.182428
    0.187551
    0.251439
    0.216539
    0.404610
    0.336236
    0.353728
    0.377602
    0.460504
    0.333229
    0.344195
    0.383388
    0.398884
    0.460117
    0.361131
   -0.436286
   -0.459164
   -0.491524
   -0.527071
   -0.479079
   -0.271282
    0.315624
   -0.283005
    0.330190
    0.074917
    0.372674
    0.296153
    0.281497
    0.282358
   -0.300147
   -0.119654
   -0.486647
   -0.517006
   -0.585997
   -0.634681
   -0.541372
   -0.455124
    0.310789
   -0.383943
    0.463411
   -0.017829
    0.520349
    0.301304
    0.280664
    0.291780
   -0.392978
   -0.106625
   -0.443495
   -0.424320
   -0.410406
   -0.411532
   -0.408966
   -0.314098
    0.316419
   -0.006270
   -0.142977
   -0.032853
   -0.142688
    0.285197
    0.322946
    0.303712
    0.054446
    0.186477
   -0.426453
   -0.407129
   -0.417084
   -0.448854
   -0.419412
   -0.393751
    0.320093
   -0.016845
   -0.252528
   -0.021894
   -0.190618
    0.371847
    0.361153
    0.404060
    0.094083
    0.236073
   -0.468853
   -0.461238
   -0.426834
   -0.393413
   -0.383183
   -0.251999
    0.356704
    0.134075
    0.110917
    0.171863
    0.213654
    0.338455
    0.233223
    0.315515
   -0.027347
   -0.029750
   -0.573078
   -0.528958
   -0.468165
   -0.406366
   -0.407874
   -0.283222
    0.393788
    0.073686
    0.121678
    0.223453
    0.247291
    0.336783
    0.246844
    0.355545
   -0.029773
    0.004069
   -0.465416
   -0.494945
   -0.487628
   -0.481778
   -0.465368
   -0.191850
    0.356896
   -0.247687
   -0.066564
    0.340135
   -0.311479
    0.299470
    0.296714
    0.251799
   -0.200779
   -0.108688
   -0.570026
   -0.600746
   -0.594913
   -0.582337
   -0.540729
   -0.262684
    0.389748
   -0.275919
   -0.072459
    0.478309
   -0.386527
    0.327067
    0.274113
    0.284874
   -0.271768
   -0.094357
   -0.378359
   -0.428610
   -0.432655
   -0.415293
   -0.431515
   -0.257455
    0.391809
   -0.199757
    0.199196
   -0.165063
   -0.184965
    0.256119
    0.220131
    0.203358
   -0.103398
   -0.128237
   -0.428902
   -0.479539
   -0.481142
   -0.469815
   -0.499188
   -0.273872
    0.345651
   -0.326787
    0.197476
   -0.225673
   -0.289091
    0.214576
    0.134284
    0.143337
   -0.105450
   -0.269533
    0.274675
    0.142625
   -0.065443
   -0.231643
   -0.400655
   -0.231215
    0.359191
   -0.067230
    0.247180
    0.171706
    0.196891
    0.269169
    0.254721
    0.243665
    0.078734
    0.135656
    0.382229
    0.236858
   -0.024508
   -0.250349
   -0.415312
   -0.254969
    0.360012
   -0.250021
    0.227698
    0.121643
    0.117737
    0.223387
    0.237655
    0.205337
    0.019981
    0.185783
    0.326672
    0.334577
    0.311425
    0.285322
    0.298717
    0.185958
    0.316574
   -0.414198
    0.134567
    0.037915
    0.062383
    0.333257
    0.343104
    0.232578
   -0.265433
   -0.078426
    0.468070
    0.468765
    0.431788
    0.402213
    0.391343
    0.249325
    0.312429
   -0.561555
    0.122732
    0.068716
    0.086178
    0.323192
    0.323780
    0.220456
   -0.369606
   -0.118253
    0.300749
    0.361388
    0.381094
    0.392500
    0.344899
    0.270431
    0.375134
   -0.317046
    0.263562
    0.293930
    0.277301
    0.379721
    0.347935
    0.305466
    0.381228
    0.308312
    0.432573
    0.503754
    0.509847
    0.511522
    0.438902
    0.334696
    0.488454
   -0.328250
    0.448499
    0.493202
    0.474975
    0.510647
    0.443093
    0.398779
    0.556082
    0.442044
   -0.451343
   -0.439915
   -0.419627
   -0.404534
   -0.315349
   -0.276520
    0.365486
    0.189436
    0.176971
    0.197744
    0.165195
    0.331201
    0.300705
    0.326087
   -0.178191
    0.007038
   -0.552304
   -0.536926
   -0.542780
   -0.537347
   -0.396802
   -0.368961
    0.407215
    0.115740
    0.254051
    0.228424
    0.160308
    0.329116
    0.284397
    0.304158
   -0.191190
   -0.055423
   -0.448141
   -0.473177
   -0.489230
   -0.469826
   -0.443097
   -0.425763
    0.329653
   -0.103487
    0.051672
   -0.329446
   -0.006233
    0.309575
    0.288958
    0.255726
    0.111230
    0.097913
   -0.521751
   -0.555525
   -0.591667
   -0.549276
   -0.532290
   -0.534621
    0.299932
   -0.045912
    0.040967
   -0.404801
    0.062726
    0.306408
    0.274232
    0.304205
    0.102954
    0.161673
   -0.398418
   -0.389460
   -0.397958
   -0.409837
   -0.435757
   -0.510210
    0.339110
   -0.011071
    0.200600
   -0.331371
    0.172251
    0.336817
    0.291671
    0.328362
   -0.317832
    0.093551
   -0.399736
   -0.391305
   -0.428737
   -0.437245
   -0.498095
   -0.655440
    0.314943
   -0.034676
    0.200836
   -0.414553
    0.319784
    0.360648
    0.339964
    0.368970
   -0.364076
    0.121863
   -0.442286
   -0.426088
   -0.392712
   -0.366739
   -0.389721
   -0.477918
    0.320085
    0.235564
    0.028105
    0.253271
    0.015743
    0.297504
    0.302415
    0.324196
   -0.179019
   -0.013383
   -0.515300
   -0.464426
   -0.390566
   -0.351160
   -0.416511
   -0.518155
    0.358955
    0.267438
    0.026921
    0.305609
    0.022567
    0.317194
    0.372095
    0.393730
   -0.198737
    0.006052
   -0.506541
   -0.515724
   -0.480676
   -0.448568
   -0.416922
   -0.473350
    0.305166
    0.102188
   -0.188598
    0.178749
   -0.235395
    0.300779
    0.267217
    0.343025
    0.093509
   -0.047660
   -0.618774
   -0.610862
   -0.578153
   -0.533335
   -0.471089
   -0.530359
    0.342250
    0.137652
   -0.207222
    0.165401
   -0.296049
    0.356101
    0.316662
    0.399936
    0.101695
    0.001598
   -0.449683
   -0.464961
   -0.454639
   -0.455728
   -0.455893
   -0.458146
    0.384047
   -0.123285
    0.310194
    0.006386
   -0.107937
    0.286667
    0.277214
    0.316764
   -0.264941
    0.109980
   -0.515650
   -0.531456
   -0.534883
   -0.563758
   -0.630056
   -0.561966
    0.373479
   -0.126946
    0.433301
    0.024795
   -0.165603
    0.254453
    0.249697
    0.330071
   -0.327000
    0.108558
    0.058750
   -0.159120
   -0.324206
   -0.420373
   -0.450655
   -0.459079
    0.344634
    0.166382
    0.110511
   -0.114284
   -0.102633
    0.285814
    0.238221
    0.232918
   -0.291781
   -0.182661
    0.149930
   -0.122632
   -0.354151
   -0.482003
   -0.501143
   -0.519214
    0.357771
    0.069614
    0.048705
   -0.270614
   -0.178242
    0.318834
    0.191052
    0.218406
   -0.448020
   -0.318258
    0.266406
    0.315094
    0.268636
    0.218331
   -0.012028
   -0.328122
    0.370859
   -0.139059
    0.287625
    0.184817
    0.321010
    0.322613
    0.262598
    0.269175
   -0.000673
    0.039117
    0.381920
    0.424996
    0.349223
    0.259865
    0.014054
   -0.361507
    0.406772
   -0.253135
    0.321383
    0.170666
    0.296044
    0.355281
    0.216941
    0.306678
   -0.058567
    0.097057
    0.070669
    0.235796
    0.363422
    0.424239
    0.403783
    0.418644
    0.363762
    0.253398
   -0.035650
    0.243175
   -0.305931
    0.234559
    0.335518
    0.354944
    0.098540
   -0.105014
    0.140932
    0.325488
    0.447608
    0.486354
    0.487047
    0.470330
    0.421013
    0.416059
   -0.054638
    0.279658
   -0.403824
    0.277165
    0.366555
    0.373535
    0.157241
   -0.078167
   -0.365966
   -0.357566
   -0.306971
   -0.239406
   -0.110366
    0.061429
    0.319262
    0.333815
    0.133761
   -0.037178
    0.162310
    0.240135
    0.255159
    0.350804
   -0.209154
    0.240114
   -0.402463
   -0.413279
   -0.346609
   -0.241970
   -0.111447
    0.113173
    0.353369
    0.335279
    0.246470
    0.000622
    0.257465
    0.257044
    0.322325
    0.384057
   -0.193288
    0.270203
   -0.443441
   -0.431217
   -0.401858
   -0.364354
   -0.348765
   -0.345587
    0.370844
    0.219800
   -0.098365
   -0.192646
   -0.149648
    0.234137
    0.302009
    0.321109
    0.056633
   -0.118503
   -0.474306
   -0.471311
   -0.451717
   -0.428173
   -0.416272
   -0.381385
    0.396774
    0.287740
   -0.111949
   -0.214271
   -0.196855
    0.280328
    0.393306
    0.356269
    0.075860
   -0.147915
   -0.430042
   -0.423212
   -0.417398
   -0.416534
   -0.450155
   -0.492102
    0.333781
    0.275832
    0.224894
   -0.285052
    0.372729
    0.304805
    0.327349
    0.319787
   -0.102270
   -0.051257
   -0.474569
   -0.452568
   -0.450063
   -0.496206
   -0.480613
   -0.554676
    0.379724
    0.381887
    0.301455
   -0.299865
    0.478417
    0.363354
    0.367753
    0.347841
   -0.090780
   -0.067413
   -0.460200
   -0.431668
   -0.427271
   -0.458819
   -0.455338
   -0.498842
    0.309700
    0.336263
   -0.190252
   -0.136022
   -0.114227
    0.324289
    0.353712
    0.333578
   -0.179181
    0.292262
   -0.519075
   -0.471463
   -0.491480
   -0.545799
   -0.512433
   -0.571413
    0.338441
    0.454023
   -0.264805
   -0.109890
   -0.086638
    0.378809
    0.487144
    0.432176
   -0.126245
    0.374163
   -0.563773
   -0.528851
   -0.489061
   -0.472853
   -0.444768
   -0.486614
    0.329949
    0.345492
    0.169887
    0.285687
    0.161224
    0.347566
    0.319746
    0.387778
    0.087603
   -0.141045
   -0.682373
   -0.661842
   -0.617660
   -0.594361
   -0.514165
   -0.566653
    0.427280
    0.485318
    0.184990
    0.253756
    0.170820
    0.428553
    0.378025
    0.471271
    0.041733
   -0.119473
   -0.515393
   -0.537073
   -0.532676
   -0.562149
   -0.561389
   -0.613934
    0.323249
    0.338968
   -0.026986
   -0.079290
   -0.046234
    0.277808
    0.312618
    0.372394
    0.014776
   -0.052814
   -0.640638
   -0.657722
   -0.672440
   -0.681658
   -0.680288
   -0.661471
    0.378018
    0.469739
    0.003720
   -0.129588
   -0.052578
    0.356719
    0.368971
    0.442671
    0.036806
   -0.023195
   -0.254445
   -0.413127
   -0.516270
   -0.485213
   -0.505559
   -0.556294
    0.299699
    0.273001
   -0.042217
   -0.264047
   -0.070422
    0.235092
    0.301847
    0.322761
   -0.243423
    0.191013
   -0.355091
   -0.503246
   -0.619071
   -0.581444
   -0.634330
   -0.664435
    0.324460
    0.380039
   -0.098818
   -0.306740
   -0.157244
    0.254651
    0.325978
    0.368081
   -0.298314
    0.129886
    0.386914
    0.412102
    0.439775
    0.455971
    0.435041
    0.419878
    0.272738
    0.294990
   -0.166915
   -0.071990
   -0.210934
    0.210786
    0.276167
    0.314543
   -0.092187
    0.078926
    0.522840
    0.558533
    0.580229
    0.582205
    0.547426
    0.590760
    0.324127
    0.354318
   -0.190594
   -0.100624
   -0.263623
    0.216854
    0.334175
    0.363142
   -0.025064
    0.115022
    0.251825
    0.331846
    0.354425
    0.331806
    0.356489
    0.378767
    0.300427
    0.225392
    0.148440
    0.352249
    0.166342
    0.140171
    0.279132
    0.306959
    0.184783
    0.038523
    0.313377
    0.389572
    0.392301
    0.370564
    0.407210
    0.506967
    0.316945
    0.276410
    0.201288
    0.427945
    0.162958
    0.148896
    0.345518
    0.327711
    0.185330
    0.054656
   -0.410273
   -0.322080
   -0.175045
   -0.006945
    0.182179
    0.316714
    0.301209
    0.295045
   -0.185460
    0.051844
   -0.335344
    0.126638
    0.289481
    0.305126
    0.058392
   -0.084481
   -0.438717
   -0.347173
   -0.180225
   -0.009663
    0.191960
    0.361381
    0.370164
    0.384923
   -0.244289
    0.092091
   -0.439750
    0.106793
    0.300615
    0.323645
    0.126279
   -0.142096
   -0.395722
   -0.389227
   -0.386995
   -0.395127
   -0.390975
   -0.332847
    0.298508
    0.301569
    0.269063
    0.073411
    0.276183
    0.280264
    0.290112
    0.301174
   -0.089326
    0.052035
   -0.425532
   -0.422252
   -0.444354
   -0.476502
   -0.417956
   -0.313476
    0.299957
    0.296532
    0.331273
    0.037235
    0.372410
    0.261630
    0.300561
    0.326293
   -0.072895
    0.070898
   -0.404451
   -0.383411
   -0.382502
   -0.411685
   -0.414414
   -0.369563
    0.291804
    0.293763
   -0.127842
   -0.391489
   -0.051583
    0.223665
    0.274700
    0.309720
    0.132436
    0.095555
   -0.394568
   -0.375078
   -0.401844
   -0.425607
   -0.421755
   -0.372608
    0.298531
    0.293086
   -0.170757
   -0.443861
   -0.033298
    0.203935
    0.323822
    0.330265
    0.164144
    0.149066
   -0.437622
   -0.415678
   -0.400711
   -0.390670
   -0.409296
   -0.402470
    0.271670
    0.312088
    0.000563
   -0.205138
    0.269460
    0.257452
    0.301537
    0.314284
   -0.013562
   -0.086487
   -0.440869
   -0.425090
   -0.430212
   -0.412721
   -0.371703
   -0.418420
    0.273637
    0.399172
   -0.010800
   -0.172751
    0.338841
    0.327051
    0.321425
    0.334681
    0.030211
   -0.092990
   -0.472794
   -0.449361
   -0.427046
   -0.403685
   -0.404374
   -0.417778
    0.236744
    0.400268
   -0.011674
    0.146178
    0.056105
    0.247378
    0.347230
    0.302503
   -0.026361
    0.096835
   -0.603573
   -0.520299
   -0.480816
   -0.442461
   -0.442832
   -0.408030
    0.247649
    0.423313
    0.021181
    0.228573
    0.061610
    0.250488
    0.361859
    0.351279
    0.105069
    0.155371
   -0.497508
   -0.496335
   -0.514235
   -0.544758
   -0.433845
   -0.440496
    0.241199
    0.382907
   -0.083808
    0.054597
   -0.088159
    0.244036
    0.305999
    0.365031
    0.222774
   -0.021834
   -0.612375
   -0.639534
   -0.641608
   -0.620055
   -0.544271
   -0.508908
    0.237380
    0.465242
   -0.095552
    0.043559
   -0.075082
    0.256822
    0.355857
    0.322881
    0.266459
   -0.018105
