   -0.539389
   -0.538733
   -0.537824
   -0.536671
   -0.536474
   -0.538119
   -0.538504
   -0.539137
   -0.541448
   -0.541137
   -0.541004
   -0.540865
   -0.540409
   -0.539971
   -0.539723
   -0.540306
   -0.546222
   -0.547245
   -0.547445
   -0.547642
   -0.547530
   -0.547556
   -0.547178
   -0.546333
   -0.548214
   -0.547658
   -0.547491
   -0.547589
   -0.547351
   -0.547221
   -0.547033
   -0.547080
   -0.516163
   -0.516514
   -0.516602
   -0.517327
   -0.517073
   -0.516848
   -0.516230
   -0.514662
   -0.516203
   -0.515038
   -0.514817
   -0.515022
   -0.514875
   -0.514705
   -0.514400
   -0.514603
   -0.547637
   -0.547529
   -0.547810
   -0.547939
   -0.547830
   -0.547874
   -0.547370
   -0.546953
   -0.546732
   -0.546701
   -0.546471
   -0.546669
   -0.546610
   -0.546833
   -0.546521
   -0.546624
   -0.509469
   -0.509980
   -0.509668
   -0.509871
   -0.509600
   -0.509828
   -0.509691
   -0.510861
   -0.510455
   -0.510604
   -0.510436
   -0.510576
   -0.510726
   -0.510904
   -0.510661
   -0.510497
   -0.547789
   -0.546939
   -0.546743
   -0.546816
   -0.546742
   -0.546813
   -0.546874
   -0.547478
   -0.546849
   -0.547293
   -0.547117
   -0.547379
   -0.547348
   -0.547675
   -0.547321
   -0.547577
   -0.528758
   -0.529386
   -0.527880
   -0.528049
   -0.527806
   -0.528088
   -0.529286
   -0.530132
   -0.529393
   -0.529916
   -0.530007
   -0.530070
   -0.530040
   -0.530380
   -0.530586
   -0.530493
   -0.546604
   -0.546641
   -0.546779
   -0.547560
   -0.547449
   -0.546905
   -0.546688
   -0.546834
   -0.546585
   -0.547459
   -0.547900
   -0.547935
   -0.547604
   -0.548256
   -0.548259
   -0.548501
   -0.413100
   -0.356228
   -0.293969
   -0.241675
   -0.236121
   -0.266481
   -0.321910
   -0.362869
   -0.410035
   -0.401292
   -0.401390
   -0.392686
   -0.388558
   -0.384848
   -0.381052
   -0.381317
   -0.413838
   -0.362367
   -0.304308
   -0.264148
   -0.249254
   -0.277033
   -0.327844
   -0.359137
   -0.411786
   -0.401979
   -0.402404
   -0.393516
   -0.389053
   -0.385839
   -0.381396
   -0.381764
   -0.287905
   -0.260504
   -0.230875
   -0.211727
   -0.223408
   -0.263092
   -0.311188
   -0.340403
   -0.340238
   -0.336583
   -0.332314
   -0.327952
   -0.324107
   -0.320081
   -0.311435
   -0.311098
   -0.290625
   -0.277693
   -0.265639
   -0.258637
   -0.273877
   -0.297682
   -0.327948
   -0.339843
   -0.365395
   -0.360300
   -0.355607
   -0.351596
   -0.343234
   -0.339369
   -0.334349
   -0.334263
   -0.112929
   -0.126005
   -0.151951
   -0.190095
   -0.230849
   -0.269028
   -0.299032
   -0.320825
   -0.296936
   -0.291470
   -0.292122
   -0.278497
   -0.274348
   -0.269916
   -0.265110
   -0.264473
   -0.117853
   -0.144668
   -0.186514
   -0.237780
   -0.275127
   -0.300445
   -0.308916
   -0.313300
   -0.344224
   -0.342280
   -0.337683
   -0.333866
   -0.329619
   -0.325190
   -0.319569
   -0.310800
    0.014762
   -0.031519
   -0.108869
   -0.183802
   -0.241786
   -0.281830
   -0.293765
   -0.298658
   -0.322595
   -0.319084
   -0.310174
   -0.306096
   -0.302027
   -0.292799
   -0.292290
   -0.287100
    0.013839
   -0.039750
   -0.120059
   -0.204493
   -0.262811
   -0.293685
   -0.297620
   -0.292072
   -0.354984
   -0.342356
   -0.337800
   -0.333943
   -0.329409
   -0.324412
   -0.318987
   -0.319043
   -0.565551
   -0.565159
   -0.564433
   -0.565370
   -0.565037
   -0.564622
   -0.564665
   -0.565641
   -0.577670
   -0.577783
   -0.577648
   -0.577736
   -0.577470
   -0.577258
   -0.577104
   -0.577561
   -0.596588
   -0.596415
   -0.596370
   -0.596530
   -0.596511
   -0.596360
   -0.596238
   -0.596635
   -0.596671
   -0.596643
   -0.596481
   -0.596796
   -0.596637
   -0.596805
   -0.596476
   -0.596493
   -0.562097
   -0.562246
   -0.562359
   -0.563395
   -0.563134
   -0.562678
   -0.562129
   -0.561991
   -0.567767
   -0.567914
   -0.567345
   -0.567307
   -0.567188
   -0.567596
   -0.567638
   -0.567849
   -0.596878
   -0.597006
   -0.597891
   -0.598311
   -0.598210
   -0.598065
   -0.597065
   -0.597194
   -0.596989
   -0.596727
   -0.597009
   -0.597196
   -0.597060
   -0.597254
   -0.596644
   -0.596516
   -0.561941
   -0.562072
   -0.561120
   -0.560893
   -0.560749
   -0.561478
   -0.562222
   -0.562574
   -0.556677
   -0.556484
   -0.555866
   -0.555822
   -0.556002
   -0.556346
   -0.556441
   -0.556533
   -0.596929
   -0.596394
   -0.595142
   -0.595192
   -0.595028
   -0.595242
   -0.596273
   -0.596801
   -0.595536
   -0.595929
   -0.595900
   -0.596150
   -0.595941
   -0.596117
   -0.595823
   -0.596005
   -0.567267
   -0.568472
   -0.567860
   -0.567320
   -0.567092
   -0.567977
   -0.568342
   -0.567648
   -0.563830
   -0.564016
   -0.563880
   -0.563865
   -0.563710
   -0.563989
   -0.564347
   -0.564588
   -0.595377
   -0.595079
   -0.595628
   -0.595983
   -0.595838
   -0.595831
   -0.595090
   -0.595333
   -0.596672
   -0.597833
   -0.597901
   -0.598199
   -0.597854
   -0.597941
   -0.597879
   -0.598084
   -0.453134
   -0.373087
   -0.303044
   -0.272372
   -0.280244
   -0.295592
   -0.338678
   -0.390058
   -0.401086
   -0.400084
   -0.401007
   -0.397360
   -0.397436
   -0.396907
   -0.397631
   -0.403780
   -0.515291
   -0.432470
   -0.357444
   -0.324215
   -0.323339
   -0.346257
   -0.398281
   -0.448194
   -0.465931
   -0.461057
   -0.466311
   -0.462703
   -0.462609
   -0.462368
   -0.462805
   -0.464179
   -0.336974
   -0.285260
   -0.240620
   -0.239796
   -0.266742
   -0.295355
   -0.345547
   -0.386489
   -0.367713
   -0.367504
   -0.363444
   -0.364268
   -0.364587
   -0.364615
   -0.364523
   -0.365643
   -0.364027
   -0.319573
   -0.285176
   -0.289125
   -0.307752
   -0.331379
   -0.366654
   -0.395492
   -0.411601
   -0.402565
   -0.402499
   -0.403163
   -0.403422
   -0.403629
   -0.403687
   -0.404191
   -0.148277
   -0.146049
   -0.179181
   -0.248351
   -0.294999
   -0.314422
   -0.318417
   -0.335075
   -0.342578
   -0.333832
   -0.343156
   -0.333936
   -0.334356
   -0.334702
   -0.334884
   -0.334892
   -0.193991
   -0.201032
   -0.240617
   -0.315463
   -0.361211
   -0.367187
   -0.363818
   -0.374143
   -0.395254
   -0.396179
   -0.396195
   -0.396578
   -0.396673
   -0.397760
   -0.397552
   -0.392157
   -0.018547
   -0.046175
   -0.123229
   -0.230580
   -0.301552
   -0.319889
   -0.303850
   -0.313735
   -0.362757
   -0.362926
   -0.362676
   -0.362285
   -0.362676
   -0.358819
   -0.359271
   -0.358397
   -0.059161
   -0.087941
   -0.156914
   -0.261047
   -0.327155
   -0.340965
   -0.336821
   -0.346035
   -0.409995
   -0.400817
   -0.400804
   -0.400554
   -0.400581
   -0.401968
   -0.401701
   -0.401279
   -0.480853
   -0.489479
   -0.494230
   -0.503771
   -0.503698
   -0.494123
   -0.489502
   -0.485126
   -0.479967
   -0.484122
   -0.484097
   -0.484903
   -0.485843
   -0.487549
   -0.487871
   -0.486509
   -0.522208
   -0.516376
   -0.515859
   -0.515280
   -0.515488
   -0.515610
   -0.516525
   -0.521996
   -0.510552
   -0.515370
   -0.515481
   -0.515531
   -0.515823
   -0.516592
   -0.516774
   -0.517092
   -0.493288
   -0.493269
   -0.489198
   -0.482070
   -0.482045
   -0.489271
   -0.493275
   -0.506897
   -0.497433
   -0.506886
   -0.507194
   -0.507084
   -0.507081
   -0.507890
   -0.508301
   -0.508102
   -0.515239
   -0.515418
   -0.511569
   -0.508260
   -0.508486
   -0.511407
   -0.515754
   -0.520094
   -0.520354
   -0.520926
   -0.521074
   -0.520909
   -0.520646
   -0.520458
   -0.521009
   -0.521262
   -0.508895
   -0.508341
   -0.511454
   -0.514611
   -0.514683
   -0.511686
   -0.508378
   -0.499788
   -0.499430
   -0.499500
   -0.499710
   -0.499739
   -0.498875
   -0.498645
   -0.498939
   -0.499732
   -0.511957
   -0.520106
   -0.521026
   -0.520816
   -0.520966
   -0.520863
   -0.520232
   -0.515860
   -0.517547
   -0.516618
   -0.516670
   -0.516338
   -0.515982
   -0.515532
   -0.516088
   -0.515860
   -0.503488
   -0.496527
   -0.505868
   -0.506282
   -0.506365
   -0.505961
   -0.496186
   -0.494419
   -0.488833
   -0.487682
   -0.487096
   -0.487266
   -0.487060
   -0.486335
   -0.485348
   -0.485839
   -0.521357
   -0.521338
   -0.520748
   -0.515699
   -0.515857
   -0.520482
   -0.521017
   -0.520933
   -0.517960
   -0.512808
   -0.511050
   -0.511373
   -0.511889
   -0.510555
   -0.510018
   -0.509843
   -0.351745
   -0.334765
   -0.255679
   -0.203765
   -0.221564
   -0.269966
   -0.312015
   -0.336596
   -0.342723
   -0.346841
   -0.346097
   -0.342485
   -0.341949
   -0.340806
   -0.339178
   -0.339617
   -0.401799
   -0.370482
   -0.290646
   -0.237924
   -0.252728
   -0.293783
   -0.342830
   -0.376958
   -0.385654
   -0.394224
   -0.393861
   -0.393787
   -0.394052
   -0.391648
   -0.391701
   -0.390741
   -0.231800
   -0.240512
   -0.197076
   -0.174930
   -0.205950
   -0.259075
   -0.298475
   -0.341207
   -0.327432
   -0.323184
   -0.318693
   -0.319036
   -0.317663
   -0.317245
   -0.317595
   -0.318430
   -0.230111
   -0.231293
   -0.191782
   -0.180773
   -0.210910
   -0.248194
   -0.277796
   -0.316778
   -0.333855
   -0.333762
   -0.334764
   -0.334270
   -0.333598
   -0.332811
   -0.334713
   -0.335149
   -0.095953
   -0.093146
   -0.117992
   -0.179119
   -0.237142
   -0.262486
   -0.274153
   -0.292885
   -0.312292
   -0.313028
   -0.313772
   -0.313795
   -0.313222
   -0.313917
   -0.315257
   -0.317289
   -0.087638
   -0.122261
   -0.162481
   -0.226326
   -0.276615
   -0.289551
   -0.295880
   -0.312289
   -0.324619
   -0.338723
   -0.339488
   -0.338447
   -0.338244
   -0.338723
   -0.342504
   -0.339528
   -0.022098
   -0.014102
   -0.074981
   -0.181995
   -0.257331
   -0.269085
   -0.273076
   -0.285176
   -0.296185
   -0.323358
   -0.324496
   -0.324376
   -0.323557
   -0.321525
   -0.322572
   -0.325791
   -0.043671
   -0.047275
   -0.111438
   -0.208205
   -0.275491
   -0.285080
   -0.292394
   -0.318988
   -0.313541
   -0.339881
   -0.340591
   -0.339757
   -0.340469
   -0.342383
   -0.345730
   -0.345781
   -0.466826
   -0.477920
   -0.482989
   -0.486997
   -0.487016
   -0.483494
   -0.478360
   -0.471899
   -0.474803
   -0.479330
   -0.479327
   -0.479210
   -0.479433
   -0.479848
   -0.479937
   -0.479240
   -0.501113
   -0.497021
   -0.497835
   -0.497101
   -0.497400
   -0.497564
   -0.497799
   -0.500705
   -0.492635
   -0.497066
   -0.497267
   -0.496637
   -0.496687
   -0.496362
   -0.496891
   -0.497145
   -0.483050
   -0.483702
   -0.477998
   -0.466910
   -0.466863
   -0.477910
   -0.483242
   -0.496970
   -0.480825
   -0.486378
   -0.487605
   -0.488011
   -0.488117
   -0.486967
   -0.486518
   -0.486171
   -0.493650
   -0.492887
   -0.483371
   -0.477363
   -0.477694
   -0.482747
   -0.492734
   -0.496835
   -0.494340
   -0.498023
   -0.496892
   -0.496734
   -0.496826
   -0.496700
   -0.497901
   -0.498611
   -0.495108
   -0.495636
   -0.502253
   -0.508186
   -0.508013
   -0.501808
   -0.494640
   -0.485350
   -0.495470
   -0.496317
   -0.497734
   -0.498106
   -0.497586
   -0.496904
   -0.496329
   -0.496070
   -0.491630
   -0.501827
   -0.510921
   -0.510823
   -0.511179
   -0.510691
   -0.502069
   -0.496493
   -0.502240
   -0.501702
   -0.501400
   -0.501179
   -0.501448
   -0.501481
   -0.501742
   -0.501740
   -0.496886
   -0.484971
   -0.494600
   -0.496552
   -0.496715
   -0.494764
   -0.484989
   -0.487704
   -0.476792
   -0.476766
   -0.477132
   -0.477280
   -0.477627
   -0.477177
   -0.476280
   -0.475588
   -0.510122
   -0.510999
   -0.506691
   -0.501667
   -0.501854
   -0.506312
   -0.510852
   -0.510534
   -0.493174
   -0.483315
   -0.483153
   -0.482678
   -0.483059
   -0.483623
   -0.483454
   -0.483432
   -0.326230
   -0.324759
   -0.247282
   -0.196888
   -0.214726
   -0.264163
   -0.310008
   -0.327484
   -0.338804
   -0.344290
   -0.341940
   -0.333985
   -0.333155
   -0.334007
   -0.331672
   -0.325964
   -0.353701
   -0.333238
   -0.264774
   -0.209451
   -0.218837
   -0.266754
   -0.308143
   -0.339731
   -0.369869
   -0.376305
   -0.373012
   -0.370084
   -0.368887
   -0.369914
   -0.367215
   -0.364211
   -0.220922
   -0.242961
   -0.194474
   -0.165731
   -0.193890
   -0.250405
   -0.299437
   -0.337792
   -0.327500
   -0.322726
   -0.317300
   -0.313802
   -0.312661
   -0.311573
   -0.310381
   -0.306614
   -0.208277
   -0.215137
   -0.169389
   -0.158058
   -0.186718
   -0.221675
   -0.256576
   -0.306475
   -0.312876
   -0.314182
   -0.312712
   -0.310696
   -0.307823
   -0.307246
   -0.305029
   -0.304255
   -0.094733
   -0.086741
   -0.102310
   -0.151572
   -0.208991
   -0.244034
   -0.275122
   -0.308134
   -0.312402
   -0.311943
   -0.309583
   -0.308863
   -0.307328
   -0.304935
   -0.303681
   -0.302602
   -0.065121
   -0.097658
   -0.125280
   -0.177853
   -0.230771
   -0.249682
   -0.278347
   -0.309680
   -0.316159
   -0.323961
   -0.322231
   -0.321262
   -0.319460
   -0.316198
   -0.314083
   -0.311950
   -0.046293
   -0.024741
   -0.070752
   -0.160675
   -0.226946
   -0.257965
   -0.288375
   -0.318874
   -0.295296
   -0.320173
   -0.319267
   -0.319117
   -0.317881
   -0.309643
   -0.308729
   -0.308792
   -0.043915
   -0.031288
   -0.081619
   -0.162284
   -0.224169
   -0.246947
   -0.279439
   -0.320614
   -0.301379
   -0.328263
   -0.326527
   -0.327423
   -0.325436
   -0.321110
   -0.319090
   -0.321424
   -0.499910
   -0.504685
   -0.504430
   -0.502968
   -0.503178
   -0.504637
   -0.504591
   -0.503978
   -0.522404
   -0.526747
   -0.524098
   -0.515998
   -0.513413
   -0.505494
   -0.501858
   -0.505796
   -0.522972
   -0.528258
   -0.532920
   -0.537105
   -0.536895
   -0.533194
   -0.528020
   -0.523159
   -0.537450
   -0.536999
   -0.536900
   -0.533828
   -0.533232
   -0.528030
   -0.527591
   -0.523516
   -0.499503
   -0.499537
   -0.494956
   -0.477552
   -0.477557
   -0.494886
   -0.499643
   -0.506961
   -0.501252
   -0.502404
   -0.501238
   -0.498557
   -0.498560
   -0.493725
   -0.492689
   -0.493388
   -0.536037
   -0.532287
   -0.523357
   -0.510600
   -0.510357
   -0.523428
   -0.531797
   -0.535482
   -0.527586
   -0.527245
   -0.527516
   -0.527632
   -0.528763
   -0.528884
   -0.527440
   -0.526043
   -0.497400
   -0.501837
   -0.511413
   -0.524210
   -0.523950
   -0.511041
   -0.501955
   -0.493882
   -0.496440
   -0.498943
   -0.497860
   -0.497820
   -0.500218
   -0.501287
   -0.500361
   -0.498508
   -0.528065
   -0.536827
   -0.537496
   -0.537724
   -0.537587
   -0.537583
   -0.536717
   -0.532733
   -0.526718
   -0.531932
   -0.532330
   -0.532820
   -0.537174
   -0.537818
   -0.536818
   -0.536721
   -0.524423
   -0.506696
   -0.506824
   -0.499522
   -0.499161
   -0.506648
   -0.507650
   -0.520607
   -0.489044
   -0.495286
   -0.496658
   -0.499251
   -0.502251
   -0.504838
   -0.510258
   -0.509628
   -0.536710
   -0.536183
   -0.536750
   -0.537404
   -0.537261
   -0.537196
   -0.537413
   -0.537364
   -0.517019
   -0.510812
   -0.522077
   -0.523526
   -0.522667
   -0.528363
   -0.533623
   -0.533158
   -0.332875
   -0.323025
   -0.244895
   -0.203336
   -0.224029
   -0.268916
   -0.321269
   -0.342570
   -0.336880
   -0.344266
   -0.346782
   -0.346865
   -0.352480
   -0.360330
   -0.369254
   -0.371104
   -0.383051
   -0.355605
   -0.286178
   -0.228703
   -0.235852
   -0.280718
   -0.321471
   -0.354912
   -0.374613
   -0.379714
   -0.385870
   -0.391081
   -0.392945
   -0.405701
   -0.408778
   -0.413925
   -0.242767
   -0.245000
   -0.199845
   -0.169863
   -0.194561
   -0.241095
   -0.295270
   -0.327962
   -0.316725
   -0.317128
   -0.314042
   -0.315975
   -0.323765
   -0.327537
   -0.331665
   -0.331430
   -0.235898
   -0.237132
   -0.187978
   -0.178815
   -0.203018
   -0.235066
   -0.263621
   -0.309361
   -0.327528
   -0.326758
   -0.326361
   -0.328985
   -0.338362
   -0.341119
   -0.339006
   -0.336546
   -0.088616
   -0.085501
   -0.104648
   -0.157199
   -0.218632
   -0.255850
   -0.288635
   -0.321548
   -0.309708
   -0.307985
   -0.307558
   -0.311166
   -0.307945
   -0.309248
   -0.305891
   -0.301980
   -0.056616
   -0.089716
   -0.118884
   -0.179444
   -0.236263
   -0.262140
   -0.285164
   -0.314973
   -0.342135
   -0.343831
   -0.344090
   -0.348031
   -0.348662
   -0.348450
   -0.335416
   -0.327415
   -0.046178
   -0.030498
   -0.078365
   -0.170540
   -0.240377
   -0.281536
   -0.303427
   -0.331482
   -0.312017
   -0.331003
   -0.327292
   -0.327299
   -0.330123
   -0.321310
   -0.316865
   -0.308310
   -0.041441
   -0.034490
   -0.083517
   -0.168318
   -0.229235
   -0.248855
   -0.272037
   -0.302665
   -0.324374
   -0.348333
   -0.348794
   -0.348730
   -0.346937
   -0.337080
   -0.328293
   -0.325690
   -0.515144
   -0.505326
   -0.500738
   -0.512165
   -0.511904
   -0.499415
   -0.503942
   -0.520992
   -0.530933
   -0.532259
   -0.527672
   -0.521814
   -0.522089
   -0.514422
   -0.509924
   -0.513540
   -0.538198
   -0.531738
   -0.531566
   -0.540216
   -0.540079
   -0.531619
   -0.530225
   -0.538676
   -0.540396
   -0.540439
   -0.540253
   -0.539936
   -0.540240
   -0.539643
   -0.535661
   -0.527366
   -0.499345
   -0.494660
   -0.499365
   -0.499180
   -0.499328
   -0.499616
   -0.495973
   -0.507340
   -0.513257
   -0.513268
   -0.504640
   -0.495587
   -0.495581
   -0.497179
   -0.504740
   -0.508148
   -0.535967
   -0.535962
   -0.535769
   -0.534980
   -0.534604
   -0.537027
   -0.537000
   -0.542312
   -0.526046
   -0.530240
   -0.539374
   -0.539541
   -0.539214
   -0.539338
   -0.530809
   -0.526060
   -0.518698
   -0.518596
   -0.509736
   -0.510139
   -0.510776
   -0.510998
   -0.521478
   -0.513178
   -0.506613
   -0.505915
   -0.496744
   -0.492554
   -0.493721
   -0.497872
   -0.505793
   -0.509550
   -0.540541
   -0.539796
   -0.538329
   -0.538130
   -0.537594
   -0.538533
   -0.539551
   -0.540590
   -0.527020
   -0.535250
   -0.539074
   -0.539387
   -0.540244
   -0.539885
   -0.539492
   -0.539421
   -0.514501
   -0.522264
   -0.523661
   -0.500345
   -0.500166
   -0.523005
   -0.522209
   -0.510127
   -0.501421
   -0.504932
   -0.501107
   -0.502160
   -0.506352
   -0.509251
   -0.522094
   -0.523667
   -0.537869
   -0.538045
   -0.538469
   -0.539372
   -0.539203
   -0.539128
   -0.538420
   -0.539120
   -0.525966
   -0.522553
   -0.528165
   -0.537449
   -0.536531
   -0.536198
   -0.540588
   -0.540975
   -0.377741
   -0.355032
   -0.268981
   -0.215208
   -0.232534
   -0.274083
   -0.316658
   -0.330356
   -0.309733
   -0.301828
   -0.316916
   -0.344881
   -0.360615
   -0.358171
   -0.377404
   -0.407898
   -0.422115
   -0.384179
   -0.306629
   -0.243794
   -0.256360
   -0.297832
   -0.330985
   -0.356110
   -0.331089
   -0.326790
   -0.346957
   -0.378424
   -0.389807
   -0.392165
   -0.407284
   -0.429001
   -0.242558
   -0.236532
   -0.186279
   -0.169523
   -0.199675
   -0.243783
   -0.282499
   -0.302219
   -0.261756
   -0.259127
   -0.264919
   -0.288074
   -0.304227
   -0.311274
   -0.326049
   -0.347077
   -0.246948
   -0.239999
   -0.189764
   -0.191229
   -0.228524
   -0.257130
   -0.263776
   -0.282260
   -0.280542
   -0.280378
   -0.290174
   -0.304361
   -0.326678
   -0.334206
   -0.348887
   -0.355600
   -0.084090
   -0.076246
   -0.090519
   -0.164000
   -0.236382
   -0.257027
   -0.245845
   -0.243323
   -0.252936
   -0.263041
   -0.273150
   -0.285567
   -0.289361
   -0.303516
   -0.317784
   -0.323421
   -0.064345
   -0.093346
   -0.124772
   -0.208580
   -0.275870
   -0.288758
   -0.258583
   -0.242789
   -0.272951
   -0.294343
   -0.304393
   -0.312765
   -0.317164
   -0.344872
   -0.350773
   -0.338203
   -0.030393
   -0.013336
   -0.066051
   -0.190541
   -0.289202
   -0.305621
   -0.269795
   -0.250196
   -0.252716
   -0.295458
   -0.300090
   -0.291725
   -0.304024
   -0.323738
   -0.334437
   -0.326876
   -0.026192
   -0.021415
   -0.082994
   -0.200091
   -0.293209
   -0.291211
   -0.264982
   -0.247296
   -0.283412
   -0.326194
   -0.336000
   -0.326350
   -0.334477
   -0.362830
   -0.369589
   -0.357047
   -0.506657
   -0.495647
   -0.491451
   -0.506911
   -0.506384
   -0.491157
   -0.496148
   -0.515816
   -0.516168
   -0.517774
   -0.503264
   -0.495509
   -0.514081
   -0.532786
   -0.523862
   -0.497375
   -0.533704
   -0.522250
   -0.520849
   -0.529895
   -0.530298
   -0.520362
   -0.523174
   -0.533370
   -0.526427
   -0.530131
   -0.530279
   -0.521535
   -0.525834
   -0.531769
   -0.531308
   -0.522229
   -0.492602
   -0.488222
   -0.494150
   -0.496641
   -0.496687
   -0.494137
   -0.487584
   -0.502254
   -0.484529
   -0.502527
   -0.505746
   -0.489949
   -0.489920
   -0.491212
   -0.503029
   -0.499992
   -0.527453
   -0.526406
   -0.527156
   -0.528543
   -0.528968
   -0.527070
   -0.527241
   -0.532679
   -0.517610
   -0.526944
   -0.531580
   -0.531465
   -0.522387
   -0.522290
   -0.526009
   -0.531688
   -0.518458
   -0.517820
   -0.505613
   -0.504459
   -0.505146
   -0.506143
   -0.516766
   -0.507971
   -0.490504
   -0.504048
   -0.507226
   -0.505766
   -0.490198
   -0.482879
   -0.494407
   -0.509761
   -0.531785
   -0.530214
   -0.530023
   -0.529779
   -0.529992
   -0.530115
   -0.530334
   -0.530352
   -0.531510
   -0.532107
   -0.532308
   -0.531113
   -0.530241
   -0.525981
   -0.531488
   -0.532107
   -0.506058
   -0.518209
   -0.521982
   -0.497248
   -0.498495
   -0.522370
   -0.515668
   -0.501480
   -0.508533
   -0.498717
   -0.487608
   -0.500447
   -0.514105
   -0.497135
   -0.498271
   -0.502439
   -0.526965
   -0.534188
   -0.531292
   -0.530094
   -0.530286
   -0.530202
   -0.530387
   -0.530655
   -0.533616
   -0.514134
   -0.498547
   -0.526535
   -0.531845
   -0.522329
   -0.517834
   -0.522128
   -0.390632
   -0.380963
   -0.294206
   -0.234944
   -0.244782
   -0.288542
   -0.320728
   -0.328509
   -0.378281
   -0.350258
   -0.341279
   -0.354855
   -0.356738
   -0.329510
   -0.309654
   -0.311943
   -0.432036
   -0.387989
   -0.311121
   -0.238855
   -0.245564
   -0.297612
   -0.335389
   -0.359910
   -0.383731
   -0.371186
   -0.370666
   -0.382788
   -0.376068
   -0.348354
   -0.334369
   -0.339465
   -0.241614
   -0.253163
   -0.199331
   -0.180946
   -0.206802
   -0.245929
   -0.263601
   -0.284227
   -0.315674
   -0.312805
   -0.307903
   -0.306214
   -0.290295
   -0.268325
   -0.277056
   -0.291356
   -0.257777
   -0.244377
   -0.190558
   -0.193839
   -0.230726
   -0.268565
   -0.288114
   -0.315461
   -0.305591
   -0.313399
   -0.322289
   -0.309949
   -0.284349
   -0.267938
   -0.291556
   -0.313747
   -0.104197
   -0.092163
   -0.112931
   -0.183627
   -0.261245
   -0.265788
   -0.248712
   -0.232191
   -0.286613
   -0.311194
   -0.320119
   -0.299246
   -0.259582
   -0.256828
   -0.289627
   -0.321998
   -0.060976
   -0.090360
   -0.113915
   -0.197891
   -0.276757
   -0.294882
   -0.272652
   -0.267914
   -0.286303
   -0.318309
   -0.322427
   -0.296717
   -0.260957
   -0.280929
   -0.314287
   -0.331672
   -0.030164
   -0.009279
   -0.070060
   -0.202339
   -0.298197
   -0.314268
   -0.268912
   -0.242663
   -0.278468
   -0.324675
   -0.320387
   -0.279504
   -0.266710
   -0.281528
   -0.319033
   -0.342044
   -0.037747
   -0.024753
   -0.085513
   -0.207923
   -0.309187
   -0.308072
   -0.290253
   -0.275578
   -0.305828
   -0.346102
   -0.346911
   -0.306204
   -0.293250
   -0.322062
   -0.355197
   -0.363830
   -0.500528
   -0.492905
   -0.488827
   -0.502269
   -0.506578
   -0.497718
   -0.505813
   -0.526338
   -0.528832
   -0.520646
   -0.511191
   -0.510839
   -0.521357
   -0.523848
   -0.515038
   -0.499653
   -0.530430
   -0.517564
   -0.518188
   -0.530820
   -0.530331
   -0.521858
   -0.526545
   -0.530110
   -0.529725
   -0.530035
   -0.530100
   -0.524742
   -0.525049
   -0.530073
   -0.526433
   -0.513879
   -0.497420
   -0.493624
   -0.497686
   -0.494027
   -0.494039
   -0.493638
   -0.484800
   -0.497677
   -0.485127
   -0.495501
   -0.500660
   -0.492037
   -0.492043
   -0.475013
   -0.488105
   -0.491656
   -0.529503
   -0.529842
   -0.530711
   -0.532410
   -0.532730
   -0.522179
   -0.517515
   -0.515383
   -0.526594
   -0.531275
   -0.530382
   -0.530304
   -0.525215
   -0.525152
   -0.526753
   -0.532394
   -0.515251
   -0.518915
   -0.518547
   -0.518289
   -0.513706
   -0.505972
   -0.497004
   -0.489322
   -0.486703
   -0.505201
   -0.514687
   -0.514964
   -0.496444
   -0.490623
   -0.499920
   -0.513807
   -0.525714
   -0.530256
   -0.530812
   -0.532025
   -0.532959
   -0.530782
   -0.530407
   -0.525824
   -0.519598
   -0.526939
   -0.530634
   -0.530311
   -0.525877
   -0.525569
   -0.530568
   -0.530753
   -0.489672
   -0.501739
   -0.522785
   -0.514646
   -0.515028
   -0.527160
   -0.505583
   -0.493604
   -0.489025
   -0.492179
   -0.482928
   -0.488202
   -0.501857
   -0.499806
   -0.502595
   -0.494175
   -0.495598
   -0.531122
   -0.531648
   -0.531399
   -0.531498
   -0.530438
   -0.530761
   -0.526102
   -0.531863
   -0.517187
   -0.502524
   -0.520915
   -0.530336
   -0.529468
   -0.528395
   -0.528821
   -0.361626
   -0.372395
   -0.313828
   -0.262799
   -0.266056
   -0.295764
   -0.324560
   -0.332496
   -0.390411
   -0.371132
   -0.349850
   -0.348444
   -0.366170
   -0.368545
   -0.343046
   -0.311806
   -0.403229
   -0.382011
   -0.323679
   -0.259254
   -0.258564
   -0.301677
   -0.340773
   -0.370497
   -0.410600
   -0.401624
   -0.388289
   -0.391098
   -0.399941
   -0.398471
   -0.373276
   -0.347456
   -0.232597
   -0.256340
   -0.213585
   -0.200114
   -0.215780
   -0.253243
   -0.267987
   -0.293878
   -0.339067
   -0.334455
   -0.322831
   -0.312620
   -0.311797
   -0.308977
   -0.303504
   -0.287997
   -0.258084
   -0.253465
   -0.203149
   -0.197808
   -0.226922
   -0.265549
   -0.293095
   -0.333032
   -0.349196
   -0.354569
   -0.356589
   -0.341993
   -0.322107
   -0.315663
   -0.319901
   -0.319935
   -0.118934
   -0.113820
   -0.126691
   -0.183430
   -0.246876
   -0.257315
   -0.258395
   -0.262272
   -0.320031
   -0.329815
   -0.331403
   -0.321267
   -0.290007
   -0.278879
   -0.289182
   -0.307102
   -0.086252
   -0.111702
   -0.122772
   -0.179325
   -0.251537
   -0.272781
   -0.284024
   -0.303462
   -0.331159
   -0.349098
   -0.346303
   -0.331743
   -0.304796
   -0.303273
   -0.309470
   -0.320658
   -0.067477
   -0.036261
   -0.078745
   -0.183093
   -0.260426
   -0.289910
   -0.286794
   -0.283144
   -0.306643
   -0.331757
   -0.324767
   -0.297250
   -0.293214
   -0.283666
   -0.290540
   -0.300633
   -0.080441
   -0.057721
   -0.090679
   -0.181711
   -0.269482
   -0.286522
   -0.301640
   -0.320288
   -0.335423
   -0.352401
   -0.348729
   -0.326616
   -0.322604
   -0.317490
   -0.319444
   -0.321553
   -0.499564
   -0.501383
   -0.490398
   -0.493488
   -0.501878
   -0.502975
   -0.506978
   -0.521607
   -0.506033
   -0.518141
   -0.523784
   -0.521224
   -0.516117
   -0.504554
   -0.503556
   -0.500776
   -0.519350
   -0.516625
   -0.522224
   -0.530640
   -0.530001
   -0.530568
   -0.517266
   -0.520047
   -0.525967
   -0.530193
   -0.530096
   -0.530857
   -0.530824
   -0.525724
   -0.524655
   -0.515826
   -0.503463
   -0.495885
   -0.488656
   -0.482429
   -0.482090
   -0.487353
   -0.491728
   -0.494355
   -0.497635
   -0.496791
   -0.501930
   -0.516137
   -0.516191
   -0.496599
   -0.487565
   -0.483745
   -0.517070
   -0.526688
   -0.530357
   -0.529533
   -0.528693
   -0.524323
   -0.511609
   -0.502414
   -0.526599
   -0.525867
   -0.529760
   -0.529937
   -0.530526
   -0.530722
   -0.530078
   -0.520615
   -0.495775
   -0.500758
   -0.515593
   -0.515122
   -0.505877
   -0.501172
   -0.490562
   -0.483189
   -0.484079
   -0.488799
   -0.498495
   -0.507370
   -0.515668
   -0.503520
   -0.493830
   -0.488255
   -0.524024
   -0.530338
   -0.530665
   -0.530755
   -0.530168
   -0.530144
   -0.530212
   -0.529635
   -0.510344
   -0.511975
   -0.516868
   -0.526015
   -0.525579
   -0.525778
   -0.520467
   -0.516022
   -0.469724
   -0.473609
   -0.501079
   -0.515412
   -0.506034
   -0.504372
   -0.499464
   -0.475007
   -0.473305
   -0.484051
   -0.493605
   -0.492894
   -0.496797
   -0.498099
   -0.498130
   -0.494950
   -0.494792
   -0.498570
   -0.521288
   -0.529862
   -0.529520
   -0.530156
   -0.529632
   -0.524412
   -0.515068
   -0.525705
   -0.530763
   -0.529302
   -0.528957
   -0.530810
   -0.530989
   -0.530987
   -0.379829
   -0.359428
   -0.324904
   -0.271086
   -0.258012
   -0.271547
   -0.296576
   -0.300677
   -0.343651
   -0.375312
   -0.368722
   -0.350802
   -0.358948
   -0.367512
   -0.377499
   -0.356875
   -0.385819
   -0.380148
   -0.331535
   -0.274800
   -0.261046
   -0.283819
   -0.315738
   -0.340729
   -0.377706
   -0.396619
   -0.401212
   -0.397333
   -0.400547
   -0.405759
   -0.405401
   -0.390360
   -0.231951
   -0.227251
   -0.216002
   -0.195335
   -0.210809
   -0.237988
   -0.262792
   -0.279988
   -0.308490
   -0.325760
   -0.327501
   -0.319066
   -0.315466
   -0.323073
   -0.322830
   -0.317604
   -0.239148
   -0.239620
   -0.223625
   -0.197967
   -0.212279
   -0.248476
   -0.268568
   -0.298490
   -0.339445
   -0.345477
   -0.353930
   -0.351481
   -0.346686
   -0.337874
   -0.334801
   -0.336010
   -0.089812
   -0.115455
   -0.123236
   -0.167270
   -0.218392
   -0.248229
   -0.242240
   -0.245392
   -0.288690
   -0.315792
   -0.321020
   -0.323438
   -0.315696
   -0.303367
   -0.296896
   -0.301260
   -0.080943
   -0.107308
   -0.135382
   -0.173380
   -0.221231
   -0.254148
   -0.261864
   -0.274420
   -0.319902
   -0.331484
   -0.340086
   -0.335853
   -0.334665
   -0.326314
   -0.317448
   -0.320722
   -0.056066
   -0.060014
   -0.083041
   -0.157672
   -0.229194
   -0.275542
   -0.281786
   -0.277622
   -0.301093
   -0.311541
   -0.313216
   -0.312628
   -0.316442
   -0.314148
   -0.294938
   -0.295025
   -0.040964
   -0.064465
   -0.089510
   -0.160897
   -0.235927
   -0.279051
   -0.291638
   -0.318131
   -0.328605
   -0.336213
   -0.336872
   -0.333829
   -0.344608
   -0.341999
   -0.328108
   -0.316328
   -0.505270
   -0.502621
   -0.489008
   -0.488146
   -0.496065
   -0.501475
   -0.505451
   -0.525358
   -0.511616
   -0.522563
   -0.528378
   -0.524705
   -0.518159
   -0.512464
   -0.513686
   -0.507121
   -0.528882
   -0.521299
   -0.518569
   -0.522408
   -0.530344
   -0.531070
   -0.520372
   -0.528946
   -0.526128
   -0.530640
   -0.530742
   -0.531995
   -0.532155
   -0.526664
   -0.526837
   -0.519108
   -0.507139
   -0.498321
   -0.488114
   -0.482854
   -0.482402
   -0.488425
   -0.494445
   -0.498403
   -0.508343
   -0.507147
   -0.515114
   -0.526000
   -0.525933
   -0.509656
   -0.498772
   -0.493913
   -0.528488
   -0.529579
   -0.525941
   -0.512005
   -0.511935
   -0.521609
   -0.516709
   -0.524998
   -0.525903
   -0.525225
   -0.530402
   -0.530386
   -0.531125
   -0.531133
   -0.530599
   -0.520411
   -0.491514
   -0.500390
   -0.514971
   -0.519116
   -0.514149
   -0.502319
   -0.493955
   -0.477630
   -0.498330
   -0.500651
   -0.512666
   -0.521955
   -0.529813
   -0.520780
   -0.506060
   -0.499678
   -0.530215
   -0.530468
   -0.530445
   -0.520759
   -0.515858
   -0.530200
   -0.530534
   -0.531019
   -0.513158
   -0.512591
   -0.517022
   -0.526381
   -0.526978
   -0.526922
   -0.521473
   -0.516684
   -0.469109
   -0.473988
   -0.500058
   -0.515418
   -0.505688
   -0.504473
   -0.500897
   -0.473877
   -0.487872
   -0.492924
   -0.503326
   -0.502866
   -0.505598
   -0.506089
   -0.505868
   -0.507178
   -0.514478
   -0.502091
   -0.516135
   -0.521813
   -0.521912
   -0.530714
   -0.530664
   -0.530482
   -0.520673
   -0.531631
   -0.534239
   -0.532517
   -0.530682
   -0.530918
   -0.531228
   -0.531065
   -0.370135
   -0.349683
   -0.315111
   -0.265126
   -0.251593
   -0.270206
   -0.293380
   -0.296524
   -0.307278
   -0.342851
   -0.345720
   -0.353985
   -0.369815
   -0.369937
   -0.378634
   -0.378002
   -0.373933
   -0.371039
   -0.323408
   -0.271009
   -0.257578
   -0.283625
   -0.314059
   -0.337295
   -0.336485
   -0.352296
   -0.372692
   -0.390117
   -0.402519
   -0.390121
   -0.394371
   -0.404495
   -0.213359
   -0.209943
   -0.204852
   -0.184743
   -0.205439
   -0.237063
   -0.263209
   -0.278003
   -0.275514
   -0.294706
   -0.309383
   -0.323464
   -0.324378
   -0.325494
   -0.326626
   -0.337925
   -0.224317
   -0.228822
   -0.211984
   -0.193775
   -0.209028
   -0.249635
   -0.268538
   -0.295352
   -0.293847
   -0.293955
   -0.315966
   -0.339060
   -0.342491
   -0.325998
   -0.326031
   -0.342937
   -0.072695
   -0.104913
   -0.113024
   -0.162686
   -0.211208
   -0.250597
   -0.240548
   -0.240089
   -0.258172
   -0.285060
   -0.306649
   -0.325574
   -0.325099
   -0.313834
   -0.304053
   -0.323540
   -0.060310
   -0.092575
   -0.124127
   -0.172955
   -0.219833
   -0.258692
   -0.261193
   -0.268016
   -0.277074
   -0.284745
   -0.307290
   -0.321591
   -0.329808
   -0.317910
   -0.313069
   -0.324065
   -0.033417
   -0.049877
   -0.072085
   -0.148284
   -0.228167
   -0.279492
   -0.279945
   -0.271724
   -0.268734
   -0.276393
   -0.290365
   -0.315278
   -0.324883
   -0.319001
   -0.299160
   -0.315224
   -0.018536
   -0.052401
   -0.080561
   -0.157521
   -0.235573
   -0.284164
   -0.291712
   -0.312932
   -0.293444
   -0.292654
   -0.310799
   -0.325725
   -0.344910
   -0.342675
   -0.333494
   -0.326908
   -0.517663
   -0.508514
   -0.492283
   -0.492325
   -0.502865
   -0.506808
   -0.512503
   -0.538689
   -0.528046
   -0.532028
   -0.531523
   -0.521403
   -0.513166
   -0.514764
   -0.523811
   -0.522311
   -0.545380
   -0.537337
   -0.528442
   -0.533541
   -0.540704
   -0.540531
   -0.536851
   -0.544117
   -0.540501
   -0.540548
   -0.540569
   -0.539866
   -0.535364
   -0.535714
   -0.540643
   -0.536030
   -0.532710
   -0.521712
   -0.506559
   -0.505021
   -0.506566
   -0.508866
   -0.512921
   -0.522626
   -0.513803
   -0.509554
   -0.509959
   -0.513244
   -0.513301
   -0.504850
   -0.500733
   -0.500134
   -0.543468
   -0.540059
   -0.538476
   -0.530051
   -0.531906
   -0.540931
   -0.536439
   -0.543584
   -0.539867
   -0.540194
   -0.540276
   -0.540189
   -0.539942
   -0.539860
   -0.540157
   -0.540535
   -0.501411
   -0.508723
   -0.519864
   -0.526556
   -0.524196
   -0.508728
   -0.500573
   -0.480372
   -0.506077
   -0.506023
   -0.510892
   -0.515207
   -0.523322
   -0.514719
   -0.510266
   -0.510608
   -0.544060
   -0.540061
   -0.538780
   -0.530501
   -0.527603
   -0.540682
   -0.540038
   -0.540763
   -0.536693
   -0.531633
   -0.531436
   -0.535699
   -0.535827
   -0.540273
   -0.540744
   -0.540815
   -0.486159
   -0.491488
   -0.511143
   -0.524050
   -0.521346
   -0.521609
   -0.514123
   -0.492205
   -0.501906
   -0.500526
   -0.504632
   -0.500352
   -0.505211
   -0.509179
   -0.513755
   -0.524023
   -0.539392
   -0.529236
   -0.534436
   -0.538586
   -0.539208
   -0.540495
   -0.541613
   -0.544128
   -0.542772
   -0.542108
   -0.541144
   -0.541434
   -0.542096
   -0.541358
   -0.541328
   -0.541301
   -0.352965
   -0.342346
   -0.305019
   -0.263170
   -0.253634
   -0.285039
   -0.313922
   -0.319061
   -0.353274
   -0.374607
   -0.356994
   -0.355986
   -0.356370
   -0.350023
   -0.348906
   -0.346480
   -0.374253
   -0.367160
   -0.324164
   -0.271497
   -0.262616
   -0.298450
   -0.339442
   -0.367380
   -0.386773
   -0.389791
   -0.391241
   -0.398026
   -0.394330
   -0.377388
   -0.372490
   -0.380437
   -0.208963
   -0.215038
   -0.207683
   -0.192359
   -0.214133
   -0.258952
   -0.289702
   -0.303679
   -0.318817
   -0.327788
   -0.324015
   -0.326730
   -0.311935
   -0.301823
   -0.297198
   -0.313382
   -0.229137
   -0.235463
   -0.216886
   -0.202175
   -0.227832
   -0.274030
   -0.305124
   -0.337313
   -0.340317
   -0.325458
   -0.331961
   -0.343208
   -0.324625
   -0.299740
   -0.296437
   -0.317286
   -0.078969
   -0.110225
   -0.120537
   -0.173949
   -0.233499
   -0.273975
   -0.272862
   -0.271970
   -0.303880
   -0.322678
   -0.328888
   -0.334685
   -0.315248
   -0.292337
   -0.283430
   -0.304967
   -0.052579
   -0.096917
   -0.126401
   -0.181842
   -0.237411
   -0.281741
   -0.292763
   -0.298149
   -0.319675
   -0.319627
   -0.325886
   -0.326468
   -0.317186
   -0.293416
   -0.286121
   -0.301111
   -0.028396
   -0.038022
   -0.065611
   -0.153313
   -0.239456
   -0.297424
   -0.298235
   -0.289384
   -0.315808
   -0.311923
   -0.312433
   -0.318495
   -0.313375
   -0.294764
   -0.273124
   -0.293767
   -0.005683
   -0.038974
   -0.077330
   -0.156713
   -0.247496
   -0.299967
   -0.309678
   -0.326602
   -0.344658
   -0.330624
   -0.332397
   -0.332469
   -0.332446
   -0.323096
   -0.315918
   -0.307594
   -0.508362
   -0.502910
   -0.494301
   -0.494424
   -0.504044
   -0.507476
   -0.507450
   -0.529529
   -0.520220
   -0.523084
   -0.522133
   -0.508623
   -0.504617
   -0.505111
   -0.509931
   -0.510062
   -0.537456
   -0.537168
   -0.528061
   -0.528238
   -0.536468
   -0.536334
   -0.537294
   -0.537365
   -0.535975
   -0.535426
   -0.535359
   -0.530751
   -0.525964
   -0.526861
   -0.531503
   -0.527137
   -0.513138
   -0.508622
   -0.503908
   -0.508660
   -0.509251
   -0.504176
   -0.503609
   -0.504409
   -0.504547
   -0.500154
   -0.499362
   -0.502191
   -0.502217
   -0.494213
   -0.491281
   -0.491609
   -0.538228
   -0.537487
   -0.537631
   -0.535222
   -0.535151
   -0.539135
   -0.538365
   -0.537954
   -0.536944
   -0.537161
   -0.536330
   -0.536323
   -0.536106
   -0.536104
   -0.536280
   -0.537290
   -0.493779
   -0.501222
   -0.505094
   -0.509091
   -0.505897
   -0.496382
   -0.492085
   -0.474792
   -0.496162
   -0.496315
   -0.499838
   -0.503133
   -0.506716
   -0.502393
   -0.499849
   -0.500730
   -0.536624
   -0.535822
   -0.536038
   -0.536280
   -0.536485
   -0.536077
   -0.535799
   -0.535771
   -0.529042
   -0.524558
   -0.524011
   -0.527470
   -0.527251
   -0.531845
   -0.532724
   -0.533416
   -0.491019
   -0.490750
   -0.502871
   -0.506447
   -0.503381
   -0.507273
   -0.511253
   -0.495510
   -0.494784
   -0.494093
   -0.497263
   -0.492449
   -0.497241
   -0.501621
   -0.506473
   -0.511081
   -0.527603
   -0.524429
   -0.537580
   -0.536771
   -0.536424
   -0.534883
   -0.534612
   -0.535075
   -0.532401
   -0.534857
   -0.533992
   -0.530180
   -0.534973
   -0.534822
   -0.534684
   -0.534978
   -0.361495
   -0.345863
   -0.298485
   -0.253438
   -0.241702
   -0.277017
   -0.319931
   -0.329020
   -0.352098
   -0.365536
   -0.349108
   -0.342634
   -0.341335
   -0.337594
   -0.336956
   -0.327730
   -0.381888
   -0.372022
   -0.316816
   -0.261331
   -0.253502
   -0.292987
   -0.345128
   -0.375938
   -0.387259
   -0.388912
   -0.384765
   -0.386536
   -0.380568
   -0.369136
   -0.359652
   -0.367771
   -0.217855
   -0.219079
   -0.209438
   -0.188429
   -0.213504
   -0.261008
   -0.290668
   -0.307930
   -0.321056
   -0.327890
   -0.321391
   -0.319554
   -0.301035
   -0.295410
   -0.290442
   -0.297954
   -0.230301
   -0.234084
   -0.215948
   -0.203807
   -0.230296
   -0.273423
   -0.304737
   -0.335483
   -0.346707
   -0.332866
   -0.335187
   -0.341843
   -0.321558
   -0.300073
   -0.294829
   -0.311768
   -0.078881
   -0.107800
   -0.120246
   -0.174568
   -0.235223
   -0.272849
   -0.274276
   -0.273865
   -0.309353
   -0.325093
   -0.327886
   -0.330110
   -0.310746
   -0.287730
   -0.279309
   -0.295721
   -0.050853
   -0.094451
   -0.123012
   -0.181620
   -0.238375
   -0.276110
   -0.288981
   -0.293863
   -0.328235
   -0.328444
   -0.330918
   -0.329493
   -0.318056
   -0.295477
   -0.285353
   -0.298395
   -0.019437
   -0.030090
   -0.072095
   -0.166284
   -0.245737
   -0.296582
   -0.292918
   -0.283808
   -0.326775
   -0.321201
   -0.319440
   -0.319831
   -0.314303
   -0.294970
   -0.278989
   -0.291377
    0.003635
   -0.029010
   -0.075910
   -0.165084
   -0.254136
   -0.296323
   -0.301138
   -0.317070
   -0.355432
   -0.346404
   -0.343601
   -0.341740
   -0.338750
   -0.325244
   -0.316114
   -0.312293
   -0.454928
   -0.484688
   -0.508700
   -0.504457
   -0.495102
   -0.496296
   -0.483838
   -0.467411
   -0.484973
   -0.485198
   -0.485468
   -0.485590
   -0.485902
   -0.485506
   -0.484741
   -0.485985
   -0.465500
   -0.493261
   -0.511793
   -0.502620
   -0.492814
   -0.493175
   -0.493685
   -0.478205
   -0.493581
   -0.493822
   -0.493632
   -0.493560
   -0.493503
   -0.493435
   -0.493066
   -0.493431
   -0.467407
   -0.484360
   -0.501122
   -0.483971
   -0.474444
   -0.482573
   -0.482843
   -0.476237
   -0.483108
   -0.483091
   -0.482991
   -0.483616
   -0.483529
   -0.483556
   -0.483263
   -0.484767
   -0.482509
   -0.501693
   -0.506430
   -0.494256
   -0.480076
   -0.491842
   -0.501638
   -0.495812
   -0.497662
   -0.497678
   -0.497597
   -0.497741
   -0.497749
   -0.497860
   -0.497663
   -0.497725
   -0.469224
   -0.486371
   -0.495465
   -0.478456
   -0.468340
   -0.478572
   -0.482303
   -0.484481
   -0.478503
   -0.478570
   -0.478371
   -0.478648
   -0.478274
   -0.478977
   -0.478720
   -0.479323
   -0.473796
   -0.498178
   -0.507124
   -0.499466
   -0.486023
   -0.493379
   -0.498032
   -0.493352
   -0.492483
   -0.492820
   -0.492891
   -0.493025
   -0.492979
   -0.493001
   -0.492752
   -0.492651
   -0.457094
   -0.486069
   -0.503078
   -0.494222
   -0.481032
   -0.486390
   -0.483207
   -0.475305
   -0.482015
   -0.482716
   -0.482726
   -0.483021
   -0.482590
   -0.483008
   -0.482650
   -0.480240
   -0.451872
   -0.484570
   -0.507548
   -0.503080
   -0.498561
   -0.494125
   -0.485511
   -0.471042
   -0.483542
   -0.484467
   -0.484902
   -0.484269
   -0.484568
   -0.484851
   -0.484943
   -0.484764
   -0.377452
   -0.341739
   -0.280385
   -0.234942
   -0.235506
   -0.263337
   -0.306534
   -0.314888
   -0.346357
   -0.346760
   -0.347248
   -0.346227
   -0.345828
   -0.345849
   -0.344952
   -0.343777
   -0.370301
   -0.336826
   -0.281450
   -0.246240
   -0.246745
   -0.274518
   -0.301471
   -0.312649
   -0.340881
   -0.341818
   -0.341596
   -0.341153
   -0.340568
   -0.340710
   -0.340176
   -0.338913
   -0.228560
   -0.216293
   -0.198521
   -0.203029
   -0.224886
   -0.250025
   -0.265088
   -0.274625
   -0.316651
   -0.316954
   -0.316447
   -0.315325
   -0.315132
   -0.315655
   -0.315372
   -0.313820
   -0.227126
   -0.210974
   -0.200208
   -0.218197
   -0.243624
   -0.253336
   -0.271674
   -0.279089
   -0.325151
   -0.325680
   -0.324468
   -0.323403
   -0.324325
   -0.325198
   -0.325261
   -0.323282
   -0.059694
   -0.070766
   -0.107920
   -0.179617
   -0.232633
   -0.248218
   -0.254577
   -0.260859
   -0.290072
   -0.289967
   -0.288689
   -0.288701
   -0.289017
   -0.290220
   -0.289928
   -0.289234
   -0.072730
   -0.065301
   -0.099704
   -0.169565
   -0.221942
   -0.240665
   -0.257871
   -0.278605
   -0.311472
   -0.310986
   -0.310234
   -0.310246
   -0.310929
   -0.312144
   -0.312536
   -0.311667
    0.016954
    0.006108
   -0.060703
   -0.168690
   -0.237664
   -0.259139
   -0.272530
   -0.298629
   -0.303432
   -0.303862
   -0.303825
   -0.304771
   -0.304398
   -0.306316
   -0.305872
   -0.306602
    0.013223
    0.011194
   -0.047534
   -0.154548
   -0.227460
   -0.248476
   -0.271775
   -0.303721
   -0.310697
   -0.311204
   -0.311626
   -0.311908
   -0.313569
   -0.312889
   -0.313545
   -0.313998
   -0.462392
   -0.495877
   -0.519842
   -0.515568
   -0.500413
   -0.500749
   -0.491014
   -0.474185
   -0.506126
   -0.506278
   -0.506423
   -0.508772
   -0.509033
   -0.509961
   -0.509264
   -0.509839
   -0.481446
   -0.508948
   -0.525119
   -0.519573
   -0.509534
   -0.509349
   -0.509323
   -0.494939
   -0.518018
   -0.518106
   -0.518216
   -0.518799
   -0.519507
   -0.519195
   -0.518568
   -0.520074
   -0.480052
   -0.499288
   -0.513869
   -0.494880
   -0.484977
   -0.495346
   -0.495502
   -0.490682
   -0.508467
   -0.509141
   -0.509309
   -0.509836
   -0.509761
   -0.511105
   -0.511136
   -0.511759
   -0.491355
   -0.509917
   -0.514876
   -0.496322
   -0.486652
   -0.495832
   -0.509855
   -0.505262
   -0.513989
   -0.513863
   -0.514195
   -0.514184
   -0.514236
   -0.514273
   -0.514148
   -0.515330
   -0.494990
   -0.517392
   -0.522124
   -0.507776
   -0.494053
   -0.508991
   -0.513737
   -0.516159
   -0.508924
   -0.508959
   -0.508660
   -0.509014
   -0.508760
   -0.509706
   -0.509644
   -0.509917
   -0.494884
   -0.518388
   -0.523794
   -0.518154
   -0.508280
   -0.513682
   -0.518603
   -0.513811
   -0.514306
   -0.514824
   -0.515021
   -0.514812
   -0.514851
   -0.514784
   -0.514401
   -0.514273
   -0.476829
   -0.509609
   -0.522694
   -0.513569
   -0.499593
   -0.508270
   -0.498842
   -0.491127
   -0.496530
   -0.496792
   -0.496612
   -0.497799
   -0.497137
   -0.497046
   -0.496399
   -0.496367
   -0.485343
   -0.517917
   -0.523190
   -0.522824
   -0.522552
   -0.522500
   -0.517574
   -0.503258
   -0.513092
   -0.513152
   -0.513397
   -0.514320
   -0.513541
   -0.514139
   -0.514061
   -0.513614
   -0.386347
   -0.349060
   -0.287513
   -0.241516
   -0.241816
   -0.269218
   -0.309685
   -0.321872
   -0.368859
   -0.369641
   -0.374505
   -0.377186
   -0.377151
   -0.374887
   -0.372108
   -0.371039
   -0.382716
   -0.344769
   -0.289420
   -0.255623
   -0.256557
   -0.283336
   -0.309174
   -0.323124
   -0.363002
   -0.365302
   -0.368952
   -0.371373
   -0.371755
   -0.370270
   -0.368627
   -0.365622
   -0.229436
   -0.217065
   -0.200975
   -0.209183
   -0.229111
   -0.251830
   -0.267033
   -0.278600
   -0.338640
   -0.337821
   -0.338094
   -0.337747
   -0.340210
   -0.341290
   -0.342037
   -0.341858
   -0.240687
   -0.223452
   -0.213101
   -0.232140
   -0.256308
   -0.264307
   -0.282998
   -0.293552
   -0.347027
   -0.348396
   -0.347015
   -0.345885
   -0.348841
   -0.351398
   -0.352604
   -0.351243
   -0.070015
   -0.077389
   -0.117737
   -0.193651
   -0.241660
   -0.255461
   -0.264567
   -0.278873
   -0.311217
   -0.308844
   -0.306944
   -0.306278
   -0.308481
   -0.312013
   -0.314387
   -0.313231
   -0.089379
   -0.079580
   -0.117852
   -0.193772
   -0.241569
   -0.261720
   -0.284522
   -0.303696
   -0.342057
   -0.340161
   -0.337398
   -0.336736
   -0.338113
   -0.342188
   -0.345994
   -0.346062
    0.011920
   -0.001652
   -0.074881
   -0.179232
   -0.252497
   -0.274859
   -0.290594
   -0.321316
   -0.317468
   -0.318469
   -0.318724
   -0.320227
   -0.320176
   -0.323514
   -0.324159
   -0.322874
   -0.003342
   -0.004177
   -0.071038
   -0.174919
   -0.251182
   -0.274174
   -0.298042
   -0.330693
   -0.334914
   -0.335123
   -0.335718
   -0.336128
   -0.336366
   -0.338251
   -0.339973
   -0.341039
   -0.551308
   -0.578390
   -0.581929
   -0.577376
   -0.572770
   -0.563291
   -0.550179
   -0.560616
   -0.580063
   -0.579906
   -0.579870
   -0.579219
   -0.579158
   -0.578450
   -0.578849
   -0.573429
   -0.580497
   -0.593125
   -0.592180
   -0.592744
   -0.593421
   -0.593137
   -0.588622
   -0.593916
   -0.594177
   -0.593939
   -0.594142
   -0.593972
   -0.594078
   -0.593988
   -0.594289
   -0.593235
   -0.556519
   -0.574543
   -0.564164
   -0.555147
   -0.555584
   -0.560091
   -0.555537
   -0.560775
   -0.566008
   -0.565863
   -0.565981
   -0.565278
   -0.565416
   -0.564839
   -0.565058
   -0.554992
   -0.588515
   -0.592146
   -0.592128
   -0.582236
   -0.583364
   -0.592126
   -0.592322
   -0.592708
   -0.593218
   -0.593103
   -0.593215
   -0.593063
   -0.593154
   -0.593027
   -0.593173
   -0.591958
   -0.566313
   -0.580310
   -0.575202
   -0.562071
   -0.562187
   -0.566448
   -0.575728
   -0.565673
   -0.566566
   -0.566428
   -0.566644
   -0.566039
   -0.566331
   -0.565510
   -0.565779
   -0.560499
   -0.594603
   -0.593423
   -0.592873
   -0.593003
   -0.593872
   -0.593606
   -0.593574
   -0.593619
   -0.593960
   -0.593733
   -0.593745
   -0.593682
   -0.593713
   -0.593367
   -0.593453
   -0.593552
   -0.556545
   -0.579315
   -0.583538
   -0.574511
   -0.565709
   -0.565782
   -0.560527
   -0.555550
   -0.560275
   -0.559862
   -0.560050
   -0.559308
   -0.559725
   -0.559005
   -0.559447
   -0.572812
   -0.587221
   -0.595182
   -0.592776
   -0.593234
   -0.593935
   -0.594364
   -0.590476
   -0.590986
   -0.595141
   -0.594790
   -0.594626
   -0.594439
   -0.594354
   -0.593942
   -0.593801
   -0.594398
   -0.430346
   -0.377926
   -0.311826
   -0.266011
   -0.257553
   -0.290532
   -0.322920
   -0.369222
   -0.412013
   -0.410571
   -0.413011
   -0.416342
   -0.417120
   -0.423220
   -0.430717
   -0.432527
   -0.477781
   -0.415985
   -0.335665
   -0.288005
   -0.283321
   -0.316383
   -0.362768
   -0.418921
   -0.455157
   -0.453286
   -0.455772
   -0.454433
   -0.459323
   -0.465821
   -0.468002
   -0.470680
   -0.256562
   -0.237094
   -0.231610
   -0.230486
   -0.240029
   -0.258271
   -0.281536
   -0.318498
   -0.363049
   -0.363181
   -0.364244
   -0.369598
   -0.369757
   -0.377829
   -0.378250
   -0.382516
   -0.300415
   -0.280848
   -0.261168
   -0.265992
   -0.280296
   -0.304704
   -0.337713
   -0.383902
   -0.411502
   -0.411612
   -0.417588
   -0.418885
   -0.418138
   -0.417867
   -0.417109
   -0.422403
   -0.096296
   -0.113899
   -0.150238
   -0.206506
   -0.253027
   -0.272308
   -0.294982
   -0.326678
   -0.354635
   -0.355402
   -0.357589
   -0.358077
   -0.358434
   -0.357038
   -0.356304
   -0.355821
   -0.112408
   -0.127084
   -0.182571
   -0.252315
   -0.303895
   -0.331073
   -0.348194
   -0.365280
   -0.418831
   -0.420665
   -0.423050
   -0.419864
   -0.419583
   -0.413964
   -0.411381
   -0.411096
   -0.005360
   -0.032419
   -0.101281
   -0.193414
   -0.259554
   -0.301310
   -0.336698
   -0.357404
   -0.359781
   -0.359381
   -0.355440
   -0.349844
   -0.351011
   -0.344826
   -0.346082
   -0.332210
   -0.020778
   -0.039919
   -0.128563
   -0.230818
   -0.306161
   -0.348420
   -0.379179
   -0.386549
   -0.417920
   -0.418612
   -0.413998
   -0.410023
   -0.400735
   -0.401246
   -0.395510
   -0.391004
   -0.504295
   -0.527537
   -0.529077
   -0.524781
   -0.522489
   -0.512961
   -0.500450
   -0.512366
   -0.527010
   -0.526815
   -0.526922
   -0.521886
   -0.521956
   -0.513297
   -0.513648
   -0.504592
   -0.530406
   -0.540775
   -0.538364
   -0.539110
   -0.540679
   -0.540631
   -0.536097
   -0.542588
   -0.539690
   -0.539552
   -0.539621
   -0.539320
   -0.539183
   -0.539177
   -0.539496
   -0.530683
   -0.506780
   -0.522658
   -0.511473
   -0.504617
   -0.506134
   -0.509100
   -0.504506
   -0.509665
   -0.512256
   -0.511898
   -0.511975
   -0.507572
   -0.507735
   -0.503054
   -0.503165
   -0.489440
   -0.538358
   -0.540491
   -0.539913
   -0.532920
   -0.534353
   -0.542364
   -0.540632
   -0.541076
   -0.540146
   -0.540065
   -0.540070
   -0.539963
   -0.540055
   -0.539932
   -0.540083
   -0.527279
   -0.513896
   -0.524973
   -0.519819
   -0.507677
   -0.509535
   -0.511941
   -0.520706
   -0.510507
   -0.512058
   -0.511943
   -0.512150
   -0.507822
   -0.508020
   -0.503498
   -0.503635
   -0.494670
   -0.542699
   -0.539479
   -0.538776
   -0.539569
   -0.541083
   -0.540090
   -0.539522
   -0.540056
   -0.539987
   -0.539715
   -0.539746
   -0.539732
   -0.539794
   -0.535644
   -0.535830
   -0.535818
   -0.506913
   -0.525738
   -0.528984
   -0.520723
   -0.513336
   -0.512223
   -0.508969
   -0.504903
   -0.508812
   -0.508606
   -0.508810
   -0.504164
   -0.504546
   -0.500308
   -0.500711
   -0.506248
   -0.534585
   -0.539548
   -0.538978
   -0.538946
   -0.539131
   -0.538996
   -0.535125
   -0.536950
   -0.540322
   -0.540241
   -0.540228
   -0.535764
   -0.536052
   -0.531752
   -0.531763
   -0.536051
   -0.406249
   -0.342505
   -0.267422
   -0.229852
   -0.228734
   -0.262773
   -0.295522
   -0.336578
   -0.365015
   -0.352291
   -0.335029
   -0.326261
   -0.330603
   -0.356258
   -0.386716
   -0.407229
   -0.449733
   -0.381037
   -0.290898
   -0.238860
   -0.234003
   -0.268238
   -0.308738
   -0.359489
   -0.412759
   -0.395569
   -0.378521
   -0.361312
   -0.369891
   -0.395618
   -0.420652
   -0.442274
   -0.271439
   -0.241745
   -0.226436
   -0.216384
   -0.227925
   -0.240470
   -0.258403
   -0.290409
   -0.300542
   -0.304769
   -0.313046
   -0.325793
   -0.325212
   -0.329801
   -0.329864
   -0.330091
   -0.274953
   -0.245962
   -0.219859
   -0.230082
   -0.245802
   -0.273239
   -0.304322
   -0.337788
   -0.326071
   -0.329715
   -0.347090
   -0.355702
   -0.354635
   -0.353925
   -0.349247
   -0.350454
   -0.084420
   -0.094239
   -0.122442
   -0.178100
   -0.224089
   -0.245932
   -0.259894
   -0.278139
   -0.298795
   -0.307653
   -0.324826
   -0.333052
   -0.336663
   -0.331119
   -0.318352
   -0.314236
   -0.082969
   -0.095089
   -0.142585
   -0.203968
   -0.258781
   -0.272337
   -0.271672
   -0.279479
   -0.310505
   -0.327578
   -0.353002
   -0.360985
   -0.364464
   -0.350480
   -0.328443
   -0.316443
   -0.017132
   -0.035138
   -0.092482
   -0.178453
   -0.240219
   -0.272047
   -0.290508
   -0.292757
   -0.315572
   -0.315132
   -0.314637
   -0.305200
   -0.313654
   -0.303519
   -0.311843
   -0.301983
    0.000298
   -0.018943
   -0.100132
   -0.203741
   -0.274752
   -0.310469
   -0.327514
   -0.320274
   -0.340994
   -0.349238
   -0.348337
   -0.347837
   -0.346414
   -0.346077
   -0.336382
   -0.327725
