    0.271318
    0.302247
    0.349783
    0.349386
    0.338005
    0.327690
   -0.007368
   -0.413332
   -0.490913
   -0.382183
   -0.444402
   -0.474067
   -0.431899
   -0.432364
   -0.432537
   -0.432569
    0.325812
    0.391767
    0.434905
    0.450231
    0.410601
    0.368678
    0.016436
   -0.440949
   -0.460894
   -0.465149
   -0.477521
   -0.483907
   -0.483836
   -0.483416
   -0.483864
   -0.484060
    0.314155
    0.421855
    0.455487
    0.379445
    0.307547
    0.255677
   -0.204661
   -0.507251
   -0.479534
   -0.415639
   -0.469864
   -0.457471
   -0.442590
   -0.443419
   -0.443595
   -0.443643
    0.344590
    0.476239
    0.506856
    0.449788
    0.340138
    0.268645
   -0.206668
   -0.517380
   -0.464538
   -0.458447
   -0.483708
   -0.455613
   -0.467474
   -0.467548
   -0.467262
   -0.466910
    0.266331
    0.413506
    0.421783
    0.355091
    0.389194
    0.114585
   -0.369166
   -0.508119
   -0.427770
   -0.422183
   -0.405852
   -0.485843
   -0.451752
   -0.452754
   -0.453235
   -0.453180
    0.310083
    0.524680
    0.551779
    0.442926
    0.451767
    0.105965
   -0.368462
   -0.479930
   -0.445706
   -0.480325
   -0.450873
   -0.491991
   -0.480241
   -0.480471
   -0.480440
   -0.480471
   -0.401226
   -0.266679
   -0.033085
    0.145213
    0.270349
   -0.085314
   -0.458299
   -0.464584
   -0.418440
   -0.447635
   -0.390875
   -0.406495
   -0.439468
   -0.439664
   -0.439640
   -0.439465
   -0.436968
   -0.315081
   -0.030849
    0.204360
    0.333058
   -0.075948
   -0.457252
   -0.491609
   -0.464269
   -0.477571
   -0.434628
   -0.481820
   -0.487359
   -0.487611
   -0.487921
   -0.488055
   -0.392811
   -0.359144
   -0.376000
   -0.420100
   -0.332524
   -0.416302
   -0.443506
   -0.385859
   -0.412106
   -0.441798
   -0.391442
   -0.408569
   -0.432745
   -0.432595
   -0.431894
   -0.431523
   -0.412746
   -0.398627
   -0.414412
   -0.450864
   -0.384221
   -0.442864
   -0.489215
   -0.495975
   -0.494650
   -0.473258
   -0.455346
   -0.487778
   -0.484010
   -0.484117
   -0.484001
   -0.484554
   -0.397987
   -0.460208
   -0.470432
   -0.438618
   -0.419675
   -0.422301
   -0.436581
   -0.447426
   -0.419571
   -0.417824
   -0.448545
   -0.459938
   -0.443556
   -0.443674
   -0.443580
   -0.443666
   -0.423888
   -0.429356
   -0.476245
   -0.539357
   -0.460856
   -0.458654
   -0.482506
   -0.508428
   -0.472198
   -0.478934
   -0.512758
   -0.478751
   -0.466450
   -0.466578
   -0.466476
   -0.466583
   -0.452500
   -0.452601
   -0.452474
   -0.452598
   -0.461672
   -0.461822
   -0.461700
   -0.461867
   -0.461701
   -0.461901
   -0.461713
   -0.461879
   -0.452577
   -0.452899
   -0.452425
   -0.452440
   -0.479986
   -0.480126
   -0.480007
   -0.480131
   -0.484788
   -0.484888
   -0.484761
   -0.484841
   -0.484764
   -0.484804
   -0.484753
   -0.484824
   -0.480843
   -0.480983
   -0.480613
   -0.480529
   -0.439568
   -0.439671
   -0.439546
   -0.439667
   -0.443954
   -0.444106
   -0.443976
   -0.444159
   -0.443967
   -0.444202
   -0.443974
   -0.444184
   -0.439622
   -0.439996
   -0.439466
   -0.439543
   -0.487114
   -0.487286
   -0.487137
   -0.487288
   -0.496332
   -0.496444
   -0.496314
   -0.496388
   -0.496327
   -0.496340
   -0.496324
   -0.496355
   -0.487582
   -0.487673
   -0.487354
   -0.487214
    0.414628
    0.385826
    0.341406
    0.237722
   -0.293496
   -0.444626
   -0.448190
   -0.480903
   -0.494331
   -0.450224
   -0.487214
   -0.481660
   -0.482906
   -0.482491
   -0.482417
   -0.482443
    0.556987
    0.480639
    0.389101
    0.314073
   -0.276010
   -0.493727
   -0.481715
   -0.527270
   -0.545447
   -0.522660
   -0.573657
   -0.548306
   -0.560636
   -0.560902
   -0.560703
   -0.560631
    0.434558
    0.354963
    0.349910
    0.045821
   -0.447262
   -0.501208
   -0.446367
   -0.472604
   -0.467143
   -0.505934
   -0.480931
   -0.479845
   -0.479423
   -0.478717
   -0.478728
   -0.478683
    0.591313
    0.437501
    0.434850
    0.129552
   -0.422007
   -0.475875
   -0.469978
   -0.515145
   -0.514249
   -0.548581
   -0.556750
   -0.541836
   -0.555193
   -0.555380
   -0.555517
   -0.555597
    0.162430
    0.325207
    0.267434
   -0.241417
   -0.418295
   -0.455674
   -0.450372
   -0.484437
   -0.487539
   -0.449520
   -0.450099
   -0.465562
   -0.484084
   -0.483203
   -0.483066
   -0.483064
    0.178856
    0.410325
    0.394623
   -0.205629
   -0.413968
   -0.495885
   -0.508565
   -0.526457
   -0.541600
   -0.544690
   -0.526480
   -0.548008
   -0.561057
   -0.560962
   -0.561006
   -0.560943
   -0.417253
   -0.415820
   -0.305352
   -0.355827
   -0.431224
   -0.419246
   -0.478457
   -0.495485
   -0.475380
   -0.442480
   -0.451203
   -0.478369
   -0.478466
   -0.478414
   -0.478310
   -0.478530
   -0.510840
   -0.476960
   -0.353855
   -0.390119
   -0.453120
   -0.517154
   -0.548537
   -0.529285
   -0.531775
   -0.541354
   -0.538562
   -0.577759
   -0.557024
   -0.557172
   -0.556953
   -0.557012
   -0.455406
   -0.444982
   -0.423081
   -0.435527
   -0.470054
   -0.491166
   -0.459653
   -0.447596
   -0.469830
   -0.464906
   -0.434997
   -0.466286
   -0.482502
   -0.482500
   -0.482588
   -0.482921
   -0.491821
   -0.570303
   -0.516469
   -0.519061
   -0.542387
   -0.561963
   -0.521294
   -0.548310
   -0.577605
   -0.546389
   -0.541499
   -0.575851
   -0.560593
   -0.560644
   -0.560617
   -0.560461
   -0.505633
   -0.523214
   -0.503545
   -0.477194
   -0.511774
   -0.490126
   -0.461212
   -0.484019
   -0.459277
   -0.466666
   -0.455250
   -0.477861
   -0.478606
   -0.478804
   -0.478599
   -0.478829
   -0.539119
   -0.571667
   -0.563716
   -0.565956
   -0.578975
   -0.552734
   -0.519208
   -0.551340
   -0.530127
   -0.557022
   -0.551546
   -0.561937
   -0.555354
   -0.555422
   -0.555413
   -0.555396
   -0.483840
   -0.483867
   -0.483850
   -0.483874
   -0.489039
   -0.489111
   -0.489051
   -0.489143
   -0.489037
   -0.489197
   -0.489042
   -0.489216
   -0.483900
   -0.484094
   -0.483893
   -0.484176
   -0.551899
   -0.552088
   -0.551886
   -0.552085
   -0.556655
   -0.556811
   -0.556639
   -0.556781
   -0.556651
   -0.556730
   -0.556642
   -0.556715
   -0.560798
   -0.560828
   -0.560850
   -0.560849
   -0.478450
   -0.478567
   -0.478467
   -0.478566
   -0.478876
   -0.479011
   -0.478894
   -0.479039
   -0.478884
   -0.479087
   -0.478897
   -0.479099
   -0.478539
   -0.478752
   -0.478532
   -0.478840
   -0.552130
   -0.552243
   -0.552110
   -0.552246
   -0.557256
   -0.557360
   -0.557236
   -0.557333
   -0.557244
   -0.557287
   -0.557229
   -0.557277
   -0.556534
   -0.556547
   -0.556588
   -0.556562
    0.268181
   -0.117788
   -0.484615
   -0.437459
   -0.514337
   -0.520475
   -0.483286
   -0.426068
   -0.399857
   -0.411308
   -0.419651
   -0.419008
   -0.411943
   -0.411008
   -0.410299
   -0.410406
    0.318485
   -0.176960
   -0.517089
   -0.498197
   -0.631125
   -0.634441
   -0.556239
   -0.474281
   -0.439419
   -0.423494
   -0.433619
   -0.430448
   -0.438095
   -0.439274
   -0.437970
   -0.437543
    0.163453
   -0.347004
   -0.501280
   -0.505180
   -0.524855
   -0.536496
   -0.454353
   -0.394683
   -0.399694
   -0.425687
   -0.418833
   -0.415600
   -0.424542
   -0.422563
   -0.421899
   -0.421915
    0.211808
   -0.389567
   -0.517170
   -0.555212
   -0.624130
   -0.610293
   -0.517302
   -0.442782
   -0.422293
   -0.430315
   -0.436841
   -0.443469
   -0.432426
   -0.432248
   -0.432917
   -0.434014
   -0.290762
   -0.459495
   -0.503440
   -0.506976
   -0.540744
   -0.504848
   -0.411726
   -0.391179
   -0.415681
   -0.429581
   -0.424709
   -0.415325
   -0.423957
   -0.421536
   -0.420039
   -0.420358
   -0.334570
   -0.499653
   -0.560127
   -0.600511
   -0.592372
   -0.537853
   -0.464120
   -0.445822
   -0.453238
   -0.453259
   -0.438139
   -0.434525
   -0.433286
   -0.432801
   -0.432712
   -0.432808
   -0.374992
   -0.416936
   -0.446436
   -0.500544
   -0.465911
   -0.424934
   -0.401906
   -0.399621
   -0.413431
   -0.426377
   -0.436468
   -0.437109
   -0.418716
   -0.418496
   -0.418292
   -0.419030
   -0.403057
   -0.452981
   -0.529724
   -0.579364
   -0.570266
   -0.540330
   -0.471549
   -0.427240
   -0.437345
   -0.441426
   -0.440815
   -0.437934
   -0.441189
   -0.440712
   -0.439593
   -0.439493
   -0.455870
   -0.452988
   -0.437174
   -0.407864
   -0.409506
   -0.408382
   -0.405184
   -0.410893
   -0.421303
   -0.420453
   -0.422673
   -0.414936
   -0.409596
   -0.410424
   -0.411997
   -0.413354
   -0.464916
   -0.447833
   -0.448325
   -0.434940
   -0.464462
   -0.457289
   -0.433519
   -0.435226
   -0.434495
   -0.442928
   -0.444187
   -0.451473
   -0.437525
   -0.437423
   -0.437537
   -0.436235
   -0.427430
   -0.393440
   -0.427358
   -0.424559
   -0.429820
   -0.427314
   -0.426655
   -0.427393
   -0.424491
   -0.412665
   -0.398557
   -0.395003
   -0.421873
   -0.421975
   -0.421808
   -0.422001
   -0.490544
   -0.412397
   -0.437565
   -0.449836
   -0.460169
   -0.457932
   -0.447032
   -0.437991
   -0.436702
   -0.438419
   -0.437426
   -0.443117
   -0.435228
   -0.435019
   -0.435144
   -0.434993
   -0.421781
   -0.421782
   -0.421849
   -0.421810
   -0.421059
   -0.420988
   -0.420967
   -0.420913
   -0.420914
   -0.420883
   -0.420867
   -0.420940
   -0.421469
   -0.421128
   -0.421883
   -0.422438
   -0.431163
   -0.431041
   -0.431092
   -0.431015
   -0.430875
   -0.430832
   -0.430964
   -0.430909
   -0.431013
   -0.430943
   -0.431058
   -0.430886
   -0.431690
   -0.431302
   -0.432348
   -0.432547
   -0.418352
   -0.418375
   -0.418424
   -0.418401
   -0.417846
   -0.417785
   -0.417757
   -0.417707
   -0.417709
   -0.417674
   -0.417662
   -0.417733
   -0.418057
   -0.417714
   -0.418468
   -0.419029
   -0.440574
   -0.440430
   -0.440500
   -0.440406
   -0.439689
   -0.439633
   -0.439776
   -0.439713
   -0.439821
   -0.439748
   -0.439868
   -0.439690
   -0.440866
   -0.440469
   -0.441530
   -0.441706
   -0.465732
   -0.510935
   -0.518369
   -0.499284
   -0.447186
   -0.407261
   -0.405565
   -0.411323
   -0.411074
   -0.413811
   -0.413465
   -0.413840
   -0.399312
   -0.400820
   -0.401051
   -0.401194
   -0.558831
   -0.571037
   -0.642913
   -0.631536
   -0.518640
   -0.453678
   -0.422112
   -0.416074
   -0.420171
   -0.425577
   -0.410846
   -0.413835
   -0.417803
   -0.417205
   -0.417715
   -0.418354
   -0.454491
   -0.483730
   -0.549982
   -0.460869
   -0.405843
   -0.395550
   -0.411243
   -0.419990
   -0.414529
   -0.412705
   -0.415167
   -0.413849
   -0.412820
   -0.415373
   -0.415416
   -0.415708
   -0.608500
   -0.622799
   -0.651090
   -0.543068
   -0.464399
   -0.452700
   -0.448622
   -0.441029
   -0.422191
   -0.420309
   -0.414326
   -0.416853
   -0.413956
   -0.413793
   -0.412976
   -0.412663
   -0.483593
   -0.551751
   -0.531160
   -0.427300
   -0.410905
   -0.399709
   -0.405207
   -0.421059
   -0.422616
   -0.429107
   -0.414246
   -0.412159
   -0.413366
   -0.416662
   -0.417214
   -0.417408
   -0.573662
   -0.633149
   -0.643382
   -0.528266
   -0.479323
   -0.428404
   -0.427851
   -0.428023
   -0.420868
   -0.422109
   -0.427562
   -0.423597
   -0.411623
   -0.412431
   -0.411982
   -0.412447
   -0.456040
   -0.401663
   -0.411840
   -0.391865
   -0.405319
   -0.404303
   -0.408177
   -0.409385
   -0.411408
   -0.407331
   -0.405002
   -0.402477
   -0.410629
   -0.411030
   -0.411126
   -0.410595
   -0.412307
   -0.396245
   -0.466405
   -0.416779
   -0.442672
   -0.433441
   -0.421126
   -0.428057
   -0.427324
   -0.434491
   -0.422429
   -0.416948
   -0.421650
   -0.421715
   -0.422316
   -0.422461
   -0.419979
   -0.407774
   -0.412760
   -0.421307
   -0.418029
   -0.415497
   -0.415509
   -0.404507
   -0.394055
   -0.389876
   -0.419234
   -0.414041
   -0.400931
   -0.400945
   -0.400018
   -0.399018
   -0.400618
   -0.422482
   -0.448495
   -0.446861
   -0.436391
   -0.424705
   -0.424238
   -0.420617
   -0.420666
   -0.425207
   -0.417283
   -0.413463
   -0.418235
   -0.418402
   -0.418201
   -0.419195
   -0.406943
   -0.388704
   -0.382057
   -0.423857
   -0.410716
   -0.413439
   -0.417619
   -0.414430
   -0.417601
   -0.415182
   -0.415784
   -0.411904
   -0.415650
   -0.415325
   -0.415650
   -0.415287
   -0.452876
   -0.406065
   -0.393058
   -0.432828
   -0.411472
   -0.414900
   -0.418846
   -0.413554
   -0.416268
   -0.412772
   -0.413600
   -0.412176
   -0.412874
   -0.413001
   -0.412758
   -0.413045
   -0.414600
   -0.414551
   -0.414605
   -0.414542
   -0.413796
   -0.413642
   -0.413729
   -0.413554
   -0.413735
   -0.413454
   -0.413716
   -0.413421
   -0.414429
   -0.414203
   -0.414311
   -0.413669
   -0.414266
   -0.414109
   -0.414264
   -0.414114
   -0.413643
   -0.413577
   -0.413710
   -0.413669
   -0.413699
   -0.413772
   -0.413715
   -0.413807
   -0.412928
   -0.413201
   -0.412634
   -0.412777
   -0.410663
   -0.410550
   -0.410660
   -0.410550
   -0.410509
   -0.410321
   -0.410441
   -0.410229
   -0.410452
   -0.410126
   -0.410435
   -0.410093
   -0.410502
   -0.410224
   -0.410392
   -0.409680
   -0.423865
   -0.423761
   -0.423870
   -0.423759
   -0.423171
   -0.423137
   -0.423236
   -0.423235
   -0.423219
   -0.423344
   -0.423231
   -0.423379
   -0.423236
   -0.423572
   -0.422936
   -0.423157
   -0.509104
   -0.425521
   -0.390777
   -0.410100
   -0.399850
   -0.407509
   -0.413363
   -0.436241
   -0.441233
   -0.434443
   -0.431486
   -0.433926
   -0.423032
   -0.431592
   -0.435838
   -0.436002
   -0.624839
   -0.455496
   -0.397471
   -0.420645
   -0.397593
   -0.396804
   -0.407677
   -0.438525
   -0.447587
   -0.455740
   -0.461128
   -0.461884
   -0.447232
   -0.438957
   -0.447554
   -0.452166
   -0.490415
   -0.389980
   -0.386694
   -0.370231
   -0.385010
   -0.405891
   -0.433120
   -0.452582
   -0.435804
   -0.429649
   -0.437708
   -0.440296
   -0.419515
   -0.436435
   -0.440623
   -0.440991
   -0.610468
   -0.464642
   -0.439433
   -0.384589
   -0.393662
   -0.399960
   -0.426059
   -0.452284
   -0.455175
   -0.460768
   -0.451210
   -0.450285
   -0.466219
   -0.467139
   -0.462212
   -0.453928
   -0.408910
   -0.369669
   -0.389778
   -0.382285
   -0.387837
   -0.405683
   -0.431182
   -0.429136
   -0.422460
   -0.422538
   -0.431068
   -0.434620
   -0.418787
   -0.439990
   -0.448842
   -0.448796
   -0.471743
   -0.400666
   -0.432356
   -0.421711
   -0.405005
   -0.431269
   -0.455551
   -0.466364
   -0.450695
   -0.451151
   -0.460120
   -0.462024
   -0.449370
   -0.453889
   -0.453783
   -0.453896
   -0.442532
   -0.434824
   -0.426895
   -0.412092
   -0.401613
   -0.405528
   -0.412534
   -0.408491
   -0.430340
   -0.430335
   -0.415036
   -0.414997
   -0.432132
   -0.435864
   -0.436016
   -0.431601
   -0.457445
   -0.444294
   -0.422178
   -0.398926
   -0.420237
   -0.436685
   -0.461372
   -0.468640
   -0.453441
   -0.454456
   -0.459968
   -0.461506
   -0.450154
   -0.454181
   -0.463089
   -0.463152
   -0.408932
   -0.445407
   -0.439959
   -0.445993
   -0.421627
   -0.424232
   -0.425488
   -0.421749
   -0.420222
   -0.421254
   -0.422584
   -0.423764
   -0.440748
   -0.435893
   -0.422750
   -0.413857
   -0.433329
   -0.470818
   -0.459035
   -0.461586
   -0.442020
   -0.443758
   -0.448259
   -0.447926
   -0.448129
   -0.446856
   -0.445360
   -0.445109
   -0.452057
   -0.452058
   -0.452056
   -0.460885
   -0.429382
   -0.434121
   -0.429106
   -0.432417
   -0.429756
   -0.430347
   -0.431254
   -0.431312
   -0.431093
   -0.432512
   -0.435384
   -0.436074
   -0.440672
   -0.440802
   -0.440825
   -0.440781
   -0.468395
   -0.474905
   -0.471603
   -0.475935
   -0.439640
   -0.440042
   -0.442573
   -0.444109
   -0.443535
   -0.443105
   -0.444527
   -0.442652
   -0.447575
   -0.447796
   -0.447868
   -0.447820
   -0.436815
   -0.436707
   -0.436701
   -0.436665
   -0.436958
   -0.437026
   -0.437011
   -0.437151
   -0.437044
   -0.437211
   -0.437058
   -0.437175
   -0.437233
   -0.438519
   -0.436068
   -0.434989
   -0.461686
   -0.461848
   -0.461801
   -0.461890
   -0.462077
   -0.462061
   -0.462027
   -0.461933
   -0.461997
   -0.461869
   -0.461985
   -0.461905
   -0.462706
   -0.463203
   -0.460942
   -0.459741
   -0.436447
   -0.436362
   -0.436331
   -0.436323
   -0.436432
   -0.436538
   -0.436477
   -0.436672
   -0.436501
   -0.436741
   -0.436508
   -0.436710
   -0.436819
   -0.438192
   -0.435659
   -0.434656
   -0.453164
   -0.453300
   -0.453280
   -0.453339
   -0.453801
   -0.453745
   -0.453759
   -0.453607
   -0.453739
   -0.453535
   -0.453733
   -0.453566
   -0.453826
   -0.454234
   -0.452056
   -0.450778
   -0.387381
   -0.372914
   -0.385789
   -0.406410
   -0.438263
   -0.445493
   -0.434363
   -0.436246
   -0.437436
   -0.433207
   -0.433541
   -0.440841
   -0.437845
   -0.434193
   -0.434577
   -0.434572
   -0.402266
   -0.376828
   -0.384781
   -0.396387
   -0.430848
   -0.451773
   -0.463348
   -0.463087
   -0.455161
   -0.463000
   -0.472265
   -0.472544
   -0.456657
   -0.455951
   -0.456792
   -0.457095
   -0.407507
   -0.389143
   -0.381201
   -0.397858
   -0.435208
   -0.429269
   -0.423052
   -0.431382
   -0.432579
   -0.425253
   -0.432272
   -0.444576
   -0.439981
   -0.436776
   -0.437334
   -0.437225
   -0.415193
   -0.403366
   -0.397931
   -0.421235
   -0.460916
   -0.460362
   -0.450788
   -0.460947
   -0.463104
   -0.456788
   -0.457375
   -0.457651
   -0.467807
   -0.472022
   -0.471840
   -0.470876
   -0.417044
   -0.395520
   -0.385594
   -0.406164
   -0.411254
   -0.421193
   -0.431373
   -0.421459
   -0.417603
   -0.419349
   -0.436069
   -0.435884
   -0.431277
   -0.424273
   -0.425115
   -0.425047
   -0.411894
   -0.395688
   -0.411015
   -0.448894
   -0.461077
   -0.465504
   -0.456017
   -0.465599
   -0.465070
   -0.455936
   -0.456817
   -0.466724
   -0.466553
   -0.466640
   -0.466952
   -0.466625
   -0.438173
   -0.437225
   -0.420701
   -0.424964
   -0.425609
   -0.422788
   -0.422047
   -0.422335
   -0.424494
   -0.436588
   -0.440026
   -0.432136
   -0.432841
   -0.433092
   -0.433062
   -0.432798
   -0.463975
   -0.456522
   -0.438688
   -0.446425
   -0.447909
   -0.449650
   -0.451590
   -0.450794
   -0.449658
   -0.453276
   -0.456145
   -0.457918
   -0.465181
   -0.469574
   -0.470550
   -0.470375
   -0.428724
   -0.433845
   -0.431779
   -0.431237
   -0.431002
   -0.431662
   -0.430595
   -0.431806
   -0.433638
   -0.438396
   -0.438169
   -0.439924
   -0.439354
   -0.434735
   -0.433397
   -0.432864
   -0.477163
   -0.467805
   -0.444010
   -0.444513
   -0.445092
   -0.447037
   -0.445731
   -0.447023
   -0.447992
   -0.450955
   -0.451901
   -0.453212
   -0.457118
   -0.456938
   -0.457154
   -0.457663
   -0.438487
   -0.441399
   -0.441190
   -0.435173
   -0.438137
   -0.437172
   -0.435629
   -0.436801
   -0.435542
   -0.436343
   -0.435788
   -0.437724
   -0.437181
   -0.437523
   -0.437204
   -0.437567
   -0.462477
   -0.470409
   -0.471301
   -0.465928
   -0.466449
   -0.465180
   -0.463515
   -0.465201
   -0.464079
   -0.465271
   -0.464934
   -0.466520
   -0.465882
   -0.465770
   -0.466058
   -0.465723
   -0.437012
   -0.437014
   -0.436968
   -0.436995
   -0.437284
   -0.437385
   -0.437361
   -0.437483
   -0.437365
   -0.437565
   -0.437367
   -0.437615
   -0.437197
   -0.436781
   -0.437907
   -0.439117
   -0.466904
   -0.467020
   -0.466943
   -0.467043
   -0.467133
   -0.467165
   -0.467059
   -0.467064
   -0.467057
   -0.466979
   -0.467057
   -0.466930
   -0.467694
   -0.467082
   -0.468890
   -0.469307
   -0.437413
   -0.437458
   -0.437376
   -0.437432
   -0.437475
   -0.437599
   -0.437548
   -0.437702
   -0.437546
   -0.437789
   -0.437544
   -0.437839
   -0.437543
   -0.437178
   -0.438244
   -0.439523
   -0.456357
   -0.456428
   -0.456392
   -0.456457
   -0.456590
   -0.456590
   -0.456519
   -0.456485
   -0.456524
   -0.456395
   -0.456528
   -0.456344
   -0.456701
   -0.456030
   -0.457905
   -0.458245
   -0.390071
   -0.413994
   -0.448315
   -0.445291
   -0.430651
   -0.437467
   -0.433095
   -0.417675
   -0.424087
   -0.438380
   -0.434286
   -0.430637
   -0.431865
   -0.430206
   -0.429761
   -0.429619
   -0.404466
   -0.452273
   -0.484874
   -0.481813
   -0.466917
   -0.475294
   -0.469970
   -0.451923
   -0.448912
   -0.447890
   -0.456786
   -0.459898
   -0.457345
   -0.457372
   -0.456439
   -0.455626
   -0.397611
   -0.422411
   -0.427757
   -0.445536
   -0.439462
   -0.427931
   -0.415348
   -0.413401
   -0.428675
   -0.429574
   -0.425114
   -0.417234
   -0.428733
   -0.430548
   -0.429797
   -0.429522
   -0.422772
   -0.468442
   -0.480519
   -0.488149
   -0.467346
   -0.473628
   -0.463836
   -0.447651
   -0.448401
   -0.455610
   -0.456949
   -0.456324
   -0.446487
   -0.446378
   -0.447426
   -0.448126
   -0.423433
   -0.434507
   -0.431586
   -0.430572
   -0.430695
   -0.426159
   -0.418283
   -0.428754
   -0.434633
   -0.426588
   -0.426658
   -0.425719
   -0.432014
   -0.428372
   -0.427192
   -0.427211
   -0.441454
   -0.457627
   -0.457035
   -0.458027
   -0.461491
   -0.453533
   -0.444140
   -0.446370
   -0.449124
   -0.447704
   -0.455201
   -0.459544
   -0.448459
   -0.447724
   -0.447849
   -0.447716
   -0.424418
   -0.427503
   -0.430038
   -0.434884
   -0.435480
   -0.431345
   -0.426953
   -0.431550
   -0.433924
   -0.435537
   -0.434307
   -0.428970
   -0.426044
   -0.430234
   -0.429822
   -0.430385
   -0.438284
   -0.441630
   -0.448210
   -0.454615
   -0.452046
   -0.446005
   -0.438191
   -0.439867
   -0.442396
   -0.442563
   -0.446679
   -0.445882
   -0.443775
   -0.448683
   -0.447177
   -0.447062
   -0.434434
   -0.430226
   -0.430321
   -0.428797
   -0.431901
   -0.430957
   -0.430570
   -0.431798
   -0.432121
   -0.432415
   -0.432821
   -0.432329
   -0.429399
   -0.429721
   -0.431353
   -0.432650
   -0.461908
   -0.454768
   -0.454396
   -0.454471
   -0.457238
   -0.456470
   -0.454992
   -0.455017
   -0.454861
   -0.456223
   -0.456684
   -0.456605
   -0.455799
   -0.455727
   -0.455801
   -0.454554
   -0.431466
   -0.429571
   -0.431371
   -0.430787
   -0.431979
   -0.431889
   -0.431665
   -0.431563
   -0.431564
   -0.431049
   -0.430005
   -0.429399
   -0.430007
   -0.429708
   -0.429558
   -0.429719
   -0.456468
   -0.453364
   -0.454461
   -0.453383
   -0.460124
   -0.460080
   -0.459378
   -0.458662
   -0.458754
   -0.458746
   -0.458350
   -0.458154
   -0.458223
   -0.457219
   -0.457350
   -0.457204
   -0.429968
   -0.430064
   -0.430068
   -0.430119
   -0.429958
   -0.429970
   -0.429912
   -0.429896
   -0.429864
   -0.429872
   -0.429831
   -0.429924
   -0.425603
   -0.416945
   -0.434393
   -0.443391
   -0.455445
   -0.455273
   -0.455348
   -0.455217
   -0.455079
   -0.454985
   -0.455126
   -0.455060
   -0.455171
   -0.455084
   -0.455206
   -0.455028
   -0.446652
   -0.441999
   -0.459887
   -0.468397
   -0.430071
   -0.430170
   -0.430165
   -0.430229
   -0.430169
   -0.430202
   -0.430121
   -0.430127
   -0.430075
   -0.430106
   -0.430036
   -0.430167
   -0.425720
   -0.417129
   -0.434497
   -0.443588
   -0.447290
   -0.447131
   -0.447198
   -0.447070
   -0.446783
   -0.446680
   -0.446832
   -0.446754
   -0.446880
   -0.446772
   -0.446923
   -0.446705
   -0.442776
   -0.438055
   -0.456028
   -0.464440
   -0.425938
   -0.441767
   -0.445069
   -0.437098
   -0.416705
   -0.414863
   -0.425456
   -0.429782
   -0.430851
   -0.428671
   -0.427516
   -0.430695
   -0.430548
   -0.431043
   -0.430925
   -0.430939
   -0.486846
   -0.491217
   -0.483684
   -0.475797
   -0.461514
   -0.455971
   -0.446143
   -0.454327
   -0.455553
   -0.454757
   -0.453645
   -0.445595
   -0.456069
   -0.456063
   -0.455899
   -0.455842
   -0.428340
   -0.429139
   -0.430949
   -0.426639
   -0.415927
   -0.423862
   -0.434593
   -0.430668
   -0.427252
   -0.427832
   -0.431007
   -0.428639
   -0.425833
   -0.430990
   -0.430757
   -0.430818
   -0.461774
   -0.461960
   -0.463917
   -0.455777
   -0.442252
   -0.446737
   -0.449205
   -0.447121
   -0.454891
   -0.460413
   -0.455949
   -0.447354
   -0.444924
   -0.444391
   -0.444393
   -0.444652
   -0.433399
   -0.439206
   -0.438750
   -0.429812
   -0.426474
   -0.430114
   -0.434313
   -0.437734
   -0.438735
   -0.433878
   -0.426298
   -0.430743
   -0.431652
   -0.432480
   -0.432282
   -0.432300
   -0.451664
   -0.456656
   -0.454560
   -0.441883
   -0.436500
   -0.439041
   -0.441385
   -0.440634
   -0.445651
   -0.447337
   -0.447816
   -0.446837
   -0.445160
   -0.445217
   -0.445053
   -0.445235
   -0.431994
   -0.430280
   -0.432634
   -0.430900
   -0.430391
   -0.431931
   -0.432435
   -0.432944
   -0.432786
   -0.431453
   -0.430391
   -0.430774
   -0.426769
   -0.431458
   -0.431424
   -0.431453
   -0.453494
   -0.453526
   -0.458441
   -0.454917
   -0.454767
   -0.454558
   -0.454745
   -0.455686
   -0.455940
   -0.455600
   -0.455164
   -0.454589
   -0.440804
   -0.445048
   -0.444744
   -0.444832
   -0.432720
   -0.431520
   -0.432059
   -0.432266
   -0.432321
   -0.432306
   -0.432579
   -0.432130
   -0.431382
   -0.430340
   -0.431356
   -0.430806
   -0.430251
   -0.430850
   -0.431170
   -0.431237
   -0.454211
   -0.454945
   -0.459502
   -0.458580
   -0.458733
   -0.458023
   -0.458722
   -0.458211
   -0.457919
   -0.456969
   -0.456591
   -0.456150
   -0.455908
   -0.456002
   -0.455895
   -0.455859
   -0.430147
   -0.429426
   -0.429250
   -0.431511
   -0.429964
   -0.430360
   -0.430862
   -0.430477
   -0.431301
   -0.431051
   -0.431371
   -0.426475
   -0.430808
   -0.430588
   -0.430749
   -0.430571
   -0.456098
   -0.453451
   -0.453118
   -0.455024
   -0.453593
   -0.453985
   -0.454712
   -0.454154
   -0.455329
   -0.454919
   -0.455049
   -0.446075
   -0.454663
   -0.454659
   -0.454511
   -0.454677
   -0.430834
   -0.430890
   -0.430878
   -0.430901
   -0.430706
   -0.430684
   -0.430664
   -0.430617
   -0.430673
   -0.430570
   -0.430687
   -0.430543
   -0.426130
   -0.425189
   -0.426904
   -0.427452
   -0.454615
   -0.454501
   -0.454573
   -0.454489
   -0.454489
   -0.454446
   -0.454532
   -0.454511
   -0.454523
   -0.454558
   -0.454509
   -0.454584
   -0.444687
   -0.444415
   -0.445814
   -0.446719
   -0.430750
   -0.430743
   -0.430787
   -0.430760
   -0.430668
   -0.430609
   -0.430621
   -0.430546
   -0.430629
   -0.430501
   -0.430641
   -0.430478
   -0.426160
   -0.425207
   -0.426934
   -0.427470
   -0.446792
   -0.446738
   -0.446756
   -0.446719
   -0.446692
   -0.446684
   -0.446739
   -0.446747
   -0.446730
   -0.446793
   -0.446717
   -0.446816
   -0.441988
   -0.441728
   -0.443116
   -0.444031
   -0.434357
   -0.427496
   -0.423999
   -0.425137
   -0.421714
   -0.425934
   -0.428150
   -0.432255
   -0.432054
   -0.429422
   -0.429598
   -0.430583
   -0.430105
   -0.430701
   -0.430810
   -0.430917
   -0.469443
   -0.459344
   -0.445551
   -0.437878
   -0.439628
   -0.439148
   -0.440106
   -0.445561
   -0.446476
   -0.446955
   -0.445864
   -0.444761
   -0.445361
   -0.453377
   -0.453615
   -0.454015
   -0.441041
   -0.426949
   -0.420402
   -0.423050
   -0.424920
   -0.428300
   -0.432381
   -0.433692
   -0.430575
   -0.430340
   -0.431419
   -0.432497
   -0.425765
   -0.426641
   -0.430820
   -0.430976
   -0.454684
   -0.440237
   -0.436856
   -0.434863
   -0.438382
   -0.438697
   -0.441896
   -0.445841
   -0.446615
   -0.446580
   -0.445495
   -0.444798
   -0.446321
   -0.446565
   -0.446038
   -0.445931
   -0.428748
   -0.424451
   -0.425341
   -0.426697
   -0.422693
   -0.429235
   -0.432422
   -0.431543
   -0.430586
   -0.431014
   -0.430434
   -0.431304
   -0.430005
   -0.431217
   -0.431647
   -0.431637
   -0.452600
   -0.446356
   -0.446862
   -0.447593
   -0.434239
   -0.441923
   -0.445054
   -0.445331
   -0.445341
   -0.445980
   -0.444994
   -0.444624
   -0.445575
   -0.445922
   -0.445802
   -0.445933
   -0.431586
   -0.430807
   -0.429509
   -0.428133
   -0.427998
   -0.429438
   -0.430828
   -0.430271
   -0.430381
   -0.430012
   -0.429477
   -0.430347
   -0.426605
   -0.426632
   -0.430724
   -0.430529
   -0.456213
   -0.454938
   -0.452289
   -0.450254
   -0.451255
   -0.453358
   -0.456128
   -0.456436
   -0.455506
   -0.455491
   -0.455054
   -0.455452
   -0.445697
   -0.441629
   -0.446055
   -0.446194
   -0.429418
   -0.431143
   -0.430894
   -0.427316
   -0.430194
   -0.430622
   -0.430659
   -0.430341
   -0.430257
   -0.430013
   -0.429754
   -0.429967
   -0.431079
   -0.430875
   -0.430307
   -0.429797
   -0.452487
   -0.454861
   -0.454687
   -0.446195
   -0.453753
   -0.454041
   -0.454525
   -0.454538
   -0.454609
   -0.453675
   -0.453523
   -0.453651
   -0.453811
   -0.453921
   -0.453806
   -0.454357
   -0.430326
   -0.431145
   -0.430409
   -0.430499
   -0.425904
   -0.425959
   -0.425948
   -0.426069
   -0.426250
   -0.426478
   -0.426806
   -0.426528
   -0.426881
   -0.430909
   -0.431007
   -0.430898
   -0.453567
   -0.454900
   -0.454585
   -0.454769
   -0.444088
   -0.444065
   -0.444232
   -0.444542
   -0.444918
   -0.444984
   -0.445072
   -0.444202
   -0.445134
   -0.453516
   -0.453368
   -0.453532
   -0.430835
   -0.430840
   -0.430759
   -0.430802
   -0.430936
   -0.430976
   -0.430969
   -0.431020
   -0.431010
   -0.431038
   -0.431032
   -0.430988
   -0.427079
   -0.428144
   -0.425936
   -0.424626
   -0.453987
   -0.454076
   -0.454063
   -0.454115
   -0.454484
   -0.454537
   -0.454451
   -0.454492
   -0.454411
   -0.454476
   -0.454385
   -0.454531
   -0.446529
   -0.447326
   -0.444757
   -0.443850
   -0.430763
   -0.430749
   -0.430684
   -0.430712
   -0.430689
   -0.430719
   -0.430717
   -0.430769
   -0.430753
   -0.430787
   -0.430777
   -0.430731
   -0.426843
   -0.427882
   -0.425712
   -0.424353
   -0.445787
   -0.445894
   -0.445867
   -0.445929
   -0.446530
   -0.446587
   -0.446504
   -0.446534
   -0.446470
   -0.446515
   -0.446445
   -0.446574
   -0.442431
   -0.443232
   -0.440650
   -0.439765
   -0.426636
   -0.424987
   -0.425812
   -0.427739
   -0.431744
   -0.433117
   -0.431025
   -0.430261
   -0.425781
   -0.425881
   -0.430202
   -0.430080
   -0.430092
   -0.429951
   -0.429913
   -0.429941
   -0.437931
   -0.437968
   -0.439192
   -0.439631
   -0.445047
   -0.446901
   -0.448383
   -0.446916
   -0.446460
   -0.446645
   -0.447177
   -0.448073
   -0.446374
   -0.455469
   -0.455527
   -0.455515
   -0.424195
   -0.428574
   -0.427381
   -0.429785
   -0.433200
   -0.432279
   -0.429989
   -0.430369
   -0.430759
   -0.430666
   -0.430373
   -0.431182
   -0.426782
   -0.425959
   -0.430539
   -0.430535
   -0.436163
   -0.441218
   -0.441034
   -0.443909
   -0.448698
   -0.447965
   -0.446893
   -0.447180
   -0.446446
   -0.445447
   -0.446162
   -0.447206
   -0.447957
   -0.448085
   -0.448149
   -0.448075
   -0.428679
   -0.427232
   -0.427124
   -0.430313
   -0.430797
   -0.430963
   -0.430094
   -0.429068
   -0.424708
   -0.425447
   -0.431116
   -0.430542
   -0.430282
   -0.429946
   -0.429928
   -0.429949
   -0.452789
   -0.451422
   -0.452265
   -0.456530
   -0.457202
   -0.457413
   -0.456386
   -0.456537
   -0.447809
   -0.443075
   -0.447074
   -0.447402
   -0.447940
   -0.447848
   -0.447934
   -0.447865
   -0.429791
   -0.430654
   -0.429780
   -0.430670
   -0.430729
   -0.430173
   -0.429771
   -0.429742
   -0.429704
   -0.430280
   -0.430632
   -0.430479
   -0.425896
   -0.425298
   -0.429837
   -0.429854
   -0.456200
   -0.456142
   -0.454800
   -0.456088
   -0.456345
   -0.456117
   -0.455880
   -0.455434
   -0.455499
   -0.455564
   -0.455813
   -0.455939
   -0.448823
   -0.443756
   -0.448378
   -0.448377
   -0.425657
   -0.426095
   -0.425770
   -0.425254
   -0.425409
   -0.425492
   -0.425298
   -0.425586
   -0.425769
   -0.430249
   -0.429844
   -0.430073
   -0.430140
   -0.429975
   -0.429911
   -0.429913
   -0.447914
   -0.447307
   -0.445837
   -0.444992
   -0.446535
   -0.446679
   -0.446446
   -0.446560
   -0.446710
   -0.455124
   -0.455308
   -0.455433
   -0.455307
   -0.455284
   -0.455282
   -0.455322
   -0.430719
   -0.431031
   -0.431033
   -0.430346
   -0.430302
   -0.430252
   -0.430000
   -0.430212
   -0.425811
   -0.425946
   -0.425740
   -0.426531
   -0.426156
   -0.430797
   -0.430763
   -0.430777
   -0.455092
   -0.455835
   -0.456049
   -0.455300
   -0.455354
   -0.455180
   -0.454932
   -0.455059
   -0.446618
   -0.446719
   -0.446700
   -0.447915
   -0.446983
   -0.456102
   -0.456124
   -0.456121
   -0.430470
   -0.430506
   -0.430459
   -0.430505
   -0.430653
   -0.430705
   -0.430670
   -0.430751
   -0.430656
   -0.430765
   -0.430647
   -0.430768
   -0.426523
   -0.426787
   -0.426388
   -0.426288
   -0.455537
   -0.455568
   -0.455551
   -0.455567
   -0.455600
   -0.455607
   -0.455586
   -0.455559
   -0.455604
   -0.455542
   -0.455614
   -0.455538
   -0.448633
   -0.448655
   -0.448368
   -0.448185
   -0.430414
   -0.430434
   -0.430399
   -0.430436
   -0.430640
   -0.430688
   -0.430652
   -0.430740
   -0.430629
   -0.430760
   -0.430616
   -0.430766
   -0.426083
   -0.426380
   -0.425947
   -0.425884
   -0.447533
   -0.447556
   -0.447548
   -0.447555
   -0.447511
   -0.447508
   -0.447501
   -0.447455
   -0.447525
   -0.447433
   -0.447539
   -0.447427
   -0.443609
   -0.443599
   -0.443346
   -0.443127
   -0.435109
   -0.438027
   -0.439857
   -0.439580
   -0.439613
   -0.439238
   -0.438450
   -0.437244
   -0.432143
   -0.433153
   -0.438088
   -0.437775
   -0.437945
   -0.437715
   -0.437726
   -0.437639
   -0.454033
   -0.458068
   -0.462314
   -0.462508
   -0.461350
   -0.460961
   -0.460839
   -0.458732
   -0.458728
   -0.458307
   -0.458845
   -0.458980
   -0.459250
   -0.468382
   -0.468395
   -0.468154
   -0.429833
   -0.439186
   -0.440290
   -0.440423
   -0.439199
   -0.438309
   -0.436904
   -0.436556
   -0.437496
   -0.437673
   -0.437263
   -0.436840
   -0.433151
   -0.432901
   -0.437490
   -0.437407
   -0.451621
   -0.461219
   -0.462884
   -0.462892
   -0.461735
   -0.461320
   -0.460624
   -0.458898
   -0.458976
   -0.458834
   -0.459372
   -0.459320
   -0.458899
   -0.458648
   -0.458968
   -0.458871
   -0.438525
   -0.440488
   -0.439908
   -0.439394
   -0.439167
   -0.438055
   -0.436844
   -0.437391
   -0.432552
   -0.432428
   -0.437486
   -0.437294
   -0.437727
   -0.437351
   -0.437191
   -0.437206
   -0.469511
   -0.471411
   -0.471546
   -0.470523
   -0.472440
   -0.470410
   -0.469670
   -0.469309
   -0.459443
   -0.453997
   -0.459615
   -0.459541
   -0.459317
   -0.459072
   -0.459225
   -0.459066
   -0.437126
   -0.437585
   -0.437898
   -0.438509
   -0.437833
   -0.437535
   -0.436954
   -0.437261
   -0.437125
   -0.437276
   -0.437369
   -0.437134
   -0.433207
   -0.433270
   -0.437858
   -0.437933
   -0.467812
   -0.467917
   -0.469285
   -0.469586
   -0.469429
   -0.468459
   -0.467728
   -0.467451
   -0.467979
   -0.467794
   -0.468104
   -0.467778
   -0.459118
   -0.454426
   -0.459022
   -0.458847
   -0.432496
   -0.432035
   -0.432001
   -0.432448
   -0.432776
   -0.432716
   -0.432643
   -0.432793
   -0.432739
   -0.437912
   -0.437993
   -0.437945
   -0.437513
   -0.437617
   -0.437818
   -0.438000
   -0.458682
   -0.457646
   -0.458063
   -0.458906
   -0.458193
   -0.457896
   -0.457910
   -0.457743
   -0.457862
   -0.468174
   -0.468357
   -0.468153
   -0.468480
   -0.468327
   -0.468469
   -0.468178
   -0.437515
   -0.437292
   -0.437483
   -0.437585
   -0.438145
   -0.438174
   -0.438173
   -0.438130
   -0.432992
   -0.432919
   -0.432800
   -0.432852
   -0.432688
   -0.437294
   -0.437279
   -0.437289
   -0.468730
   -0.468025
   -0.468262
   -0.468114
   -0.469883
   -0.469784
   -0.469860
   -0.469631
   -0.459496
   -0.459347
   -0.459439
   -0.459504
   -0.459323
   -0.468337
   -0.468472
   -0.468344
   -0.437354
   -0.437365
   -0.437397
   -0.437392
   -0.436930
   -0.436915
   -0.436923
   -0.436895
   -0.436891
   -0.436884
   -0.436877
   -0.436912
   -0.432263
   -0.431869
   -0.432692
   -0.433137
   -0.468681
   -0.468531
   -0.468640
   -0.468502
   -0.467575
   -0.467446
   -0.467583
   -0.467464
   -0.467615
   -0.467475
   -0.467631
   -0.467445
   -0.457882
   -0.457490
   -0.458509
   -0.458782
   -0.437613
   -0.437596
   -0.437653
   -0.437627
   -0.437572
   -0.437545
   -0.437564
   -0.437526
   -0.437531
   -0.437515
   -0.437516
   -0.437546
   -0.433055
   -0.432660
   -0.433489
   -0.433922
   -0.459310
   -0.459179
   -0.459270
   -0.459147
   -0.457617
   -0.457500
   -0.457624
   -0.457519
   -0.457654
   -0.457533
   -0.457668
   -0.457504
   -0.452972
   -0.452602
   -0.453591
   -0.453904
   -0.437487
   -0.437614
   -0.437323
   -0.436526
   -0.436139
   -0.435559
   -0.436485
   -0.436760
   -0.432742
   -0.432537
   -0.436784
   -0.436792
   -0.436815
   -0.436857
   -0.436885
   -0.436864
   -0.455137
   -0.454849
   -0.453951
   -0.453838
   -0.451087
   -0.450519
   -0.449968
   -0.450711
   -0.450850
   -0.450839
   -0.450594
   -0.450271
   -0.450796
   -0.459049
   -0.459052
   -0.459058
   -0.431981
   -0.435644
   -0.436041
   -0.435119
   -0.434078
   -0.434417
   -0.435411
   -0.435253
   -0.435078
   -0.435050
   -0.435231
   -0.434946
   -0.430704
   -0.430998
   -0.435127
   -0.435121
   -0.450147
   -0.453648
   -0.453561
   -0.452540
   -0.450404
   -0.450698
   -0.451147
   -0.451202
   -0.451458
   -0.451816
   -0.451524
   -0.451155
   -0.450945
   -0.450911
   -0.450876
   -0.450900
   -0.435627
   -0.435928
   -0.436043
   -0.434951
   -0.434923
   -0.434943
   -0.435380
   -0.435664
   -0.431514
   -0.431245
   -0.434959
   -0.435151
   -0.435221
   -0.435348
   -0.435392
   -0.435353
   -0.461048
   -0.461304
   -0.461050
   -0.459586
   -0.458717
   -0.458794
   -0.459258
   -0.459215
   -0.450908
   -0.446897
   -0.451147
   -0.451026
   -0.450875
   -0.450927
   -0.450883
   -0.450933
   -0.435780
   -0.435465
   -0.435712
   -0.435372
   -0.435554
   -0.435791
   -0.435975
   -0.435954
   -0.435985
   -0.435765
   -0.435645
   -0.435698
   -0.432328
   -0.432493
   -0.436676
   -0.436598
   -0.458984
   -0.458900
   -0.459340
   -0.458773
   -0.458270
   -0.458377
   -0.458585
   -0.458725
   -0.458692
   -0.458648
   -0.458559
   -0.458530
   -0.449535
   -0.445607
   -0.449688
   -0.449748
   -0.431786
   -0.431728
   -0.431794
   -0.431981
   -0.432759
   -0.432758
   -0.432815
   -0.432702
   -0.432647
   -0.436743
   -0.436894
   -0.436789
   -0.436836
   -0.436825
   -0.436909
   -0.436787
   -0.451426
   -0.451622
   -0.452210
   -0.452327
   -0.450929
   -0.450819
   -0.450980
   -0.450893
   -0.450883
   -0.459233
   -0.459186
   -0.459142
   -0.459624
   -0.459666
   -0.459608
   -0.459697
   -0.435054
   -0.435000
   -0.434948
   -0.435215
   -0.435142
   -0.435181
   -0.435249
   -0.435181
   -0.431053
   -0.431004
   -0.431109
   -0.430787
   -0.430466
   -0.434483
   -0.434606
   -0.434455
   -0.460372
   -0.460098
   -0.460076
   -0.460275
   -0.459151
   -0.459154
   -0.459297
   -0.459231
   -0.450856
   -0.450812
   -0.450814
   -0.450400
   -0.450199
   -0.458553
   -0.458406
   -0.458589
   -0.435189
   -0.435176
   -0.435186
   -0.435179
   -0.434883
   -0.434873
   -0.434880
   -0.434840
   -0.434900
   -0.434828
   -0.434923
   -0.434800
   -0.431172
   -0.430971
   -0.431225
   -0.430980
   -0.460171
   -0.460123
   -0.460172
   -0.460122
   -0.460282
   -0.460241
   -0.460282
   -0.460278
   -0.460256
   -0.460296
   -0.460227
   -0.460329
   -0.449198
   -0.449370
   -0.449179
   -0.449477
   -0.435464
   -0.435443
   -0.435462
   -0.435446
   -0.434866
   -0.434848
   -0.434866
   -0.434808
   -0.434894
   -0.434788
   -0.434926
   -0.434753
   -0.432343
   -0.432071
   -0.432410
   -0.432065
   -0.450490
   -0.450464
   -0.450493
   -0.450461
   -0.450986
   -0.450961
   -0.450984
   -0.451004
   -0.450952
   -0.451027
   -0.450917
   -0.451067
   -0.446542
   -0.446771
   -0.446510
   -0.446892
   -0.412064
   -0.411780
   -0.410516
   -0.411245
   -0.409195
   -0.409784
   -0.409653
   -0.410314
   -0.410324
   -0.410191
   -0.409814
   -0.410073
   -0.409878
   -0.410074
   -0.409968
   -0.410086
   -0.403354
   -0.401421
   -0.400460
   -0.400038
   -0.402577
   -0.402547
   -0.402779
   -0.403370
   -0.403409
   -0.403540
   -0.403360
   -0.403378
   -0.402690
   -0.402638
   -0.402537
   -0.402731
   -0.411805
   -0.410792
   -0.409762
   -0.410328
   -0.410380
   -0.411059
   -0.411132
   -0.411546
   -0.410986
   -0.411142
   -0.411083
   -0.411423
   -0.411040
   -0.411236
   -0.411044
   -0.411183
   -0.403519
   -0.401268
   -0.401089
   -0.400853
   -0.401536
   -0.401455
   -0.401794
   -0.402310
   -0.402312
   -0.402307
   -0.402139
   -0.402219
   -0.402339
   -0.402493
   -0.402306
   -0.402424
   -0.409485
   -0.409380
   -0.409025
   -0.409789
   -0.410413
   -0.411179
   -0.411242
   -0.411303
   -0.411213
   -0.411507
   -0.411110
   -0.411337
   -0.411017
   -0.411286
   -0.411199
   -0.411333
   -0.401036
   -0.399940
   -0.400263
   -0.400464
   -0.400424
   -0.400927
   -0.401299
   -0.401316
   -0.401789
   -0.402091
   -0.401685
   -0.401701
   -0.401799
   -0.401886
   -0.401823
   -0.401890
   -0.410765
   -0.411166
   -0.410548
   -0.410801
   -0.412089
   -0.412532
   -0.412400
   -0.412582
   -0.412362
   -0.412580
   -0.412326
   -0.412621
   -0.409616
   -0.409783
   -0.409507
   -0.409688
   -0.402299
   -0.401939
   -0.401707
   -0.401410
   -0.402024
   -0.402178
   -0.402557
   -0.402528
   -0.402439
   -0.402426
   -0.402390
   -0.402457
   -0.402527
   -0.402587
   -0.402544
   -0.402569
   -0.411804
   -0.412408
   -0.412011
   -0.412204
   -0.410088
   -0.410429
   -0.410156
   -0.410389
   -0.410151
   -0.410136
   -0.409845
   -0.410111
   -0.410022
   -0.410218
   -0.409909
   -0.410094
   -0.402812
   -0.402944
   -0.402932
   -0.402469
   -0.403591
   -0.403585
   -0.403667
   -0.403645
   -0.403683
   -0.403057
   -0.403066
   -0.403077
   -0.402188
   -0.402179
   -0.402194
   -0.402221
   -0.410990
   -0.411381
   -0.411028
   -0.411238
   -0.410784
   -0.411029
   -0.410773
   -0.411041
   -0.411058
   -0.411341
   -0.411115
   -0.411387
   -0.411512
   -0.411714
   -0.411431
   -0.411729
   -0.401577
   -0.401770
   -0.401760
   -0.401734
   -0.401885
   -0.401852
   -0.401882
   -0.401893
   -0.402463
   -0.402429
   -0.402497
   -0.402406
   -0.402903
   -0.402693
   -0.402779
   -0.402676
   -0.411190
   -0.411360
   -0.411174
   -0.411350
   -0.415387
   -0.415597
   -0.415376
   -0.415624
   -0.415369
   -0.415654
   -0.415352
   -0.415660
   -0.415082
   -0.415570
   -0.414914
   -0.415139
   -0.401121
   -0.401225
   -0.401142
   -0.401230
   -0.409788
   -0.409832
   -0.409807
   -0.409798
   -0.409823
   -0.409759
   -0.409847
   -0.409748
   -0.411667
   -0.411613
   -0.411465
   -0.411133
   -0.410414
   -0.410508
   -0.410388
   -0.410509
   -0.410745
   -0.410927
   -0.410717
   -0.410970
   -0.410692
   -0.411020
   -0.410658
   -0.411037
   -0.409616
   -0.410192
   -0.409439
   -0.409770
   -0.401965
   -0.402092
   -0.401992
   -0.402089
   -0.415041
   -0.415075
   -0.415072
   -0.415027
   -0.415103
   -0.414972
   -0.415142
   -0.414951
   -0.415292
   -0.415128
   -0.415099
   -0.414639
   -0.418793
   -0.418886
   -0.418975
   -0.419322
   -0.411647
   -0.411946
   -0.411488
   -0.411467
   -0.411753
   -0.411942
   -0.411399
   -0.411442
   -0.411403
   -0.411410
   -0.411374
   -0.411404
   -0.428751
   -0.428989
   -0.429434
   -0.429462
   -0.438107
   -0.438254
   -0.438478
   -0.438124
   -0.438103
   -0.438082
   -0.438180
   -0.438309
   -0.438443
   -0.437601
   -0.437554
   -0.437593
   -0.421804
   -0.421687
   -0.421549
   -0.421917
   -0.422180
   -0.422108
   -0.421649
   -0.421764
   -0.421785
   -0.421857
   -0.421738
   -0.421858
   -0.422345
   -0.422251
   -0.421796
   -0.421805
   -0.425626
   -0.425585
   -0.425649
   -0.426007
   -0.431233
   -0.431115
   -0.430942
   -0.430872
   -0.430779
   -0.430671
   -0.430756
   -0.430922
   -0.430926
   -0.430996
   -0.430947
   -0.431011
   -0.425092
   -0.425080
   -0.424981
   -0.425389
   -0.424666
   -0.424684
   -0.424439
   -0.424411
   -0.424803
   -0.424932
   -0.424617
   -0.424567
   -0.424546
   -0.424492
   -0.424476
   -0.424482
   -0.428393
   -0.428376
   -0.428461
   -0.428932
   -0.433481
   -0.433389
   -0.433204
   -0.433217
   -0.434082
   -0.434485
   -0.433997
   -0.434077
   -0.434068
   -0.434107
   -0.434056
   -0.434111
   -0.420600
   -0.420755
   -0.420641
   -0.420821
   -0.419684
   -0.419639
   -0.419517
   -0.419568
   -0.419522
   -0.419630
   -0.419653
   -0.419647
   -0.412799
   -0.412753
   -0.412288
   -0.412316
   -0.434660
   -0.434717
   -0.434589
   -0.434808
   -0.439149
   -0.439099
   -0.438981
   -0.438955
   -0.438950
   -0.438993
   -0.438996
   -0.439032
   -0.440144
   -0.440562
   -0.440085
   -0.440114
   -0.419851
   -0.419874
   -0.419827
   -0.419807
   -0.411812
   -0.411843
   -0.411793
   -0.411861
   -0.411852
   -0.411469
   -0.411387
   -0.411462
   -0.411392
   -0.411444
   -0.411377
   -0.411468
   -0.429476
   -0.429421
   -0.429193
   -0.429213
   -0.438019
   -0.438082
   -0.437987
   -0.438056
   -0.438021
   -0.437178
   -0.437163
   -0.437198
   -0.433164
   -0.433159
   -0.433170
   -0.433144
   -0.421833
   -0.421842
   -0.421861
   -0.421785
   -0.421820
   -0.421825
   -0.421787
   -0.421821
   -0.422230
   -0.422268
   -0.422196
   -0.422356
   -0.426597
   -0.426264
   -0.426145
   -0.426276
   -0.425467
   -0.425590
   -0.425559
   -0.425526
   -0.434310
   -0.434344
   -0.434254
   -0.434316
   -0.435167
   -0.435217
   -0.435189
   -0.435346
   -0.439606
   -0.438669
   -0.438741
   -0.438652
   -0.424553
   -0.424551
   -0.424549
   -0.424559
   -0.429708
   -0.429728
   -0.429711
   -0.429737
   -0.429700
   -0.429753
   -0.429677
   -0.429786
   -0.425774
   -0.425934
   -0.425758
   -0.425980
   -0.428650
   -0.428699
   -0.428651
   -0.428694
   -0.434172
   -0.434209
   -0.434168
   -0.434201
   -0.434180
   -0.434183
   -0.434204
   -0.434149
   -0.452819
   -0.452699
   -0.452859
   -0.452692
   -0.421073
   -0.421101
   -0.421072
   -0.421108
   -0.425471
   -0.425519
   -0.425472
   -0.425529
   -0.425458
   -0.425551
   -0.425429
   -0.425590
   -0.412742
   -0.412971
   -0.412713
   -0.413027
   -0.435641
   -0.435669
   -0.435641
   -0.435663
   -0.441549
   -0.441560
   -0.441548
   -0.441549
   -0.441564
   -0.441526
   -0.441594
   -0.441485
   -0.442138
   -0.441946
   -0.442189
   -0.441928
   -0.468166
   -0.468203
   -0.468695
   -0.468337
   -0.476347
   -0.476045
   -0.476210
   -0.475904
   -0.475957
   -0.475909
   -0.476160
   -0.475994
   -0.476137
   -0.475993
   -0.476117
   -0.475977
   -0.553218
   -0.553712
   -0.554119
   -0.554150
   -0.546087
   -0.545972
   -0.545983
   -0.545706
   -0.545805
   -0.545651
   -0.545813
   -0.545684
   -0.550184
   -0.550163
   -0.550302
   -0.550144
   -0.475312
   -0.475594
   -0.476040
   -0.475726
   -0.475776
   -0.475467
   -0.475567
   -0.475332
   -0.475599
   -0.475464
   -0.475569
   -0.475376
   -0.475529
   -0.475408
   -0.475577
   -0.475455
   -0.543512
   -0.544154
   -0.544317
   -0.544265
   -0.548737
   -0.548667
   -0.548674
   -0.548396
   -0.548517
   -0.548411
   -0.548579
   -0.548413
   -0.548503
   -0.548313
   -0.548509
   -0.548341
   -0.486069
   -0.486035
   -0.486248
   -0.485868
   -0.477472
   -0.477130
   -0.477210
   -0.477113
   -0.477184
   -0.477004
   -0.477232
   -0.477099
   -0.477262
   -0.477127
   -0.477207
   -0.477108
   -0.554347
   -0.554611
   -0.554591
   -0.554391
   -0.554985
   -0.554727
   -0.554712
   -0.554608
   -0.554479
   -0.554240
   -0.554522
   -0.554399
   -0.554484
   -0.554330
   -0.554476
   -0.554333
   -0.476488
   -0.476242
   -0.476566
   -0.476359
   -0.463627
   -0.463379
   -0.463534
   -0.463373
   -0.463538
   -0.463372
   -0.463536
   -0.463367
   -0.479938
   -0.479837
   -0.480014
   -0.479905
   -0.553205
   -0.553236
   -0.553403
   -0.553408
   -0.553783
   -0.553653
   -0.553619
   -0.553544
   -0.553668
   -0.553571
   -0.553685
   -0.553547
   -0.553556
   -0.553368
   -0.553560
   -0.553411
   -0.468232
   -0.467910
   -0.468169
   -0.467987
   -0.476082
   -0.475853
   -0.476057
   -0.475870
   -0.476045
   -0.475994
   -0.476181
   -0.476016
   -0.476104
   -0.475993
   -0.476135
   -0.476037
   -0.544940
   -0.544833
   -0.544919
   -0.545009
   -0.545696
   -0.545624
   -0.545676
   -0.545602
   -0.545676
   -0.545868
   -0.545962
   -0.545846
   -0.549906
   -0.549771
   -0.549913
   -0.549756
   -0.475646
   -0.475389
   -0.475632
   -0.475443
   -0.475720
   -0.475515
   -0.475723
   -0.475516
   -0.475581
   -0.475384
   -0.475558
   -0.475375
   -0.475908
   -0.475821
   -0.475962
   -0.475819
   -0.548289
   -0.548144
   -0.548217
   -0.548162
   -0.549176
   -0.549121
   -0.549184
   -0.549106
   -0.548920
   -0.548844
   -0.548912
   -0.548828
   -0.549292
   -0.549308
   -0.549415
   -0.549312
   -0.477267
   -0.477086
   -0.477275
   -0.477088
   -0.481424
   -0.481221
   -0.481424
   -0.481216
   -0.481419
   -0.481210
   -0.481421
   -0.481219
   -0.480952
   -0.480718
   -0.480999
   -0.480863
   -0.554248
   -0.554131
   -0.554237
   -0.554135
   -0.557807
   -0.557727
   -0.557802
   -0.557738
   -0.557800
   -0.557751
   -0.557792
   -0.557748
   -0.559113
   -0.559031
   -0.559185
   -0.559196
   -0.480768
   -0.480630
   -0.480781
   -0.480623
   -0.481172
   -0.480980
   -0.481181
   -0.480964
   -0.481189
   -0.480944
   -0.481204
   -0.480943
   -0.479996
   -0.479688
   -0.480053
   -0.479822
   -0.553209
   -0.553069
   -0.553195
   -0.553079
   -0.556205
   -0.556129
   -0.556190
   -0.556151
   -0.556176
   -0.556178
   -0.556155
   -0.556184
   -0.556069
   -0.556079
   -0.556131
   -0.556255
   -0.436777
   -0.437105
   -0.436714
   -0.436920
   -0.438457
   -0.438609
   -0.438570
   -0.438725
   -0.438544
   -0.438516
   -0.438694
   -0.438651
   -0.438722
   -0.438638
   -0.438752
   -0.438635
   -0.470720
   -0.470083
   -0.470416
   -0.469925
   -0.468243
   -0.467779
   -0.468077
   -0.467886
   -0.468168
   -0.467948
   -0.468103
   -0.467899
   -0.468535
   -0.468706
   -0.468810
   -0.468718
   -0.424656
   -0.424921
   -0.424718
   -0.424816
   -0.424538
   -0.424734
   -0.424767
   -0.424818
   -0.424758
   -0.424740
   -0.424811
   -0.424718
   -0.424632
   -0.424562
   -0.424836
   -0.424702
   -0.461463
   -0.461029
   -0.461400
   -0.460896
   -0.461004
   -0.460704
   -0.461075
   -0.460836
   -0.461104
   -0.460939
   -0.461076
   -0.460881
   -0.460997
   -0.460882
   -0.460968
   -0.460886
   -0.437909
   -0.438053
   -0.437943
   -0.437947
   -0.436963
   -0.437064
   -0.437079
   -0.437129
   -0.436988
   -0.436927
   -0.437078
   -0.437019
   -0.437126
   -0.437021
   -0.437176
   -0.437012
   -0.474775
   -0.474449
   -0.474735
   -0.474281
   -0.473969
   -0.473739
   -0.474056
   -0.473828
   -0.473743
   -0.473450
   -0.473739
   -0.473607
   -0.473689
   -0.473626
   -0.473667
   -0.473643
   -0.433346
   -0.433359
   -0.433328
   -0.433325
   -0.432000
   -0.432050
   -0.432079
   -0.432053
   -0.432102
   -0.432002
   -0.432088
   -0.431969
   -0.434763
   -0.434603
   -0.434961
   -0.434725
   -0.461281
   -0.461017
   -0.461294
   -0.460983
   -0.460689
   -0.460498
   -0.460739
   -0.460572
   -0.460724
   -0.460587
   -0.460676
   -0.460604
   -0.460266
   -0.460127
   -0.460254
   -0.460305
   -0.436621
   -0.436631
   -0.436633
   -0.436646
   -0.438563
   -0.438544
   -0.438583
   -0.438521
   -0.438586
   -0.438618
   -0.438767
   -0.438589
   -0.438799
   -0.438562
   -0.438836
   -0.438520
   -0.469161
   -0.468983
   -0.469257
   -0.469049
   -0.468156
   -0.467959
   -0.468157
   -0.467984
   -0.468124
   -0.468296
   -0.468368
   -0.468323
   -0.469298
   -0.469338
   -0.469258
   -0.469380
   -0.424794
   -0.424759
   -0.424784
   -0.424773
   -0.424791
   -0.424734
   -0.424809
   -0.424723
   -0.424687
   -0.424551
   -0.424733
   -0.424488
   -0.424222
   -0.424067
   -0.424411
   -0.424024
   -0.461896
   -0.461702
   -0.461870
   -0.461727
   -0.460785
   -0.460637
   -0.460797
   -0.460659
   -0.460483
   -0.460395
   -0.460441
   -0.460389
   -0.459852
   -0.460239
   -0.460098
   -0.460287
   -0.437126
   -0.437059
   -0.437126
   -0.437052
   -0.436902
   -0.436804
   -0.436906
   -0.436792
   -0.436928
   -0.436758
   -0.436971
   -0.436710
   -0.437389
   -0.437039
   -0.437435
   -0.436972
   -0.474579
   -0.474439
   -0.474579
   -0.474446
   -0.474268
   -0.474157
   -0.474264
   -0.474169
   -0.474241
   -0.474205
   -0.474195
   -0.474257
   -0.471640
   -0.471802
   -0.471575
   -0.471845
   -0.433842
   -0.433727
   -0.433843
   -0.433720
   -0.433296
   -0.433144
   -0.433300
   -0.433132
   -0.433323
   -0.433094
   -0.433372
   -0.433039
   -0.434876
   -0.434436
   -0.434935
   -0.434355
   -0.460864
   -0.460750
   -0.460861
   -0.460760
   -0.460446
   -0.460377
   -0.460438
   -0.460392
   -0.460411
   -0.460436
   -0.460355
   -0.460498
   -0.460135
   -0.460412
   -0.460054
   -0.460471
