   -0.452432
   -0.452229
   -0.452416
   -0.452264
   -0.452170
   -0.452071
   -0.452158
   -0.452083
   -0.452150
   -0.452098
   -0.452120
   -0.452129
   -0.452307
   -0.452382
   -0.452270
   -0.452396
   -0.479635
   -0.480022
   -0.479626
   -0.479998
   -0.480085
   -0.480415
   -0.480092
   -0.480407
   -0.480097
   -0.480395
   -0.480123
   -0.480367
   -0.480145
   -0.480285
   -0.479754
   -0.479895
   -0.439362
   -0.439117
   -0.439200
   -0.439122
   -0.438820
   -0.438753
   -0.438794
   -0.438764
   -0.438789
   -0.438776
   -0.438764
   -0.438802
   -0.439167
   -0.439426
   -0.439259
   -0.439230
   -0.486786
   -0.486987
   -0.486636
   -0.486947
   -0.486882
   -0.487158
   -0.486887
   -0.487152
   -0.486891
   -0.487141
   -0.486915
   -0.487116
   -0.486721
   -0.487081
   -0.486911
   -0.486860
   -0.431049
   -0.430882
   -0.430892
   -0.430880
   -0.431093
   -0.431102
   -0.431087
   -0.431109
   -0.431081
   -0.431123
   -0.431056
   -0.431149
   -0.430821
   -0.431182
   -0.430960
   -0.430991
   -0.484470
   -0.484595
   -0.484318
   -0.484561
   -0.484128
   -0.484347
   -0.484135
   -0.484339
   -0.484143
   -0.484324
   -0.484168
   -0.484298
   -0.484404
   -0.484691
   -0.484594
   -0.484466
   -0.442596
   -0.442505
   -0.442441
   -0.442498
   -0.442646
   -0.442718
   -0.442639
   -0.442728
   -0.442627
   -0.442746
   -0.442600
   -0.442775
   -0.442364
   -0.442808
   -0.442502
   -0.442620
   -0.466741
   -0.466894
   -0.466650
   -0.466843
   -0.466691
   -0.466712
   -0.466588
   -0.466731
   -0.466603
   -0.466710
   -0.466631
   -0.466695
   -0.466762
   -0.466957
   -0.466897
   -0.466733
   -0.452383
   -0.452343
   -0.452226
   -0.452333
   -0.452221
   -0.452342
   -0.452212
   -0.452356
   -0.452195
   -0.452379
   -0.452166
   -0.452408
   -0.452139
   -0.452651
   -0.452276
   -0.452469
   -0.480334
   -0.480336
   -0.480183
   -0.480308
   -0.480199
   -0.480306
   -0.480208
   -0.480291
   -0.480226
   -0.480267
   -0.480256
   -0.480239
   -0.480284
   -0.480423
   -0.480475
   -0.480189
   -0.439197
   -0.439183
   -0.439036
   -0.439173
   -0.439031
   -0.439187
   -0.439018
   -0.439207
   -0.438992
   -0.439237
   -0.438959
   -0.439268
   -0.438928
   -0.439509
   -0.439065
   -0.439331
   -0.486933
   -0.486939
   -0.486788
   -0.486909
   -0.486807
   -0.486900
   -0.486823
   -0.486876
   -0.486853
   -0.486841
   -0.486889
   -0.486809
   -0.486920
   -0.486989
   -0.487114
   -0.486749
   -0.431006
   -0.431017
   -0.430844
   -0.431007
   -0.430842
   -0.431026
   -0.430824
   -0.431052
   -0.430790
   -0.431091
   -0.430750
   -0.431127
   -0.430717
   -0.431372
   -0.430848
   -0.431201
   -0.484503
   -0.484470
   -0.484356
   -0.484442
   -0.484373
   -0.484432
   -0.484391
   -0.484404
   -0.484428
   -0.484362
   -0.484470
   -0.484324
   -0.484508
   -0.484501
   -0.484708
   -0.484254
   -0.442586
   -0.442611
   -0.442423
   -0.442601
   -0.442418
   -0.442620
   -0.442397
   -0.442653
   -0.442354
   -0.442700
   -0.442307
   -0.442743
   -0.442265
   -0.442995
   -0.442389
   -0.442832
   -0.466755
   -0.466736
   -0.466612
   -0.466705
   -0.466632
   -0.466691
   -0.466655
   -0.466656
   -0.466702
   -0.466604
   -0.466753
   -0.466558
   -0.466798
   -0.466724
   -0.467007
   -0.466469
   -0.483588
   -0.483935
   -0.483642
   -0.483885
   -0.483756
   -0.483970
   -0.483750
   -0.483957
   -0.483769
   -0.483949
   -0.483776
   -0.483931
   -0.483718
   -0.483830
   -0.483717
   -0.483844
   -0.561847
   -0.561803
   -0.561850
   -0.561828
   -0.561660
   -0.561676
   -0.561657
   -0.561695
   -0.561633
   -0.561707
   -0.561622
   -0.561728
   -0.561821
   -0.561914
   -0.561678
   -0.561903
   -0.477617
   -0.477878
   -0.477629
   -0.477887
   -0.477575
   -0.477903
   -0.477639
   -0.477856
   -0.477665
   -0.477841
   -0.477678
   -0.477819
   -0.477771
   -0.477945
   -0.477796
   -0.477727
   -0.558882
   -0.558629
   -0.558795
   -0.558734
   -0.558654
   -0.558667
   -0.558643
   -0.558693
   -0.558614
   -0.558712
   -0.558596
   -0.558738
   -0.558646
   -0.558994
   -0.558719
   -0.558773
   -0.481038
   -0.481300
   -0.481048
   -0.481312
   -0.480981
   -0.481221
   -0.480995
   -0.481195
   -0.481026
   -0.481173
   -0.481046
   -0.481146
   -0.481157
   -0.481344
   -0.481253
   -0.481116
   -0.562562
   -0.562328
   -0.562477
   -0.562431
   -0.562500
   -0.562530
   -0.562482
   -0.562558
   -0.562450
   -0.562582
   -0.562428
   -0.562611
   -0.562316
   -0.562709
   -0.562381
   -0.562497
   -0.477970
   -0.478208
   -0.477976
   -0.478223
   -0.477906
   -0.478127
   -0.477924
   -0.478098
   -0.477956
   -0.478075
   -0.477978
   -0.478045
   -0.478084
   -0.478237
   -0.478184
   -0.478002
   -0.556049
   -0.555634
   -0.555849
   -0.555792
   -0.556194
   -0.556105
   -0.556074
   -0.556169
   -0.556042
   -0.556194
   -0.556018
   -0.556250
   -0.555502
   -0.556301
   -0.555882
   -0.555789
   -0.483818
   -0.484036
   -0.483821
   -0.484053
   -0.483830
   -0.484035
   -0.483851
   -0.484006
   -0.483884
   -0.483980
   -0.483909
   -0.483950
   -0.483937
   -0.484069
   -0.484036
   -0.483831
   -0.561777
   -0.561593
   -0.561700
   -0.561689
   -0.561647
   -0.561713
   -0.561625
   -0.561742
   -0.561591
   -0.561770
   -0.561564
   -0.561801
   -0.561530
   -0.561971
   -0.561596
   -0.561766
   -0.477833
   -0.477986
   -0.477827
   -0.478012
   -0.477827
   -0.477996
   -0.477845
   -0.477971
   -0.477877
   -0.477944
   -0.477902
   -0.477916
   -0.477931
   -0.478044
   -0.478028
   -0.477804
   -0.558636
   -0.558542
   -0.558569
   -0.558629
   -0.558523
   -0.558647
   -0.558508
   -0.558668
   -0.558479
   -0.558693
   -0.558456
   -0.558718
   -0.558432
   -0.558884
   -0.558503
   -0.558679
   -0.480968
   -0.481049
   -0.480955
   -0.481081
   -0.480952
   -0.481073
   -0.480964
   -0.481056
   -0.480990
   -0.481033
   -0.481012
   -0.481010
   -0.481032
   -0.481141
   -0.481123
   -0.480905
   -0.562632
   -0.562581
   -0.562572
   -0.562661
   -0.562532
   -0.562675
   -0.562523
   -0.562689
   -0.562498
   -0.562712
   -0.562477
   -0.562735
   -0.562454
   -0.562892
   -0.562531
   -0.562682
   -0.477913
   -0.477936
   -0.477892
   -0.477975
   -0.477879
   -0.477970
   -0.477883
   -0.477963
   -0.477903
   -0.477945
   -0.477919
   -0.477926
   -0.477936
   -0.478067
   -0.478019
   -0.477837
   -0.556115
   -0.556130
   -0.556059
   -0.556207
   -0.556025
   -0.556215
   -0.556023
   -0.556219
   -0.556004
   -0.556238
   -0.555988
   -0.556256
   -0.555971
   -0.556410
   -0.556055
   -0.556195
   -0.425173
   -0.425639
   -0.425206
   -0.425609
   -0.425826
   -0.426129
   -0.425886
   -0.426070
   -0.425929
   -0.426025
   -0.425970
   -0.426003
   -0.425401
   -0.425405
   -0.425417
   -0.425392
   -0.437332
   -0.436904
   -0.437348
   -0.436922
   -0.436137
   -0.435792
   -0.436087
   -0.435841
   -0.436051
   -0.435879
   -0.436018
   -0.435896
   -0.435948
   -0.436001
   -0.437169
   -0.437086
   -0.422292
   -0.422948
   -0.422751
   -0.422978
   -0.423795
   -0.424017
   -0.423873
   -0.423978
   -0.423896
   -0.423951
   -0.423919
   -0.423942
   -0.422703
   -0.422224
   -0.422362
   -0.422864
   -0.447787
   -0.447926
   -0.448226
   -0.447970
   -0.447612
   -0.447395
   -0.447584
   -0.447421
   -0.447569
   -0.447440
   -0.447551
   -0.447446
   -0.448134
   -0.447400
   -0.447642
   -0.448052
   -0.420704
   -0.421178
   -0.421148
   -0.421223
   -0.420550
   -0.420616
   -0.420568
   -0.420599
   -0.420577
   -0.420587
   -0.420588
   -0.420586
   -0.421169
   -0.420524
   -0.420680
   -0.421166
   -0.438334
   -0.438623
   -0.438784
   -0.438657
   -0.439354
   -0.439235
   -0.439340
   -0.439247
   -0.439336
   -0.439255
   -0.439327
   -0.439255
   -0.438748
   -0.438037
   -0.438258
   -0.438688
   -0.427807
   -0.428164
   -0.428243
   -0.428216
   -0.427643
   -0.427626
   -0.427650
   -0.427620
   -0.427649
   -0.427617
   -0.427653
   -0.427620
   -0.428226
   -0.427559
   -0.427734
   -0.428203
   -0.436868
   -0.437068
   -0.437187
   -0.437136
   -0.437016
   -0.437411
   -0.437355
   -0.437315
   -0.437356
   -0.437318
   -0.437352
   -0.437271
   -0.437187
   -0.436437
   -0.436775
   -0.437149
   -0.425114
   -0.425391
   -0.425544
   -0.425449
   -0.425519
   -0.425451
   -0.425515
   -0.425455
   -0.425508
   -0.425459
   -0.425506
   -0.425465
   -0.425495
   -0.424829
   -0.425002
   -0.425476
   -0.435520
   -0.435951
   -0.435982
   -0.435975
   -0.435982
   -0.435956
   -0.435988
   -0.435950
   -0.435996
   -0.435945
   -0.435999
   -0.435937
   -0.436005
   -0.435291
   -0.435521
   -0.435936
   -0.422564
   -0.422843
   -0.422992
   -0.422901
   -0.422966
   -0.422903
   -0.422958
   -0.422911
   -0.422950
   -0.422917
   -0.422944
   -0.422927
   -0.422934
   -0.422300
   -0.422437
   -0.422952
   -0.447573
   -0.447972
   -0.448033
   -0.447999
   -0.448029
   -0.447982
   -0.448035
   -0.447977
   -0.448039
   -0.447973
   -0.448043
   -0.447965
   -0.448054
   -0.447322
   -0.447572
   -0.447961
   -0.420683
   -0.420993
   -0.421115
   -0.421046
   -0.421084
   -0.421038
   -0.421077
   -0.421045
   -0.421071
   -0.421052
   -0.421064
   -0.421063
   -0.421050
   -0.420434
   -0.420549
   -0.421093
   -0.438393
   -0.438774
   -0.438851
   -0.438805
   -0.438846
   -0.438788
   -0.438852
   -0.438781
   -0.438857
   -0.438776
   -0.438863
   -0.438765
   -0.438873
   -0.438117
   -0.438396
   -0.438749
   -0.427705
   -0.428048
   -0.428137
   -0.428099
   -0.428116
   -0.428098
   -0.428108
   -0.428108
   -0.428101
   -0.428117
   -0.428092
   -0.428131
   -0.428076
   -0.427508
   -0.427568
   -0.428176
   -0.436940
   -0.437290
   -0.437399
   -0.437321
   -0.437393
   -0.437304
   -0.437401
   -0.437293
   -0.437410
   -0.437283
   -0.437422
   -0.437265
   -0.437441
   -0.436611
   -0.436975
   -0.437229
   -0.419397
   -0.419583
   -0.419431
   -0.419548
   -0.419072
   -0.419114
   -0.419106
   -0.419099
   -0.419112
   -0.419093
   -0.419124
   -0.419082
   -0.419524
   -0.419457
   -0.419534
   -0.419445
   -0.408699
   -0.408045
   -0.408494
   -0.408155
   -0.409213
   -0.408951
   -0.409184
   -0.408966
   -0.409177
   -0.408973
   -0.409166
   -0.408983
   -0.408527
   -0.408507
   -0.408596
   -0.408242
   -0.419896
   -0.420292
   -0.419918
   -0.420085
   -0.419930
   -0.419702
   -0.419783
   -0.419765
   -0.419788
   -0.419760
   -0.419797
   -0.419752
   -0.419936
   -0.419768
   -0.419974
   -0.420225
   -0.414732
   -0.414589
   -0.414696
   -0.414445
   -0.415121
   -0.414856
   -0.415096
   -0.414868
   -0.415091
   -0.414873
   -0.415083
   -0.414879
   -0.414696
   -0.414253
   -0.414583
   -0.414719
   -0.418331
   -0.418690
   -0.418346
   -0.418490
   -0.418815
   -0.418835
   -0.418833
   -0.418828
   -0.418835
   -0.418828
   -0.418837
   -0.418827
   -0.418459
   -0.418195
   -0.418354
   -0.418658
   -0.409807
   -0.409713
   -0.409780
   -0.409561
   -0.409446
   -0.409199
   -0.409432
   -0.409207
   -0.409430
   -0.409208
   -0.409427
   -0.409211
   -0.409799
   -0.409343
   -0.409692
   -0.409805
   -0.423824
   -0.424147
   -0.423833
   -0.423951
   -0.424302
   -0.424305
   -0.424316
   -0.424298
   -0.424319
   -0.424297
   -0.424322
   -0.424292
   -0.423970
   -0.423676
   -0.423868
   -0.424139
   -0.410621
   -0.411182
   -0.410970
   -0.410853
   -0.409927
   -0.409969
   -0.410104
   -0.409905
   -0.410098
   -0.409909
   -0.410091
   -0.409857
   -0.411494
   -0.410023
   -0.410463
   -0.411332
   -0.418826
   -0.419118
   -0.418833
   -0.418925
   -0.418919
   -0.418899
   -0.418931
   -0.418890
   -0.418936
   -0.418886
   -0.418943
   -0.418877
   -0.418965
   -0.418622
   -0.418869
   -0.419079
   -0.409237
   -0.409196
   -0.409212
   -0.409041
   -0.409263
   -0.409054
   -0.409248
   -0.409068
   -0.409239
   -0.409075
   -0.409229
   -0.409089
   -0.409221
   -0.408864
   -0.409097
   -0.409335
   -0.419390
   -0.419668
   -0.419399
   -0.419473
   -0.419492
   -0.419453
   -0.419507
   -0.419437
   -0.419516
   -0.419429
   -0.419529
   -0.419413
   -0.419542
   -0.419135
   -0.419456
   -0.419588
   -0.415242
   -0.415228
   -0.415218
   -0.415073
   -0.415268
   -0.415086
   -0.415251
   -0.415106
   -0.415238
   -0.415119
   -0.415220
   -0.415140
   -0.415192
   -0.414913
   -0.415060
   -0.415390
   -0.418806
   -0.419021
   -0.418810
   -0.418831
   -0.418893
   -0.418808
   -0.418907
   -0.418790
   -0.418917
   -0.418778
   -0.418934
   -0.418758
   -0.418967
   -0.418481
   -0.418884
   -0.418927
   -0.409317
   -0.409389
   -0.409300
   -0.409228
   -0.409356
   -0.409234
   -0.409343
   -0.409253
   -0.409333
   -0.409264
   -0.409316
   -0.409286
   -0.409291
   -0.409074
   -0.409154
   -0.409556
   -0.424333
   -0.424471
   -0.424331
   -0.424288
   -0.424413
   -0.424279
   -0.424421
   -0.424263
   -0.424427
   -0.424255
   -0.424444
   -0.424233
   -0.424476
   -0.423945
   -0.424398
   -0.424387
   -0.410094
   -0.410201
   -0.410079
   -0.410035
   -0.410140
   -0.410036
   -0.410132
   -0.410052
   -0.410127
   -0.410060
   -0.410108
   -0.410084
   -0.410073
   -0.409871
   -0.409933
   -0.410355
   -0.445834
   -0.444687
   -0.445711
   -0.444790
   -0.441234
   -0.440489
   -0.441138
   -0.440599
   -0.441031
   -0.440705
   -0.440936
   -0.440787
   -0.445278
   -0.445245
   -0.445241
   -0.445264
   -0.451379
   -0.452371
   -0.451415
   -0.452276
   -0.460325
   -0.461044
   -0.460407
   -0.460949
   -0.460500
   -0.460857
   -0.460583
   -0.460786
   -0.460958
   -0.460610
   -0.451779
   -0.451921
   -0.445542
   -0.440643
   -0.441342
   -0.440647
   -0.432694
   -0.432064
   -0.432557
   -0.432135
   -0.432477
   -0.432215
   -0.432406
   -0.432275
   -0.441484
   -0.445704
   -0.445278
   -0.440913
   -0.463415
   -0.460157
   -0.459376
   -0.460027
   -0.463849
   -0.464416
   -0.463903
   -0.464351
   -0.463969
   -0.464286
   -0.464027
   -0.464236
   -0.459661
   -0.464525
   -0.463946
   -0.459720
   -0.436659
   -0.431965
   -0.432482
   -0.431947
   -0.436886
   -0.436437
   -0.436841
   -0.436492
   -0.436785
   -0.436547
   -0.436735
   -0.436589
   -0.432300
   -0.436928
   -0.436556
   -0.432131
   -0.472788
   -0.469341
   -0.468727
   -0.469231
   -0.464369
   -0.464826
   -0.464407
   -0.464782
   -0.464451
   -0.464739
   -0.464490
   -0.464705
   -0.468918
   -0.473813
   -0.473198
   -0.469011
   -0.436539
   -0.432028
   -0.432386
   -0.431990
   -0.436783
   -0.436437
   -0.436754
   -0.436472
   -0.436720
   -0.436504
   -0.436691
   -0.436530
   -0.432281
   -0.436870
   -0.436545
   -0.432067
   -0.463990
   -0.460711
   -0.460196
   -0.460552
   -0.460978
   -0.459998
   -0.459971
   -0.460274
   -0.459993
   -0.460255
   -0.460010
   -0.460385
   -0.460130
   -0.465545
   -0.464424
   -0.460355
   -0.449368
   -0.445036
   -0.445235
   -0.444978
   -0.445246
   -0.445007
   -0.445237
   -0.445017
   -0.445228
   -0.445023
   -0.445224
   -0.445026
   -0.445229
   -0.449748
   -0.449504
   -0.444934
   -0.464641
   -0.460868
   -0.460539
   -0.460796
   -0.460553
   -0.460822
   -0.460553
   -0.460821
   -0.460551
   -0.460829
   -0.460543
   -0.460837
   -0.460540
   -0.465575
   -0.464794
   -0.460795
   -0.445058
   -0.440838
   -0.440941
   -0.440767
   -0.440967
   -0.440790
   -0.440971
   -0.440784
   -0.440981
   -0.440767
   -0.440998
   -0.440751
   -0.441010
   -0.445447
   -0.445300
   -0.440622
   -0.463868
   -0.460000
   -0.459753
   -0.459938
   -0.459758
   -0.459971
   -0.459750
   -0.459984
   -0.459733
   -0.460009
   -0.459707
   -0.460034
   -0.459682
   -0.464777
   -0.463925
   -0.460008
   -0.436502
   -0.432365
   -0.432397
   -0.432285
   -0.432456
   -0.432326
   -0.432468
   -0.432306
   -0.432493
   -0.432272
   -0.432526
   -0.432241
   -0.432559
   -0.436930
   -0.436858
   -0.432093
   -0.472908
   -0.468969
   -0.468780
   -0.468917
   -0.468776
   -0.468957
   -0.468758
   -0.468985
   -0.468725
   -0.469028
   -0.468682
   -0.469068
   -0.468649
   -0.473829
   -0.472879
   -0.469073
   -0.436452
   -0.432382
   -0.432361
   -0.432290
   -0.432405
   -0.432299
   -0.432427
   -0.432264
   -0.432469
   -0.432213
   -0.432520
   -0.432165
   -0.432562
   -0.436838
   -0.436875
   -0.431987
   -0.464199
   -0.460191
   -0.460059
   -0.460149
   -0.460045
   -0.460197
   -0.460017
   -0.460241
   -0.459966
   -0.460302
   -0.459906
   -0.460358
   -0.459855
   -0.465130
   -0.464071
   -0.460390
   -0.441569
   -0.441425
   -0.441551
   -0.441457
   -0.441158
   -0.441139
   -0.441132
   -0.441152
   -0.441129
   -0.441156
   -0.441121
   -0.441155
   -0.441470
   -0.441534
   -0.441478
   -0.441535
   -0.466515
   -0.467526
   -0.467041
   -0.467281
   -0.467865
   -0.468015
   -0.467881
   -0.468002
   -0.467884
   -0.467998
   -0.467892
   -0.467999
   -0.472437
   -0.472251
   -0.466550
   -0.467227
   -0.441304
   -0.436081
   -0.436919
   -0.436629
   -0.431108
   -0.431831
   -0.431601
   -0.431631
   -0.431597
   -0.431636
   -0.431590
   -0.431635
   -0.436898
   -0.441612
   -0.441274
   -0.436094
   -0.475540
   -0.470688
   -0.471188
   -0.471173
   -0.471387
   -0.471522
   -0.471407
   -0.471511
   -0.471411
   -0.471507
   -0.471417
   -0.471509
   -0.471036
   -0.476061
   -0.475688
   -0.470554
   -0.440822
   -0.435663
   -0.436441
   -0.436206
   -0.436592
   -0.436627
   -0.436575
   -0.436637
   -0.436571
   -0.436640
   -0.436567
   -0.436637
   -0.436187
   -0.441195
   -0.440837
   -0.435676
   -0.477311
   -0.472380
   -0.472951
   -0.472872
   -0.472401
   -0.472475
   -0.472406
   -0.472467
   -0.472409
   -0.472464
   -0.472413
   -0.472466
   -0.472802
   -0.477781
   -0.477445
   -0.472273
   -0.439901
   -0.434815
   -0.435526
   -0.435352
   -0.435679
   -0.435763
   -0.435667
   -0.435772
   -0.435663
   -0.435776
   -0.435655
   -0.435779
   -0.435209
   -0.440278
   -0.439854
   -0.434761
   -0.467706
   -0.457994
   -0.459358
   -0.459007
   -0.467770
   -0.467393
   -0.467508
   -0.467514
   -0.467514
   -0.467507
   -0.467525
   -0.467636
   -0.457803
   -0.468434
   -0.467900
   -0.457790
   -0.450418
   -0.445373
   -0.446042
   -0.445908
   -0.445826
   -0.445950
   -0.445815
   -0.445962
   -0.445806
   -0.445973
   -0.445791
   -0.445983
   -0.445745
   -0.450902
   -0.450391
   -0.445390
   -0.472382
   -0.467384
   -0.468025
   -0.467880
   -0.467843
   -0.467861
   -0.467855
   -0.467846
   -0.467868
   -0.467831
   -0.467887
   -0.467816
   -0.467875
   -0.472714
   -0.472540
   -0.467200
   -0.445563
   -0.440506
   -0.441182
   -0.441044
   -0.440943
   -0.441074
   -0.440928
   -0.441093
   -0.440911
   -0.441114
   -0.440885
   -0.441134
   -0.440883
   -0.446104
   -0.445511
   -0.440597
   -0.471241
   -0.466251
   -0.466890
   -0.466743
   -0.466713
   -0.466720
   -0.466729
   -0.466698
   -0.466748
   -0.466675
   -0.466777
   -0.466651
   -0.466810
   -0.471573
   -0.471485
   -0.466053
   -0.436592
   -0.431546
   -0.432207
   -0.432087
   -0.431978
   -0.432132
   -0.431961
   -0.432155
   -0.431941
   -0.432179
   -0.431911
   -0.432205
   -0.431865
   -0.437156
   -0.436496
   -0.431654
   -0.481535
   -0.476516
   -0.477186
   -0.477007
   -0.477011
   -0.476982
   -0.477028
   -0.476959
   -0.477046
   -0.476935
   -0.477077
   -0.476908
   -0.477088
   -0.481800
   -0.481766
   -0.476279
   -0.435668
   -0.430639
   -0.431280
   -0.431181
   -0.431037
   -0.431215
   -0.431019
   -0.431240
   -0.430999
   -0.431265
   -0.430966
   -0.431293
   -0.430936
   -0.436264
   -0.435565
   -0.430761
   -0.471943
   -0.466923
   -0.467599
   -0.467412
   -0.467427
   -0.467385
   -0.467444
   -0.467360
   -0.467463
   -0.467334
   -0.467497
   -0.467306
   -0.467527
   -0.472214
   -0.472205
   -0.466696
   -0.433730
   -0.433786
   -0.433738
   -0.433787
   -0.434240
   -0.434315
   -0.434234
   -0.434318
   -0.434236
   -0.434302
   -0.434255
   -0.434279
   -0.433683
   -0.433688
   -0.433698
   -0.433678
   -0.456658
   -0.456550
   -0.456714
   -0.456626
   -0.455495
   -0.455370
   -0.455500
   -0.455366
   -0.455499
   -0.455380
   -0.455484
   -0.455400
   -0.455988
   -0.460120
   -0.457003
   -0.456572
   -0.434260
   -0.429598
   -0.429592
   -0.429671
   -0.425947
   -0.425972
   -0.425994
   -0.426063
   -0.425989
   -0.426056
   -0.425997
   -0.426044
   -0.425365
   -0.429547
   -0.433716
   -0.429988
   -0.465145
   -0.460459
   -0.460492
   -0.460507
   -0.459939
   -0.459829
   -0.459957
   -0.459816
   -0.459963
   -0.459819
   -0.459959
   -0.459828
   -0.460532
   -0.460344
   -0.464667
   -0.460786
   -0.435515
   -0.430821
   -0.430839
   -0.430902
   -0.430155
   -0.430191
   -0.430132
   -0.430209
   -0.430121
   -0.430212
   -0.430119
   -0.430208
   -0.430707
   -0.430744
   -0.434849
   -0.431189
   -0.463758
   -0.459109
   -0.459114
   -0.459149
   -0.459737
   -0.459634
   -0.459760
   -0.459612
   -0.459775
   -0.459606
   -0.459780
   -0.459607
   -0.459198
   -0.458954
   -0.463333
   -0.459394
   -0.435517
   -0.430792
   -0.430831
   -0.430880
   -0.430219
   -0.430255
   -0.430187
   -0.430283
   -0.430167
   -0.430297
   -0.430154
   -0.430302
   -0.430713
   -0.430823
   -0.434848
   -0.431275
   -0.456054
   -0.446216
   -0.446176
   -0.446308
   -0.447061
   -0.456527
   -0.455782
   -0.455610
   -0.455809
   -0.455588
   -0.455830
   -0.455129
   -0.447152
   -0.446567
   -0.455265
   -0.446854
   -0.443112
   -0.438355
   -0.438418
   -0.438453
   -0.438382
   -0.438425
   -0.438340
   -0.438468
   -0.438303
   -0.438501
   -0.438272
   -0.438526
   -0.438241
   -0.438478
   -0.442365
   -0.438945
   -0.460081
   -0.455483
   -0.455457
   -0.455505
   -0.455509
   -0.455383
   -0.455558
   -0.455333
   -0.455603
   -0.455290
   -0.455644
   -0.455256
   -0.455665
   -0.455163
   -0.459829
   -0.455572
   -0.439004
   -0.434259
   -0.434305
   -0.434363
   -0.434259
   -0.434339
   -0.434205
   -0.434395
   -0.434151
   -0.434448
   -0.434101
   -0.434490
   -0.434070
   -0.434469
   -0.438175
   -0.434953
   -0.460411
   -0.455775
   -0.455789
   -0.455792
   -0.455845
   -0.455665
   -0.455901
   -0.455605
   -0.455961
   -0.455545
   -0.456017
   -0.455498
   -0.456060
   -0.455405
   -0.460239
   -0.455797
   -0.430783
   -0.426071
   -0.426082
   -0.426180
   -0.425958
   -0.426088
   -0.425897
   -0.426154
   -0.425831
   -0.426221
   -0.425768
   -0.426273
   -0.425719
   -0.426253
   -0.429813
   -0.426752
   -0.468518
   -0.463838
   -0.463898
   -0.463851
   -0.463958
   -0.463721
   -0.464020
   -0.463651
   -0.464091
   -0.463579
   -0.464156
   -0.463526
   -0.464195
   -0.463421
   -0.468383
   -0.463802
   -0.430735
   -0.426069
   -0.426030
   -0.426184
   -0.425975
   -0.426168
   -0.425908
   -0.426245
   -0.425829
   -0.426323
   -0.425759
   -0.426380
   -0.425713
   -0.426367
   -0.429799
   -0.426877
   -0.460396
   -0.455694
   -0.455782
   -0.455700
   -0.455848
   -0.455563
   -0.455919
   -0.455481
   -0.456004
   -0.455397
   -0.456079
   -0.455337
   -0.456126
   -0.455233
   -0.460324
   -0.455603
   -0.435010
   -0.434896
   -0.434982
   -0.434904
   -0.434998
   -0.434920
   -0.434998
   -0.434931
   -0.434974
   -0.434950
   -0.434961
   -0.434956
   -0.434961
   -0.434922
   -0.434934
   -0.434914
   -0.458368
   -0.453437
   -0.454082
   -0.454018
   -0.453871
   -0.453870
   -0.453890
   -0.453867
   -0.453906
   -0.453855
   -0.453914
   -0.453852
   -0.452900
   -0.457989
   -0.458471
   -0.454028
   -0.435222
   -0.435396
   -0.430500
   -0.431061
   -0.431515
   -0.426561
   -0.427191
   -0.427144
   -0.427179
   -0.427154
   -0.427172
   -0.427156
   -0.425985
   -0.429979
   -0.435176
   -0.435493
   -0.462727
   -0.462869
   -0.458038
   -0.458541
   -0.458564
   -0.458505
   -0.458553
   -0.458509
   -0.458559
   -0.458504
   -0.458562
   -0.458506
   -0.458632
   -0.457455
   -0.462651
   -0.462980
   -0.435198
   -0.435384
   -0.430479
   -0.431047
   -0.430983
   -0.430948
   -0.430994
   -0.430943
   -0.430990
   -0.430946
   -0.430990
   -0.430942
   -0.431081
   -0.429900
   -0.435138
   -0.435413
   -0.462137
   -0.462272
   -0.457446
   -0.457945
   -0.458081
   -0.458046
   -0.458093
   -0.458056
   -0.458092
   -0.458057
   -0.458089
   -0.458064
   -0.457971
   -0.456854
   -0.462012
   -0.462379
   -0.435473
   -0.435648
   -0.430756
   -0.431311
   -0.431251
   -0.431205
   -0.431261
   -0.431196
   -0.431263
   -0.431194
   -0.431268
   -0.431186
   -0.431542
   -0.430318
   -0.435602
   -0.435832
   -0.454375
   -0.454679
   -0.444900
   -0.446018
   -0.444901
   -0.454438
   -0.454318
   -0.454309
   -0.454312
   -0.454314
   -0.454304
   -0.454060
   -0.454910
   -0.443954
   -0.454218
   -0.454916
   -0.443147
   -0.443297
   -0.438432
   -0.438961
   -0.438976
   -0.438911
   -0.438983
   -0.438902
   -0.438989
   -0.438897
   -0.438998
   -0.438885
   -0.439119
   -0.437832
   -0.443157
   -0.443350
   -0.458039
   -0.458219
   -0.453347
   -0.453890
   -0.453934
   -0.453907
   -0.453928
   -0.453917
   -0.453920
   -0.453924
   -0.453909
   -0.453937
   -0.453968
   -0.452888
   -0.457979
   -0.458404
   -0.439357
   -0.439502
   -0.434644
   -0.435168
   -0.435238
   -0.435171
   -0.435240
   -0.435164
   -0.435247
   -0.435158
   -0.435257
   -0.435146
   -0.435222
   -0.433966
   -0.439285
   -0.439487
   -0.458671
   -0.458832
   -0.453976
   -0.454504
   -0.454562
   -0.454520
   -0.454561
   -0.454528
   -0.454553
   -0.454536
   -0.454541
   -0.454549
   -0.454498
   -0.453401
   -0.458507
   -0.458913
   -0.431013
   -0.431185
   -0.426304
   -0.426850
   -0.426883
   -0.426838
   -0.426881
   -0.426832
   -0.426887
   -0.426826
   -0.426898
   -0.426814
   -0.426965
   -0.425710
   -0.431002
   -0.431238
   -0.466286
   -0.466452
   -0.461592
   -0.462121
   -0.462180
   -0.462133
   -0.462185
   -0.462138
   -0.462179
   -0.462143
   -0.462169
   -0.462154
   -0.462206
   -0.461079
   -0.466217
   -0.466584
   -0.431385
   -0.431557
   -0.426675
   -0.427226
   -0.427268
   -0.427234
   -0.427260
   -0.427231
   -0.427263
   -0.427229
   -0.427271
   -0.427221
   -0.427281
   -0.426070
   -0.431315
   -0.431605
   -0.458535
   -0.458679
   -0.453839
   -0.454348
   -0.454426
   -0.454359
   -0.454433
   -0.454364
   -0.454429
   -0.454366
   -0.454421
   -0.454374
   -0.454413
   -0.453244
   -0.458428
   -0.458741
   -0.434932
   -0.435087
   -0.434952
   -0.435059
   -0.434972
   -0.435048
   -0.434977
   -0.435030
   -0.434998
   -0.435012
   -0.434998
   -0.435020
   -0.435216
   -0.435231
   -0.435208
   -0.435246
   -0.458512
   -0.454314
   -0.453989
   -0.453963
   -0.454600
   -0.454609
   -0.454594
   -0.454630
   -0.454572
   -0.454647
   -0.454571
   -0.454640
   -0.454204
   -0.458484
   -0.454529
   -0.454207
   -0.430664
   -0.435370
   -0.431135
   -0.430842
   -0.431229
   -0.427167
   -0.426734
   -0.426769
   -0.426752
   -0.426755
   -0.426752
   -0.426763
   -0.426814
   -0.430871
   -0.435057
   -0.431414
   -0.458190
   -0.462717
   -0.458626
   -0.458238
   -0.458647
   -0.458669
   -0.458639
   -0.458687
   -0.458622
   -0.458700
   -0.458620
   -0.458694
   -0.458407
   -0.458335
   -0.462468
   -0.458857
   -0.429949
   -0.434626
   -0.430417
   -0.430103
   -0.430694
   -0.430734
   -0.430701
   -0.430719
   -0.430714
   -0.430709
   -0.430714
   -0.430716
   -0.430500
   -0.430346
   -0.434544
   -0.430888
   -0.458596
   -0.463141
   -0.459034
   -0.458658
   -0.458630
   -0.458664
   -0.458622
   -0.458679
   -0.458609
   -0.458690
   -0.458608
   -0.458683
   -0.458819
   -0.458750
   -0.462881
   -0.459270
   -0.430227
   -0.434917
   -0.430695
   -0.430394
   -0.430761
   -0.430807
   -0.430769
   -0.430793
   -0.430781
   -0.430784
   -0.430783
   -0.430789
   -0.430578
   -0.430423
   -0.434623
   -0.430964
   -0.446099
   -0.455398
   -0.447202
   -0.446414
   -0.446471
   -0.446075
   -0.454294
   -0.454333
   -0.454281
   -0.454345
   -0.454276
   -0.455673
   -0.447352
   -0.446163
   -0.454489
   -0.447429
   -0.438754
   -0.443464
   -0.439222
   -0.438941
   -0.439074
   -0.439133
   -0.439085
   -0.439120
   -0.439099
   -0.439108
   -0.439105
   -0.439105
   -0.439116
   -0.438951
   -0.443162
   -0.439490
   -0.454318
   -0.458810
   -0.454753
   -0.454330
   -0.454560
   -0.454565
   -0.454544
   -0.454584
   -0.454523
   -0.454604
   -0.454508
   -0.454614
   -0.454494
   -0.454475
   -0.458547
   -0.455003
   -0.434540
   -0.439271
   -0.435009
   -0.434749
   -0.434864
   -0.434936
   -0.434881
   -0.434916
   -0.434904
   -0.434892
   -0.434923
   -0.434879
   -0.434941
   -0.434712
   -0.438995
   -0.435242
   -0.454319
   -0.458814
   -0.454756
   -0.454333
   -0.454564
   -0.454570
   -0.454546
   -0.454591
   -0.454520
   -0.454619
   -0.454497
   -0.454636
   -0.454473
   -0.454501
   -0.458519
   -0.455037
   -0.426149
   -0.430852
   -0.426614
   -0.426333
   -0.426679
   -0.426732
   -0.426694
   -0.426713
   -0.426717
   -0.426687
   -0.426739
   -0.426672
   -0.426762
   -0.426503
   -0.430820
   -0.427028
   -0.462372
   -0.466933
   -0.462819
   -0.462444
   -0.462632
   -0.462675
   -0.462620
   -0.462691
   -0.462598
   -0.462717
   -0.462576
   -0.462731
   -0.462558
   -0.462596
   -0.466604
   -0.463132
   -0.426468
   -0.431114
   -0.426924
   -0.426602
   -0.426771
   -0.426798
   -0.426779
   -0.426785
   -0.426797
   -0.426763
   -0.426815
   -0.426754
   -0.426830
   -0.426588
   -0.430885
   -0.427116
   -0.453960
   -0.458562
   -0.454413
   -0.454068
   -0.454232
   -0.454292
   -0.454227
   -0.454303
   -0.454211
   -0.454323
   -0.454196
   -0.454329
   -0.454183
   -0.454187
   -0.458233
   -0.454721
   -0.434503
   -0.434986
   -0.434563
   -0.434925
   -0.434741
   -0.435012
   -0.434776
   -0.434962
   -0.434816
   -0.434936
   -0.434842
   -0.434903
   -0.434666
   -0.434758
   -0.434743
   -0.434766
   -0.460807
   -0.460844
   -0.456684
   -0.456492
   -0.456724
   -0.456459
   -0.456625
   -0.456501
   -0.456592
   -0.456522
   -0.456571
   -0.456550
   -0.460880
   -0.460693
   -0.455935
   -0.456536
   -0.429637
   -0.434399
   -0.434524
   -0.430361
   -0.429773
   -0.430370
   -0.425792
   -0.425935
   -0.425817
   -0.425921
   -0.425831
   -0.425900
   -0.430287
   -0.434540
   -0.434217
   -0.429541
   -0.459610
   -0.463847
   -0.464425
   -0.459876
   -0.459855
   -0.459745
   -0.459845
   -0.459769
   -0.459826
   -0.459779
   -0.459815
   -0.459796
   -0.459787
   -0.464287
   -0.464003
   -0.459271
   -0.429997
   -0.434667
   -0.434869
   -0.430645
   -0.430399
   -0.430557
   -0.430404
   -0.430540
   -0.430419
   -0.430532
   -0.430427
   -0.430517
   -0.430437
   -0.434926
   -0.434580
   -0.429927
   -0.460111
   -0.464404
   -0.464935
   -0.460422
   -0.460504
   -0.460339
   -0.460429
   -0.460353
   -0.460414
   -0.460362
   -0.460404
   -0.460377
   -0.460466
   -0.464888
   -0.464608
   -0.459877
   -0.429931
   -0.434537
   -0.434795
   -0.430527
   -0.430393
   -0.430526
   -0.430392
   -0.430518
   -0.430403
   -0.430511
   -0.430410
   -0.430499
   -0.429907
   -0.434400
   -0.434052
   -0.429396
   -0.446641
   -0.455437
   -0.456329
   -0.447445
   -0.447864
   -0.446468
   -0.455700
   -0.455638
   -0.455690
   -0.455646
   -0.455682
   -0.456066
   -0.446020
   -0.456171
   -0.455603
   -0.446168
   -0.438487
   -0.443038
   -0.443344
   -0.439037
   -0.439002
   -0.439102
   -0.438997
   -0.439102
   -0.439005
   -0.439095
   -0.439011
   -0.439082
   -0.438730
   -0.443280
   -0.442956
   -0.438266
   -0.456264
   -0.460653
   -0.461098
   -0.456657
   -0.456616
   -0.456576
   -0.456619
   -0.456578
   -0.456609
   -0.456587
   -0.456601
   -0.456601
   -0.456370
   -0.460892
   -0.460571
   -0.455896
   -0.433773
   -0.438299
   -0.438627
   -0.434301
   -0.434139
   -0.434221
   -0.434135
   -0.434221
   -0.434145
   -0.434212
   -0.434153
   -0.434198
   -0.434312
   -0.438752
   -0.438468
   -0.433735
   -0.455289
   -0.459703
   -0.460126
   -0.455703
   -0.455646
   -0.455625
   -0.455646
   -0.455627
   -0.455633
   -0.455640
   -0.455623
   -0.455656
   -0.455679
   -0.460238
   -0.459877
   -0.455247
   -0.425970
   -0.430487
   -0.430821
   -0.426492
   -0.426322
   -0.426402
   -0.426322
   -0.426401
   -0.426336
   -0.426386
   -0.426347
   -0.426369
   -0.426219
   -0.430700
   -0.430453
   -0.425677
   -0.464221
   -0.468645
   -0.469063
   -0.464642
   -0.464585
   -0.464563
   -0.464586
   -0.464563
   -0.464571
   -0.464580
   -0.464558
   -0.464599
   -0.464391
   -0.468972
   -0.468583
   -0.463988
   -0.425594
   -0.430086
   -0.430440
   -0.426097
   -0.425945
   -0.426016
   -0.425943
   -0.426019
   -0.425957
   -0.426001
   -0.425970
   -0.425981
   -0.425994
   -0.430452
   -0.430232
   -0.425422
   -0.455198
   -0.459658
   -0.460046
   -0.455647
   -0.455576
   -0.455563
   -0.455581
   -0.455557
   -0.455568
   -0.455576
   -0.455554
   -0.455598
   -0.455528
   -0.460118
   -0.459715
   -0.455141
   -0.442177
   -0.441511
   -0.442134
   -0.441567
   -0.441510
   -0.441089
   -0.441446
   -0.441154
   -0.441396
   -0.441193
   -0.441364
   -0.441221
   -0.441312
   -0.441198
   -0.441277
   -0.441209
   -0.471678
   -0.468035
   -0.467238
   -0.467601
   -0.466538
   -0.466800
   -0.466615
   -0.466739
   -0.466662
   -0.466703
   -0.466691
   -0.466679
   -0.471904
   -0.471383
   -0.466800
   -0.466805
   -0.438081
   -0.441934
   -0.438354
   -0.437485
   -0.437295
   -0.432815
   -0.432738
   -0.432492
   -0.432694
   -0.432526
   -0.432666
   -0.432549
   -0.437663
   -0.442219
   -0.441829
   -0.437051
   -0.471608
   -0.476446
   -0.471961
   -0.471895
   -0.471002
   -0.471195
   -0.471058
   -0.471140
   -0.471100
   -0.471107
   -0.471128
   -0.471083
   -0.471228
   -0.476219
   -0.475873
   -0.471028
   -0.439064
   -0.442974
   -0.439335
   -0.438524
   -0.437640
   -0.437335
   -0.437587
   -0.437388
   -0.437545
   -0.437422
   -0.437515
   -0.437447
   -0.437564
   -0.442644
   -0.442196
   -0.437479
   -0.471684
   -0.476459
   -0.472038
   -0.471910
   -0.471194
   -0.471351
   -0.471261
   -0.471302
   -0.471300
   -0.471269
   -0.471330
   -0.471244
   -0.471266
   -0.476224
   -0.475929
   -0.471031
   -0.438079
   -0.442066
   -0.438352
   -0.437612
   -0.437244
   -0.436994
   -0.437199
   -0.437039
   -0.437161
   -0.437073
   -0.437131
   -0.437099
   -0.437295
   -0.442418
   -0.441924
   -0.437255
   -0.458709
   -0.467774
   -0.459296
   -0.458732
   -0.458022
   -0.458384
   -0.467494
   -0.467506
   -0.467530
   -0.467472
   -0.467561
   -0.457878
   -0.458039
   -0.468252
   -0.467558
   -0.457802
   -0.446719
   -0.450782
   -0.446996
   -0.446322
   -0.445955
   -0.445759
   -0.445915
   -0.445794
   -0.445880
   -0.445828
   -0.445849
   -0.445855
   -0.445882
   -0.451040
   -0.450491
   -0.445880
   -0.467305
   -0.471924
   -0.467650
   -0.467390
   -0.466730
   -0.466766
   -0.466767
   -0.466732
   -0.466804
   -0.466696
   -0.466837
   -0.466667
   -0.466928
   -0.471754
   -0.471584
   -0.466553
   -0.442609
   -0.446751
   -0.442893
   -0.442282
   -0.441898
   -0.441744
   -0.441864
   -0.441776
   -0.441828
   -0.441813
   -0.441794
   -0.441844
   -0.441716
   -0.446953
   -0.446333
   -0.441799
   -0.467146
   -0.471665
   -0.467483
   -0.467144
   -0.466549
   -0.466530
   -0.466578
   -0.466502
   -0.466612
   -0.466466
   -0.466644
   -0.466436
   -0.466674
   -0.471449
   -0.471334
   -0.466245
   -0.434081
   -0.438340
   -0.434375
   -0.433857
   -0.432796
   -0.432712
   -0.432772
   -0.432736
   -0.432740
   -0.432771
   -0.432710
   -0.432799
   -0.432695
   -0.437966
   -0.437292
   -0.432818
   -0.476662
   -0.481068
   -0.476989
   -0.476559
   -0.476043
   -0.475956
   -0.476064
   -0.475936
   -0.476094
   -0.475904
   -0.476121
   -0.475876
   -0.476205
   -0.480933
   -0.480870
   -0.475723
   -0.433153
   -0.437505
   -0.433455
   -0.433012
   -0.432482
   -0.432457
   -0.432463
   -0.432476
   -0.432432
   -0.432510
   -0.432405
   -0.432539
   -0.432350
   -0.437680
   -0.436938
   -0.432540
   -0.468296
   -0.472643
   -0.468620
   -0.468139
   -0.467671
   -0.467537
   -0.467690
   -0.467517
   -0.467722
   -0.467482
   -0.467751
   -0.467452
   -0.467810
   -0.472463
   -0.472486
   -0.467243
   -0.439187
   -0.439020
   -0.439159
   -0.439043
   -0.438917
   -0.438833
   -0.438908
   -0.438847
   -0.438903
   -0.438855
   -0.438886
   -0.438873
   -0.439476
   -0.439275
   -0.439273
   -0.439262
   -0.461912
   -0.457104
   -0.457803
   -0.457667
   -0.457801
   -0.458045
   -0.458007
   -0.458033
   -0.458012
   -0.458026
   -0.458027
   -0.458011
   -0.462370
   -0.462276
   -0.458250
   -0.458017
   -0.435921
   -0.439953
   -0.435167
   -0.435637
   -0.436582
   -0.431575
   -0.432242
   -0.432169
   -0.432236
   -0.432177
   -0.432222
   -0.432191
   -0.436339
   -0.440390
   -0.440548
   -0.436462
   -0.464157
   -0.468437
   -0.463441
   -0.464086
   -0.464619
   -0.464658
   -0.464625
   -0.464649
   -0.464631
   -0.464642
   -0.464643
   -0.464630
   -0.464653
   -0.468557
   -0.468721
   -0.464652
   -0.434849
   -0.438866
   -0.434098
   -0.434549
   -0.435232
   -0.435124
   -0.435226
   -0.435135
   -0.435218
   -0.435143
   -0.435206
   -0.435154
   -0.435188
   -0.439280
   -0.439456
   -0.435352
   -0.462876
   -0.467168
   -0.462159
   -0.462816
   -0.462929
   -0.463182
   -0.463136
   -0.463171
   -0.463144
   -0.463164
   -0.463154
   -0.463154
   -0.462971
   -0.467088
   -0.467240
   -0.463180
   -0.435122
   -0.439158
   -0.434373
   -0.434839
   -0.435129
   -0.435033
   -0.435122
   -0.435042
   -0.435115
   -0.435048
   -0.435108
   -0.435056
   -0.436505
   -0.440588
   -0.440773
   -0.436662
   -0.451592
   -0.460059
   -0.450145
   -0.451377
   -0.451551
   -0.452035
   -0.460245
   -0.460266
   -0.460253
   -0.460260
   -0.460259
   -0.450686
   -0.452760
   -0.460173
   -0.460466
   -0.452351
   -0.443377
   -0.447404
   -0.442625
   -0.443086
   -0.443172
   -0.443081
   -0.443161
   -0.443089
   -0.443152
   -0.443095
   -0.443145
   -0.443103
   -0.443946
   -0.447842
   -0.448011
   -0.443921
   -0.457564
   -0.461835
   -0.456846
   -0.457489
   -0.457820
   -0.457857
   -0.457829
   -0.457852
   -0.457836
   -0.457848
   -0.457840
   -0.457842
   -0.458447
   -0.462364
   -0.462516
   -0.458452
   -0.440566
   -0.444613
   -0.439820
   -0.440289
   -0.440775
   -0.440680
   -0.440767
   -0.440685
   -0.440758
   -0.440690
   -0.440754
   -0.440697
   -0.440344
   -0.444431
   -0.444609
   -0.440513
   -0.460122
   -0.464369
   -0.459398
   -0.460030
   -0.460366
   -0.460401
   -0.460373
   -0.460398
   -0.460381
   -0.460394
   -0.460384
   -0.460387
   -0.460191
   -0.464108
   -0.464260
   -0.460194
   -0.430540
   -0.434615
   -0.429799
   -0.430283
   -0.430940
   -0.430848
   -0.430937
   -0.430849
   -0.430930
   -0.430852
   -0.430928
   -0.430858
   -0.431324
   -0.435193
   -0.435390
   -0.431274
   -0.466995
   -0.471208
   -0.466266
   -0.466878
   -0.467225
   -0.467258
   -0.467224
   -0.467262
   -0.467227
   -0.467262
   -0.467227
   -0.467258
   -0.467636
   -0.471580
   -0.471702
   -0.467669
   -0.431598
   -0.435730
   -0.430864
   -0.431388
   -0.431837
   -0.431763
   -0.431843
   -0.431756
   -0.431841
   -0.431755
   -0.431842
   -0.431759
   -0.431834
   -0.435693
   -0.435902
   -0.431773
   -0.460257
   -0.464408
   -0.459521
   -0.460088
   -0.460469
   -0.460478
   -0.460458
   -0.460490
   -0.460458
   -0.460493
   -0.460454
   -0.460490
   -0.460463
   -0.464412
   -0.464529
   -0.460500
   -0.414735
   -0.414720
   -0.414728
   -0.414724
   -0.419400
   -0.419377
   -0.419405
   -0.419378
   -0.419391
   -0.419390
   -0.419378
   -0.419412
   -0.419082
   -0.419263
   -0.419166
   -0.419279
   -0.410861
   -0.411072
   -0.410822
   -0.411153
   -0.415462
   -0.415612
   -0.415356
   -0.415612
   -0.415367
   -0.415601
   -0.415379
   -0.415580
   -0.415025
   -0.415425
   -0.415373
   -0.415489
   -0.410212
   -0.410174
   -0.410164
   -0.410234
   -0.414459
   -0.414413
   -0.414522
   -0.414497
   -0.414507
   -0.414510
   -0.414493
   -0.414533
   -0.414248
   -0.414329
   -0.414372
   -0.414603
   -0.414000
   -0.414205
   -0.413955
   -0.414268
   -0.418349
   -0.418602
   -0.418344
   -0.418600
   -0.418356
   -0.418591
   -0.418366
   -0.418573
   -0.418357
   -0.418378
   -0.418362
   -0.418625
   -0.402229
   -0.402205
   -0.402184
   -0.402260
   -0.411184
   -0.411162
   -0.411187
   -0.411165
   -0.411174
   -0.411174
   -0.411166
   -0.411190
   -0.411126
   -0.410932
   -0.411009
   -0.411200
   -0.410882
   -0.411086
   -0.410837
   -0.411150
   -0.415379
   -0.415527
   -0.415276
   -0.415525
   -0.415286
   -0.415520
   -0.415289
   -0.415510
   -0.415423
   -0.415377
   -0.415320
   -0.415633
   -0.410591
   -0.410558
   -0.410544
   -0.410615
   -0.415147
   -0.415126
   -0.415147
   -0.415131
   -0.415138
   -0.415132
   -0.415139
   -0.415136
   -0.414407
   -0.414162
   -0.414305
   -0.414416
   -0.405581
   -0.405793
   -0.405519
   -0.405914
   -0.410078
   -0.410192
   -0.409810
   -0.410052
   -0.409814
   -0.410057
   -0.409806
   -0.410457
   -0.409776
   -0.409712
   -0.409704
   -0.410271
   -0.414746
   -0.414723
   -0.414700
   -0.414780
   -0.419380
   -0.419366
   -0.419378
   -0.419367
   -0.419377
   -0.419357
   -0.419391
   -0.419348
   -0.419008
   -0.418773
   -0.419026
   -0.419009
   -0.410963
   -0.411145
   -0.410916
   -0.411209
   -0.415383
   -0.415613
   -0.415381
   -0.415617
   -0.415374
   -0.415636
   -0.415350
   -0.415658
   -0.415015
   -0.415251
   -0.414971
   -0.415544
   -0.409937
   -0.409960
   -0.409895
   -0.410014
   -0.414375
   -0.414396
   -0.414378
   -0.414389
   -0.414390
   -0.414364
   -0.414422
   -0.414334
   -0.414667
   -0.414233
   -0.414608
   -0.414449
   -0.413972
   -0.414118
   -0.413923
   -0.414182
   -0.418390
   -0.418588
   -0.418384
   -0.418600
   -0.418365
   -0.418634
   -0.418324
   -0.418675
   -0.418369
   -0.418693
   -0.418300
   -0.419007
   -0.402409
   -0.402464
   -0.402368
   -0.402519
   -0.411342
   -0.411395
   -0.411349
   -0.411381
   -0.411371
   -0.411342
   -0.411418
   -0.411295
   -0.411280
   -0.410869
   -0.411347
   -0.411062
   -0.410813
   -0.410920
   -0.410762
   -0.410985
   -0.415228
   -0.415390
   -0.415218
   -0.415409
   -0.415189
   -0.415455
   -0.415133
   -0.415513
   -0.414856
   -0.415256
   -0.414763
   -0.415596
   -0.410350
   -0.410427
   -0.410311
   -0.410482
   -0.414789
   -0.414865
   -0.414799
   -0.414844
   -0.414832
   -0.414792
   -0.414894
   -0.414726
   -0.414980
   -0.414476
   -0.415074
   -0.414642
   -0.405253
   -0.405354
   -0.405202
   -0.405417
   -0.409672
   -0.409821
   -0.409660
   -0.409846
   -0.409622
   -0.409904
   -0.409552
   -0.409978
   -0.409456
   -0.409944
   -0.409338
   -0.410307
   -0.429289
   -0.429792
   -0.429331
   -0.429759
   -0.431385
   -0.431730
   -0.431421
   -0.431688
   -0.431461
   -0.431653
   -0.431493
   -0.431623
   -0.429887
   -0.430521
   -0.430462
   -0.430506
   -0.455165
   -0.455526
   -0.455103
   -0.455343
   -0.456538
   -0.455758
   -0.455964
   -0.455794
   -0.455928
   -0.455825
   -0.455900
   -0.455853
   -0.454906
   -0.455383
   -0.455772
   -0.455889
   -0.420269
   -0.420168
   -0.420556
   -0.420662
   -0.419637
   -0.420631
   -0.420180
   -0.420390
   -0.420210
   -0.420362
   -0.420236
   -0.420338
   -0.419829
   -0.419952
   -0.419848
   -0.420292
   -0.442280
   -0.441556
   -0.442517
   -0.442094
   -0.442123
   -0.441965
   -0.442102
   -0.441991
   -0.442073
   -0.442019
   -0.442047
   -0.442044
   -0.442025
   -0.442175
   -0.442049
   -0.442539
   -0.423034
   -0.422848
   -0.423309
   -0.423353
   -0.424419
   -0.424636
   -0.424435
   -0.424615
   -0.424460
   -0.424591
   -0.424483
   -0.424568
   -0.424511
   -0.424135
   -0.424048
   -0.424474
   -0.449718
   -0.449071
   -0.449963
   -0.449601
   -0.450672
   -0.450012
   -0.450114
   -0.450032
   -0.450089
   -0.450057
   -0.450064
   -0.450082
   -0.450578
   -0.450209
   -0.450057
   -0.450576
   -0.422529
   -0.422288
   -0.422799
   -0.422797
   -0.423520
   -0.423700
   -0.423533
   -0.423684
   -0.423555
   -0.423659
   -0.423579
   -0.423634
   -0.419797
   -0.419392
   -0.419338
   -0.419726
   -0.437541
   -0.436471
   -0.438047
   -0.437513
   -0.438052
   -0.437828
   -0.437016
   -0.436962
   -0.436994
   -0.436989
   -0.436968
   -0.438334
   -0.436134
   -0.436620
   -0.436362
   -0.437340
   -0.429509
   -0.429206
   -0.429774
   -0.429720
   -0.431041
   -0.431173
   -0.431049
   -0.431160
   -0.431068
   -0.431135
   -0.431094
   -0.431112
   -0.428943
   -0.429027
   -0.429031
   -0.429354
   -0.455987
   -0.455436
   -0.456242
   -0.455955
   -0.456409
   -0.456356
   -0.456399
   -0.456369
   -0.456379
   -0.456397
   -0.456351
   -0.456421
   -0.454690
   -0.454947
   -0.454705
   -0.455326
   -0.418849
   -0.418517
   -0.419108
   -0.419037
   -0.419282
   -0.419408
   -0.419290
   -0.419397
   -0.419308
   -0.419369
   -0.419337
   -0.419344
   -0.420459
   -0.419967
   -0.420009
   -0.420288
   -0.442085
   -0.441563
   -0.442345
   -0.442078
   -0.442515
   -0.442476
   -0.442507
   -0.442488
   -0.442487
   -0.442518
   -0.442457
   -0.442544
   -0.442966
   -0.443242
   -0.442978
   -0.443625
   -0.423643
   -0.423283
   -0.423898
   -0.423808
   -0.424997
   -0.425111
   -0.425001
   -0.425105
   -0.425017
   -0.425077
   -0.425045
   -0.425054
   -0.423988
   -0.424049
   -0.424079
   -0.424369
   -0.449658
   -0.449178
   -0.449923
   -0.449685
   -0.450100
   -0.450076
   -0.450099
   -0.450080
   -0.450083
   -0.450109
   -0.450055
   -0.450133
   -0.448932
   -0.449205
   -0.448946
   -0.449588
   -0.420961
   -0.420541
   -0.421208
   -0.421076
   -0.421369
   -0.421461
   -0.421365
   -0.421461
   -0.421378
   -0.421433
   -0.421406
   -0.421409
   -0.421443
   -0.421487
   -0.421536
   -0.421805
   -0.435962
   -0.435525
   -0.436235
   -0.436023
   -0.436421
   -0.436407
   -0.436425
   -0.436406
   -0.436410
   -0.436437
   -0.436379
   -0.436464
   -0.436338
   -0.436626
   -0.436348
   -0.437013
   -0.485857
   -0.485576
   -0.485847
   -0.485592
   -0.484011
   -0.483780
   -0.484007
   -0.483782
   -0.484014
   -0.483781
   -0.484000
   -0.483795
   -0.485255
   -0.484652
   -0.484812
   -0.484667
   -0.564898
   -0.564822
   -0.565268
   -0.564800
   -0.563855
   -0.564221
   -0.564283
   -0.564222
   -0.564274
   -0.564224
   -0.564286
   -0.564212
   -0.564852
   -0.564285
   -0.564333
   -0.564204
   -0.481249
   -0.481082
   -0.481238
   -0.481029
   -0.481516
   -0.481275
   -0.481454
   -0.481261
   -0.481464
   -0.481258
   -0.481454
   -0.481270
   -0.481553
   -0.481042
   -0.481145
   -0.480940
   -0.563297
   -0.563251
   -0.563292
   -0.563181
   -0.563153
   -0.563041
   -0.563149
   -0.563046
   -0.563138
   -0.563051
   -0.563148
   -0.563040
   -0.563167
   -0.562731
   -0.562831
   -0.562602
   -0.478820
   -0.478700
   -0.478811
   -0.478645
   -0.477256
   -0.477106
   -0.477260
   -0.477101
   -0.477269
   -0.477099
   -0.477257
   -0.477112
   -0.477253
   -0.477252
   -0.477315
   -0.477149
   -0.560694
   -0.560617
   -0.560688
   -0.560547
   -0.559712
   -0.559997
   -0.560133
   -0.560003
   -0.560125
   -0.560002
   -0.560141
   -0.559986
   -0.559721
   -0.559657
   -0.559813
   -0.559526
   -0.479523
   -0.479425
   -0.479516
   -0.479370
   -0.478514
   -0.478386
   -0.478518
   -0.478383
   -0.478521
   -0.478389
   -0.478501
   -0.478410
   -0.481472
   -0.481539
   -0.481530
   -0.481439
   -0.559929
   -0.559880
   -0.559906
   -0.559747
   -0.559332
   -0.559238
   -0.559504
   -0.559359
   -0.559504
   -0.559349
   -0.559528
   -0.559081
   -0.560667
   -0.559808
   -0.559990
   -0.559548
   -0.485449
   -0.485357
   -0.485442
   -0.485302
   -0.484021
   -0.483902
   -0.484023
   -0.483904
   -0.484018
   -0.483921
   -0.483986
   -0.483950
   -0.485660
   -0.485376
   -0.485288
   -0.485280
   -0.564478
   -0.564385
   -0.564470
   -0.564316
   -0.563913
   -0.563755
   -0.563913
   -0.563749
   -0.563925
   -0.563725
   -0.563963
   -0.563690
   -0.565277
   -0.564628
   -0.564954
   -0.564487
   -0.482141
   -0.482042
   -0.482134
   -0.481987
   -0.481565
   -0.481442
   -0.481560
   -0.481453
   -0.481541
   -0.481486
   -0.481496
   -0.481528
   -0.480600
   -0.480835
   -0.480646
   -0.480747
   -0.563665
   -0.563587
   -0.563658
   -0.563518
   -0.563101
   -0.562954
   -0.563107
   -0.562940
   -0.563132
   -0.562901
   -0.563183
   -0.562854
   -0.562805
   -0.562077
   -0.562491
   -0.561927
   -0.478723
   -0.478607
   -0.478715
   -0.478552
   -0.477168
   -0.477029
   -0.477158
   -0.477049
   -0.477127
   -0.477096
   -0.477067
   -0.477151
   -0.477863
   -0.477749
   -0.477472
   -0.477672
   -0.560358
   -0.560289
   -0.560351
   -0.560221
   -0.559791
   -0.559657
   -0.559800
   -0.559636
   -0.559835
   -0.559585
   -0.559898
   -0.559527
   -0.560810
   -0.560017
   -0.560505
   -0.559857
   -0.481133
   -0.481037
   -0.481128
   -0.480977
   -0.480566
   -0.480430
   -0.480557
   -0.480452
   -0.480520
   -0.480507
   -0.480452
   -0.480569
   -0.480390
   -0.480321
   -0.479993
   -0.480251
   -0.560509
   -0.560420
   -0.560497
   -0.560358
   -0.559931
   -0.559799
   -0.559938
   -0.559777
   -0.559978
   -0.559718
   -0.560049
   -0.559653
   -0.560116
   -0.559284
   -0.559817
   -0.559116
   -0.437365
   -0.437524
   -0.437391
   -0.437502
   -0.424470
   -0.424547
   -0.424498
   -0.424524
   -0.424509
   -0.424513
   -0.424529
   -0.424486
   -0.437398
   -0.433019
   -0.433119
   -0.433018
   -0.480845
   -0.480206
   -0.484927
   -0.480300
   -0.476252
   -0.480217
   -0.480505
   -0.480240
   -0.480494
   -0.480250
   -0.480475
   -0.480274
   -0.484864
   -0.480461
   -0.480471
   -0.480298
   -0.437981
   -0.438287
   -0.437918
   -0.438095
   -0.446475
   -0.446306
   -0.446326
   -0.446359
   -0.446334
   -0.446353
   -0.446349
   -0.446332
   -0.446512
   -0.442333
   -0.442415
   -0.442222
   -0.482376
   -0.482158
   -0.482266
   -0.482003
   -0.486504
   -0.486194
   -0.486483
   -0.486211
   -0.486476
   -0.486216
   -0.486465
   -0.486233
   -0.486444
   -0.482109
   -0.482331
   -0.481993
   -0.441501
   -0.441782
   -0.441433
   -0.441595
   -0.437042
   -0.437108
   -0.437060
   -0.437094
   -0.437064
   -0.437092
   -0.437073
   -0.437079
   -0.437086
   -0.437198
   -0.437242
   -0.437091
   -0.485229
   -0.485040
   -0.485126
   -0.484879
   -0.480806
   -0.484781
   -0.485071
   -0.484792
   -0.485068
   -0.484792
   -0.485063
   -0.484802
   -0.480774
   -0.480675
   -0.480944
   -0.480555
   -0.420900
   -0.421132
   -0.420823
   -0.420953
   -0.416525
   -0.416575
   -0.416534
   -0.416570
   -0.416533
   -0.416575
   -0.416531
   -0.416573
   -0.446489
   -0.446658
   -0.446638
   -0.446557
   -0.486459
   -0.486487
   -0.486282
   -0.486144
   -0.486307
   -0.486067
   -0.486639
   -0.486360
   -0.486644
   -0.486350
   -0.486652
   -0.485913
   -0.499223
   -0.490583
   -0.490953
   -0.490345
   -0.433329
   -0.433509
   -0.433242
   -0.433339
   -0.424653
   -0.424689
   -0.424653
   -0.424697
   -0.424642
   -0.424714
   -0.424626
   -0.424724
   -0.441731
   -0.437708
   -0.437589
   -0.437617
   -0.476335
   -0.476250
   -0.476252
   -0.476071
   -0.476231
   -0.475957
   -0.476236
   -0.475943
   -0.476254
   -0.475919
   -0.476278
   -0.475901
   -0.489138
   -0.484582
   -0.485050
   -0.484442
   -0.446793
   -0.446917
   -0.446697
   -0.446756
   -0.446658
   -0.446676
   -0.446645
   -0.446698
   -0.446619
   -0.446731
   -0.446585
   -0.446759
   -0.437995
   -0.438362
   -0.438120
   -0.438285
   -0.486390
   -0.486378
   -0.486317
   -0.486189
   -0.486306
   -0.486065
   -0.486325
   -0.486035
   -0.486357
   -0.485995
   -0.486400
   -0.485960
   -0.482157
   -0.477508
   -0.478084
   -0.477355
   -0.441454
   -0.441515
   -0.441349
   -0.441362
   -0.436921
   -0.436910
   -0.436896
   -0.436947
   -0.436857
   -0.436995
   -0.436806
   -0.437038
   -0.445318
   -0.441496
   -0.441151
   -0.441430
   -0.481003
   -0.481020
   -0.480935
   -0.480826
   -0.480929
   -0.480695
   -0.480957
   -0.480653
   -0.481002
   -0.480598
   -0.481060
   -0.480548
   -0.489675
   -0.484919
   -0.485614
   -0.484752
   -0.437951
   -0.438002
   -0.437843
   -0.437853
   -0.437792
   -0.437785
   -0.437760
   -0.437835
   -0.437707
   -0.437898
   -0.437640
   -0.437957
   -0.437575
   -0.433874
   -0.433391
   -0.433826
   -0.490962
   -0.490993
   -0.490897
   -0.490795
   -0.490894
   -0.490661
   -0.490930
   -0.490605
   -0.490989
   -0.490535
   -0.491066
   -0.490466
   -0.491142
   -0.486255
   -0.487101
   -0.486068
