   -0.452111
   -0.453957
   -0.454769
   -0.455137
   -0.457218
   -0.464734
   -0.480045
   -0.491666
   -0.473750
   -0.456371
   -0.414698
   -0.418546
   -0.417617
   -0.418204
   -0.408542
   -0.425064
   -0.506684
   -0.503839
   -0.504903
   -0.508790
   -0.509359
   -0.518190
   -0.536284
   -0.545962
   -0.554721
   -0.538459
   -0.492028
   -0.489235
   -0.496208
   -0.499791
   -0.494718
   -0.512766
   -0.460892
   -0.466584
   -0.483386
   -0.495674
   -0.499145
   -0.490634
   -0.473189
   -0.463166
   -0.433267
   -0.418584
   -0.416645
   -0.421500
   -0.429766
   -0.442216
   -0.472593
   -0.482139
   -0.491310
   -0.498965
   -0.516876
   -0.531953
   -0.536002
   -0.520143
   -0.493432
   -0.478496
   -0.463054
   -0.449926
   -0.460580
   -0.461819
   -0.475671
   -0.486342
   -0.509285
   -0.517628
   -0.513075
   -0.521000
   -0.533483
   -0.488669
   -0.435755
   -0.452526
   -0.471302
   -0.409286
   -0.375945
   -0.423816
   -0.443625
   -0.377957
   -0.339619
   -0.201082
   -0.074974
   -0.206119
   -0.570254
   -0.598823
   -0.569048
   -0.499084
   -0.455727
   -0.454238
   -0.453376
   -0.428556
   -0.485172
   -0.469031
   -0.489875
   -0.404310
   -0.291868
   -0.207717
   -0.149768
   -0.209965
   -0.482073
   -0.451133
   -0.412366
   -0.431039
   -0.451223
   -0.378827
   -0.359278
   -0.482248
   -0.425961
   -0.385153
   -0.216980
   -0.075378
   -0.238629
   -0.420424
   -0.414511
   -0.404410
   -0.535935
   -0.503589
   -0.485689
   -0.513357
   -0.497707
   -0.389527
   -0.351799
   -0.449252
   -0.441734
   -0.407239
   -0.223379
   -0.093744
   -0.292686
   -0.492558
   -0.457196
   -0.382098
   -0.455114
   -0.419973
   -0.386014
   -0.375480
   -0.400057
   -0.432809
   -0.371291
   -0.215495
   -0.126850
   -0.162236
   -0.313116
   -0.497691
   -0.473657
   -0.429101
   -0.412996
   -0.407179
   -0.483958
   -0.435999
   -0.416972
   -0.401008
   -0.389110
   -0.431238
   -0.382245
   -0.210823
   -0.085943
   -0.147866
   -0.340603
   -0.588607
   -0.541570
   -0.430196
   -0.414262
   -0.404729
   -0.425147
   -0.473951
   -0.510115
   -0.415117
   -0.242115
   -0.154592
   -0.190897
   -0.272378
   -0.424635
   -0.444955
   -0.450664
   -0.486563
   -0.462197
   -0.426980
   -0.468572
   -0.399465
   -0.432640
   -0.509550
   -0.493039
   -0.366142
   -0.229079
   -0.132025
   -0.173358
   -0.343043
   -0.484599
   -0.462684
   -0.530052
   -0.556478
   -0.418086
   -0.376730
   -0.504887
   -0.431375
   -0.406380
   -0.303646
   -0.133866
   -0.115168
   -0.268124
   -0.390088
   -0.451227
   -0.483402
   -0.439024
   -0.503465
   -0.492561
   -0.390505
   -0.419992
   -0.434097
   -0.338775
   -0.103011
   -0.416833
   -0.267794
   -0.114208
   -0.130091
   -0.278404
   -0.415514
   -0.477368
   -0.454237
   -0.500125
   -0.561188
   -0.527222
   -0.505393
   -0.384170
   -0.480201
   -0.390652
   -0.130469
   -0.135396
   -0.211090
   -0.385609
   -0.498560
   -0.478338
   -0.450755
   -0.447354
   -0.419469
   -0.487683
   -0.428432
   -0.470214
   -0.461997
   -0.419033
   -0.396649
   -0.132716
   -0.440184
   -0.093930
   -0.197229
   -0.387015
   -0.503924
   -0.507327
   -0.493289
   -0.493938
   -0.481482
   -0.587121
   -0.508665
   -0.560890
   -0.463917
   -0.471095
   -0.380497
   -0.185468
   -0.489929
   -0.529218
   -0.547509
   -0.541064
   -0.506025
   -0.489876
   -0.481953
   -0.475831
   -0.451160
   -0.434149
   -0.449934
   -0.500483
   -0.489251
   -0.367033
   -0.260306
   -0.160110
   -0.174178
   -0.636398
   -0.635263
   -0.616368
   -0.594244
   -0.561663
   -0.543661
   -0.532251
   -0.500384
   -0.537798
   -0.523631
   -0.569866
   -0.546541
   -0.432532
   -0.330733
   -0.196839
   -0.227665
   -0.500664
   -0.490100
   -0.484381
   -0.483047
   -0.466089
   -0.434729
   -0.445912
   -0.498096
   -0.384593
   -0.347807
   -0.233704
   -0.158799
   -0.294328
   -0.413171
   -0.449831
   -0.441430
   -0.588873
   -0.559834
   -0.551073
   -0.562082
   -0.535720
   -0.481415
   -0.484399
   -0.555706
   -0.495392
   -0.425390
   -0.220053
   -0.188750
   -0.402605
   -0.526559
   -0.541370
   -0.456217
   -0.469433
   -0.497632
   -0.469420
   -0.448410
   -0.471715
   -0.426541
   -0.264463
   -0.130006
   -0.153564
   -0.255391
   -0.486782
   -0.543779
   -0.479198
   -0.404186
   -0.420373
   -0.413492
   -0.535514
   -0.571553
   -0.554620
   -0.524999
   -0.524706
   -0.461303
   -0.318783
   -0.213482
   -0.203085
   -0.309516
   -0.593239
   -0.620402
   -0.502559
   -0.414172
   -0.431365
   -0.399903
   -0.493032
   -0.498920
   -0.431254
   -0.296690
   -0.185922
   -0.166263
   -0.304274
   -0.472182
   -0.510193
   -0.507562
   -0.486600
   -0.476046
   -0.443153
   -0.518569
   -0.440487
   -0.097461
   -0.548090
   -0.554017
   -0.490030
   -0.341509
   -0.206908
   -0.208456
   -0.361758
   -0.499385
   -0.588895
   -0.624849
   -0.550453
   -0.508166
   -0.472962
   -0.519195
   -0.490194
   -0.128294
   -0.304648
   -0.155000
   -0.130250
   -0.302426
   -0.457416
   -0.487161
   -0.440647
   -0.433594
   -0.491786
   -0.466351
   -0.471411
   -0.438997
   -0.475620
   -0.448625
   -0.076938
   -0.403842
   -0.303536
   -0.151186
   -0.131573
   -0.325021
   -0.519049
   -0.553709
   -0.503661
   -0.527649
   -0.577751
   -0.549904
   -0.572471
   -0.530493
   -0.566745
   -0.526176
   -0.085289
   -0.493611
   -0.280040
   -0.442951
   -0.508911
   -0.447577
   -0.426968
   -0.456681
   -0.494708
   -0.510457
   -0.511674
   -0.480517
   -0.451254
   -0.518057
   -0.387201
   -0.149198
   -0.440193
   -0.513086
   -0.294851
   -0.473972
   -0.540860
   -0.507256
   -0.503862
   -0.511681
   -0.575487
   -0.633273
   -0.605158
   -0.581962
   -0.512565
   -0.603526
   -0.448955
   -0.121650
   -0.498121
   -0.599852
   -0.442975
   -0.441633
   -0.413762
   -0.437670
   -0.450391
   -0.495692
   -0.558031
   -0.521848
   -0.498573
   -0.469321
   -0.452505
   -0.428673
   -0.210349
   -0.446690
   -0.487546
   -0.452416
   -0.521033
   -0.518706
   -0.513326
   -0.528235
   -0.536863
   -0.596273
   -0.647323
   -0.609184
   -0.593354
   -0.542494
   -0.522605
   -0.548667
   -0.234966
   -0.539592
   -0.512922
   -0.497930
   -0.450313
   -0.464730
   -0.463996
   -0.468814
   -0.510327
   -0.527624
   -0.504485
   -0.511004
   -0.490808
   -0.445863
   -0.474171
   -0.158708
   -0.435762
   -0.470082
   -0.457525
   -0.437668
   -0.486692
   -0.542861
   -0.564403
   -0.600713
   -0.645891
   -0.628497
   -0.575933
   -0.551994
   -0.556664
   -0.559924
   -0.531963
   -0.179143
   -0.506144
   -0.488673
   -0.486445
   -0.532659
   -0.409604
   -0.411028
   -0.408987
   -0.407800
   -0.385804
   -0.310147
   -0.187573
   -0.107644
   -0.055881
   -0.183559
   -0.440857
   -0.442156
   -0.406320
   -0.312443
   -0.341170
   -0.243023
   -0.394650
   -0.406771
   -0.404881
   -0.401336
   -0.390831
   -0.287299
   -0.149071
   -0.074370
   -0.072809
   -0.174285
   -0.469639
   -0.502144
   -0.407081
   -0.283090
   -0.280308
   -0.195542
   -0.395802
   -0.367326
   -0.254050
   -0.149000
   -0.097332
   -0.152050
   -0.288316
   -0.390982
   -0.397868
   -0.457767
   -0.433375
   -0.361503
   -0.379932
   -0.384763
   -0.191409
   -0.120844
   -0.414395
   -0.355518
   -0.233461
   -0.117829
   -0.063481
   -0.150040
   -0.342292
   -0.480813
   -0.476825
   -0.491352
   -0.342064
   -0.326492
   -0.327970
   -0.370468
   -0.216913
   -0.105437
   -0.130170
   -0.141430
   -0.229139
   -0.325439
   -0.370563
   -0.397255
   -0.350277
   -0.410442
   -0.421281
   -0.409577
   -0.383565
   -0.402355
   -0.395784
   -0.241569
   -0.241148
   -0.393744
   -0.061621
   -0.119843
   -0.234433
   -0.346059
   -0.420968
   -0.394439
   -0.354986
   -0.475521
   -0.403765
   -0.397638
   -0.415871
   -0.406173
   -0.417386
   -0.246221
   -0.294117
   -0.431803
   -0.371718
   -0.388731
   -0.422883
   -0.417548
   -0.391176
   -0.397514
   -0.448951
   -0.447101
   -0.457583
   -0.409637
   -0.440427
   -0.450335
   -0.124776
   -0.215393
   -0.436426
   -0.411368
   -0.374681
   -0.408768
   -0.422750
   -0.370341
   -0.316571
   -0.420068
   -0.538466
   -0.493806
   -0.500829
   -0.443885
   -0.491721
   -0.508795
   -0.132369
   -0.176547
   -0.444592
   -0.421339
   -0.352152
   -0.420200
   -0.414323
   -0.389266
   -0.424320
   -0.494028
   -0.452078
   -0.402807
   -0.474917
   -0.428549
   -0.404578
   -0.082827
   -0.261996
   -0.426487
   -0.400280
   -0.458025
   -0.354111
   -0.376226
   -0.389308
   -0.421401
   -0.492115
   -0.546270
   -0.508685
   -0.515662
   -0.530168
   -0.510618
   -0.449483
   -0.037461
   -0.268379
   -0.479309
   -0.381482
   -0.510116
   -0.395666
   -0.390857
   -0.405516
   -0.475589
   -0.512549
   -0.480476
   -0.471678
   -0.451213
   -0.461166
   -0.386628
   -0.176546
   -0.285630
   -0.401750
   -0.386882
   -0.387579
   -0.416640
   -0.422287
   -0.395892
   -0.432805
   -0.552796
   -0.599049
   -0.559101
   -0.548572
   -0.452151
   -0.468642
   -0.417554
   -0.120793
   -0.327414
   -0.434784
   -0.381541
   -0.413885
   -0.425033
   -0.459368
   -0.445630
   -0.532833
   -0.527164
   -0.461976
   -0.440827
   -0.424541
   -0.448314
   -0.327523
   -0.091553
   -0.316428
   -0.404701
   -0.427828
   -0.423771
   -0.439372
   -0.449172
   -0.447425
   -0.480560
   -0.618360
   -0.593506
   -0.477884
   -0.474684
   -0.463491
   -0.496845
   -0.357827
   -0.065554
   -0.281406
   -0.388801
   -0.330001
   -0.376349
   -0.424862
   -0.512737
   -0.478082
   -0.497116
   -0.470923
   -0.438631
   -0.398185
   -0.447571
   -0.426695
   -0.297350
   -0.103948
   -0.350222
   -0.360313
   -0.376090
   -0.470176
   -0.456878
   -0.344853
   -0.183019
   -0.562356
   -0.608790
   -0.529674
   -0.511171
   -0.483354
   -0.451655
   -0.393773
   -0.293657
   -0.093742
   -0.350410
   -0.288911
   -0.307047
   -0.454727
   -0.473984
   -0.367546
   -0.177213
   -0.157850
   -0.166069
   -0.251113
   -0.353244
   -0.396200
   -0.427061
   -0.389892
   -0.430427
   -0.350350
   -0.359284
   -0.358395
   -0.357724
   -0.406863
   -0.057657
   -0.311227
   -0.417186
   -0.067775
   -0.108440
   -0.210095
   -0.344395
   -0.419427
   -0.382758
   -0.350106
   -0.485509
   -0.304624
   -0.335195
   -0.348198
   -0.347125
   -0.385226
   -0.029931
   -0.357910
   -0.459226
   -0.385978
   -0.394990
   -0.395628
   -0.375063
   -0.375851
   -0.406878
   -0.426493
   -0.389685
   -0.421246
   -0.418966
   -0.456072
   -0.373770
   -0.060687
   -0.313083
   -0.377071
   -0.372061
   -0.387763
   -0.388039
   -0.373247
   -0.343072
   -0.325789
   -0.433894
   -0.501513
   -0.422999
   -0.453929
   -0.401526
   -0.500070
   -0.428141
   -0.015637
   -0.317696
   -0.354701
   -0.396546
   -0.375967
   -0.361605
   -0.394888
   -0.430798
   -0.467632
   -0.446947
   -0.434736
   -0.507074
   -0.454655
   -0.418814
   -0.145485
   -0.159660
   -0.392371
   -0.454339
   -0.445216
   -0.475669
   -0.363613
   -0.345099
   -0.358301
   -0.452976
   -0.512917
   -0.491402
   -0.471465
   -0.469656
   -0.478450
   -0.438517
   -0.155102
   -0.129171
   -0.361596
   -0.434606
   -0.467426
   -0.489879
   -0.415536
   -0.400015
   -0.470459
   -0.489880
   -0.443176
   -0.421177
   -0.390636
   -0.406002
   -0.341685
   -0.132017
   -0.231628
   -0.433574
   -0.435599
   -0.374393
   -0.404027
   -0.471571
   -0.414036
   -0.424867
   -0.521466
   -0.558098
   -0.537988
   -0.497733
   -0.427020
   -0.408568
   -0.397983
   -0.100902
   -0.220397
   -0.450440
   -0.373872
   -0.397250
   -0.449631
   -0.504482
   -0.413225
   -0.488778
   -0.475080
   -0.385069
   -0.373083
   -0.402059
   -0.456419
   -0.349196
   -0.114902
   -0.289519
   -0.399906
   -0.364643
   -0.361951
   -0.404167
   -0.460067
   -0.378435
   -0.493581
   -0.606876
   -0.592842
   -0.509166
   -0.421184
   -0.405774
   -0.508505
   -0.374129
   -0.065508
   -0.260950
   -0.379490
   -0.305947
   -0.373682
   -0.409330
   -0.506883
   -0.440004
   -0.475326
   -0.435113
   -0.439745
   -0.486758
   -0.491316
   -0.457493
   -0.265056
   -0.083910
   -0.342227
   -0.388206
   -0.374180
   -0.359304
   -0.427909
   -0.412615
   -0.313135
   -0.201470
   -0.530171
   -0.469185
   -0.488477
   -0.514481
   -0.479269
   -0.504069
   -0.285777
   -0.035500
   -0.309400
   -0.383414
   -0.290080
   -0.291482
   -0.436396
   -0.533916
   -0.320064
   -0.218384
   -0.455966
   -0.452624
   -0.442781
   -0.402157
   -0.429372
   -0.206464
   -0.064449
   -0.362784
   -0.312398
   -0.364115
   -0.402158
   -0.400297
   -0.238758
   -0.148827
   -0.280455
   -0.443026
   -0.526194
   -0.472777
   -0.411556
   -0.384591
   -0.417193
   -0.151500
    0.000288
   -0.309960
   -0.289924
   -0.295817
   -0.399318
   -0.372588
   -0.298417
   -0.132803
   -0.305922
   -0.453177
   -0.421361
   -0.344222
   -0.395197
   -0.380615
   -0.097083
   -0.123678
   -0.396268
   -0.366884
   -0.364018
   -0.316130
   -0.240407
   -0.262291
   -0.321960
   -0.432825
   -0.410052
   -0.357012
   -0.467575
   -0.368634
   -0.379286
   -0.373575
   -0.065211
   -0.075189
   -0.385526
   -0.343143
   -0.300353
   -0.285628
   -0.237200
   -0.337826
   -0.327873
   -0.510221
   -0.440088
   -0.325336
   -0.427682
   -0.396127
   -0.429582
   -0.474512
   -0.507046
   -0.488313
   -0.457500
   -0.493114
   -0.479520
   -0.462864
   -0.075146
   -0.235845
   -0.445708
   -0.434440
   -0.503266
   -0.514814
   -0.421320
   -0.382387
   -0.407395
   -0.536682
   -0.588210
   -0.549861
   -0.529639
   -0.536282
   -0.500309
   -0.495594
   -0.131957
   -0.265270
   -0.436947
   -0.405730
   -0.539861
   -0.614826
   -0.430428
   -0.469373
   -0.528970
   -0.478735
   -0.432735
   -0.426505
   -0.420296
   -0.449210
   -0.285246
   -0.180417
   -0.356241
   -0.458765
   -0.445083
   -0.449785
   -0.464148
   -0.482368
   -0.531247
   -0.573555
   -0.619598
   -0.598752
   -0.563397
   -0.512628
   -0.453934
   -0.464145
   -0.255917
   -0.117637
   -0.428830
   -0.537862
   -0.418717
   -0.489545
   -0.513971
   -0.561186
   -0.551627
   -0.482611
   -0.450088
   -0.413811
   -0.442899
   -0.436800
   -0.422073
   -0.191367
   -0.233834
   -0.439732
   -0.427337
   -0.410356
   -0.421538
   -0.444107
   -0.451267
   -0.406358
   -0.629630
   -0.614186
   -0.511510
   -0.449634
   -0.433323
   -0.488686
   -0.478426
   -0.130624
   -0.317675
   -0.431492
   -0.381130
   -0.391651
   -0.427056
   -0.520023
   -0.443044
   -0.457777
   -0.432676
   -0.436945
   -0.445232
   -0.452396
   -0.462380
   -0.326272
   -0.063725
   -0.289630
   -0.352699
   -0.371635
   -0.365191
   -0.397001
   -0.496548
   -0.453829
   -0.373184
   -0.279831
   -0.496267
   -0.513454
   -0.500469
   -0.513993
   -0.557258
   -0.335497
   -0.021209
   -0.328909
   -0.391057
   -0.338818
   -0.334010
   -0.326377
   -0.540080
   -0.538624
   -0.378153
   -0.321837
   -0.436833
   -0.441344
   -0.428241
   -0.453129
   -0.223282
   -0.096145
   -0.378300
   -0.416924
   -0.346975
   -0.408746
   -0.465563
   -0.422506
   -0.306537
   -0.203045
   -0.308169
   -0.363228
   -0.517807
   -0.467876
   -0.454804
   -0.498110
   -0.232813
   -0.050080
   -0.354437
   -0.342005
   -0.269473
   -0.328667
   -0.425924
   -0.546240
   -0.320530
   -0.227377
   -0.360067
   -0.352722
   -0.432190
   -0.372938
   -0.439399
   -0.219590
   -0.099508
   -0.370382
   -0.354399
   -0.378518
   -0.319113
   -0.347292
   -0.266463
   -0.275838
   -0.375293
   -0.482094
   -0.392823
   -0.366790
   -0.435569
   -0.476886
   -0.445130
   -0.140200
   -0.084412
   -0.363877
   -0.301563
   -0.379272
   -0.350532
   -0.334970
   -0.339120
   -0.272368
   -0.421837
   -0.547413
   -0.407661
   -0.334386
   -0.405780
   -0.360351
   -0.104148
   -0.252171
   -0.443186
   -0.309503
   -0.230701
   -0.197063
   -0.282248
   -0.409026
   -0.412361
   -0.428875
   -0.410749
   -0.395174
   -0.372357
   -0.384959
   -0.419822
   -0.345982
   -0.076251
   -0.183441
   -0.445158
   -0.297911
   -0.168868
   -0.186478
   -0.310000
   -0.435149
   -0.476500
   -0.514230
   -0.514303
   -0.430602
   -0.370880
   -0.422412
   -0.206307
   -0.097753
   -0.230084
   -0.269951
   -0.172362
   -0.260493
   -0.383675
   -0.431405
   -0.446235
   -0.449304
   -0.439614
   -0.452557
   -0.424398
   -0.410939
   -0.454917
   -0.359359
   -0.230831
   -0.032626
   -0.213169
   -0.212832
   -0.110717
   -0.249571
   -0.416971
   -0.504149
   -0.520918
   -0.465105
   -0.526267
   -0.548815
   -0.426723
   -0.441183
   -0.497201
   -0.416862
   -0.527590
   -0.469116
   -0.479740
   -0.429264
   -0.436368
   -0.460795
   -0.363079
   -0.144306
   -0.317421
   -0.472537
   -0.380970
   -0.410092
   -0.484920
   -0.494702
   -0.459140
   -0.395288
   -0.612405
   -0.577050
   -0.529876
   -0.477069
   -0.475064
   -0.510181
   -0.445607
   -0.128642
   -0.396331
   -0.489394
   -0.364379
   -0.427524
   -0.480675
   -0.587890
   -0.434329
   -0.416859
   -0.463485
   -0.459095
   -0.482560
   -0.457593
   -0.409218
   -0.212288
   -0.106426
   -0.442416
   -0.422605
   -0.406167
   -0.381673
   -0.434776
   -0.506634
   -0.462186
   -0.442615
   -0.367569
   -0.547298
   -0.535357
   -0.550543
   -0.520826
   -0.518459
   -0.225665
   -0.054625
   -0.448325
   -0.369954
   -0.327702
   -0.340329
   -0.411537
   -0.579334
   -0.496954
   -0.488049
   -0.469162
   -0.438472
   -0.429640
   -0.451753
   -0.278398
   -0.103546
   -0.285341
   -0.439102
   -0.365004
   -0.425573
   -0.432590
   -0.482193
   -0.461982
   -0.373599
   -0.266618
   -0.213450
   -0.279347
   -0.490303
   -0.497896
   -0.454386
   -0.278392
   -0.123605
   -0.249673
   -0.359427
   -0.301542
   -0.356912
   -0.413712
   -0.574685
   -0.550872
   -0.389832
   -0.305823
   -0.233139
   -0.297620
   -0.408382
   -0.402958
   -0.167285
   -0.094933
   -0.328741
   -0.385071
   -0.362737
   -0.384993
   -0.390552
   -0.377126
   -0.292279
   -0.264384
   -0.362598
   -0.428777
   -0.423031
   -0.374906
   -0.478332
   -0.400411
   -0.119333
   -0.090652
   -0.313408
   -0.339810
   -0.341038
   -0.414216
   -0.391399
   -0.441535
   -0.346256
   -0.296393
   -0.421204
   -0.459327
   -0.429741
   -0.328268
   -0.304782
   -0.094606
   -0.209371
   -0.435518
   -0.397426
   -0.310708
   -0.207847
   -0.190292
   -0.247124
   -0.370788
   -0.432307
   -0.469055
   -0.434944
   -0.387262
   -0.373421
   -0.439508
   -0.251976
   -0.051353
   -0.206069
   -0.426845
   -0.364096
   -0.271828
   -0.204194
   -0.230908
   -0.303854
   -0.380224
   -0.495167
   -0.558192
   -0.466979
   -0.398446
   -0.352913
   -0.426581
   -0.198855
   -0.217814
   -0.290972
   -0.213878
   -0.120303
   -0.228645
   -0.397667
   -0.464937
   -0.412673
   -0.448852
   -0.469649
   -0.441972
   -0.392519
   -0.439911
   -0.419031
   -0.224313
   -0.127307
   -0.284878
   -0.285378
   -0.114821
   -0.114719
   -0.238853
   -0.431238
   -0.584275
   -0.475814
   -0.526866
   -0.525092
   -0.489159
   -0.396548
   -0.391477
   -0.477354
   -0.254570
   -0.144105
   -0.197345
   -0.296193
   -0.410554
   -0.436676
   -0.458858
   -0.473225
   -0.414081
   -0.504443
   -0.473321
   -0.450348
   -0.438961
   -0.440006
   -0.436678
   -0.151079
   -0.286085
   -0.132430
   -0.199039
   -0.278582
   -0.393842
   -0.488128
   -0.541200
   -0.542081
   -0.475705
   -0.572956
   -0.535573
   -0.519246
   -0.465619
   -0.443364
   -0.514806
   -0.158974
   -0.261780
   -0.350097
   -0.416627
   -0.443440
   -0.432582
   -0.463188
   -0.476642
   -0.455402
   -0.499275
   -0.491973
   -0.456872
   -0.414804
   -0.431924
   -0.458135
   -0.129384
   -0.316902
   -0.406291
   -0.349777
   -0.389263
   -0.417369
   -0.441821
   -0.502371
   -0.524188
   -0.503549
   -0.563679
   -0.553997
   -0.468730
   -0.451555
   -0.433156
   -0.472089
   -0.122473
   -0.316918
   -0.470911
   -0.446280
   -0.436776
   -0.363729
   -0.129438
   -0.143046
   -0.374403
   -0.404776
   -0.387972
   -0.402935
   -0.412601
   -0.474038
   -0.436746
   -0.391377
   -0.355813
   -0.201479
   -0.108166
   -0.509511
   -0.471578
   -0.373701
   -0.134413
   -0.129588
   -0.331071
   -0.347828
   -0.309795
   -0.373846
   -0.448472
   -0.576689
   -0.495126
   -0.426166
   -0.420029
   -0.211107
   -0.094234
   -0.400327
   -0.206299
   -0.115448
   -0.281236
   -0.385363
   -0.370321
   -0.400250
   -0.386687
   -0.369642
   -0.332412
   -0.261287
   -0.260581
   -0.347611
   -0.377672
   -0.393508
   -0.414236
   -0.421384
   -0.148434
   -0.064728
   -0.287717
   -0.354475
   -0.290941
   -0.379626
   -0.411814
   -0.412583
   -0.414711
   -0.258740
   -0.275982
   -0.405018
   -0.396432
   -0.404484
   -0.381023
   -0.108753
   -0.203658
   -0.395614
   -0.416418
   -0.329784
   -0.270985
   -0.198563
   -0.203955
   -0.277082
   -0.313161
   -0.429599
   -0.422324
   -0.460529
   -0.381465
   -0.362094
   -0.389284
   -0.026663
   -0.175314
   -0.411501
   -0.413210
   -0.330721
   -0.280241
   -0.218590
   -0.235973
   -0.277741
   -0.364005
   -0.514760
   -0.548928
   -0.468752
   -0.345622
   -0.368317
   -0.376649
   -0.373003
   -0.304035
   -0.194179
   -0.133832
   -0.236721
   -0.390095
   -0.476842
   -0.432494
   -0.451845
   -0.488037
   -0.468785
   -0.449432
   -0.384290
   -0.411192
   -0.390016
   -0.132556
   -0.380042
   -0.301113
   -0.098153
   -0.043951
   -0.188557
   -0.393838
   -0.558688
   -0.518207
   -0.517005
   -0.567385
   -0.503029
   -0.471762
   -0.345441
   -0.413201
   -0.407124
   -0.177499
   -0.176396
   -0.246258
   -0.370224
   -0.428424
   -0.462437
   -0.483181
   -0.415038
   -0.412802
   -0.433424
   -0.446673
   -0.394315
   -0.394075
   -0.402512
   -0.347910
   -0.172327
   -0.436801
   -0.177793
   -0.225161
   -0.341134
   -0.450559
   -0.524540
   -0.535682
   -0.457214
   -0.478225
   -0.522075
   -0.484394
   -0.432588
   -0.362312
   -0.465380
   -0.380518
   -0.149559
   -0.453311
   -0.368975
   -0.402238
   -0.415092
   -0.440035
   -0.436298
   -0.432249
   -0.478742
   -0.473973
   -0.427428
   -0.425830
   -0.463044
   -0.421521
   -0.260175
   -0.182552
   -0.395348
   -0.414240
   -0.381199
   -0.399393
   -0.441226
   -0.487744
   -0.486344
   -0.479613
   -0.556483
   -0.549479
   -0.452569
   -0.430992
   -0.464111
   -0.495750
   -0.289969
   -0.135515
   -0.447274
   -0.460678
   -0.380947
   -0.411697
   -0.465193
   -0.473962
   -0.474879
   -0.500414
   -0.479281
   -0.455243
   -0.427883
   -0.423216
   -0.482547
   -0.225036
   -0.214354
   -0.398014
   -0.435861
   -0.419982
   -0.411016
   -0.464988
   -0.521623
   -0.530181
   -0.512394
   -0.547461
   -0.560550
   -0.523208
   -0.456109
   -0.442646
   -0.466614
   -0.236961
   -0.157667
   -0.403557
   -0.440924
   -0.401375
   -0.441667
   -0.460800
   -0.465549
   -0.479501
   -0.475067
   -0.444654
   -0.442321
   -0.437087
   -0.424838
   -0.425327
   -0.129955
   -0.231012
   -0.410014
   -0.401779
   -0.381657
   -0.384760
   -0.506331
   -0.548433
   -0.532118
   -0.562250
   -0.589147
   -0.539442
   -0.460653
   -0.404174
   -0.420714
   -0.413503
   -0.135030
   -0.218357
   -0.446413
   -0.412871
   -0.394052
   -0.415347
   -0.291650
   -0.392222
   -0.368000
   -0.315843
   -0.281962
   -0.210411
   -0.199474
   -0.252525
   -0.269003
   -0.325055
   -0.432007
   -0.466215
   -0.438843
   -0.354410
   -0.370108
   -0.315798
   -0.293348
   -0.374111
   -0.353043
   -0.300286
   -0.263235
   -0.206904
   -0.215740
   -0.275718
   -0.235767
   -0.379969
   -0.544742
   -0.524607
   -0.430957
   -0.344304
   -0.400800
   -0.321822
   -0.214916
   -0.143955
   -0.154874
   -0.202843
   -0.296343
   -0.432950
   -0.482036
   -0.441355
   -0.484296
   -0.477214
   -0.432170
   -0.381847
   -0.354899
   -0.385483
   -0.225978
   -0.171886
   -0.187924
   -0.095720
   -0.040047
   -0.140003
   -0.317777
   -0.484802
   -0.532315
   -0.476338
   -0.527007
   -0.538996
   -0.479617
   -0.403860
   -0.346759
   -0.401616
   -0.230245
   -0.153012
   -0.288908
   -0.387638
   -0.438041
   -0.442829
   -0.460072
   -0.422021
   -0.411297
   -0.451197
   -0.432256
   -0.403549
   -0.405367
   -0.353952
   -0.387602
   -0.229091
   -0.286818
   -0.464071
   -0.245556
   -0.352442
   -0.481258
   -0.503167
   -0.491628
   -0.484259
   -0.482329
   -0.520259
   -0.468123
   -0.442243
   -0.381274
   -0.382580
   -0.406904
   -0.188277
   -0.310264
   -0.504223
   -0.442823
   -0.425201
   -0.459174
   -0.459652
   -0.433220
   -0.447969
   -0.449072
   -0.445687
   -0.421866
   -0.399715
   -0.429584
   -0.367416
   -0.144247
   -0.328565
   -0.423755
   -0.414004
   -0.428970
   -0.461394
   -0.496111
   -0.509182
   -0.499632
   -0.511236
   -0.528761
   -0.467393
   -0.405616
   -0.417111
   -0.480207
   -0.421476
   -0.091300
   -0.367066
   -0.496233
   -0.447571
   -0.400583
   -0.511899
   -0.499260
   -0.480662
   -0.486166
   -0.458005
   -0.477428
   -0.411095
   -0.465484
   -0.428366
   -0.256920
   -0.151537
   -0.404497
   -0.427322
   -0.420132
   -0.409886
   -0.471514
   -0.569998
   -0.534554
   -0.519936
   -0.539105
   -0.538670
   -0.542901
   -0.430244
   -0.487951
   -0.427796
   -0.272386
   -0.085693
   -0.425204
   -0.439665
   -0.447449
   -0.446273
   -0.492938
   -0.462168
   -0.477039
   -0.481056
   -0.481159
   -0.467679
   -0.424858
   -0.413176
   -0.401706
   -0.201692
   -0.203442
   -0.409415
   -0.417347
   -0.390056
   -0.404095
   -0.454650
   -0.584553
   -0.515017
   -0.570360
   -0.563654
   -0.554353
   -0.524228
   -0.400407
   -0.401212
   -0.407917
   -0.210629
   -0.206435
   -0.394855
   -0.432850
   -0.430759
   -0.438721
   -0.529827
   -0.460330
   -0.496466
   -0.444018
   -0.437839
   -0.459416
   -0.392955
   -0.388795
   -0.397768
   -0.127872
   -0.304536
   -0.423365
   -0.378170
   -0.383058
   -0.433017
   -0.480097
   -0.432846
   -0.587018
   -0.596964
   -0.517624
   -0.460816
   -0.442191
   -0.377653
   -0.378191
   -0.395467
   -0.138582
   -0.274947
   -0.407370
   -0.402785
   -0.413882
   -0.424554
   -0.557253
   -0.509979
   -0.492456
   -0.425083
   -0.446337
   -0.424765
   -0.397652
   -0.391410
   -0.318239
   -0.146170
   -0.296680
   -0.347481
   -0.396529
   -0.395901
   -0.421423
   -0.468144
   -0.449552
   -0.435279
   -0.524610
   -0.455522
   -0.495876
   -0.468444
   -0.421044
   -0.421387
   -0.345666
   -0.110781
   -0.279928
   -0.379027
   -0.369697
   -0.422953
   -0.478099
   -0.569815
   -0.493200
   -0.451189
   -0.333198
   -0.415744
   -0.447217
   -0.454620
   -0.474718
   -0.437986
   -0.434316
   -0.459434
   -0.392258
   -0.395332
   -0.402093
   -0.399920
   -0.381861
   -0.148888
   -0.262789
   -0.492200
   -0.315764
   -0.424492
   -0.493126
   -0.538963
   -0.522073
   -0.487180
   -0.544089
   -0.533987
   -0.421933
   -0.423677
   -0.381081
   -0.417178
   -0.408218
   -0.146934
   -0.283437
   -0.491432
   -0.409654
   -0.445684
   -0.466956
   -0.449785
   -0.416043
   -0.417409
   -0.446898
   -0.437219
   -0.432169
   -0.435161
   -0.469320
   -0.359887
   -0.134415
   -0.356369
   -0.431436
   -0.413653
   -0.424397
   -0.456084
   -0.504062
   -0.472885
   -0.492365
   -0.531510
   -0.489348
   -0.447174
   -0.429432
   -0.404388
   -0.491287
   -0.417345
   -0.122498
   -0.403697
   -0.479180
   -0.421504
   -0.454512
   -0.474581
   -0.492549
   -0.463090
   -0.452889
   -0.488389
   -0.441064
   -0.430239
   -0.436852
   -0.403804
   -0.231202
   -0.220138
   -0.374554
   -0.416151
   -0.381969
   -0.423426
   -0.550411
   -0.511814
   -0.502952
   -0.531958
   -0.505355
   -0.531768
   -0.508396
   -0.423548
   -0.446912
   -0.401321
   -0.181805
   -0.206999
   -0.394873
   -0.414927
   -0.428290
   -0.469630
   -0.435694
   -0.452206
   -0.498223
   -0.504570
   -0.460743
   -0.410127
   -0.380284
   -0.408116
   -0.282682
   -0.203569
   -0.291394
   -0.402649
   -0.391836
   -0.382467
   -0.411625
   -0.462044
   -0.498577
   -0.578465
   -0.592299
   -0.552272
   -0.533572
   -0.415456
   -0.347585
   -0.417234
   -0.297030
   -0.163895
   -0.300526
   -0.430896
   -0.437985
   -0.438679
   -0.471044
   -0.518432
   -0.463766
   -0.493017
   -0.396699
   -0.438060
   -0.436597
   -0.390034
   -0.436940
   -0.188890
   -0.232472
   -0.323011
   -0.400713
   -0.427044
   -0.450969
   -0.450132
   -0.446181
   -0.415346
   -0.547910
   -0.537381
   -0.458479
   -0.475120
   -0.432821
   -0.402482
   -0.425376
   -0.164789
   -0.232580
   -0.338190
   -0.390575
   -0.441441
   -0.453195
   -0.474237
   -0.545409
   -0.462021
   -0.431661
   -0.414100
   -0.445076
   -0.406186
   -0.402740
   -0.364781
   -0.191156
   -0.242853
   -0.375451
   -0.394908
   -0.381193
   -0.414105
   -0.438466
   -0.465806
   -0.463739
   -0.451079
   -0.490042
   -0.437270
   -0.446754
   -0.414870
   -0.438008
   -0.377972
   -0.161088
   -0.265182
   -0.428461
   -0.418528
   -0.404879
   -0.400585
   -0.479354
   -0.542690
   -0.483024
   -0.501467
   -0.431902
   -0.412957
   -0.390745
   -0.398545
   -0.321580
   -0.242354
   -0.352350
   -0.402305
   -0.416941
   -0.418836
   -0.442661
   -0.436219
   -0.428277
   -0.453799
   -0.441952
   -0.424624
   -0.463893
   -0.402882
   -0.409737
   -0.413441
   -0.330403
   -0.225426
   -0.306895
   -0.413580
   -0.408162
   -0.394667
   -0.445291
   -0.516464
   -0.538435
   -0.489880
   -0.470847
   -0.496097
   -0.412447
   -0.401873
   -0.390595
   -0.247859
   -0.248181
   -0.376028
   -0.411846
   -0.425988
   -0.411672
   -0.414545
   -0.488303
   -0.463289
   -0.424426
   -0.452515
   -0.446868
   -0.424999
   -0.364639
   -0.381836
   -0.391220
   -0.249838
   -0.240845
   -0.393811
   -0.450505
   -0.410286
   -0.410850
   -0.460818
   -0.540835
   -0.536523
   -0.478837
   -0.490341
   -0.475313
   -0.460399
   -0.426667
   -0.458803
   -0.481318
   -0.454196
   -0.466654
   -0.466414
   -0.440743
   -0.429260
   -0.421896
   -0.356473
   -0.165677
   -0.288113
   -0.441225
   -0.425061
   -0.406120
   -0.458437
   -0.508809
   -0.508471
   -0.518462
   -0.506005
   -0.501735
   -0.526176
   -0.488176
   -0.468874
   -0.465099
   -0.332341
   -0.127937
   -0.300537
   -0.469992
   -0.440693
   -0.432888
   -0.485580
   -0.464438
   -0.501049
   -0.494611
   -0.472658
   -0.452276
   -0.397664
   -0.392630
   -0.373808
   -0.254293
   -0.227671
   -0.353754
   -0.423315
   -0.393729
   -0.435828
   -0.470040
   -0.487936
   -0.553749
   -0.612293
   -0.579965
   -0.536642
   -0.491412
   -0.398971
   -0.391821
   -0.400741
   -0.226881
   -0.174986
   -0.394506
   -0.456161
   -0.453150
   -0.407124
   -0.505708
   -0.554670
   -0.457815
   -0.420970
   -0.388990
   -0.391205
   -0.383995
   -0.408714
   -0.251380
   -0.193782
   -0.328824
   -0.405589
   -0.420753
   -0.433430
   -0.444685
   -0.448132
   -0.424164
   -0.431436
   -0.522000
   -0.495651
   -0.421050
   -0.407053
   -0.411070
   -0.392036
   -0.235165
   -0.203553
   -0.347033
   -0.407553
   -0.450733
   -0.445495
   -0.468963
   -0.532625
   -0.473691
   -0.462082
   -0.418644
   -0.443733
   -0.414847
   -0.386875
   -0.372448
   -0.223765
   -0.273760
   -0.384106
   -0.388118
   -0.391345
   -0.418205
   -0.436933
   -0.468491
   -0.456811
   -0.441753
   -0.453141
   -0.448214
   -0.436323
   -0.420877
   -0.422234
   -0.385888
   -0.204284
   -0.281858
   -0.437939
   -0.437274
   -0.413457
   -0.397598
   -0.457154
   -0.533292
   -0.481164
   -0.495669
   -0.488265
   -0.423101
   -0.369086
   -0.379379
   -0.316459
   -0.261483
   -0.390270
   -0.398934
   -0.431455
   -0.390976
   -0.433048
   -0.429555
   -0.440302
   -0.464319
   -0.448022
   -0.423052
   -0.443112
   -0.409282
   -0.372309
   -0.399528
   -0.336563
   -0.243990
   -0.348841
   -0.393099
   -0.416125
   -0.397830
   -0.438982
   -0.492263
   -0.534583
   -0.484752
   -0.476628
   -0.503938
   -0.466029
   -0.388815
   -0.376698
   -0.195918
   -0.275185
   -0.389553
   -0.400468
   -0.434474
   -0.396696
   -0.414474
   -0.471887
   -0.461660
   -0.430694
   -0.448410
   -0.449105
   -0.432016
   -0.403653
   -0.381490
   -0.389916
   -0.201475
   -0.276718
   -0.417011
   -0.436545
   -0.416017
   -0.410505
   -0.461524
   -0.536737
   -0.543851
   -0.489468
   -0.479641
   -0.465486
   -0.466447
   -0.424692
   -0.305669
   -0.177617
   -0.337849
   -0.435426
   -0.413067
   -0.421969
   -0.444442
   -0.462622
   -0.505183
   -0.450385
   -0.432506
   -0.465558
   -0.443447
   -0.414395
   -0.414472
   -0.431923
   -0.259115
   -0.130937
   -0.306881
   -0.436010
   -0.408025
   -0.438738
   -0.474422
   -0.471837
   -0.528291
   -0.501391
   -0.478107
   -0.484551
   -0.472075
   -0.466372
   -0.405127
   -0.456512
   -0.263440
   -0.383168
   -0.425960
   -0.424922
   -0.431296
   -0.453048
   -0.456190
   -0.464083
   -0.461681
   -0.445012
   -0.439291
   -0.444057
   -0.433610
   -0.447470
   -0.453536
   -0.386980
   -0.240022
   -0.401507
   -0.414664
   -0.408630
   -0.427359
   -0.451751
   -0.500708
   -0.529994
   -0.513430
   -0.464814
   -0.473808
   -0.468456
   -0.425086
   -0.410360
   -0.430116
   -0.412072
   -0.455760
   -0.443014
   -0.408454
   -0.399613
   -0.403006
   -0.361166
   -0.241490
   -0.205294
   -0.393139
   -0.427999
   -0.406175
   -0.438718
   -0.427161
   -0.453517
   -0.429335
   -0.426553
   -0.499832
   -0.457503
   -0.439655
   -0.422288
   -0.433263
   -0.386349
   -0.210607
   -0.222531
   -0.464328
   -0.438102
   -0.442207
   -0.466812
   -0.485562
   -0.554723
   -0.504510
   -0.491896
   -0.448122
   -0.410887
   -0.391156
   -0.373998
   -0.360067
   -0.270213
   -0.329132
   -0.435147
   -0.417186
   -0.406862
   -0.444419
   -0.436280
   -0.478468
   -0.458625
   -0.452161
   -0.450075
   -0.447616
   -0.426295
   -0.402400
   -0.440328
   -0.341762
   -0.214425
   -0.358362
   -0.479540
   -0.458769
   -0.461060
   -0.435425
   -0.483233
   -0.544530
   -0.485074
   -0.498702
   -0.536572
   -0.417253
   -0.404927
   -0.306698
   -0.255267
   -0.333761
   -0.419003
   -0.414139
   -0.412896
   -0.411687
   -0.401303
   -0.451450
   -0.471961
   -0.429991
   -0.423957
   -0.450734
   -0.464674
   -0.410740
   -0.405414
   -0.291269
   -0.247679
   -0.324060
   -0.380752
   -0.414690
   -0.453497
   -0.449510
   -0.487441
   -0.540720
   -0.540101
   -0.519740
   -0.511984
   -0.484683
   -0.469188
   -0.331750
   -0.252210
   -0.297099
   -0.380677
   -0.420840
   -0.414193
   -0.442632
   -0.450443
   -0.468246
   -0.465639
   -0.457466
   -0.446559
   -0.437349
   -0.423935
   -0.442786
   -0.441756
   -0.350396
   -0.221783
   -0.294790
   -0.412400
   -0.414038
   -0.406685
   -0.481255
   -0.526730
   -0.544072
   -0.551114
   -0.521509
   -0.496734
   -0.489895
   -0.477474
   -0.464011
   -0.452326
   -0.249816
   -0.348783
   -0.445372
   -0.429690
   -0.408468
   -0.448069
   -0.467826
   -0.507947
   -0.444342
   -0.450138
   -0.437528
   -0.415614
   -0.419081
   -0.421336
   -0.423941
   -0.432693
   -0.242504
   -0.371025
   -0.463262
   -0.430804
   -0.433435
   -0.479304
   -0.490038
   -0.574140
   -0.508732
   -0.494775
   -0.494806
   -0.485321
   -0.471834
   -0.463600
   -0.454607
   -0.447855
   -0.414616
   -0.436716
   -0.410864
   -0.438645
   -0.469597
   -0.449156
   -0.456305
   -0.453220
   -0.453396
   -0.445630
   -0.431474
   -0.433201
   -0.441411
   -0.409526
   -0.406113
   -0.414880
   -0.437630
   -0.466507
   -0.420045
   -0.467455
   -0.513165
   -0.494176
   -0.519958
   -0.495923
   -0.464627
   -0.479519
   -0.472592
   -0.464858
   -0.462597
   -0.432895
   -0.431836
   -0.415201
   -0.426699
   -0.418701
   -0.431555
   -0.444025
   -0.470083
   -0.470393
   -0.451105
   -0.445521
   -0.450718
   -0.429661
   -0.415524
   -0.419770
   -0.429445
   -0.415055
   -0.417051
   -0.447592
   -0.411083
   -0.448476
   -0.477316
   -0.495623
   -0.534266
   -0.551203
   -0.529826
   -0.517212
   -0.494895
   -0.462727
   -0.453535
   -0.433126
   -0.432288
   -0.443786
   -0.444052
   -0.454604
   -0.424613
   -0.410138
   -0.415744
   -0.467138
   -0.470935
   -0.444937
   -0.448552
   -0.450200
   -0.422836
   -0.427483
   -0.398583
   -0.406193
   -0.422972
   -0.440015
   -0.471404
   -0.473857
   -0.475706
   -0.495067
   -0.497815
   -0.537203
   -0.513261
   -0.463877
   -0.464624
   -0.488087
   -0.481125
   -0.453553
   -0.416531
   -0.409561
   -0.433633
   -0.447073
   -0.482896
   -0.493428
   -0.472396
   -0.396183
   -0.214168
   -0.264799
   -0.410526
   -0.418360
   -0.404433
   -0.404795
   -0.399251
   -0.404927
   -0.472122
   -0.482581
   -0.432029
   -0.419897
   -0.444469
   -0.459810
   -0.485415
   -0.369846
   -0.218470
   -0.277097
   -0.395134
   -0.396665
   -0.401285
   -0.409299
   -0.430755
   -0.478032
   -0.524573
   -0.498868
   -0.480009
   -0.480571
   -0.470959
   -0.461893
   -0.232329
   -0.243452
   -0.345520
   -0.366891
   -0.409420
   -0.442401
   -0.421252
   -0.449796
   -0.472243
   -0.459810
   -0.447197
   -0.447559
   -0.449389
   -0.435374
   -0.441879
   -0.450246
   -0.245554
   -0.186593
   -0.311325
   -0.413288
   -0.415886
   -0.432614
   -0.482815
   -0.510431
   -0.563626
   -0.547964
   -0.487646
   -0.468137
   -0.477075
   -0.484518
   -0.474356
   -0.468462
   -0.365904
   -0.428990
   -0.434153
   -0.431488
   -0.424650
   -0.417700
   -0.445107
   -0.443827
   -0.435113
   -0.441102
   -0.463073
   -0.449752
   -0.428195
   -0.436293
   -0.449644
   -0.438758
   -0.351063
   -0.410760
   -0.455510
   -0.459982
   -0.476401
   -0.504006
   -0.527771
   -0.539036
   -0.496344
   -0.483477
   -0.474721
   -0.494671
   -0.481338
   -0.452123
   -0.470601
   -0.468045
   -0.425595
   -0.419401
   -0.436238
   -0.450221
   -0.448359
   -0.457461
   -0.461401
   -0.442890
   -0.445841
   -0.438102
   -0.442422
   -0.432249
   -0.401444
   -0.405181
   -0.420196
   -0.421049
   -0.419633
   -0.420044
   -0.476395
   -0.506576
   -0.506096
   -0.523749
   -0.510098
   -0.499557
   -0.479446
   -0.471655
   -0.471996
   -0.460542
   -0.439476
   -0.436127
   -0.424365
   -0.425616
   -0.429977
   -0.468831
   -0.489133
   -0.460635
   -0.444651
   -0.449332
   -0.447950
   -0.439823
   -0.428877
   -0.431020
   -0.430729
   -0.430191
   -0.447928
   -0.426974
   -0.409209
   -0.418074
   -0.446733
   -0.489381
   -0.518542
   -0.513479
   -0.498545
   -0.493971
   -0.498437
   -0.492698
   -0.485597
   -0.473431
   -0.440568
   -0.411886
   -0.431102
   -0.425104
   -0.419808
   -0.450928
   -0.451444
   -0.433128
   -0.453521
   -0.457770
   -0.449813
   -0.439622
   -0.419089
   -0.435408
   -0.425152
   -0.402316
   -0.410746
   -0.436080
   -0.448381
   -0.436628
   -0.431556
   -0.432628
   -0.499290
   -0.488169
   -0.514997
   -0.504201
   -0.489853
   -0.479239
   -0.465655
   -0.456241
   -0.452658
   -0.421557
   -0.404442
   -0.422403
   -0.442578
   -0.463207
   -0.473791
   -0.463845
   -0.460024
   -0.469017
   -0.442279
   -0.439248
   -0.444464
   -0.429075
   -0.421369
   -0.426308
   -0.406629
   -0.416719
   -0.427764
   -0.416715
   -0.423467
   -0.479719
   -0.481731
   -0.451499
   -0.536448
   -0.551693
   -0.526781
   -0.498635
   -0.478922
   -0.454777
   -0.444462
   -0.446637
   -0.436478
   -0.438689
   -0.434930
   -0.441761
   -0.477900
   -0.508788
   -0.522212
   -0.489552
   -0.469825
   -0.448831
   -0.446241
   -0.433533
   -0.411042
   -0.407210
   -0.403942
   -0.401746
   -0.439564
   -0.456679
   -0.464424
   -0.444697
   -0.443195
   -0.445654
   -0.469907
   -0.518214
   -0.514982
   -0.483064
   -0.483442
   -0.482935
   -0.460017
   -0.434170
   -0.416335
   -0.411106
   -0.446427
   -0.465369
   -0.476819
   -0.470701
   -0.479268
   -0.490748
   -0.502159
   -0.546150
   -0.429812
   -0.404507
   -0.423492
   -0.446165
   -0.411132
   -0.411754
   -0.454214
   -0.445415
   -0.429740
   -0.391539
   -0.420202
   -0.426387
   -0.439328
   -0.432326
   -0.413307
   -0.436841
   -0.403975
   -0.394779
   -0.413450
   -0.419557
   -0.409563
   -0.458130
   -0.515673
   -0.465747
   -0.430349
   -0.414585
   -0.407817
   -0.403571
   -0.403765
   -0.387400
   -0.386997
   -0.411187
   -0.427589
   -0.443091
   -0.436540
   -0.425450
   -0.426479
   -0.433679
   -0.426364
   -0.441437
   -0.443754
   -0.450919
   -0.426821
   -0.419337
   -0.404973
   -0.415626
   -0.454126
   -0.454544
   -0.420041
   -0.423261
   -0.418921
   -0.418070
   -0.459578
   -0.476362
   -0.446347
   -0.444761
   -0.431006
   -0.450704
   -0.423229
   -0.387563
   -0.362665
   -0.386926
   -0.439374
   -0.429023
   -0.400224
   -0.420784
   -0.447072
   -0.465695
   -0.455744
   -0.431547
   -0.419787
   -0.405977
   -0.461840
   -0.450810
   -0.417284
   -0.398238
   -0.410389
   -0.434009
   -0.448613
   -0.444888
   -0.411049
   -0.422959
   -0.448810
   -0.470276
   -0.460535
   -0.440699
   -0.426814
   -0.411196
   -0.408151
   -0.403556
   -0.390250
   -0.390786
   -0.397427
   -0.405585
   -0.416356
   -0.420509
   -0.424428
   -0.440239
   -0.441651
   -0.440345
   -0.433278
   -0.422827
   -0.411506
   -0.407890
   -0.405840
   -0.403480
   -0.408510
   -0.416156
   -0.410045
   -0.397849
   -0.394640
   -0.402692
   -0.434581
   -0.454944
   -0.455647
   -0.440647
   -0.437757
   -0.434941
   -0.416706
   -0.414263
   -0.388540
   -0.381549
   -0.389716
   -0.396804
   -0.404350
   -0.405644
   -0.422793
   -0.443141
   -0.448307
   -0.437678
   -0.418064
   -0.418191
   -0.417297
   -0.411097
   -0.417240
   -0.403759
   -0.427174
   -0.424251
   -0.426047
   -0.419367
   -0.422105
   -0.422859
   -0.422684
   -0.420932
   -0.467635
   -0.445094
   -0.427201
   -0.422355
   -0.415200
   -0.416423
   -0.421268
   -0.409193
   -0.380478
   -0.395057
   -0.401613
   -0.410842
   -0.421810
   -0.432396
   -0.429723
   -0.426404
   -0.433853
   -0.422539
   -0.420614
   -0.401506
   -0.396123
   -0.409943
   -0.412204
   -0.424069
   -0.430033
   -0.436298
   -0.438043
   -0.436041
   -0.429510
   -0.438595
   -0.462666
   -0.470171
   -0.443788
   -0.425575
   -0.423148
   -0.404676
   -0.396450
   -0.403769
   -0.404015
   -0.423583
   -0.462502
   -0.453300
   -0.445770
   -0.427654
   -0.422874
   -0.450690
   -0.491019
   -0.514689
   -0.438344
   -0.429942
   -0.420994
   -0.413014
   -0.397195
   -0.389029
   -0.405946
   -0.419473
   -0.438550
   -0.448209
   -0.420014
   -0.399403
   -0.431508
   -0.489238
   -0.461137
   -0.391089
   -0.447637
   -0.429944
   -0.415772
   -0.407187
   -0.391841
   -0.386006
   -0.398571
   -0.414199
   -0.445684
   -0.450310
   -0.424863
   -0.424825
   -0.486519
   -0.534934
   -0.483737
   -0.388620
   -0.428156
   -0.420741
   -0.417386
   -0.405702
   -0.395389
   -0.411898
   -0.414453
   -0.416947
   -0.418926
   -0.412299
   -0.451703
   -0.479606
   -0.464500
   -0.429578
   -0.407673
   -0.410891
   -0.421141
   -0.415205
   -0.414250
   -0.409217
   -0.411513
   -0.426501
   -0.431167
   -0.423633
   -0.407472
   -0.428409
   -0.491941
   -0.521620
   -0.495266
   -0.437144
   -0.373123
   -0.345361
   -0.423877
   -0.427128
   -0.444537
   -0.446614
   -0.431656
   -0.436277
   -0.442060
   -0.436138
   -0.436443
   -0.425587
   -0.409259
   -0.411520
   -0.424377
   -0.435750
   -0.433314
   -0.433780
   -0.422425
   -0.453565
   -0.488478
   -0.488110
   -0.474733
   -0.483083
   -0.486887
   -0.478854
   -0.467082
   -0.447158
   -0.417375
   -0.426838
   -0.435477
   -0.448497
   -0.455513
   -0.467802
   -0.452136
   -0.464703
   -0.439338
   -0.436868
   -0.427644
   -0.423132
   -0.425888
   -0.429074
   -0.404224
   -0.423484
   -0.435059
   -0.434891
   -0.429868
   -0.432436
   -0.434462
   -0.435814
   -0.508881
   -0.526215
   -0.491646
   -0.467305
   -0.450578
   -0.440646
   -0.432458
   -0.439516
   -0.413126
   -0.411321
   -0.418467
   -0.434203
   -0.436618
   -0.444382
   -0.441039
   -0.443863
   -0.439594
   -0.431358
   -0.427344
   -0.424737
   -0.431703
   -0.432612
   -0.423275
   -0.420810
   -0.425015
   -0.436751
   -0.422805
   -0.406941
   -0.419456
   -0.435057
   -0.437740
   -0.431862
   -0.465513
   -0.439733
   -0.433800
   -0.434624
   -0.429419
   -0.427645
   -0.418439
   -0.419312
   -0.431640
   -0.450160
   -0.450647
   -0.433419
   -0.451166
   -0.469955
   -0.464605
   -0.462046
   -0.436550
   -0.438065
   -0.433101
   -0.427346
   -0.428876
   -0.422129
   -0.414490
   -0.419924
   -0.431292
   -0.419636
   -0.426406
   -0.439704
   -0.431937
   -0.428955
   -0.449166
   -0.467579
   -0.445923
   -0.444030
   -0.439064
   -0.429701
   -0.420164
   -0.413077
   -0.412860
   -0.424841
   -0.470113
   -0.456480
   -0.464347
   -0.473689
   -0.462918
   -0.456925
   -0.491153
   -0.515326
   -0.452355
   -0.443375
   -0.426921
   -0.420575
   -0.417505
   -0.406013
   -0.413961
   -0.418838
   -0.445037
   -0.438827
   -0.428982
   -0.424952
   -0.442064
   -0.446947
   -0.432794
   -0.430999
   -0.465312
   -0.457658
   -0.444234
   -0.436029
   -0.416861
   -0.417637
   -0.425483
   -0.439746
   -0.436579
   -0.443874
   -0.455990
   -0.480611
   -0.500562
   -0.511516
   -0.503975
   -0.474948
   -0.401607
   -0.421304
   -0.426745
   -0.421826
   -0.420057
   -0.412094
   -0.426517
   -0.434353
   -0.407660
   -0.444205
   -0.467343
   -0.456779
   -0.432230
   -0.423153
   -0.420084
   -0.407009
   -0.425088
   -0.422274
   -0.436792
   -0.438705
   -0.430839
   -0.439038
   -0.448517
   -0.456783
   -0.445960
   -0.498020
   -0.540395
   -0.519683
   -0.471857
   -0.451740
   -0.432119
   -0.398385
   -0.428564
   -0.409936
   -0.428532
   -0.422427
   -0.424546
   -0.441384
   -0.455955
   -0.470136
   -0.480505
   -0.457604
   -0.450961
   -0.462797
   -0.410883
   -0.365002
   -0.411291
   -0.391059
   -0.435679
   -0.417973
   -0.416671
   -0.424670
   -0.431439
   -0.452418
   -0.467425
   -0.488268
   -0.532708
   -0.515109
   -0.481646
   -0.434385
   -0.384753
   -0.372171
   -0.403494
   -0.365968
   -0.414202
   -0.406458
   -0.424361
   -0.452465
   -0.447678
   -0.449331
   -0.465825
   -0.466561
   -0.448701
   -0.400982
   -0.410908
   -0.397895
   -0.387522
   -0.427343
   -0.276416
   -0.090924
   -0.395036
   -0.398769
   -0.422648
   -0.449561
   -0.452449
   -0.471570
   -0.491764
   -0.490556
   -0.475869
   -0.424580
   -0.391845
   -0.380173
   -0.396332
   -0.423448
   -0.250145
   -0.053145
   -0.492903
   -0.491040
   -0.475597
   -0.463850
   -0.463119
   -0.462292
   -0.467181
   -0.470936
   -0.483350
   -0.483971
   -0.479380
   -0.474720
   -0.482291
   -0.494949
   -0.490984
   -0.481240
   -0.589626
   -0.591065
   -0.577013
   -0.557094
   -0.549308
   -0.535379
   -0.540744
   -0.552438
   -0.571733
   -0.575580
   -0.579773
   -0.555617
   -0.564537
   -0.580194
   -0.570001
   -0.552153
   -0.485928
   -0.475022
   -0.460480
   -0.436295
   -0.452646
   -0.470345
   -0.486101
   -0.491164
   -0.485228
   -0.480695
   -0.480364
   -0.460428
   -0.473919
   -0.512780
   -0.476896
   -0.480043
   -0.578702
   -0.565104
   -0.555940
   -0.538180
   -0.520543
   -0.523792
   -0.562969
   -0.580301
   -0.560870
   -0.545070
   -0.541670
   -0.562035
   -0.569919
   -0.581381
   -0.560058
   -0.557475
   -0.499509
   -0.491804
   -0.476758
   -0.464231
   -0.460505
   -0.478094
   -0.488722
   -0.490285
   -0.471376
   -0.480114
   -0.491407
   -0.496836
   -0.465654
   -0.424728
   -0.448498
   -0.516049
   -0.558678
   -0.546884
   -0.536102
   -0.518067
   -0.519626
   -0.555299
   -0.576619
   -0.580660
   -0.587480
   -0.579993
   -0.568840
   -0.573046
   -0.587169
   -0.574809
   -0.555542
   -0.570462
   -0.485699
   -0.477571
   -0.474787
   -0.475575
   -0.481415
   -0.488294
   -0.498857
   -0.485021
   -0.499437
   -0.484705
   -0.481792
   -0.463823
   -0.467557
   -0.501514
   -0.510640
   -0.456892
   -0.537747
   -0.527790
   -0.530249
   -0.539290
   -0.544328
   -0.545781
   -0.541196
   -0.540409
   -0.589393
   -0.586825
   -0.589797
   -0.590139
   -0.568357
   -0.581989
   -0.547227
   -0.478185
   -0.478922
   -0.483466
   -0.483842
   -0.482473
   -0.490593
   -0.479076
   -0.461847
   -0.468955
   -0.468793
   -0.474957
   -0.460646
   -0.479196
   -0.477433
   -0.425225
   -0.433217
   -0.427912
   -0.540191
   -0.539935
   -0.545616
   -0.546735
   -0.552636
   -0.548275
   -0.550327
   -0.577789
   -0.579087
   -0.572539
   -0.556674
   -0.552222
   -0.526159
   -0.465433
   -0.506339
   -0.509962
   -0.476138
   -0.474556
   -0.482649
   -0.490828
   -0.489453
   -0.479988
   -0.477371
   -0.488337
   -0.505878
   -0.491221
   -0.451395
   -0.445680
   -0.455655
   -0.411015
   -0.242843
   -0.156620
   -0.541798
   -0.539434
   -0.542201
   -0.551084
   -0.553274
   -0.570732
   -0.590657
   -0.589695
   -0.570557
   -0.525491
   -0.479873
   -0.485798
   -0.523931
   -0.489319
   -0.304220
   -0.191777
   -0.459870
   -0.487859
   -0.465968
   -0.447173
   -0.468753
   -0.516780
   -0.503171
   -0.462925
   -0.450100
   -0.442129
   -0.480530
   -0.423568
   -0.221407
   -0.116149
   -0.295255
   -0.476105
   -0.540214
   -0.559835
   -0.553223
   -0.526354
   -0.547631
   -0.584226
   -0.562139
   -0.500139
   -0.483516
   -0.491677
   -0.539027
   -0.488105
   -0.263974
   -0.161970
   -0.350965
   -0.513278
   -0.467093
   -0.482206
   -0.480296
   -0.467607
   -0.460190
   -0.454443
   -0.452480
   -0.473239
   -0.523676
   -0.381952
   -0.180655
   -0.144573
   -0.311371
   -0.472480
   -0.504387
   -0.456506
   -0.541592
   -0.548374
   -0.543955
   -0.534648
   -0.523473
   -0.493232
   -0.476351
   -0.511371
   -0.587419
   -0.464539
   -0.215640
   -0.162117
   -0.369202
   -0.574620
   -0.579546
   -0.491466
   -0.443790
   -0.440867
   -0.427576
   -0.427682
   -0.434098
   -0.433401
   -0.437800
   -0.439281
   -0.439437
   -0.437058
   -0.437906
   -0.436471
   -0.441646
   -0.444595
   -0.437696
   -0.433048
   -0.495598
   -0.480540
   -0.461793
   -0.449363
   -0.453806
   -0.463413
   -0.473288
   -0.484313
   -0.482853
   -0.479942
   -0.482711
   -0.481102
   -0.483448
   -0.486675
   -0.481196
   -0.469244
   -0.432067
   -0.433643
   -0.438916
   -0.437147
   -0.441716
   -0.446068
   -0.446782
   -0.442927
   -0.451291
   -0.439728
   -0.432970
   -0.434172
   -0.444092
   -0.447928
   -0.439647
   -0.431466
   -0.463764
   -0.453956
   -0.449292
   -0.445087
   -0.446418
   -0.458340
   -0.476969
   -0.481918
   -0.498514
   -0.488313
   -0.480300
   -0.483122
   -0.491191
   -0.492893
   -0.485943
   -0.475978
   -0.435718
   -0.437982
   -0.433661
   -0.432551
   -0.430878
   -0.431825
   -0.440249
   -0.436766
   -0.445549
   -0.432122
   -0.447560
   -0.449449
   -0.448521
   -0.438027
   -0.428267
   -0.436186
   -0.483968
   -0.487779
   -0.485624
   -0.471446
   -0.455844
   -0.481431
   -0.499038
   -0.499335
   -0.517254
   -0.491947
   -0.501755
   -0.521579
   -0.504537
   -0.470175
   -0.465960
   -0.459802
   -0.432746
   -0.440026
   -0.445286
   -0.433794
   -0.425592
   -0.436429
   -0.442317
   -0.426432
   -0.417953
   -0.442255
   -0.420566
   -0.416704
   -0.458454
   -0.454653
   -0.279117
   -0.092339
   -0.457675
   -0.470282
   -0.477055
   -0.479409
   -0.489606
   -0.491800
   -0.481471
   -0.461791
   -0.481234
   -0.490390
   -0.457327
   -0.476497
   -0.503497
   -0.477003
   -0.302499
   -0.096616
   -0.447313
   -0.454110
   -0.456100
   -0.456305
   -0.457614
   -0.465003
   -0.453914
   -0.440207
   -0.416478
   -0.409557
   -0.413584
   -0.366257
   -0.177503
   -0.079155
   -0.235345
   -0.376092
   -0.453252
   -0.467461
   -0.482280
   -0.504455
   -0.520068
   -0.509909
   -0.488433
   -0.450560
   -0.451702
   -0.453710
   -0.465914
   -0.386222
   -0.174347
   -0.078777
   -0.238341
   -0.401008
   -0.440896
   -0.424922
   -0.452097
   -0.465427
   -0.443669
   -0.426632
   -0.419010
   -0.415860
   -0.425331
   -0.276594
   -0.119852
   -0.150971
   -0.330138
   -0.413657
   -0.382702
   -0.375091
   -0.492358
   -0.483360
   -0.492406
   -0.500190
   -0.475037
   -0.450449
   -0.454458
   -0.474119
   -0.452913
   -0.285646
   -0.125153
   -0.170948
   -0.377948
   -0.464930
   -0.397230
   -0.414047
   -0.452922
   -0.446877
   -0.411077
   -0.429728
   -0.440332
   -0.434219
   -0.364460
   -0.196215
   -0.096851
   -0.212038
   -0.379863
   -0.400745
   -0.418558
   -0.414770
   -0.403689
   -0.437536
   -0.509360
   -0.477221
   -0.478711
   -0.447918
   -0.448666
   -0.481805
   -0.406578
   -0.227010
   -0.123244
   -0.222361
   -0.394586
   -0.478557
   -0.457550
   -0.419086
   -0.453718
   -0.491634
   -0.480956
   -0.440593
   -0.437810
   -0.410940
   -0.297825
   -0.168306
   -0.174239
   -0.296684
   -0.434795
   -0.396911
   -0.386603
   -0.408499
   -0.427837
   -0.415791
   -0.476492
   -0.463753
   -0.509273
   -0.490741
   -0.462258
   -0.440532
   -0.346701
   -0.207687
   -0.198362
   -0.318000
   -0.437810
   -0.419505
   -0.401406
   -0.409113
   -0.459299
   -0.478897
   -0.547665
   -0.543736
