   -0.385964
   -0.455497
   -0.398747
    0.002505
    0.059949
    0.077251
    0.188038
    0.116639
    0.180929
    0.170495
    0.220111
    0.231506
    0.276382
    0.225054
    0.210918
    0.235155
   -0.418247
   -0.460949
   -0.392197
   -0.014668
    0.107489
    0.148024
    0.209173
    0.187807
    0.170961
    0.232130
    0.239816
    0.308870
    0.291183
    0.280823
    0.252589
    0.249012
   -0.367135
   -0.444525
   -0.376242
   -0.052071
   -0.097302
   -0.066531
    0.038910
   -0.041804
   -0.036540
   -0.004904
    0.055813
    0.108889
    0.199598
    0.245731
    0.251750
    0.190586
   -0.453235
   -0.481788
   -0.387567
   -0.084649
    0.002929
    0.018220
    0.126127
    0.019976
    0.025355
    0.048880
    0.123936
    0.183124
    0.228169
    0.347638
    0.356230
    0.231988
   -0.386691
   -0.417759
   -0.403283
   -0.171024
   -0.220158
   -0.211099
   -0.167268
   -0.166535
   -0.250076
   -0.156606
   -0.157991
   -0.063641
   -0.060583
    0.022368
    0.163337
    0.250814
   -0.468187
   -0.468942
   -0.423356
   -0.206241
   -0.150339
   -0.176613
   -0.145130
   -0.147388
   -0.193207
   -0.125984
   -0.141028
   -0.078682
   -0.078212
    0.059671
    0.243361
    0.323835
   -0.421128
   -0.414946
   -0.402930
   -0.322131
   -0.311032
   -0.315089
   -0.292273
   -0.306111
   -0.299983
   -0.266089
   -0.306170
   -0.306594
   -0.358219
   -0.365440
   -0.200663
    0.032464
   -0.462668
   -0.440717
   -0.415088
   -0.359613
   -0.310038
   -0.296803
   -0.346181
   -0.272813
   -0.326125
   -0.229837
   -0.350215
   -0.330221
   -0.386532
   -0.383458
   -0.166108
    0.097855
   -0.453950
   -0.476157
   -0.419064
   -0.431033
   -0.430265
   -0.405852
   -0.426893
   -0.433609
   -0.302223
   -0.364640
   -0.351160
   -0.432632
   -0.387741
   -0.451166
   -0.423234
   -0.318011
   -0.480880
   -0.491179
   -0.443137
   -0.452091
   -0.430158
   -0.461923
   -0.498306
   -0.379461
   -0.379865
   -0.348606
   -0.342947
   -0.402810
   -0.411548
   -0.471594
   -0.461542
   -0.386370
   -0.422843
   -0.444867
   -0.396551
   -0.391214
   -0.352407
   -0.490767
   -0.505246
   -0.329690
   -0.363788
   -0.426085
   -0.370343
   -0.418933
   -0.400129
   -0.425912
   -0.434847
   -0.431514
   -0.472122
   -0.485920
   -0.445305
   -0.442571
   -0.339714
   -0.637031
   -0.586338
   -0.288571
   -0.405513
   -0.539304
   -0.438937
   -0.455614
   -0.434062
   -0.551895
   -0.559944
   -0.481724
   -0.416249
   -0.422290
   -0.381550
   -0.394433
   -0.352335
   -0.324134
   -0.421580
   -0.208101
   -0.258809
   -0.312384
   -0.426878
   -0.407463
   -0.438614
   -0.423943
   -0.418515
   -0.448667
   -0.464314
   -0.467826
   -0.433037
   -0.438978
   -0.408085
   -0.341755
   -0.374764
   -0.214463
   -0.221287
   -0.371758
   -0.506774
   -0.526534
   -0.505170
   -0.563197
   -0.536218
   -0.513626
   -0.418631
   -0.421956
   -0.399372
   -0.420588
   -0.335482
    0.019775
    0.032143
   -0.128415
    0.035700
   -0.131207
   -0.320348
   -0.442010
   -0.520840
   -0.471500
   -0.404346
   -0.320075
   -0.450629
   -0.445490
   -0.417210
   -0.441961
   -0.383541
    0.110625
    0.090551
   -0.117589
    0.039663
   -0.052172
   -0.338357
   -0.525450
   -0.593111
   -0.508943
   -0.430849
   -0.381242
   -0.459736
   -0.442909
   -0.210077
   -0.098875
   -0.218084
   -0.093557
   -0.077886
   -0.120570
   -0.029586
   -0.072151
   -0.021557
    0.099837
    0.232234
    0.244560
    0.234430
    0.152975
   -0.552633
   -0.504962
   -0.261017
   -0.114431
   -0.204859
   -0.055792
   -0.039823
   -0.091900
   -0.045973
   -0.027903
    0.008592
    0.125951
    0.280532
    0.327571
    0.313559
    0.243499
   -0.454116
   -0.437411
   -0.333897
   -0.263178
   -0.253206
   -0.297090
   -0.251372
   -0.291352
   -0.271667
   -0.225800
   -0.179384
   -0.247673
   -0.192290
    0.036832
    0.196001
    0.189760
   -0.530269
   -0.499867
   -0.398240
   -0.276919
   -0.280403
   -0.370538
   -0.294104
   -0.294679
   -0.261272
   -0.214851
   -0.180556
   -0.261816
   -0.155073
    0.150084
    0.287984
    0.298731
   -0.450184
   -0.433437
   -0.448601
   -0.401775
   -0.343408
   -0.410420
   -0.364104
   -0.302699
   -0.386521
   -0.333001
   -0.392472
   -0.397983
   -0.427615
   -0.381197
   -0.211006
    0.063502
   -0.524295
   -0.499104
   -0.527549
   -0.482292
   -0.452772
   -0.527640
   -0.466698
   -0.356342
   -0.389443
   -0.363776
   -0.394271
   -0.386528
   -0.468660
   -0.389095
   -0.173187
    0.117784
   -0.464183
   -0.434389
   -0.439528
   -0.410681
   -0.463051
   -0.459447
   -0.414499
   -0.449219
   -0.395649
   -0.446766
   -0.452383
   -0.421772
   -0.462365
   -0.498363
   -0.427425
   -0.308217
   -0.555534
   -0.511570
   -0.477598
   -0.432871
   -0.579505
   -0.539027
   -0.486025
   -0.539093
   -0.494549
   -0.502867
   -0.493784
   -0.471830
   -0.571277
   -0.608438
   -0.472578
   -0.356173
   -0.501137
   -0.455259
   -0.421672
   -0.400744
   -0.452757
   -0.500657
   -0.357881
   -0.368320
   -0.346294
   -0.451138
   -0.475418
   -0.487336
   -0.501121
   -0.512715
   -0.454411
   -0.512271
   -0.560805
   -0.528016
   -0.498781
   -0.471884
   -0.516576
   -0.645241
   -0.364249
   -0.380739
   -0.404009
   -0.524539
   -0.540774
   -0.628990
   -0.673991
   -0.617210
   -0.534625
   -0.638104
   -0.457896
   -0.433667
   -0.421414
   -0.409374
    0.003759
   -0.224702
   -0.174628
    0.015578
   -0.371998
   -0.415159
   -0.465720
   -0.435123
   -0.437040
   -0.493218
   -0.482449
   -0.517031
   -0.526290
   -0.511012
   -0.510711
   -0.471873
    0.042361
   -0.174137
   -0.161681
    0.012510
   -0.430844
   -0.501459
   -0.554892
   -0.549984
   -0.590514
   -0.643909
   -0.535646
   -0.587267
   -0.439719
   -0.435343
   -0.444222
   -0.403111
   -0.411773
    0.165863
   -0.066588
   -0.035425
   -0.182487
   -0.153627
   -0.322869
   -0.530426
   -0.505264
   -0.437165
   -0.278863
   -0.233378
   -0.523874
   -0.532472
   -0.529073
   -0.528334
   -0.515148
    0.151925
   -0.044903
   -0.016825
   -0.221810
   -0.198002
   -0.351205
   -0.638168
   -0.583094
   -0.518863
   -0.309857
   -0.316815
   -0.467589
   -0.491044
   -0.476162
   -0.468289
   -0.460130
   -0.320440
    0.242008
    0.146893
   -0.332556
   -0.459744
   -0.197542
   -0.283958
   -0.417052
   -0.140107
    0.152704
   -0.026500
   -0.543155
   -0.559292
   -0.534091
   -0.555962
   -0.552444
   -0.398095
    0.259824
    0.204677
   -0.346710
   -0.485642
   -0.254491
   -0.353679
   -0.491290
   -0.169505
    0.159602
   -0.102312
   -0.342255
   -0.331295
   -0.276982
   -0.318069
   -0.428306
   -0.387776
   -0.308473
   -0.346737
   -0.311674
   -0.403028
   -0.424682
   -0.403533
   -0.195841
   -0.001043
    0.132918
    0.104025
   -0.383403
   -0.441285
   -0.380419
   -0.364378
   -0.535640
   -0.443388
   -0.352782
   -0.383471
   -0.325248
   -0.441596
   -0.424530
   -0.496648
   -0.257751
   -0.055778
    0.135468
    0.149525
   -0.387552
   -0.361216
   -0.390152
   -0.427341
   -0.438669
   -0.369006
   -0.387980
   -0.403904
   -0.395319
   -0.396002
   -0.425011
   -0.453187
   -0.494609
   -0.398200
   -0.170786
    0.027718
   -0.381716
   -0.391100
   -0.456904
   -0.517503
   -0.580922
   -0.517405
   -0.517892
   -0.477101
   -0.449358
   -0.454216
   -0.483042
   -0.536423
   -0.539645
   -0.470813
   -0.243786
    0.006009
   -0.393205
   -0.387300
   -0.318972
   -0.403355
   -0.448704
   -0.285151
   -0.379546
   -0.385308
   -0.421446
   -0.409112
   -0.419494
   -0.506476
   -0.537143
   -0.430811
   -0.435713
   -0.443675
   -0.391919
   -0.333929
   -0.333517
   -0.485402
   -0.591537
   -0.344011
   -0.420510
   -0.434789
   -0.501149
   -0.479848
   -0.549896
   -0.629507
   -0.614923
   -0.524666
   -0.534814
   -0.502434
   -0.418483
   -0.396271
   -0.333381
   -0.140588
   -0.236782
   -0.226655
   -0.137637
   -0.363829
   -0.356914
   -0.443072
   -0.406210
   -0.414406
   -0.464841
   -0.420055
   -0.500744
   -0.488416
   -0.404278
   -0.366108
   -0.327059
    0.008398
   -0.212715
   -0.209883
   -0.019948
   -0.408283
   -0.406987
   -0.492353
   -0.442994
   -0.510930
   -0.540197
   -0.444369
   -0.630014
   -0.641872
   -0.391919
   -0.392986
   -0.364715
   -0.144922
    0.233654
   -0.091966
    0.007219
   -0.091505
   -0.217971
   -0.425773
   -0.467190
   -0.409138
   -0.455848
   -0.319807
   -0.344578
   -0.384070
   -0.402143
   -0.432069
   -0.368531
   -0.237703
    0.313047
   -0.060911
    0.072336
   -0.011659
   -0.176994
   -0.484067
   -0.564687
   -0.546107
   -0.487814
   -0.306813
   -0.313884
   -0.330941
   -0.430697
   -0.381282
   -0.386213
   -0.402794
   -0.157535
    0.279136
    0.194626
   -0.374096
   -0.340316
   -0.043684
   -0.325928
   -0.399223
   -0.219176
   -0.014112
   -0.061573
   -0.340013
   -0.459105
   -0.419580
   -0.435241
   -0.444073
   -0.202217
    0.417560
    0.274277
   -0.345811
   -0.318915
   -0.029394
   -0.291486
   -0.390473
   -0.175755
    0.083240
   -0.057852
   -0.376180
   -0.397089
   -0.419696
   -0.437920
   -0.414756
   -0.405020
   -0.071908
   -0.049571
   -0.356175
   -0.429655
   -0.336628
   -0.238408
   -0.210552
   -0.179589
    0.161706
    0.132035
   -0.242188
   -0.402361
   -0.409868
   -0.437238
   -0.521175
   -0.421384
   -0.026304
   -0.039942
   -0.361853
   -0.432300
   -0.309576
   -0.231035
   -0.161324
   -0.186343
    0.269219
    0.181007
   -0.172406
   -0.415345
   -0.436750
   -0.401195
   -0.425491
   -0.414863
   -0.399381
   -0.306633
   -0.387067
   -0.468840
   -0.465880
   -0.331707
   -0.039407
    0.008087
    0.034588
    0.169395
   -0.200037
   -0.395194
   -0.442075
   -0.464440
   -0.494797
   -0.471180
   -0.457101
   -0.326895
   -0.353389
   -0.539506
   -0.584685
   -0.396627
    0.054246
    0.037037
    0.087308
    0.256202
   -0.154555
   -0.358462
   -0.304078
   -0.405310
   -0.521605
   -0.328470
   -0.427753
   -0.417168
   -0.401985
   -0.435154
   -0.440692
   -0.465815
   -0.503971
   -0.451638
   -0.351755
   -0.153777
   -0.029404
   -0.308584
   -0.321957
   -0.447469
   -0.614714
   -0.352201
   -0.508148
   -0.498802
   -0.443143
   -0.491876
   -0.539502
   -0.536259
   -0.647024
   -0.600022
   -0.457755
   -0.236809
   -0.063816
   -0.370178
   -0.340950
   -0.292062
   -0.389471
   -0.311483
   -0.250601
   -0.326208
   -0.401422
   -0.405926
   -0.407931
   -0.483185
   -0.451892
   -0.488625
   -0.504395
   -0.469204
   -0.372519
   -0.373754
   -0.378059
   -0.341958
   -0.421913
   -0.354527
   -0.172657
   -0.338087
   -0.420759
   -0.481686
   -0.497692
   -0.609449
   -0.508152
   -0.520039
   -0.649425
   -0.607852
   -0.473284
   -0.353984
   -0.333818
   -0.005531
    0.090742
   -0.165273
    0.096656
   -0.223119
   -0.366793
   -0.439610
   -0.415050
   -0.408744
   -0.444645
   -0.392263
   -0.446693
   -0.419076
   -0.445995
   -0.372678
   -0.322282
    0.011580
    0.247626
   -0.079747
    0.165805
   -0.210888
   -0.372344
   -0.489624
   -0.500474
   -0.535163
   -0.547093
   -0.435311
   -0.478285
   -0.511639
   -0.559367
   -0.417594
   -0.420523
   -0.406589
   -0.033195
    0.150068
    0.061556
   -0.199494
   -0.094005
   -0.137713
   -0.385335
   -0.439832
   -0.352312
   -0.262521
   -0.166235
   -0.348939
   -0.413879
   -0.415359
   -0.412883
   -0.449396
   -0.033067
    0.285247
    0.119829
   -0.134782
   -0.085351
   -0.072051
   -0.404102
   -0.446104
   -0.375073
   -0.228059
   -0.116147
   -0.378275
   -0.376321
   -0.361712
   -0.392860
   -0.414811
   -0.279330
    0.243891
    0.240684
   -0.297628
   -0.437183
   -0.291209
   -0.267279
   -0.318576
   -0.131942
    0.205776
   -0.062934
   -0.323998
    0.082728
   -0.390118
   -0.403191
   -0.423318
   -0.351109
    0.339101
    0.328014
   -0.278001
   -0.385022
   -0.282426
   -0.235814
   -0.307267
   -0.109132
    0.309953
    0.012822
   -0.275386
    0.118209
   -0.431929
   -0.404339
   -0.446616
   -0.389939
   -0.398210
   -0.367307
   -0.381767
   -0.492192
   -0.361839
   -0.270121
   -0.053386
   -0.094495
    0.075715
    0.275120
   -0.150467
   -0.128233
   -0.434951
   -0.427555
   -0.463939
   -0.461689
   -0.477079
   -0.306843
   -0.386217
   -0.549405
   -0.381135
   -0.213950
    0.031307
   -0.083182
    0.135272
    0.386963
   -0.099645
   -0.146298
   -0.392364
   -0.401256
   -0.437290
   -0.415386
   -0.390994
   -0.264742
   -0.371038
   -0.486505
   -0.459763
   -0.298397
   -0.030757
    0.059702
   -0.071518
    0.096856
   -0.213402
   -0.192329
   -0.404715
   -0.397139
   -0.418501
   -0.425216
   -0.368705
   -0.327765
   -0.402508
   -0.567192
   -0.488985
   -0.340472
   -0.027949
    0.129930
    0.003556
    0.242648
   -0.169392
   -0.134208
   -0.414240
   -0.418935
   -0.420946
   -0.409043
   -0.305824
   -0.196752
   -0.445775
   -0.487032
   -0.424818
   -0.341144
   -0.266048
   -0.112499
   -0.244635
   -0.187179
    0.036946
   -0.183832
   -0.406288
   -0.412942
   -0.413006
   -0.375003
   -0.253502
   -0.209608
   -0.566445
   -0.611845
   -0.476818
   -0.384372
   -0.369419
   -0.069056
   -0.197674
   -0.230479
   -0.031176
   -0.196997
   -0.389134
    0.034263
   -0.009439
   -0.173205
    0.166023
   -0.285878
   -0.355248
   -0.399924
   -0.407104
   -0.421937
   -0.420713
   -0.340143
   -0.498255
   -0.492556
   -0.426530
   -0.365223
   -0.373555
    0.080177
    0.081151
   -0.138288
    0.246963
   -0.284938
   -0.377504
   -0.422422
   -0.462720
   -0.511902
   -0.528092
   -0.375931
   -0.559314
   -0.565784
   -0.550880
   -0.430747
   -0.411233
   -0.494262
    0.094923
    0.101813
   -0.017018
   -0.114369
   -0.100036
   -0.322268
   -0.479833
   -0.454533
   -0.379418
   -0.354076
   -0.349296
   -0.333561
   -0.388676
   -0.429138
   -0.432546
   -0.533953
    0.075956
    0.237831
    0.071933
   -0.030552
   -0.075483
   -0.292968
   -0.517151
   -0.504722
   -0.425014
   -0.309547
   -0.292380
   -0.335331
   -0.373237
   -0.497935
   -0.384731
   -0.399485
   -0.312699
    0.254912
    0.232294
   -0.339051
   -0.412714
   -0.127227
   -0.270532
   -0.346325
   -0.218707
    0.035453
   -0.091904
   -0.316981
   -0.264149
   -0.305149
   -0.427638
   -0.502135
   -0.371057
    0.358087
    0.371759
   -0.276025
   -0.399954
   -0.126280
   -0.259063
   -0.363127
   -0.203340
    0.118334
   -0.035981
   -0.345806
   -0.192322
   -0.304483
   -0.442663
   -0.452480
   -0.462645
   -0.329239
   -0.291352
   -0.374828
   -0.456644
   -0.404094
   -0.263936
   -0.179476
   -0.170585
    0.095352
    0.173410
   -0.278482
    0.159494
    0.066324
   -0.465779
   -0.500918
   -0.562540
   -0.396836
   -0.254925
   -0.341052
   -0.524807
   -0.354275
   -0.209602
   -0.128896
   -0.219978
    0.183864
    0.222951
   -0.223259
    0.152615
    0.142553
   -0.438238
   -0.435671
   -0.469319
   -0.414049
   -0.306909
   -0.393579
   -0.482044
   -0.512636
   -0.363973
   -0.029321
    0.032928
   -0.000931
    0.203972
   -0.204758
   -0.324374
   -0.306543
   -0.462886
   -0.455174
   -0.466737
   -0.438587
   -0.350286
   -0.410283
   -0.552924
   -0.592042
   -0.450026
    0.036128
    0.075285
    0.105830
    0.372941
   -0.206907
   -0.345519
   -0.353704
   -0.413748
   -0.440966
   -0.407937
   -0.365750
   -0.233241
   -0.505927
   -0.536695
   -0.471871
   -0.269807
   -0.144081
   -0.057055
   -0.308871
   -0.211744
   -0.099342
   -0.144968
   -0.169317
   -0.416533
   -0.462221
   -0.399568
   -0.342053
   -0.257414
   -0.647573
   -0.639193
   -0.522613
   -0.355371
   -0.275556
   -0.077333
   -0.271983
   -0.241508
   -0.112740
   -0.155683
   -0.193591
   -0.418850
   -0.432049
   -0.398114
   -0.170402
   -0.263738
   -0.437945
   -0.511722
   -0.448540
   -0.415842
   -0.405631
   -0.306352
   -0.266233
   -0.098652
   -0.152537
   -0.276764
   -0.296252
   -0.475529
   -0.443221
   -0.408571
   -0.170120
   -0.285286
   -0.491443
   -0.540932
   -0.462131
   -0.467848
   -0.412892
   -0.284703
   -0.275544
   -0.133554
   -0.207758
   -0.326751
   -0.296067
   -0.472085
   -0.454652
   -0.451205
   -0.305570
   -0.311700
   -0.408996
   -0.420556
   -0.413227
   -0.424603
   -0.367448
   -0.347793
   -0.430258
   -0.275971
   -0.393419
   -0.396008
   -0.255002
   -0.492477
   -0.474546
   -0.441090
   -0.339765
   -0.316672
   -0.400775
   -0.451681
   -0.474103
   -0.420425
   -0.331113
   -0.316771
   -0.566081
   -0.328645
   -0.443413
   -0.478425
   -0.265457
   -0.451097
   -0.274844
    0.233777
    0.237314
   -0.214997
   -0.211246
    0.021699
   -0.312140
   -0.386565
   -0.364670
   -0.327143
   -0.045727
   -0.340581
   -0.358892
   -0.446381
   -0.457280
   -0.515006
   -0.325240
    0.353471
    0.348339
   -0.129974
   -0.207947
    0.023100
   -0.322875
   -0.401946
   -0.352596
   -0.262096
   -0.008307
   -0.337964
   -0.324304
   -0.442683
   -0.493030
   -0.453091
   -0.458086
   -0.070864
    0.037492
   -0.325859
   -0.445915
   -0.386537
   -0.207093
   -0.339612
   -0.311297
    0.258253
   -0.011820
   -0.271874
    0.014337
   -0.064146
   -0.368087
   -0.491697
   -0.488755
   -0.055075
    0.122031
   -0.281745
   -0.457410
   -0.406429
   -0.197619
   -0.318894
   -0.291507
    0.381146
    0.045645
   -0.252185
    0.066463
    0.007157
   -0.369052
   -0.448965
   -0.399724
   -0.442203
   -0.375670
   -0.384963
   -0.489757
   -0.457948
   -0.308150
   -0.032403
   -0.044225
   -0.016685
    0.214801
   -0.062653
   -0.205747
   -0.151217
   -0.305108
   -0.492116
   -0.433020
   -0.488401
   -0.399704
   -0.416951
   -0.603451
   -0.500620
   -0.314685
    0.040767
   -0.026197
    0.037724
    0.321160
   -0.030990
   -0.243799
   -0.185272
   -0.298242
   -0.456837
   -0.385245
   -0.364818
   -0.299241
   -0.459159
   -0.468113
   -0.432896
   -0.288497
   -0.067055
   -0.000994
   -0.117611
    0.045408
   -0.233223
   -0.164095
   -0.108426
   -0.257934
   -0.458592
   -0.411419
   -0.394468
   -0.336340
   -0.582006
   -0.599949
   -0.521715
   -0.347431
   -0.109028
    0.065703
   -0.105797
    0.091655
   -0.248578
   -0.216411
   -0.104787
   -0.188263
   -0.454061
   -0.377895
   -0.224799
   -0.283341
   -0.483093
   -0.521146
   -0.490846
   -0.349943
   -0.286707
   -0.084831
   -0.271209
   -0.200141
    0.017234
   -0.158277
   -0.357724
   -0.270878
   -0.462442
   -0.407916
   -0.221178
   -0.306118
   -0.633113
   -0.646455
   -0.490793
   -0.432619
   -0.377564
   -0.129955
   -0.251652
   -0.208519
   -0.016451
   -0.177319
   -0.390940
   -0.302717
   -0.412017
   -0.432175
   -0.244388
   -0.245587
   -0.406712
   -0.422976
   -0.445024
   -0.407133
   -0.373875
   -0.340948
   -0.361755
   -0.103887
   -0.367913
   -0.330037
   -0.160639
   -0.249834
   -0.476209
   -0.455498
   -0.280844
   -0.233692
   -0.351260
   -0.477302
   -0.466616
   -0.417771
   -0.385784
   -0.358426
   -0.464322
   -0.140453
   -0.457414
   -0.421650
   -0.178894
   -0.242368
   -0.479810
   -0.415404
   -0.379742
   -0.381438
   -0.439807
   -0.453049
   -0.413790
   -0.420442
   -0.375696
   -0.260967
   -0.439255
   -0.344601
   -0.382167
   -0.379382
   -0.241901
   -0.241022
   -0.487786
   -0.420827
   -0.415976
   -0.400916
   -0.449484
   -0.472392
   -0.432138
   -0.420064
   -0.393917
   -0.288796
   -0.441202
   -0.450915
   -0.444842
   -0.417524
   -0.303854
   -0.262487
   -0.439044
   -0.445627
   -0.446583
   -0.416326
   -0.414966
   -0.427014
   -0.427091
   -0.440445
   -0.401149
   -0.198240
   -0.063148
   -0.366099
   -0.379625
   -0.319304
   -0.305734
   -0.384350
   -0.490282
   -0.481517
   -0.501786
   -0.460983
   -0.484643
   -0.481841
   -0.374234
   -0.373372
   -0.433577
   -0.233550
   -0.015330
   -0.442238
   -0.407590
   -0.316584
   -0.339344
   -0.401319
   -0.420619
   -0.347133
   -0.238867
   -0.381837
   -0.508171
   -0.417455
   -0.273736
   -0.121640
   -0.169556
    0.059315
    0.114745
   -0.190757
   -0.020785
    0.084948
   -0.284390
   -0.361843
   -0.457802
   -0.488946
   -0.316546
   -0.370319
   -0.611114
   -0.410019
   -0.212376
   -0.106251
   -0.203829
    0.111588
    0.172862
   -0.185240
    0.033924
    0.069592
   -0.246399
   -0.370525
   -0.394275
   -0.407451
   -0.376666
   -0.462207
   -0.489771
   -0.460273
   -0.442736
   -0.028034
   -0.037727
   -0.082944
    0.206420
   -0.094491
   -0.346374
   -0.204461
   -0.313212
   -0.380550
   -0.393432
   -0.401708
   -0.390699
   -0.524425
   -0.568321
   -0.536483
   -0.469973
   -0.040956
    0.034630
   -0.047429
    0.360877
   -0.016679
   -0.388934
   -0.259123
   -0.366438
   -0.416852
   -0.376026
   -0.261496
   -0.241388
   -0.518460
   -0.502023
   -0.426872
   -0.247629
   -0.144420
   -0.003284
   -0.295442
   -0.205966
   -0.167495
   -0.028347
   -0.197875
   -0.252902
   -0.328229
   -0.411170
   -0.203140
   -0.285186
   -0.611409
   -0.651917
   -0.527236
   -0.295351
   -0.223857
    0.044915
   -0.244134
   -0.223725
   -0.202038
   -0.073860
   -0.211802
   -0.281521
   -0.330604
   -0.395580
   -0.195591
   -0.219453
   -0.424113
   -0.435257
   -0.430039
   -0.399995
   -0.326923
   -0.240402
   -0.244273
   -0.059853
   -0.148509
   -0.249792
   -0.255149
   -0.277265
    0.002150
   -0.432154
   -0.226962
   -0.197964
   -0.413720
   -0.508844
   -0.537830
   -0.434612
   -0.317794
   -0.274903
   -0.288578
   -0.006467
   -0.210246
   -0.316301
   -0.274538
   -0.293379
    0.004068
   -0.414030
   -0.307700
   -0.281412
   -0.407693
   -0.433983
   -0.404236
   -0.406092
   -0.362475
   -0.342438
   -0.422035
   -0.275724
   -0.396281
   -0.432731
   -0.247457
   -0.283937
    0.144705
   -0.384975
   -0.351435
   -0.343459
   -0.411611
   -0.451643
   -0.449374
   -0.439674
   -0.330755
   -0.355031
   -0.490999
   -0.340546
   -0.484202
   -0.491606
   -0.230399
   -0.246404
    0.191840
   -0.390067
   -0.385836
   -0.377091
   -0.415937
   -0.463507
   -0.414656
   -0.391301
   -0.407320
   -0.111820
   -0.132681
   -0.368874
   -0.328485
   -0.283531
   -0.238521
   -0.269648
   -0.021169
   -0.470030
   -0.461535
   -0.426048
   -0.458300
   -0.480759
   -0.392359
   -0.375398
   -0.385746
   -0.091839
   -0.071555
   -0.441649
   -0.374544
   -0.296572
   -0.263629
   -0.329660
    0.007808
   -0.435950
   -0.425140
   -0.404031
   -0.469250
   -0.423869
   -0.428791
   -0.453380
   -0.395266
   -0.399277
   -0.294673
   -0.364606
   -0.406801
   -0.339163
   -0.397840
   -0.363369
   -0.397194
   -0.442443
   -0.431169
   -0.420430
   -0.529777
   -0.470017
   -0.458611
   -0.426732
   -0.449581
   -0.442401
   -0.337564
   -0.423581
   -0.443374
   -0.458409
   -0.411146
   -0.365718
   -0.372522
   -0.411266
   -0.403162
   -0.399396
   -0.472417
   -0.461626
   -0.388816
   -0.384672
   -0.470127
   -0.436478
   -0.395145
   -0.410001
   -0.416359
   -0.432651
   -0.393003
   -0.412307
   -0.433157
   -0.419328
   -0.410981
   -0.433418
   -0.479798
   -0.486194
   -0.436933
   -0.417860
   -0.440323
   -0.439206
   -0.409412
   -0.418590
   -0.381379
   -0.477862
   -0.418104
   -0.405588
   -0.440432
   -0.328681
   -0.288724
   -0.470962
   -0.506975
   -0.428395
   -0.228901
   -0.084743
    0.052436
   -0.199935
    0.026883
   -0.186400
   -0.232436
   -0.180332
   -0.234912
   -0.317370
   -0.381009
   -0.251788
   -0.297488
   -0.576454
   -0.640550
   -0.557614
   -0.292385
   -0.148376
    0.070889
   -0.165532
    0.078107
   -0.190377
   -0.247323
   -0.145807
   -0.260119
   -0.310001
   -0.372143
   -0.206809
   -0.242983
   -0.471675
   -0.498552
   -0.470535
   -0.416403
   -0.364584
   -0.166148
   -0.246317
   -0.078161
   -0.080257
   -0.100549
   -0.386202
   -0.254082
   -0.198754
   -0.358859
   -0.224566
   -0.240463
   -0.519700
   -0.610425
   -0.539646
   -0.442733
   -0.368387
   -0.205721
   -0.245723
   -0.061330
   -0.076447
   -0.139980
   -0.380875
   -0.325421
   -0.258309
   -0.400394
   -0.274987
   -0.269415
   -0.403111
   -0.436357
   -0.459746
   -0.401243
   -0.326198
   -0.342061
   -0.378444
   -0.143594
   -0.337264
   -0.341599
   -0.206891
   -0.273981
    0.187642
   -0.002082
   -0.294579
   -0.272926
   -0.400379
   -0.448555
   -0.430346
   -0.358544
   -0.320954
   -0.334859
   -0.393543
   -0.234455
   -0.437244
   -0.461098
   -0.218839
   -0.242653
    0.295186
    0.017555
   -0.373851
   -0.369982
   -0.451206
   -0.448469
   -0.446119
   -0.382310
   -0.428084
   -0.122515
   -0.348648
   -0.372608
   -0.371656
   -0.338607
   -0.229211
   -0.229702
   -0.026090
    0.053906
   -0.404252
   -0.365920
   -0.445073
   -0.445681
   -0.402673
   -0.383698
   -0.399120
   -0.108177
   -0.331288
   -0.428151
   -0.401844
   -0.399741
   -0.225333
   -0.221951
   -0.009078
    0.108460
   -0.434330
   -0.406825
   -0.444818
   -0.444761
   -0.426666
   -0.392965
   -0.382231
   -0.268795
   -0.126241
   -0.345132
   -0.413963
   -0.252113
   -0.346871
   -0.378521
   -0.267102
   -0.251394
   -0.451290
   -0.431958
   -0.499620
   -0.462896
   -0.396347
   -0.366086
   -0.421905
   -0.336025
   -0.168206
   -0.396419
   -0.449466
   -0.328937
   -0.375432
   -0.385328
   -0.294404
   -0.248269
   -0.414737
   -0.397548
   -0.483196
   -0.467854
   -0.421678
   -0.385155
   -0.443209
   -0.449201
   -0.353656
   -0.416979
   -0.420970
   -0.439777
   -0.416190
   -0.408393
   -0.450783
   -0.375098
   -0.422634
   -0.427259
   -0.497674
   -0.510742
   -0.448757
   -0.421426
   -0.408822
   -0.405095
   -0.371595
   -0.390922
   -0.425440
   -0.495530
   -0.375088
   -0.426633
   -0.437388
   -0.364527
   -0.390852
   -0.397894
   -0.431956
   -0.451484
   -0.456381
   -0.434538
   -0.474198
   -0.432968
   -0.394868
   -0.470888
   -0.432530
   -0.405269
   -0.416406
   -0.404823
   -0.425557
   -0.413984
   -0.423721
   -0.431740
   -0.440695
   -0.469278
   -0.486615
   -0.426816
   -0.466428
   -0.475771
   -0.450037
   -0.461233
   -0.426976
   -0.393435
   -0.448140
   -0.426606
   -0.457729
   -0.471717
   -0.397486
   -0.389962
   -0.403218
   -0.423011
   -0.438334
   -0.397314
   -0.403552
   -0.434722
   -0.423279
   -0.438983
   -0.478408
   -0.442143
   -0.407447
   -0.420624
   -0.417669
   -0.424130
   -0.407726
   -0.416747
   -0.437708
   -0.458301
   -0.417294
   -0.404110
   -0.456677
   -0.488037
   -0.449310
   -0.469605
   -0.522167
   -0.447746
   -0.442813
   -0.469692
   -0.447800
   -0.441826
   -0.214944
   -0.366347
   -0.462508
   -0.472365
   -0.374005
   -0.340411
   -0.333418
   -0.264562
   -0.111960
   -0.183679
   -0.230904
   -0.220563
   -0.330766
    0.101182
   -0.248895
   -0.386754
   -0.230912
   -0.366184
   -0.449835
   -0.468440
   -0.373409
   -0.315693
   -0.312006
   -0.310638
   -0.102043
   -0.236672
   -0.234735
   -0.241830
   -0.351315
    0.090554
   -0.227253
   -0.383935
   -0.298821
   -0.398091
   -0.427544
   -0.400553
   -0.389321
   -0.364122
   -0.333674
   -0.394130
   -0.311550
   -0.338174
   -0.373078
   -0.290687
   -0.240912
   -0.006534
    0.057546
   -0.210574
   -0.330998
   -0.436177
   -0.437315
   -0.426388
   -0.415540
   -0.384179
   -0.305037
   -0.377181
   -0.382960
   -0.388592
   -0.431754
   -0.303749
   -0.227529
    0.042579
    0.148876
   -0.212435
   -0.388682
   -0.435793
   -0.466944
   -0.403980
   -0.423066
   -0.428782
   -0.142828
   -0.051672
   -0.343072
   -0.327082
   -0.291911
   -0.187176
   -0.363680
   -0.029897
    0.053048
   -0.101388
   -0.418072
   -0.484325
   -0.463581
   -0.387575
   -0.348092
   -0.404941
   -0.152553
   -0.005769
   -0.382979
   -0.344633
   -0.315264
   -0.190826
   -0.354151
   -0.003315
    0.176963
   -0.065445
   -0.400254
   -0.452767
   -0.493394
   -0.427997
   -0.405661
   -0.405704
   -0.418352
   -0.386878
   -0.395639
   -0.400353
   -0.404954
   -0.368404
   -0.431259
   -0.413018
   -0.361177
   -0.408783
   -0.412870
   -0.469885
   -0.512951
   -0.438846
   -0.418459
   -0.396361
   -0.402441
   -0.398731
   -0.413059
   -0.442681
   -0.443726
   -0.373693
   -0.413115
   -0.398259
   -0.358796
   -0.410864
   -0.398995
   -0.427699
   -0.462647
   -0.442985
   -0.416855
   -0.444303
   -0.387064
   -0.396842
   -0.404252
   -0.407234
   -0.468665
   -0.384978
   -0.412100
   -0.448208
   -0.389005
   -0.468033
   -0.433266
   -0.452863
   -0.481773
   -0.479018
   -0.422054
   -0.444435
   -0.400654
   -0.426448
   -0.422173
   -0.395237
   -0.439688
   -0.370862
   -0.409355
   -0.437526
   -0.410957
   -0.586126
   -0.410170
   -0.406579
   -0.423653
   -0.448068
   -0.404385
   -0.402657
   -0.417206
   -0.415235
   -0.449385
   -0.460469
   -0.416366
   -0.419638
   -0.449709
   -0.383492
   -0.435747
   -0.448531
   -0.407505
   -0.436707
   -0.462428
   -0.439510
   -0.427351
   -0.414039
   -0.470202
   -0.439278
   -0.473602
   -0.531198
   -0.431135
   -0.464079
   -0.473481
   -0.458569
   -0.479606
   -0.514240
   -0.403352
   -0.397049
   -0.405993
   -0.400101
   -0.423195
   -0.409785
   -0.443657
   -0.432586
   -0.436774
   -0.487414
   -0.454785
   -0.435126
   -0.421962
   -0.413758
   -0.428156
   -0.386986
   -0.431133
   -0.436646
   -0.437092
   -0.407902
   -0.432819
   -0.421334
   -0.445242
   -0.431884
   -0.444369
   -0.483284
   -0.437695
   -0.433622
   -0.449773
   -0.435820
   -0.456330
   -0.467395
   -0.415624
   -0.402562
   -0.408631
   -0.404353
   -0.430427
   -0.411902
   -0.434654
   -0.410045
   -0.427986
   -0.465241
   -0.428858
   -0.441247
   -0.376346
   -0.463712
   -0.437208
   -0.409351
   -0.448715
   -0.445034
   -0.445992
   -0.434278
   -0.424506
   -0.448107
   -0.425733
   -0.445592
   -0.455476
   -0.457274
   -0.471630
   -0.462594
   -0.405555
   -0.445633
   -0.442195
   -0.427907
   -0.421897
   -0.455843
   -0.414337
   -0.422154
   -0.418574
   -0.188241
   -0.182294
   -0.359985
   -0.346207
   -0.372418
   -0.270314
   -0.242833
   -0.089441
    0.182463
   -0.016175
   -0.234573
   -0.474842
   -0.459475
   -0.396560
   -0.354625
   -0.407305
   -0.213562
   -0.135821
   -0.404999
   -0.351005
   -0.366425
   -0.232606
   -0.270795
   -0.117582
    0.300088
   -0.000741
   -0.275160
   -0.445093
   -0.483572
   -0.413791
   -0.382320
   -0.418475
   -0.309463
   -0.233695
   -0.370909
   -0.392938
   -0.365441
   -0.269293
   -0.375239
   -0.277917
   -0.190935
   -0.294426
   -0.468853
   -0.468058
   -0.506892
   -0.414239
   -0.396737
   -0.414803
   -0.289542
   -0.218458
   -0.371156
   -0.444847
   -0.393592
   -0.278978
   -0.407006
   -0.257611
   -0.139647
   -0.274172
   -0.431780
   -0.431050
   -0.461428
   -0.447034
   -0.417167
   -0.449747
   -0.392265
   -0.385474
   -0.352940
   -0.424673
   -0.458387
   -0.392702
   -0.411151
   -0.415190
   -0.405968
   -0.494861
   -0.430257
   -0.463272
   -0.491756
   -0.485697
   -0.426530
   -0.464751
   -0.402656
   -0.403471
   -0.374398
   -0.423159
   -0.446378
   -0.388069
   -0.394061
   -0.432498
   -0.419233
   -0.531283
   -0.523118
   -0.408711
   -0.420660
   -0.444638
   -0.413391
   -0.403867
   -0.392673
   -0.381253
   -0.477847
   -0.411447
   -0.443059
   -0.422032
   -0.419195
   -0.433185
   -0.426482
   -0.466831
   -0.458700
   -0.445198
   -0.470921
   -0.445070
   -0.437922
   -0.437386
   -0.451676
   -0.430797
   -0.529503
   -0.469439
   -0.451859
   -0.451173
   -0.411018
   -0.482584
   -0.419944
   -0.545972
   -0.605431
   -0.396726
   -0.404499
   -0.405685
   -0.419109
   -0.411613
   -0.450584
   -0.433137
   -0.451560
   -0.499879
   -0.448366
   -0.439511
   -0.434962
   -0.387284
   -0.438845
   -0.436106
   -0.465692
   -0.435622
   -0.438070
   -0.416467
   -0.433995
   -0.438608
   -0.458823
   -0.432792
   -0.456827
   -0.502593
   -0.437508
   -0.436707
   -0.466058
   -0.436047
   -0.460580
   -0.459987
   -0.543462
   -0.401145
   -0.407779
   -0.400370
   -0.428048
   -0.407066
   -0.432325
   -0.412071
   -0.423161
   -0.471702
   -0.426794
   -0.435399
   -0.369344
   -0.405771
   -0.422740
   -0.404994
   -0.424036
   -0.444476
   -0.448925
   -0.432294
   -0.421866
   -0.446344
   -0.421293
   -0.447957
   -0.458360
   -0.465402
   -0.479508
   -0.453056
   -0.396290
   -0.422853
   -0.445201
   -0.443767
   -0.455538
   -0.417682
   -0.413959
   -0.408962
   -0.403454
   -0.410021
   -0.406165
   -0.400346
   -0.407006
   -0.416208
   -0.408106
   -0.430709
   -0.409856
   -0.410684
   -0.416020
   -0.426721
   -0.402009
   -0.449750
   -0.447374
   -0.442002
   -0.432809
   -0.436616
   -0.442804
   -0.435999
   -0.439147
   -0.444033
   -0.439724
   -0.448168
   -0.441681
   -0.438952
   -0.439859
   -0.430071
   -0.456932
   -0.429079
   -0.429206
   -0.427778
   -0.425455
   -0.425266
   -0.431218
   -0.426941
   -0.423055
   -0.429790
   -0.420284
   -0.400196
   -0.400226
   -0.407389
   -0.411921
   -0.442069
   -0.403195
   -0.466675
   -0.459768
   -0.458822
   -0.455043
   -0.461672
   -0.466476
   -0.447798
   -0.446787
   -0.461657
   -0.449296
   -0.429704
   -0.428104
   -0.450426
   -0.442670
   -0.452409
   -0.437989
   -0.468558
   -0.462603
   -0.436720
   -0.444772
   -0.446869
   -0.405890
   -0.368312
   -0.418685
   -0.464591
   -0.419103
   -0.425463
   -0.421606
   -0.324276
   -0.377440
   -0.400896
   -0.389786
   -0.507422
   -0.505245
   -0.470664
   -0.462600
   -0.485885
   -0.443426
   -0.414242
   -0.451544
   -0.490640
   -0.442521
   -0.447032
   -0.453488
   -0.315661
   -0.403345
   -0.450918
   -0.466964
   -0.440994
   -0.454405
   -0.448687
   -0.430183
   -0.427131
   -0.413631
   -0.420047
   -0.429063
   -0.441537
   -0.434044
   -0.419336
   -0.438235
   -0.435140
   -0.487107
   -0.463025
   -0.449738
   -0.487957
   -0.476061
   -0.462052
   -0.459281
   -0.458519
   -0.449857
   -0.459322
   -0.468778
   -0.456058
   -0.444071
   -0.415055
   -0.455823
   -0.486473
   -0.554887
   -0.606515
   -0.503008
   -0.417919
   -0.419425
   -0.425375
   -0.439867
   -0.440358
   -0.432667
   -0.464148
   -0.478173
   -0.452928
   -0.455199
   -0.444104
   -0.446370
   -0.427799
   -0.492672
   -0.511730
   -0.454038
   -0.462215
   -0.444312
   -0.449000
   -0.466353
   -0.498686
   -0.471743
   -0.507748
   -0.534362
   -0.482586
   -0.495028
   -0.500550
   -0.532758
   -0.430085
   -0.565215
   -0.638184
   -0.518384
   -0.416221
   -0.412983
   -0.427820
   -0.435963
   -0.420007
   -0.410504
   -0.415313
   -0.440070
   -0.432649
   -0.439091
   -0.404764
   -0.414879
   -0.433213
   -0.419787
   -0.441376
   -0.420812
   -0.471827
   -0.460014
   -0.442157
   -0.465137
   -0.462521
   -0.450875
   -0.478712
   -0.469626
   -0.476556
   -0.489321
   -0.440254
   -0.456391
   -0.465854
   -0.453976
   -0.522019
   -0.458182
   -0.420273
   -0.414288
   -0.405569
   -0.412940
   -0.418697
   -0.407829
   -0.437719
   -0.420254
   -0.426948
   -0.448989
   -0.408838
   -0.427664
   -0.441479
   -0.417030
   -0.432023
   -0.423471
   -0.458327
   -0.450981
   -0.441750
   -0.444298
   -0.471956
   -0.452058
   -0.480130
   -0.466709
   -0.463165
   -0.486980
   -0.449611
   -0.476804
   -0.463927
   -0.452954
   -0.453120
   -0.387084
   -0.430532
   -0.430987
   -0.429597
   -0.429395
   -0.437104
   -0.420816
   -0.430894
   -0.425943
   -0.415857
   -0.413347
   -0.408288
   -0.407078
   -0.410270
   -0.444758
   -0.415672
   -0.418238
   -0.473462
   -0.470339
   -0.465901
   -0.470544
   -0.458665
   -0.448874
   -0.449889
   -0.452844
   -0.437983
   -0.431804
   -0.439978
   -0.431893
   -0.434596
   -0.440455
   -0.470259
   -0.446907
   -0.434767
   -0.435231
   -0.433592
   -0.437529
   -0.432605
   -0.432780
   -0.420145
   -0.434212
   -0.430108
   -0.405621
   -0.407982
   -0.413582
   -0.417392
   -0.456242
   -0.415789
   -0.429276
   -0.470239
   -0.469502
   -0.468974
   -0.477193
   -0.461974
   -0.474919
   -0.458039
   -0.474737
   -0.468809
   -0.441054
   -0.449439
   -0.442180
   -0.466800
   -0.465818
   -0.445092
   -0.450244
   -0.424159
   -0.425644
   -0.424698
   -0.428646
   -0.416206
   -0.433131
   -0.409849
   -0.437134
   -0.434230
   -0.415574
   -0.441290
   -0.414930
   -0.445356
   -0.437608
   -0.407295
   -0.414326
   -0.459226
   -0.459776
   -0.469090
   -0.472534
   -0.482282
   -0.485805
   -0.472024
   -0.486792
   -0.481717
   -0.457875
   -0.468292
   -0.443359
   -0.484298
   -0.470092
   -0.433319
   -0.443730
   -0.422511
   -0.429326
   -0.438500
   -0.438727
   -0.436611
   -0.459444
   -0.458997
   -0.442777
   -0.447439
   -0.425592
   -0.430301
   -0.450564
   -0.497413
   -0.498301
   -0.481748
   -0.456874
   -0.440141
   -0.443810
   -0.458903
   -0.487957
   -0.470528
   -0.495565
   -0.510214
   -0.468960
   -0.485951
   -0.478798
   -0.519512
   -0.441256
   -0.536239
   -0.612330
   -0.551191
   -0.533339
   -0.413372
   -0.427876
   -0.440951
   -0.427029
   -0.410487
   -0.430399
   -0.453087
   -0.433659
   -0.437981
   -0.409983
   -0.426946
   -0.432528
   -0.466831
   -0.465960
   -0.457334
   -0.431608
   -0.451023
   -0.437223
   -0.466543
   -0.462935
   -0.443338
   -0.490177
   -0.486311
   -0.475039
   -0.486668
   -0.443621
   -0.463524
   -0.451215
   -0.522637
   -0.551799
   -0.509797
   -0.422118
   -0.412781
   -0.405434
   -0.411861
   -0.419260
   -0.410478
   -0.438378
   -0.423991
   -0.435276
   -0.449373
   -0.410063
   -0.428553
   -0.439944
   -0.419795
   -0.437496
   -0.399379
   -0.395773
   -0.438778
   -0.430509
   -0.433912
   -0.462603
   -0.456518
   -0.478987
   -0.474644
   -0.478219
   -0.486445
   -0.451739
   -0.479304
   -0.470428
   -0.446010
   -0.476876
   -0.426698
   -0.394141
   -0.429812
   -0.429608
   -0.430672
   -0.433888
   -0.432127
   -0.439444
   -0.439704
   -0.420189
   -0.437146
   -0.413316
   -0.417499
   -0.423024
   -0.437971
   -0.427106
   -0.425056
   -0.397649
   -0.459852
   -0.456008
   -0.460719
   -0.445139
   -0.458079
   -0.458773
   -0.462609
   -0.440127
   -0.457308
   -0.448188
   -0.443509
   -0.457735
   -0.465792
   -0.426765
   -0.412867
   -0.379936
   -0.433504
   -0.432222
   -0.433826
   -0.431389
   -0.430894
   -0.414848
   -0.433536
   -0.422763
   -0.399318
   -0.410809
   -0.410142
   -0.411114
   -0.465110
   -0.412374
   -0.412062
   -0.392715
   -0.462159
   -0.461068
   -0.466522
   -0.453664
   -0.464409
   -0.445759
   -0.468619
   -0.458377
   -0.428814
   -0.446172
   -0.435935
   -0.454739
   -0.456126
   -0.466082
   -0.444330
   -0.416637
   -0.425574
   -0.424194
   -0.428991
   -0.415863
   -0.434223
   -0.407990
   -0.435025
   -0.432835
   -0.410869
   -0.440159
   -0.414728
   -0.448729
   -0.463691
   -0.411439
   -0.421249
   -0.435604
   -0.450938
   -0.459136
   -0.464323
   -0.475022
   -0.476955
   -0.462699
   -0.476111
   -0.470007
   -0.446791
   -0.458010
   -0.437654
   -0.480559
   -0.466979
   -0.440294
   -0.451717
   -0.462363
   -0.431192
   -0.432436
   -0.434431
   -0.434391
   -0.435169
   -0.435494
   -0.441100
   -0.440201
   -0.433174
   -0.422833
   -0.412579
   -0.444960
   -0.436855
   -0.408181
   -0.409492
   -0.424718
   -0.459037
   -0.459922
   -0.460821
   -0.461672
   -0.461716
   -0.461048
   -0.466533
   -0.467610
   -0.461354
   -0.443739
   -0.435759
   -0.456015
   -0.458827
   -0.431753
   -0.448791
   -0.451942
   -0.421383
   -0.421115
   -0.421851
   -0.421115
   -0.421561
   -0.421512
   -0.429081
   -0.432465
   -0.435650
   -0.436881
   -0.444310
   -0.440212
   -0.412368
   -0.433425
   -0.438046
   -0.442322
   -0.446643
   -0.456415
   -0.457744
   -0.458077
   -0.457559
   -0.457270
   -0.465779
   -0.468375
   -0.459575
   -0.447702
   -0.445989
   -0.469815
   -0.425092
   -0.439016
   -0.446954
   -0.452616
   -0.399235
   -0.405499
   -0.410752
   -0.409006
   -0.407774
   -0.416152
   -0.422206
   -0.414951
   -0.402486
   -0.411679
   -0.411298
   -0.409648
   -0.454759
   -0.426797
   -0.422576
   -0.421996
   -0.389536
   -0.393015
   -0.398832
   -0.402631
   -0.396751
   -0.406174
   -0.412987
   -0.407579
   -0.395346
   -0.408732
   -0.410261
   -0.397519
   -0.455613
   -0.422428
   -0.422760
   -0.398448
   -0.406071
   -0.408768
   -0.408588
   -0.407816
   -0.408424
   -0.412310
   -0.412595
   -0.415362
   -0.411326
   -0.411206
   -0.415630
   -0.410266
   -0.411267
   -0.382417
   -0.398422
   -0.375167
   -0.397089
   -0.400867
   -0.401781
   -0.399409
   -0.399239
   -0.405448
   -0.401664
   -0.405254
   -0.409168
   -0.407176
   -0.414506
   -0.402349
   -0.408411
   -0.357896
   -0.349005
   -0.358999
   -0.411591
   -0.412766
   -0.413139
   -0.407303
   -0.406629
   -0.412388
   -0.398984
   -0.394989
   -0.409051
   -0.404472
   -0.405474
   -0.402503
   -0.429887
   -0.386420
   -0.369020
   -0.409348
   -0.401481
   -0.406640
   -0.404653
   -0.399542
   -0.393199
   -0.403236
   -0.391236
   -0.382562
   -0.402796
   -0.396032
   -0.395372
   -0.385154
   -0.424653
   -0.369715
   -0.335362
   -0.398212
   -0.413183
   -0.416407
   -0.415048
   -0.410981
   -0.412638
   -0.415243
   -0.414508
   -0.410733
   -0.411638
   -0.408194
   -0.414542
   -0.411979
   -0.406271
   -0.391212
   -0.384990
   -0.398718
   -0.401387
   -0.405917
   -0.409697
   -0.401454
   -0.402494
   -0.403483
   -0.400408
   -0.401669
   -0.400620
   -0.397344
   -0.405933
   -0.400929
   -0.397153
   -0.382100
   -0.384480
   -0.388586
   -0.411997
   -0.414312
   -0.416154
   -0.413884
   -0.412000
   -0.413549
   -0.409007
   -0.411303
   -0.409257
   -0.404696
   -0.412719
   -0.408037
   -0.399633
   -0.413435
   -0.423086
   -0.377994
   -0.403199
   -0.404908
   -0.406586
   -0.405095
   -0.402790
   -0.404766
   -0.400541
   -0.403287
   -0.401524
   -0.395589
   -0.401780
   -0.397928
   -0.390696
   -0.439890
   -0.440237
   -0.423368
   -0.411608
   -0.411700
   -0.411659
   -0.411205
   -0.408277
   -0.408916
   -0.410387
   -0.410441
   -0.413128
   -0.416045
   -0.411469
   -0.414585
   -0.411654
   -0.371362
   -0.373878
   -0.413063
   -0.399113
   -0.401322
   -0.402332
   -0.401632
   -0.404074
   -0.405217
   -0.408225
   -0.405899
   -0.408551
   -0.412525
   -0.403842
   -0.409512
   -0.416715
   -0.406991
   -0.414315
   -0.436851
   -0.411306
   -0.411129
   -0.411472
   -0.409481
   -0.411119
   -0.411098
   -0.413871
   -0.412093
   -0.412204
   -0.416061
   -0.414217
   -0.415667
   -0.417340
   -0.427998
   -0.403202
   -0.381330
   -0.401261
   -0.401447
   -0.401492
   -0.398404
   -0.403354
   -0.401941
   -0.405193
   -0.402331
   -0.402935
   -0.406725
   -0.403479
   -0.406934
   -0.412216
   -0.443692
   -0.446970
   -0.400164
   -0.411725
   -0.411327
   -0.411544
   -0.409905
   -0.411537
   -0.409676
   -0.413909
   -0.409122
   -0.410693
   -0.414211
   -0.409472
   -0.414909
   -0.400546
   -0.406166
   -0.430780
   -0.397825
   -0.402468
   -0.403261
   -0.401776
   -0.400448
   -0.400673
   -0.401537
   -0.402429
   -0.401096
   -0.401639
   -0.403450
   -0.400985
   -0.409180
   -0.390754
   -0.411070
   -0.435817
   -0.417736
   -0.427852
   -0.427867
   -0.423203
   -0.423270
   -0.424242
   -0.415506
   -0.416098
   -0.424439
   -0.421937
   -0.426721
   -0.421198
   -0.427463
   -0.387088
   -0.391409
   -0.408390
   -0.404135
   -0.438144
   -0.436550
   -0.429761
   -0.424192
   -0.424451
   -0.416806
   -0.413067
   -0.428021
   -0.423161
   -0.425468
   -0.414088
   -0.439430
   -0.383730
   -0.351575
   -0.391968
   -0.409213
   -0.426844
   -0.425597
   -0.419928
   -0.420961
   -0.424038
   -0.418817
   -0.413723
   -0.420378
   -0.420176
   -0.424019
   -0.417670
   -0.421195
   -0.418633
   -0.432738
   -0.398032
   -0.438341
   -0.442615
   -0.445131
   -0.436780
   -0.436232
   -0.435334
   -0.426334
   -0.425012
   -0.430658
   -0.431213
   -0.436536
   -0.428886
   -0.435265
   -0.414489
   -0.402606
   -0.407853
   -0.438279
   -0.415627
   -0.417055
   -0.414804
   -0.413664
   -0.424892
   -0.419550
   -0.421822
   -0.419189
   -0.418047
   -0.426168
   -0.420678
   -0.419868
   -0.404695
   -0.406280
   -0.416753
   -0.442667
   -0.443114
   -0.444428
   -0.443555
   -0.438825
   -0.431594
   -0.426718
   -0.427398
   -0.425812
   -0.424185
   -0.430941
   -0.424383
   -0.425315
   -0.392373
   -0.423275
   -0.416744
   -0.476984
   -0.422943
   -0.422782
   -0.422475
   -0.421725
   -0.422165
   -0.421395
   -0.420343
   -0.427535
   -0.421548
   -0.425142
   -0.424168
   -0.414378
   -0.405491
   -0.397556
   -0.423614
   -0.411493
   -0.430143
   -0.431009
   -0.429104
   -0.431255
   -0.426449
   -0.427077
   -0.425045
   -0.432777
   -0.426874
   -0.426340
   -0.427260
   -0.424680
   -0.424406
   -0.424846
   -0.446127
   -0.450835
   -0.424796
   -0.425143
   -0.424323
   -0.425429
   -0.421795
   -0.425317
   -0.422150
   -0.424723
   -0.430168
   -0.425489
   -0.425037
   -0.426086
   -0.405331
   -0.404019
   -0.426668
   -0.429449
   -0.428007
   -0.428189
   -0.426170
   -0.428811
   -0.423440
   -0.426817
   -0.422171
   -0.424511
   -0.431019
   -0.425532
   -0.426485
   -0.430852
   -0.440574
   -0.448659
   -0.460070
   -0.441058
   -0.421495
   -0.422030
   -0.420302
   -0.422947
   -0.413215
   -0.417326
   -0.412761
   -0.413458
   -0.418028
   -0.412374
   -0.416794
   -0.404991
   -0.455925
   -0.432721
   -0.388475
   -0.445695
   -0.436253
   -0.435160
   -0.433262
   -0.431607
   -0.427858
   -0.428823
   -0.427788
   -0.429196
   -0.432011
   -0.430859
   -0.433637
   -0.420717
   -0.468406
   -0.475478
   -0.419609
   -0.431428
   -0.420609
   -0.420205
   -0.419464
   -0.424420
   -0.410792
   -0.410622
   -0.409470
   -0.409885
   -0.411436
   -0.411599
   -0.414478
   -0.409860
   -0.434433
   -0.450866
   -0.407837
   -0.363588
   -0.434737
   -0.434392
   -0.434078
   -0.438622
   -0.432713
   -0.433143
   -0.431854
   -0.431804
   -0.432829
   -0.434823
   -0.436772
   -0.434523
   -0.443294
   -0.467986
   -0.429540
   -0.378521
   -0.415006
   -0.415174
   -0.414869
   -0.424273
   -0.415559
   -0.415697
   -0.414714
   -0.413908
   -0.413731
   -0.412881
   -0.410810
   -0.402291
   -0.466195
   -0.411469
   -0.376530
   -0.349664
   -0.437428
   -0.435980
   -0.435578
   -0.440224
   -0.434857
   -0.435028
   -0.432811
   -0.432170
   -0.434005
   -0.435244
   -0.433818
   -0.432004
   -0.463038
   -0.423292
   -0.376332
   -0.358360
   -0.484983
   -0.482408
   -0.481436
   -0.481653
   -0.469811
   -0.467434
   -0.465585
   -0.467111
   -0.471729
   -0.468058
   -0.468793
   -0.482935
   -0.505700
   -0.450574
   -0.456765
   -0.441316
   -0.553600
   -0.552810
   -0.551194
   -0.550543
   -0.534844
   -0.532405
   -0.530324
   -0.530966
   -0.535478
   -0.530785
   -0.531209
   -0.552639
   -0.548801
   -0.525043
   -0.514751
   -0.553896
   -0.477007
   -0.475809
   -0.476694
   -0.476548
   -0.468035
   -0.466916
   -0.467455
   -0.465776
   -0.467323
   -0.466889
   -0.466058
   -0.467461
   -0.458589
   -0.498160
   -0.439839
   -0.512024
   -0.554691
   -0.553393
   -0.553625
   -0.554591
   -0.545443
   -0.544150
   -0.545497
   -0.543837
   -0.542473
   -0.542688
   -0.540891
   -0.544385
   -0.534118
   -0.586462
   -0.544525
   -0.574346
   -0.466697
   -0.465817
   -0.466210
   -0.467964
   -0.477603
   -0.475855
   -0.480402
   -0.481783
   -0.477305
   -0.477993
   -0.478279
   -0.479203
   -0.443466
   -0.455168
   -0.508029
   -0.433286
   -0.553548
   -0.551798
   -0.552464
   -0.554643
   -0.547290
   -0.544324
   -0.548312
   -0.551375
   -0.544705
   -0.546382
   -0.547220
   -0.550495
   -0.521387
   -0.556891
   -0.577018
   -0.506752
   -0.474548
   -0.473177
   -0.473929
   -0.475112
   -0.474750
   -0.473718
   -0.474249
   -0.474742
   -0.475105
   -0.475783
   -0.473906
   -0.465352
   -0.450651
   -0.434990
   -0.470236
   -0.480558
   -0.544261
   -0.542714
   -0.541562
   -0.544186
   -0.543368
   -0.542968
   -0.544199
   -0.543100
   -0.543991
   -0.545113
   -0.542171
   -0.544015
   -0.522954
   -0.525777
   -0.532831
   -0.509899
   -0.480832
   -0.479810
   -0.479446
   -0.479932
   -0.484355
   -0.483359
   -0.485329
   -0.484174
   -0.484565
   -0.486318
   -0.483831
   -0.485144
   -0.497191
   -0.454250
   -0.471374
   -0.468794
   -0.549065
   -0.548453
   -0.548088
   -0.548337
   -0.540398
   -0.539420
   -0.541262
   -0.540116
   -0.540195
   -0.542665
   -0.540479
   -0.546453
   -0.563146
   -0.523864
   -0.511532
   -0.507384
   -0.467154
   -0.466927
   -0.467222
   -0.467011
   -0.479724
   -0.479008
   -0.479057
   -0.478807
   -0.477695
   -0.476975
   -0.478368
   -0.473057
   -0.468195
   -0.475411
   -0.393728
   -0.425909
   -0.553770
   -0.553046
   -0.552943
   -0.553245
   -0.543598
   -0.543081
   -0.542193
   -0.542824
   -0.541726
   -0.540487
   -0.543149
   -0.537334
   -0.524745
   -0.511111
   -0.475325
   -0.500676
   -0.468015
   -0.467991
   -0.468040
   -0.477383
   -0.467159
   -0.467032
   -0.466352
   -0.466745
   -0.466763
   -0.465220
   -0.465860
   -0.465490
   -0.462490
   -0.424281
   -0.395395
   -0.419095
   -0.553523
   -0.553392
   -0.553511
   -0.559114
   -0.540489
   -0.540864
   -0.539925
   -0.540855
   -0.540592
   -0.539173
   -0.540034
   -0.539151
   -0.544838
   -0.497371
   -0.441089
   -0.470513
   -0.465559
   -0.465587
   -0.465622
   -0.475361
   -0.473915
   -0.474389
   -0.473207
   -0.474702
   -0.474397
   -0.473014
   -0.475096
   -0.459408
   -0.460586
   -0.415581
   -0.384614
   -0.410745
   -0.552535
   -0.552297
   -0.552928
   -0.557943
   -0.540847
   -0.540509
   -0.540401
   -0.540915
   -0.540547
   -0.539923
   -0.540726
   -0.538296
   -0.509116
   -0.484083
   -0.424214
   -0.443446
   -0.432434
   -0.432098
   -0.434174
   -0.433720
   -0.432073
   -0.434778
   -0.435042
   -0.431801
   -0.432688
   -0.431015
   -0.433057
   -0.434282
   -0.461926
   -0.401677
   -0.453085
   -0.412778
   -0.467303
   -0.468097
   -0.470301
   -0.472397
   -0.468897
   -0.471756
   -0.473038
   -0.468007
   -0.469346
   -0.468858
   -0.472679
   -0.468973
   -0.526262
   -0.498042
   -0.492524
   -0.480151
   -0.423203
   -0.423259
   -0.425542
   -0.424819
   -0.423031
   -0.424504
   -0.426535
   -0.424070
   -0.424319
   -0.422809
   -0.425210
   -0.423759
   -0.408179
   -0.426984
   -0.411526
   -0.384186
   -0.455142
   -0.454533
   -0.457198
   -0.457468
   -0.455606
   -0.458833
   -0.459137
   -0.457364
   -0.457223
   -0.455403
   -0.458114
   -0.455733
   -0.476516
   -0.488645
   -0.455693
   -0.423865
   -0.432274
   -0.431458
   -0.432558
   -0.432517
   -0.432014
   -0.433611
   -0.432882
   -0.433426
   -0.434305
   -0.431297
   -0.433335
   -0.433380
   -0.402264
   -0.419369
   -0.454678
   -0.232083
   -0.459183
   -0.458952
   -0.459107
   -0.460671
   -0.459946
   -0.461816
   -0.461336
   -0.461721
   -0.462654
   -0.460229
   -0.462453
   -0.461912
   -0.475227
   -0.457901
   -0.478208
   -0.271966
   -0.420484
   -0.420296
   -0.420661
   -0.420573
   -0.420721
   -0.420777
   -0.421350
   -0.418659
   -0.420864
   -0.419439
   -0.420031
   -0.420154
   -0.403357
   -0.444035
   -0.422978
   -0.333705
   -0.456490
   -0.456344
   -0.457000
   -0.456161
   -0.456833
   -0.456665
   -0.457274
   -0.454715
   -0.456677
   -0.456774
   -0.456650
   -0.457395
   -0.458847
   -0.466709
   -0.462856
   -0.359188
   -0.433595
   -0.433276
   -0.433822
   -0.433192
   -0.434234
   -0.432882
   -0.434046
   -0.433052
   -0.431352
   -0.432688
   -0.433136
   -0.432545
   -0.430315
   -0.374365
   -0.360541
   -0.409477
   -0.470119
   -0.470102
   -0.470799
   -0.469884
   -0.469594
   -0.468496
   -0.469977
   -0.469239
   -0.467046
   -0.468731
   -0.468572
   -0.468482
   -0.452922
   -0.418896
   -0.411164
   -0.446191
   -0.423878
   -0.423494
   -0.424276
   -0.423194
   -0.426428
   -0.424892
   -0.426612
   -0.426222
   -0.424890
   -0.426696
   -0.425284
   -0.427637
   -0.408498
   -0.327066
   -0.391087
   -0.416541
   -0.456483
   -0.456856
   -0.457539
   -0.458040
   -0.457336
   -0.456991
   -0.457435
   -0.456881
   -0.456035
   -0.456436
   -0.455394
   -0.458312
   -0.462683
   -0.355316
   -0.425348
   -0.493766
   -0.432345
   -0.432318
   -0.432739
   -0.432930
   -0.433800
   -0.433703
   -0.434295
   -0.433966
   -0.433601
   -0.433469
   -0.432637
   -0.434015
   -0.380526
   -0.322993
   -0.384020
   -0.388317
   -0.461146
   -0.461197
   -0.461360
   -0.461197
   -0.460161
   -0.459936
   -0.460479
   -0.460399
   -0.460111
   -0.459471
   -0.458779
   -0.459607
   -0.425871
   -0.345950
   -0.411964
   -0.409467
   -0.420077
   -0.419887
   -0.420132
   -0.419784
   -0.421027
   -0.420811
   -0.421358
   -0.421392
   -0.421629
   -0.421822
   -0.422606
   -0.421822
   -0.337838
   -0.378028
   -0.391857
   -0.389733
   -0.456180
   -0.456582
   -0.456769
   -0.456587
   -0.455296
   -0.455191
   -0.456003
   -0.456153
   -0.455587
   -0.455180
   -0.455609
   -0.456416
   -0.389028
   -0.417052
   -0.454198
   -0.429822
