   -0.456667
   -0.456703
   -0.457076
   -0.457603
   -0.457772
   -0.458690
   -0.456976
   -0.455612
   -0.461155
   -0.418119
   -0.418651
   -0.463624
   -0.464043
   -0.511653
   -0.525659
   -0.474142
   -0.483360
   -0.482220
   -0.482147
   -0.481424
   -0.481758
   -0.484894
   -0.484461
   -0.479439
   -0.461861
   -0.462989
   -0.470849
   -0.478860
   -0.496560
   -0.517706
   -0.518964
   -0.538444
   -0.443281
   -0.438684
   -0.438424
   -0.442003
   -0.440238
   -0.438421
   -0.438395
   -0.435973
   -0.389657
   -0.452158
   -0.465376
   -0.463902
   -0.476130
   -0.444352
   -0.430739
   -0.481749
   -0.489976
   -0.488314
   -0.488461
   -0.491085
   -0.490925
   -0.487305
   -0.484820
   -0.478829
   -0.461938
   -0.509047
   -0.519968
   -0.517275
   -0.523135
   -0.497517
   -0.488843
   -0.521269
   -0.438564
   -0.436775
   -0.433470
   -0.432878
   -0.434692
   -0.433947
   -0.430463
   -0.430910
   -0.473818
   -0.442133
   -0.448008
   -0.450237
   -0.446105
   -0.452693
   -0.454021
   -0.408547
   -0.489575
   -0.487241
   -0.485486
   -0.486913
   -0.489397
   -0.486199
   -0.481510
   -0.484978
   -0.550653
   -0.507643
   -0.504779
   -0.512974
   -0.500088
   -0.511780
   -0.510405
   -0.448577
   -0.443933
   -0.449344
   -0.446018
   -0.442123
   -0.444094
   -0.451252
   -0.457128
   -0.460962
   -0.488088
   -0.477981
   -0.477247
   -0.470242
   -0.441258
   -0.440017
   -0.437773
   -0.423039
   -0.466270
   -0.468942
   -0.467515
   -0.466208
   -0.466620
   -0.470617
   -0.478934
   -0.486650
   -0.495252
   -0.526691
   -0.522197
   -0.488485
   -0.479158
   -0.436702
   -0.422780
   -0.478445
   -0.442847
   -0.444099
   -0.449014
   -0.453183
   -0.458771
   -0.457710
   -0.453175
   -0.449909
   -0.477224
   -0.424734
   -0.432887
   -0.435521
   -0.414475
   -0.446643
   -0.446583
   -0.423970
   -0.495264
   -0.503158
   -0.508241
   -0.504732
   -0.505652
   -0.505213
   -0.502983
   -0.497421
   -0.519213
   -0.486739
   -0.490833
   -0.463839
   -0.456366
   -0.461285
   -0.438580
   -0.498735
   -0.434340
   -0.440962
   -0.439644
   -0.430244
   -0.423213
   -0.423683
   -0.422946
   -0.415827
   -0.419081
   -0.451507
   -0.407308
   -0.351033
   -0.345730
   -0.434758
   -0.491094
   -0.303138
   -0.500906
   -0.505890
   -0.505417
   -0.496136
   -0.485040
   -0.484366
   -0.488960
   -0.489449
   -0.429705
   -0.484854
   -0.439107
   -0.438574
   -0.437186
   -0.478128
   -0.529092
   -0.361033
   -0.455125
   -0.446860
   -0.433167
   -0.428745
   -0.436839
   -0.441985
   -0.430048
   -0.415445
   -0.456490
   -0.399872
   -0.453391
   -0.507938
   -0.421598
   -0.112622
    0.098128
   -0.108277
   -0.523717
   -0.508677
   -0.501561
   -0.507649
   -0.514758
   -0.510217
   -0.493323
   -0.480439
   -0.476682
   -0.380559
   -0.473259
   -0.622107
   -0.546004
   -0.192277
    0.013524
   -0.166884
   -0.422183
   -0.423223
   -0.419819
   -0.409806
   -0.397392
   -0.401560
   -0.429196
   -0.457425
   -0.381726
   -0.231481
   -0.220986
   -0.363837
   -0.275700
   -0.081123
   -0.012668
    0.059852
   -0.476327
   -0.478148
   -0.474156
   -0.460286
   -0.448916
   -0.457535
   -0.492438
   -0.524390
   -0.455172
   -0.262376
   -0.265729
   -0.413557
   -0.328340
   -0.121026
   -0.047613
   -0.018305
   -0.492505
   -0.492746
   -0.501385
   -0.505782
   -0.506272
   -0.495983
   -0.495854
   -0.517715
   -0.501243
   -0.526420
   -0.470068
   -0.481524
   -0.475157
   -0.509544
   -0.511164
   -0.512789
   -0.560999
   -0.561868
   -0.565071
   -0.568007
   -0.562965
   -0.567554
   -0.590796
   -0.598549
   -0.587726
   -0.604508
   -0.584765
   -0.590090
   -0.571915
   -0.580490
   -0.595117
   -0.611833
   -0.481977
   -0.486349
   -0.494208
   -0.496084
   -0.472560
   -0.479362
   -0.500887
   -0.486536
   -0.467718
   -0.460837
   -0.488179
   -0.453985
   -0.467786
   -0.486035
   -0.512157
   -0.514715
   -0.571527
   -0.577526
   -0.574980
   -0.573513
   -0.561250
   -0.570097
   -0.585774
   -0.566847
   -0.540387
   -0.533182
   -0.586752
   -0.549865
   -0.557467
   -0.569647
   -0.595365
   -0.580775
   -0.516268
   -0.506569
   -0.498977
   -0.491275
   -0.493550
   -0.485793
   -0.475589
   -0.489388
   -0.479681
   -0.445455
   -0.448809
   -0.492134
   -0.508483
   -0.498220
   -0.446587
   -0.338017
   -0.605669
   -0.593045
   -0.579748
   -0.567426
   -0.586510
   -0.583734
   -0.557599
   -0.568571
   -0.566500
   -0.537735
   -0.510038
   -0.605315
   -0.620943
   -0.623596
   -0.538910
   -0.412536
   -0.482946
   -0.480952
   -0.481563
   -0.482419
   -0.483247
   -0.482906
   -0.469952
   -0.452907
   -0.450908
   -0.492289
   -0.541276
   -0.519559
   -0.430578
   -0.391469
   -0.285665
   -0.330524
   -0.550621
   -0.545590
   -0.543406
   -0.544142
   -0.544696
   -0.553178
   -0.553421
   -0.523764
   -0.530685
   -0.571195
   -0.594249
   -0.623543
   -0.536104
   -0.458315
   -0.328956
   -0.395998
   -0.475705
   -0.466566
   -0.467425
   -0.452903
   -0.441575
   -0.435970
   -0.455165
   -0.498446
   -0.437974
   -0.450066
   -0.462272
   -0.346929
   -0.274503
   -0.354540
   -0.386553
   -0.437204
   -0.553665
   -0.544388
   -0.540153
   -0.537054
   -0.539493
   -0.530541
   -0.537524
   -0.574859
   -0.549538
   -0.550571
   -0.560600
   -0.464892
   -0.346704
   -0.410718
   -0.427996
   -0.478042
   -0.502456
   -0.484056
   -0.468721
   -0.463450
   -0.459605
   -0.466322
   -0.468830
   -0.449484
   -0.482479
   -0.291630
   -0.331011
   -0.280304
   -0.389541
   -0.511456
   -0.470081
   -0.186342
   -0.552136
   -0.545641
   -0.536071
   -0.552154
   -0.541238
   -0.544079
   -0.551686
   -0.531133
   -0.543651
   -0.406048
   -0.375201
   -0.329843
   -0.496118
   -0.635617
   -0.640135
   -0.270842
   -0.476071
   -0.466601
   -0.457169
   -0.453165
   -0.470724
   -0.464896
   -0.403883
   -0.364698
   -0.271424
   -0.393461
   -0.400357
   -0.280203
   -0.284485
   -0.411870
   -0.340411
   -0.081321
   -0.519073
   -0.517076
   -0.534033
   -0.536487
   -0.534077
   -0.530787
   -0.468820
   -0.424203
   -0.410241
   -0.472983
   -0.513335
   -0.389675
   -0.398245
   -0.501006
   -0.406585
   -0.131783
   -0.450196
   -0.420500
   -0.431762
   -0.420991
   -0.384346
   -0.394146
   -0.321133
   -0.204838
   -0.002671
    0.231276
    0.308045
    0.271067
    0.260905
    0.045281
   -0.232703
   -0.138466
   -0.509450
   -0.475892
   -0.495530
   -0.494755
   -0.472808
   -0.499855
   -0.422625
   -0.274150
   -0.016198
    0.254156
    0.288805
    0.250628
    0.285245
    0.055639
   -0.224625
   -0.180787
   -0.404196
   -0.404415
   -0.409337
   -0.409854
   -0.403074
   -0.386905
   -0.392127
   -0.415191
   -0.428062
   -0.436686
   -0.442412
   -0.375644
   -0.358440
   -0.262388
   -0.244703
   -0.296592
   -0.427222
   -0.421416
   -0.420990
   -0.427753
   -0.419957
   -0.398479
   -0.412876
   -0.447781
   -0.455103
   -0.513942
   -0.458449
   -0.430697
   -0.378753
   -0.271539
   -0.255572
   -0.246244
   -0.386971
   -0.419363
   -0.423276
   -0.401767
   -0.399403
   -0.422540
   -0.435115
   -0.435268
   -0.452339
   -0.396848
   -0.315287
   -0.223218
   -0.237580
   -0.320198
   -0.392708
   -0.423427
   -0.426922
   -0.435888
   -0.430529
   -0.417872
   -0.416120
   -0.446695
   -0.468412
   -0.485476
   -0.465711
   -0.373082
   -0.327028
   -0.244446
   -0.232408
   -0.358647
   -0.397652
   -0.400162
   -0.386318
   -0.403427
   -0.416895
   -0.415907
   -0.406110
   -0.402543
   -0.392333
   -0.373819
   -0.289552
   -0.274627
   -0.273832
   -0.383251
   -0.380889
   -0.372835
   -0.375605
   -0.402706
   -0.417251
   -0.439017
   -0.444653
   -0.424558
   -0.425331
   -0.435706
   -0.423059
   -0.390055
   -0.285590
   -0.216989
   -0.254394
   -0.349373
   -0.354315
   -0.406919
   -0.408161
   -0.388988
   -0.427827
   -0.399190
   -0.408257
   -0.428329
   -0.407610
   -0.341947
   -0.277442
   -0.243833
   -0.296696
   -0.305512
   -0.320495
   -0.346061
   -0.417024
   -0.372020
   -0.307698
   -0.336613
   -0.439560
   -0.425097
   -0.429821
   -0.433698
   -0.415419
   -0.367108
   -0.302969
   -0.250085
   -0.284745
   -0.359639
   -0.356225
   -0.379520
   -0.405522
   -0.442468
   -0.352378
   -0.324922
   -0.427376
   -0.413319
   -0.370298
   -0.306173
   -0.238975
   -0.238327
   -0.302006
   -0.375538
   -0.384151
   -0.368855
   -0.421685
   -0.365920
   -0.370389
   -0.318097
   -0.256803
   -0.250965
   -0.454983
   -0.390228
   -0.339788
   -0.328435
   -0.302171
   -0.294564
   -0.338098
   -0.416785
   -0.391607
   -0.385567
   -0.398747
   -0.367027
   -0.358967
   -0.298259
   -0.246581
   -0.275045
   -0.359906
   -0.287732
   -0.258639
   -0.294119
   -0.340381
   -0.366372
   -0.395415
   -0.442822
   -0.360903
   -0.345111
   -0.334578
   -0.487490
   -0.419928
   -0.222517
   -0.180422
   -0.311726
   -0.355312
   -0.295128
   -0.259852
   -0.310540
   -0.377090
   -0.404010
   -0.405623
   -0.407316
   -0.343565
   -0.311934
   -0.377406
   -0.461567
   -0.503565
   -0.224632
   -0.186351
   -0.330598
   -0.228100
   -0.271505
   -0.359755
   -0.416990
   -0.404982
   -0.360022
   -0.364608
   -0.401961
   -0.392648
   -0.258179
   -0.013707
    0.299575
    0.262981
    0.201624
    0.196390
    0.099833
   -0.211070
   -0.297645
   -0.367541
   -0.369640
   -0.358094
   -0.370784
   -0.395613
   -0.406097
   -0.468213
   -0.281080
    0.028551
    0.379999
    0.324581
    0.177253
    0.187791
    0.109998
   -0.379482
   -0.396748
   -0.413905
   -0.426555
   -0.440258
   -0.376028
   -0.124016
    0.147238
    0.441359
    0.422772
    0.335101
    0.241649
    0.236206
    0.294500
    0.262749
    0.223306
   -0.411397
   -0.429924
   -0.463020
   -0.495136
   -0.499377
   -0.399477
   -0.091580
    0.221564
    0.528929
    0.533807
    0.421061
    0.351863
    0.345787
    0.313585
    0.252503
    0.241134
   -0.437416
   -0.425192
   -0.370239
   -0.323152
   -0.313741
   -0.283341
   -0.255118
   -0.262087
   -0.325592
   -0.367560
   -0.409306
   -0.398755
   -0.411636
   -0.366249
   -0.221195
   -0.188630
   -0.448552
   -0.430966
   -0.402373
   -0.365795
   -0.339354
   -0.289849
   -0.252645
   -0.248070
   -0.342487
   -0.361813
   -0.363594
   -0.366053
   -0.390177
   -0.297759
   -0.178663
   -0.129965
   -0.362179
   -0.337062
   -0.270223
   -0.231914
   -0.259053
   -0.308123
   -0.352341
   -0.386573
   -0.414861
   -0.416621
   -0.375841
   -0.384394
   -0.316967
   -0.199752
   -0.178481
   -0.276838
   -0.336985
   -0.288883
   -0.248490
   -0.242307
   -0.278764
   -0.316945
   -0.353792
   -0.398615
   -0.394363
   -0.391045
   -0.362369
   -0.360310
   -0.255773
   -0.192492
   -0.157485
   -0.256061
   -0.213783
   -0.249760
   -0.304199
   -0.352006
   -0.398324
   -0.427192
   -0.403731
   -0.323183
   -0.339686
   -0.365156
   -0.391022
   -0.301117
   -0.174225
   -0.163653
   -0.322329
   -0.445530
   -0.208023
   -0.265092
   -0.323358
   -0.360839
   -0.391780
   -0.402071
   -0.370774
   -0.317869
   -0.292004
   -0.327727
   -0.356243
   -0.285461
   -0.164994
   -0.138614
   -0.337265
   -0.474836
   -0.399855
   -0.405817
   -0.395011
   -0.391745
   -0.405400
   -0.382818
   -0.361852
   -0.361814
   -0.397469
   -0.383310
   -0.259220
   -0.170381
   -0.270458
   -0.355345
   -0.428897
   -0.449339
   -0.423100
   -0.432507
   -0.445152
   -0.424017
   -0.379235
   -0.364656
   -0.368683
   -0.388923
   -0.399554
   -0.406910
   -0.292633
   -0.131096
   -0.232753
   -0.388980
   -0.464033
   -0.423556
   -0.451476
   -0.402204
   -0.373267
   -0.363448
   -0.353977
   -0.355695
   -0.353285
   -0.351438
   -0.383744
   -0.266400
   -0.185462
   -0.280402
   -0.354648
   -0.429105
   -0.402835
   -0.387739
   -0.437068
   -0.417037
   -0.390177
   -0.333875
   -0.295551
   -0.332558
   -0.385875
   -0.378361
   -0.404970
   -0.250741
   -0.152573
   -0.240123
   -0.341045
   -0.467187
   -0.489520
   -0.426268
   -0.422699
   -0.381267
   -0.346795
   -0.305824
   -0.309489
   -0.333303
   -0.353381
   -0.349771
   -0.208440
   -0.269538
   -0.383698
   -0.446014
   -0.231761
    0.128871
    0.247529
    0.275255
   -0.417662
   -0.362840
   -0.293896
   -0.240964
   -0.257089
   -0.271065
   -0.294952
   -0.333463
   -0.175921
   -0.273203
   -0.456576
   -0.457546
   -0.219101
    0.237865
    0.351484
    0.308562
   -0.364570
   -0.387122
   -0.383113
   -0.363591
   -0.401570
   -0.419581
   -0.378952
   -0.286732
   -0.126568
    0.074879
    0.275826
    0.358567
    0.328607
    0.354071
    0.322567
    0.344260
   -0.343650
   -0.337382
   -0.330346
   -0.331343
   -0.388806
   -0.434230
   -0.428050
   -0.352057
   -0.142894
    0.085378
    0.417796
    0.514371
    0.494750
    0.433523
    0.385087
    0.387076
   -0.408035
   -0.465880
   -0.462726
   -0.413139
   -0.259997
   -0.010359
    0.158708
    0.272654
    0.280770
    0.273645
    0.299381
    0.275396
    0.290047
    0.379020
    0.370373
    0.299403
   -0.427630
   -0.542249
   -0.598924
   -0.503208
   -0.274696
    0.022308
    0.225536
    0.329933
    0.289290
    0.301531
    0.327306
    0.290727
    0.312479
    0.458692
    0.430210
    0.372623
   -0.454221
   -0.442016
   -0.465890
   -0.461907
   -0.411099
   -0.395606
   -0.412416
   -0.420468
   -0.418872
   -0.231898
   -0.184461
   -0.329003
   -0.428414
   -0.470984
   -0.436473
   -0.384737
   -0.512505
   -0.456686
   -0.440264
   -0.430012
   -0.389638
   -0.381763
   -0.387221
   -0.397318
   -0.429967
   -0.268611
   -0.203219
   -0.324817
   -0.442637
   -0.491294
   -0.426645
   -0.423611
   -0.408522
   -0.370770
   -0.358076
   -0.350721
   -0.368414
   -0.410364
   -0.412691
   -0.363256
   -0.250727
   -0.237032
   -0.366145
   -0.440377
   -0.466061
   -0.451017
   -0.388878
   -0.347346
   -0.430950
   -0.388687
   -0.363936
   -0.375991
   -0.398370
   -0.418674
   -0.403694
   -0.339749
   -0.233260
   -0.257056
   -0.364659
   -0.454279
   -0.460964
   -0.436115
   -0.391802
   -0.377009
   -0.411751
   -0.424501
   -0.416304
   -0.406463
   -0.431425
   -0.423747
   -0.329195
   -0.220390
   -0.289267
   -0.386695
   -0.440737
   -0.442783
   -0.397853
   -0.347926
   -0.417025
   -0.486138
   -0.385185
   -0.417579
   -0.413380
   -0.425138
   -0.464846
   -0.437262
   -0.341750
   -0.266062
   -0.282341
   -0.458705
   -0.490789
   -0.463097
   -0.433821
   -0.361153
   -0.422731
   -0.508885
   -0.413209
   -0.448747
   -0.431698
   -0.410222
   -0.385090
   -0.311730
   -0.270485
   -0.287547
   -0.417979
   -0.403577
   -0.449111
   -0.427565
   -0.392740
   -0.421297
   -0.410763
   -0.460292
   -0.402859
   -0.453413
   -0.460248
   -0.452909
   -0.400106
   -0.283709
   -0.264726
   -0.359613
   -0.474990
   -0.431708
   -0.481455
   -0.431872
   -0.417187
   -0.439493
   -0.432546
   -0.520203
   -0.415805
   -0.451584
   -0.428905
   -0.320191
   -0.248789
   -0.233802
   -0.307820
   -0.399924
   -0.422388
   -0.425285
   -0.361277
   -0.395995
   -0.457996
   -0.496189
   -0.339838
   -0.053476
   -0.449656
   -0.488592
   -0.466394
   -0.330506
   -0.243794
   -0.225339
   -0.298262
   -0.382116
   -0.379019
   -0.433911
   -0.333491
   -0.433774
   -0.588992
   -0.581389
   -0.422296
   -0.064939
   -0.463116
   -0.417313
   -0.314475
   -0.230308
   -0.261130
   -0.378929
   -0.460249
   -0.421385
   -0.432428
   -0.380122
   -0.249205
   -0.049901
    0.171189
    0.317741
    0.321757
    0.340943
   -0.497374
   -0.428105
   -0.320473
   -0.251880
   -0.286619
   -0.396000
   -0.486047
   -0.485205
   -0.515593
   -0.522867
   -0.310943
   -0.086722
    0.254069
    0.396649
    0.438736
    0.435275
   -0.365697
   -0.305631
   -0.268151
   -0.370387
   -0.445979
   -0.399692
   -0.210886
    0.011036
    0.187107
    0.245310
    0.251308
    0.188959
    0.201770
    0.237397
    0.277090
    0.365207
   -0.444201
   -0.336072
   -0.343214
   -0.522511
   -0.617067
   -0.490905
   -0.226927
    0.029721
    0.240496
    0.344405
    0.291481
    0.211389
    0.246481
    0.300762
    0.348826
    0.454148
   -0.227452
   -0.246118
   -0.157305
    0.019051
    0.210913
    0.333628
    0.281357
    0.211575
    0.022891
    0.187847
    0.242196
    0.191786
    0.232918
    0.270962
    0.338014
    0.329885
   -0.246485
   -0.278902
   -0.182349
    0.036117
    0.266329
    0.402790
    0.328627
    0.230017
    0.025106
    0.146986
    0.205235
    0.211789
    0.300100
    0.355286
    0.364932
    0.359400
   -0.440319
   -0.404524
   -0.421945
   -0.354776
   -0.233088
   -0.230479
   -0.362399
   -0.470288
   -0.431332
   -0.430980
   -0.410216
   -0.435070
   -0.486210
   -0.484640
   -0.465542
   -0.490126
   -0.477037
   -0.471851
   -0.442019
   -0.366884
   -0.271669
   -0.270797
   -0.384930
   -0.511071
   -0.472393
   -0.463962
   -0.435259
   -0.437246
   -0.486865
   -0.521022
   -0.518364
   -0.546861
   -0.435081
   -0.364231
   -0.312352
   -0.267934
   -0.334480
   -0.410493
   -0.443698
   -0.416930
   -0.414782
   -0.357304
   -0.371963
   -0.440373
   -0.490415
   -0.489519
   -0.462055
   -0.423581
   -0.471214
   -0.415154
   -0.319373
   -0.283962
   -0.342760
   -0.424616
   -0.474058
   -0.429037
   -0.491997
   -0.443552
   -0.414765
   -0.455711
   -0.534687
   -0.536248
   -0.532323
   -0.504436
   -0.355109
   -0.282083
   -0.257944
   -0.343565
   -0.397511
   -0.407922
   -0.438059
   -0.457267
   -0.391952
   -0.379048
   -0.426658
   -0.441604
   -0.445097
   -0.475376
   -0.454069
   -0.439400
   -0.355720
   -0.273617
   -0.230103
   -0.334776
   -0.399036
   -0.451852
   -0.495247
   -0.451687
   -0.437931
   -0.451442
   -0.494742
   -0.517322
   -0.529669
   -0.543345
   -0.480414
   -0.457681
   -0.216302
   -0.254496
   -0.361504
   -0.443645
   -0.443836
   -0.400030
   -0.397442
   -0.396010
   -0.348846
   -0.384580
   -0.417071
   -0.463661
   -0.470633
   -0.438019
   -0.421402
   -0.462611
   -0.206086
   -0.279138
   -0.381884
   -0.441828
   -0.461428
   -0.414344
   -0.391142
   -0.398770
   -0.390322
   -0.389856
   -0.395653
   -0.494094
   -0.524980
   -0.479958
   -0.520106
   -0.576039
   -0.348897
   -0.432412
   -0.458153
   -0.419818
   -0.399322
   -0.392683
   -0.400917
   -0.452662
   -0.422915
   -0.457299
   -0.508913
   -0.471116
   -0.391021
   -0.206889
    0.028079
    0.262721
   -0.347608
   -0.447221
   -0.493048
   -0.466461
   -0.482648
   -0.433492
   -0.380050
   -0.479027
   -0.468649
   -0.536879
   -0.592980
   -0.583279
   -0.502149
   -0.272446
    0.035988
    0.342848
   -0.399793
   -0.401930
   -0.394400
   -0.449666
   -0.452674
   -0.507428
   -0.530820
   -0.441814
   -0.319164
   -0.091756
    0.124381
    0.354475
    0.383223
    0.331974
    0.292701
    0.291352
   -0.427744
   -0.441000
   -0.485787
   -0.555115
   -0.610268
   -0.646051
   -0.649573
   -0.557739
   -0.399314
   -0.107583
    0.154306
    0.413150
    0.457852
    0.370011
    0.300313
    0.275260
   -0.373867
   -0.402837
   -0.386495
   -0.385683
   -0.172724
    0.022149
    0.208585
    0.387512
    0.362489
    0.341711
    0.181389
    0.207070
    0.307581
    0.324670
    0.300593
    0.301707
   -0.421156
   -0.429766
   -0.454971
   -0.470686
   -0.236936
    0.042374
    0.269916
    0.440236
    0.478616
    0.417799
    0.192901
    0.166724
    0.250035
    0.307610
    0.340007
    0.353022
   -0.087836
    0.229106
    0.370400
    0.377109
    0.349206
    0.313833
    0.258348
    0.276930
    0.322687
    0.344317
    0.214001
    0.260290
    0.286286
    0.290733
    0.289969
    0.313747
   -0.033635
    0.322914
    0.540011
    0.501114
    0.438644
    0.321555
    0.218659
    0.269245
    0.355250
    0.346794
    0.207944
    0.252815
    0.254189
    0.217246
    0.265189
    0.392522
   -0.372966
   -0.403910
   -0.399759
   -0.425853
   -0.422561
   -0.401013
   -0.450824
   -0.470270
   -0.440598
   -0.465206
   -0.475785
   -0.460319
   -0.433924
   -0.438600
   -0.452393
   -0.454095
   -0.408501
   -0.439854
   -0.446699
   -0.448039
   -0.438102
   -0.422228
   -0.431942
   -0.477207
   -0.483983
   -0.500677
   -0.536790
   -0.542402
   -0.483436
   -0.438260
   -0.452176
   -0.464196
   -0.413257
   -0.420921
   -0.413554
   -0.397388
   -0.380579
   -0.432079
   -0.461862
   -0.453356
   -0.426199
   -0.470266
   -0.469540
   -0.432640
   -0.443019
   -0.442028
   -0.432749
   -0.434430
   -0.456071
   -0.418919
   -0.427628
   -0.391186
   -0.362955
   -0.440102
   -0.474879
   -0.486356
   -0.515814
   -0.530465
   -0.507055
   -0.476141
   -0.482325
   -0.482844
   -0.474839
   -0.472710
   -0.388626
   -0.367874
   -0.430164
   -0.381788
   -0.403591
   -0.434173
   -0.462634
   -0.463982
   -0.442667
   -0.440709
   -0.411701
   -0.380816
   -0.387049
   -0.401421
   -0.406108
   -0.400994
   -0.410203
   -0.412132
   -0.407334
   -0.407629
   -0.429321
   -0.464243
   -0.508296
   -0.487272
   -0.491522
   -0.449207
   -0.428837
   -0.384492
   -0.370934
   -0.399256
   -0.428848
   -0.426744
   -0.404933
   -0.336830
   -0.437899
   -0.459582
   -0.419102
   -0.388759
   -0.424423
   -0.442382
   -0.427027
   -0.422304
   -0.407136
   -0.388671
   -0.435178
   -0.465741
   -0.428439
   -0.303521
   -0.393794
   -0.409100
   -0.423526
   -0.442604
   -0.455089
   -0.445043
   -0.479923
   -0.460065
   -0.465380
   -0.440482
   -0.438379
   -0.435427
   -0.504248
   -0.556337
   -0.526217
   -0.384781
   -0.392342
   -0.440875
   -0.401317
   -0.390524
   -0.430188
   -0.449468
   -0.439859
   -0.477747
   -0.453132
   -0.405149
   -0.349789
   -0.210310
    0.004692
    0.220515
    0.333632
    0.327300
   -0.362039
   -0.453209
   -0.453696
   -0.505295
   -0.495098
   -0.565433
   -0.568178
   -0.619933
   -0.625982
   -0.524239
   -0.436741
   -0.233752
    0.016685
    0.265135
    0.410459
    0.397091
   -0.396545
   -0.398735
   -0.376836
   -0.432178
   -0.427872
   -0.364399
   -0.199417
   -0.048053
    0.144755
    0.336380
    0.333591
    0.300871
    0.249692
    0.241403
    0.252344
    0.248740
   -0.399130
   -0.410238
   -0.407657
   -0.422035
   -0.490740
   -0.451955
   -0.235584
   -0.017841
    0.169398
    0.414818
    0.435079
    0.408922
    0.256582
    0.232869
    0.202820
    0.207022
   -0.393952
   -0.253755
   -0.034945
    0.250871
    0.388336
    0.390889
    0.368290
    0.293613
    0.240681
    0.284595
    0.286023
    0.346038
    0.241889
    0.264153
    0.209466
    0.162140
   -0.400766
   -0.282706
    0.010827
    0.373882
    0.535404
    0.498744
    0.405024
    0.275718
    0.230792
    0.264788
    0.278556
    0.356197
    0.218198
    0.231667
    0.173945
    0.102777
   -0.201118
    0.348587
    0.381953
    0.379046
    0.379032
    0.337046
    0.324874
    0.279261
    0.314873
    0.368204
    0.299455
    0.335450
    0.175478
    0.185343
    0.165659
    0.239293
   -0.213855
    0.413319
    0.484596
    0.485135
    0.475433
    0.310318
    0.252808
    0.247165
    0.316685
    0.376742
    0.293253
    0.314631
    0.160576
    0.163026
    0.151116
    0.226481
   -0.411714
   -0.464040
   -0.437682
   -0.416295
   -0.462102
   -0.462790
   -0.426059
   -0.428418
   -0.458115
   -0.426995
   -0.380404
   -0.433267
   -0.447020
   -0.391921
   -0.402711
   -0.401649
   -0.427579
   -0.463943
   -0.427534
   -0.421784
   -0.497551
   -0.490342
   -0.455885
   -0.449487
   -0.487292
   -0.450058
   -0.454188
   -0.476820
   -0.444128
   -0.398492
   -0.396172
   -0.382343
   -0.431742
   -0.424662
   -0.397655
   -0.435074
   -0.465219
   -0.425869
   -0.426500
   -0.464339
   -0.439742
   -0.449372
   -0.436433
   -0.403628
   -0.383925
   -0.352492
   -0.311385
   -0.270903
   -0.483380
   -0.441862
   -0.429818
   -0.483553
   -0.524785
   -0.494244
   -0.477770
   -0.489549
   -0.434904
   -0.441097
   -0.443506
   -0.386895
   -0.358897
   -0.320288
   -0.255410
   -0.205143
   -0.412430
   -0.441823
   -0.402769
   -0.443834
   -0.494193
   -0.430536
   -0.397875
   -0.406823
   -0.386050
   -0.465416
   -0.413879
   -0.382042
   -0.422511
   -0.322891
   -0.276760
   -0.357031
   -0.463520
   -0.504455
   -0.482844
   -0.508007
   -0.494346
   -0.454839
   -0.442713
   -0.459204
   -0.386568
   -0.449020
   -0.419234
   -0.370323
   -0.431458
   -0.333489
   -0.331157
   -0.464352
   -0.420200
   -0.464536
   -0.444278
   -0.443982
   -0.398654
   -0.381594
   -0.418692
   -0.437008
   -0.448215
   -0.483358
   -0.464347
   -0.385652
   -0.277767
   -0.161341
   -0.003614
    0.200632
   -0.477965
   -0.513696
   -0.488432
   -0.492126
   -0.468970
   -0.431038
   -0.478416
   -0.524094
   -0.584657
   -0.628811
   -0.632382
   -0.494844
   -0.333794
   -0.156835
    0.009771
    0.223976
   -0.441205
   -0.430120
   -0.387721
   -0.353537
   -0.394818
   -0.396477
   -0.370997
   -0.305932
   -0.136168
    0.010687
    0.172587
    0.311517
    0.260670
    0.268064
    0.266826
    0.233190
   -0.476277
   -0.455585
   -0.426203
   -0.372747
   -0.393639
   -0.439461
   -0.456312
   -0.373907
   -0.202786
    0.034513
    0.199279
    0.381949
    0.360083
    0.373784
    0.276076
    0.215970
   -0.460961
   -0.425785
   -0.353558
   -0.086477
    0.150814
    0.349884
    0.448612
    0.374140
    0.387754
    0.278320
    0.158736
    0.181720
    0.213057
    0.253928
    0.171831
    0.269417
   -0.510590
   -0.464274
   -0.366340
   -0.021278
    0.283425
    0.504669
    0.586313
    0.484436
    0.445975
    0.284343
    0.155587
    0.161894
    0.225866
    0.297312
    0.148913
    0.233073
   -0.402925
   -0.337085
   -0.028710
    0.400349
    0.382748
    0.388101
    0.388154
    0.272659
    0.267378
    0.177209
    0.195028
    0.294610
    0.233020
    0.282766
    0.143612
    0.168127
   -0.432986
   -0.339113
    0.012542
    0.567894
    0.545053
    0.508328
    0.452501
    0.265269
    0.168846
    0.109718
    0.185993
    0.314744
    0.235843
    0.271722
    0.139088
    0.170383
   -0.450682
   -0.443608
   -0.306583
    0.241324
    0.279388
    0.335860
    0.373903
    0.263179
    0.186771
    0.211444
    0.275882
    0.287571
    0.354071
    0.438088
    0.251220
    0.194545
   -0.530963
   -0.522652
   -0.400813
    0.253733
    0.339089
    0.416698
    0.480508
    0.292333
    0.145581
    0.209917
    0.279165
    0.366079
    0.455778
    0.537901
    0.369312
    0.178841
   -0.420117
   -0.473549
   -0.455293
   -0.449929
   -0.427270
   -0.410928
   -0.418803
   -0.424228
   -0.385078
   -0.421846
   -0.363795
   -0.293121
   -0.250805
   -0.300853
   -0.401993
   -0.383250
   -0.478751
   -0.491282
   -0.481870
   -0.459888
   -0.438118
   -0.447632
   -0.426565
   -0.398342
   -0.424590
   -0.458633
   -0.383965
   -0.295980
   -0.245826
   -0.298207
   -0.381806
   -0.339697
   -0.431551
   -0.411405
   -0.409159
   -0.440130
   -0.428672
   -0.441125
   -0.439277
   -0.397900
   -0.432375
   -0.346347
   -0.218757
   -0.226228
   -0.303674
   -0.380638
   -0.423410
   -0.389148
   -0.485508
   -0.464401
   -0.427673
   -0.475799
   -0.439931
   -0.445766
   -0.442041
   -0.397633
   -0.433380
   -0.337354
   -0.233659
   -0.266081
   -0.320510
   -0.360280
   -0.397193
   -0.392728
   -0.459337
   -0.450389
   -0.377093
   -0.434865
   -0.401180
   -0.408957
   -0.384353
   -0.363568
   -0.276527
   -0.305802
   -0.324887
   -0.453010
   -0.499086
   -0.425995
   -0.417790
   -0.340280
   -0.461894
   -0.479936
   -0.401811
   -0.450134
   -0.419111
   -0.446681
   -0.426741
   -0.376301
   -0.297629
   -0.349717
   -0.406194
   -0.582035
   -0.636311
   -0.525235
   -0.492371
   -0.370857
   -0.431350
   -0.459111
   -0.409447
   -0.426322
   -0.405486
   -0.416172
   -0.399747
   -0.286304
   -0.263502
   -0.308990
   -0.208849
   -0.135960
    0.045124
    0.255741
    0.278218
    0.249541
   -0.437103
   -0.410397
   -0.417679
   -0.428702
   -0.422775
   -0.401323
   -0.379288
   -0.277478
   -0.246818
   -0.370629
   -0.303357
   -0.176117
    0.087951
    0.340694
    0.380881
    0.400311
   -0.441908
   -0.408276
   -0.433667
   -0.426353
   -0.383365
   -0.125756
    0.034052
    0.202326
    0.423035
    0.384910
    0.373994
    0.334640
    0.233053
    0.237169
    0.253498
    0.306028
   -0.452487
   -0.452258
   -0.433026
   -0.422953
   -0.361811
   -0.078949
    0.167979
    0.411931
    0.583288
    0.531675
    0.474683
    0.379589
    0.257402
    0.269004
    0.240337
    0.307427
   -0.435385
   -0.433678
   -0.405684
   -0.312393
    0.024631
    0.277173
    0.309859
    0.420602
    0.434557
    0.287703
    0.254485
    0.254431
    0.245487
    0.277451
    0.274186
    0.361657
   -0.448660
   -0.459696
   -0.413775
   -0.318191
    0.132168
    0.466511
    0.479117
    0.541174
    0.543578
    0.302225
    0.224163
    0.230601
    0.259583
    0.284829
    0.263052
    0.337681
   -0.407409
   -0.427685
   -0.352969
   -0.346274
   -0.232011
    0.159844
    0.357482
    0.441843
    0.420925
    0.329140
    0.290609
    0.267740
    0.285185
    0.374013
    0.387756
    0.466306
   -0.467425
   -0.468550
   -0.382339
   -0.299989
   -0.307757
    0.191792
    0.399423
    0.535769
    0.539337
    0.373962
    0.312234
    0.287825
    0.310861
    0.439226
    0.507668
    0.592640
   -0.415204
   -0.389209
   -0.367719
   -0.313692
   -0.401677
    0.192340
    0.347105
    0.438165
    0.361049
    0.312226
    0.389378
    0.375216
    0.308458
    0.330754
    0.414166
    0.392792
   -0.484121
   -0.525528
   -0.509288
   -0.375833
   -0.455015
    0.220210
    0.445374
    0.553649
    0.478344
    0.382947
    0.457713
    0.444012
    0.392088
    0.466178
    0.556511
    0.501930
   -0.393591
   -0.410345
   -0.434871
   -0.451030
   -0.358152
   -0.284683
   -0.288211
   -0.305609
   -0.397026
   -0.432875
   -0.467222
   -0.435400
   -0.332317
   -0.346175
   -0.357376
   -0.405926
   -0.465165
   -0.483578
   -0.501361
   -0.499321
   -0.367970
   -0.313990
   -0.263709
   -0.318332
   -0.422204
   -0.445411
   -0.472450
   -0.445450
   -0.357937
   -0.346951
   -0.380314
   -0.372305
   -0.428103
   -0.411114
   -0.419713
   -0.400749
   -0.250243
   -0.259384
   -0.317660
   -0.372067
   -0.407186
   -0.393456
   -0.318909
   -0.386416
   -0.429172
   -0.495922
   -0.509817
   -0.440534
   -0.443014
   -0.451797
   -0.422744
   -0.376962
   -0.214383
   -0.250279
   -0.356717
   -0.422395
   -0.471691
   -0.414698
   -0.386540
   -0.431217
   -0.505685
   -0.633878
   -0.641060
   -0.553318
   -0.433216
   -0.389142
   -0.308271
   -0.275176
   -0.250599
   -0.346753
   -0.409017
   -0.411602
   -0.421184
   -0.336204
   -0.368449
   -0.424520
   -0.314404
   -0.184976
   -0.030310
    0.207212
   -0.450807
   -0.372251
   -0.245124
   -0.225461
   -0.263639
   -0.336067
   -0.437016
   -0.412987
   -0.425239
   -0.337406
   -0.376583
   -0.514108
   -0.406138
   -0.268732
   -0.027915
    0.238083
   -0.351921
   -0.293733
   -0.227841
   -0.305262
   -0.409839
   -0.405930
   -0.428159
   -0.091888
    0.104112
    0.265751
    0.398558
    0.358007
    0.388589
    0.346593
    0.298310
    0.277126
   -0.381291
   -0.282941
   -0.233625
   -0.322502
   -0.411813
   -0.465151
   -0.401049
   -0.027133
    0.231413
    0.443813
    0.560599
    0.464407
    0.474112
    0.394912
    0.313170
    0.296350
   -0.269146
   -0.264136
   -0.354259
   -0.454404
   -0.442919
   -0.363323
    0.000282
    0.323807
    0.330724
    0.430004
    0.459557
    0.315005
    0.305637
    0.274957
    0.297759
    0.367935
   -0.247895
   -0.282551
   -0.407446
   -0.480542
   -0.461157
   -0.406237
    0.102215
    0.484774
    0.501646
    0.565615
    0.579199
    0.318437
    0.256546
    0.241477
    0.308617
    0.377679
   -0.312953
   -0.380399
   -0.416362
   -0.481233
   -0.442799
   -0.475786
   -0.260220
    0.268736
    0.376132
    0.449766
    0.436802
    0.352591
    0.358493
    0.329096
    0.328006
    0.361120
   -0.310595
   -0.402677
   -0.471978
   -0.564773
   -0.525819
   -0.450851
   -0.356974
    0.280339
    0.415870
    0.546115
    0.582943
    0.427508
    0.392715
    0.329100
    0.329304
    0.394984
   -0.465219
   -0.455144
   -0.477039
   -0.451508
   -0.458397
   -0.437219
   -0.408275
    0.285897
    0.393759
    0.482214
    0.423959
    0.349517
    0.442054
    0.403781
    0.332040
    0.347585
   -0.495754
   -0.493532
   -0.544087
   -0.615925
   -0.632927
   -0.482238
   -0.449204
    0.342956
    0.517193
    0.609668
    0.550121
    0.429863
    0.518458
    0.468985
    0.400713
    0.467893
   -0.452280
   -0.410811
   -0.379372
   -0.456221
   -0.478158
   -0.478071
   -0.436852
    0.083656
    0.440405
    0.424327
    0.282567
    0.003981
   -0.254717
   -0.469870
   -0.130653
    0.368059
   -0.448092
   -0.398845
   -0.411747
   -0.543698
   -0.589691
   -0.531567
   -0.459305
    0.118719
    0.504951
    0.535956
    0.357299
   -0.025141
   -0.353372
   -0.513229
   -0.131709
    0.491869
   -0.312702
   -0.341896
   -0.390130
   -0.436946
   -0.435555
   -0.424404
   -0.449455
   -0.315308
   -0.432491
   -0.431991
   -0.428187
   -0.443533
   -0.418574
   -0.432776
   -0.415416
   -0.444488
   -0.262147
   -0.328226
   -0.406162
   -0.469345
   -0.495051
   -0.454007
   -0.411626
   -0.404483
   -0.450802
   -0.436242
   -0.482140
   -0.486840
   -0.466772
   -0.487113
   -0.541848
   -0.600741
   -0.346645
   -0.464027
   -0.439659
   -0.460184
   -0.403333
   -0.400061
   -0.435392
   -0.418320
   -0.359396
   -0.391988
   -0.464218
   -0.445971
   -0.451248
   -0.470269
   -0.402636
   -0.290096
   -0.369011
   -0.466486
   -0.478300
   -0.444587
   -0.460282
   -0.444709
   -0.416813
   -0.449056
   -0.406097
   -0.424375
   -0.499488
   -0.472673
   -0.490146
   -0.596303
   -0.517791
   -0.418016
   -0.440637
   -0.454463
   -0.464810
   -0.391541
   -0.436358
   -0.410628
   -0.449699
   -0.402741
   -0.432728
   -0.135048
    0.031422
    0.197106
    0.326272
    0.343958
    0.385114
    0.298742
   -0.456528
   -0.446018
   -0.442087
   -0.396125
   -0.425236
   -0.430783
   -0.470320
   -0.473394
   -0.486935
   -0.128702
    0.101419
    0.334918
    0.451302
    0.408858
    0.448354
    0.348855
   -0.474280
   -0.426570
   -0.411075
   -0.391569
   -0.414387
   -0.392284
   -0.423536
   -0.433660
   -0.051503
    0.351764
    0.359377
    0.428410
    0.412816
    0.272848
    0.288820
    0.297135
   -0.481200
   -0.439332
   -0.404962
   -0.419476
   -0.470058
   -0.474521
   -0.457810
   -0.456727
    0.037113
    0.466432
    0.543316
    0.591898
    0.490602
    0.259503
    0.253607
    0.230590
   -0.396897
   -0.385940
   -0.428143
   -0.460977
   -0.436996
   -0.466138
   -0.461608
   -0.420294
   -0.305974
    0.254302
    0.333454
    0.384063
    0.425573
    0.330092
    0.316687
    0.311801
   -0.432544
   -0.373513
   -0.469030
   -0.476614
   -0.483613
   -0.586148
   -0.572030
   -0.520456
   -0.401307
    0.226886
    0.333671
    0.460054
    0.520557
    0.332642
    0.333081
    0.311039
   -0.387234
   -0.448691
   -0.437409
   -0.454542
   -0.482916
   -0.514957
   -0.460418
   -0.459697
   -0.423392
    0.269365
    0.386455
    0.468965
    0.415183
    0.277092
    0.353489
    0.344341
   -0.434118
   -0.455938
   -0.469469
   -0.500752
   -0.594701
   -0.670640
   -0.604545
   -0.527139
   -0.459061
    0.328849
    0.470383
    0.571635
    0.530136
    0.355246
    0.428498
    0.428187
   -0.466811
   -0.429383
   -0.387291
   -0.422956
   -0.424819
   -0.500966
   -0.523611
   -0.495396
   -0.472283
    0.102530
    0.440641
    0.416796
    0.348474
    0.071508
   -0.206435
   -0.411379
   -0.489781
   -0.481037
   -0.468723
   -0.485693
   -0.482612
   -0.611526
   -0.632051
   -0.537996
   -0.530045
    0.145861
    0.482483
    0.474887
    0.366915
    0.032878
   -0.312498
   -0.452594
   -0.425027
   -0.427093
   -0.402335
   -0.440662
   -0.415695
   -0.519260
   -0.507265
   -0.463257
   -0.393751
   -0.146268
   -0.230703
   -0.452860
   -0.507873
   -0.482001
   -0.483795
   -0.345480
   -0.428782
   -0.432899
   -0.447985
   -0.473426
   -0.477585
   -0.634004
   -0.658166
   -0.587951
   -0.478621
   -0.149277
   -0.270409
   -0.582738
   -0.604839
   -0.658781
   -0.591964
   -0.471864
   -0.440479
   -0.422760
   -0.418058
   -0.433358
   -0.442078
   -0.439303
   -0.440587
   -0.412642
   -0.430225
   -0.391540
   -0.408573
   -0.388996
   -0.445585
   -0.418247
   -0.483884
   -0.493495
   -0.404480
   -0.425396
   -0.441934
   -0.449168
   -0.469017
   -0.478570
   -0.514163
   -0.485125
   -0.421689
   -0.441989
   -0.433675
   -0.410436
   -0.467216
   -0.450067
   -0.550836
   -0.642182
   -0.421119
   -0.440344
   -0.433187
   -0.412036
   -0.435223
   -0.454759
   -0.456493
   -0.458243
   -0.429109
   -0.425461
   -0.509486
   -0.229426
   -0.067439
    0.088922
    0.166241
    0.213334
   -0.404939
   -0.463456
   -0.495445
   -0.500284
   -0.513738
   -0.495560
   -0.479267
   -0.484997
   -0.445341
   -0.475842
   -0.518787
   -0.218691
   -0.006243
    0.202317
    0.271765
    0.243781
   -0.420643
   -0.425895
   -0.448714
   -0.446262
   -0.447754
   -0.432389
   -0.423999
   -0.413493
   -0.386424
   -0.395153
    0.000748
    0.409125
    0.387568
    0.395998
    0.392179
    0.256291
   -0.485479
   -0.482475
   -0.496700
   -0.517210
   -0.504204
   -0.478795
   -0.482332
   -0.510696
   -0.436253
   -0.446758
    0.057208
    0.545319
    0.571852
    0.563562
    0.512324
    0.321708
   -0.419683
   -0.429325
   -0.449091
   -0.450626
   -0.430571
   -0.427197
   -0.425136
   -0.469624
   -0.456407
   -0.413019
   -0.291745
    0.290308
    0.309824
    0.351121
    0.390315
    0.334648
   -0.503439
   -0.502308
   -0.493162
   -0.484398
   -0.478089
   -0.465653
   -0.488558
   -0.567717
   -0.570139
   -0.493655
   -0.360654
    0.264432
    0.262654
    0.445195
    0.485698
    0.331266
   -0.465644
   -0.443620
   -0.435465
   -0.439689
   -0.425610
   -0.428665
   -0.483115
   -0.548423
   -0.552830
   -0.502555
   -0.440957
    0.255939
    0.325801
    0.471275
    0.385715
    0.251082
   -0.531791
   -0.517896
   -0.502400
   -0.468001
   -0.461288
   -0.471182
   -0.564158
   -0.659101
   -0.660345
   -0.591116
   -0.493339
    0.320214
    0.404736
    0.563501
    0.497156
    0.294593
   -0.462099
   -0.451039
   -0.441004
   -0.408810
   -0.388146
   -0.394679
   -0.433232
   -0.521109
   -0.520201
   -0.458363
   -0.423313
    0.127828
    0.363058
    0.390499
    0.391764
    0.245730
   -0.523900
   -0.502075
   -0.443409
   -0.389475
   -0.406452
   -0.454640
   -0.500144
   -0.627780
   -0.667350
   -0.559462
   -0.551384
    0.145678
    0.444071
    0.500146
    0.451163
    0.281932
   -0.443894
   -0.419279
   -0.394595
   -0.399932
   -0.411224
   -0.431307
   -0.440876
   -0.531909
   -0.494447
   -0.495786
   -0.426514
   -0.074641
   -0.098744
   -0.282667
   -0.456457
   -0.509896
   -0.449173
   -0.440450
   -0.423858
   -0.419337
   -0.434366
   -0.484686
   -0.516282
   -0.646406
   -0.654066
   -0.606463
   -0.507275
   -0.072013
   -0.092711
   -0.354602
   -0.506630
   -0.643710
   -0.434109
   -0.438704
   -0.442315
   -0.433529
   -0.440332
   -0.446010
   -0.437678
   -0.497555
   -0.521299
   -0.481976
   -0.496432
   -0.489950
   -0.407594
   -0.332925
   -0.405005
   -0.441927
   -0.460887
   -0.482088
   -0.500566
   -0.487403
   -0.476510
   -0.470362
   -0.486569
   -0.581527
   -0.645874
   -0.599704
   -0.587978
   -0.510497
   -0.431996
   -0.320482
   -0.431135
   -0.625786
   -0.439850
   -0.433138
   -0.422099
   -0.418566
   -0.417024
   -0.416942
   -0.414853
   -0.433272
   -0.446330
   -0.420149
   -0.411208
   -0.426423
   -0.429060
   -0.339237
   -0.226104
   -0.109941
   -0.444163
   -0.440052
   -0.430691
   -0.420598
   -0.414616
   -0.419374
   -0.427734
   -0.429075
   -0.435472
   -0.421966
   -0.443121
   -0.460051
   -0.444053
   -0.287147
   -0.161697
    0.004574
   -0.424264
   -0.412022
   -0.413481
   -0.408244
   -0.417983
   -0.423460
   -0.424256
   -0.434973
   -0.460749
   -0.425832
   -0.403882
   -0.354493
    0.008347
    0.389004
    0.450211
    0.415544
   -0.440529
   -0.432975
   -0.428416
   -0.432096
   -0.429620
   -0.433005
   -0.440103
   -0.443640
   -0.453503
   -0.454085
   -0.397908
   -0.353379
    0.120546
    0.586548
    0.652377
    0.639822
   -0.403370
   -0.399166
   -0.396785
   -0.408962
   -0.413403
   -0.429377
   -0.425995
   -0.426408
   -0.438755
   -0.453521
   -0.420646
   -0.434113
   -0.164142
    0.279563
    0.309877
    0.410498
   -0.430607
   -0.427460
   -0.420293
   -0.429891
   -0.433854
   -0.445511
   -0.445876
   -0.444548
   -0.449723
   -0.517258
   -0.468643
   -0.411043
   -0.148617
    0.379427
    0.383146
    0.501467
   -0.405758
   -0.417898
   -0.427663
   -0.444011
   -0.443170
   -0.441415
   -0.426461
   -0.419051
   -0.461763
   -0.546269
   -0.483987
   -0.432950
   -0.239201
    0.353142
    0.359326
    0.424710
   -0.419620
   -0.421840
   -0.430770
   -0.442774
   -0.443140
   -0.437723
   -0.429561
   -0.423048
   -0.545199
   -0.628942
   -0.591298
   -0.440892
   -0.266041
    0.444495
    0.446632
    0.577609
   -0.446548
   -0.459460
   -0.456637
   -0.438929
   -0.423893
   -0.404666
   -0.401230
   -0.404731
   -0.416623
   -0.480304
   -0.479395
   -0.397859
   -0.360573
    0.274441
    0.337976
    0.397413
   -0.457547
   -0.472878
   -0.454889
   -0.434771
   -0.411280
   -0.374901
   -0.355935
   -0.362499
   -0.384700
   -0.529481
   -0.537455
   -0.434779
   -0.420382
    0.359613
    0.429778
    0.507206
   -0.444205
   -0.440105
   -0.432881
   -0.417004
   -0.396515
   -0.381625
   -0.386142
   -0.383383
   -0.413801
   -0.482605
   -0.479114
   -0.437090
   -0.376994
    0.252313
    0.154711
   -0.015825
   -0.476592
   -0.464378
   -0.435098
   -0.408277
   -0.364199
   -0.330093
   -0.331806
   -0.342240
   -0.394842
   -0.592788
   -0.622742
   -0.513061
   -0.379729
    0.285502
    0.160300
   -0.035657
   -0.415823
   -0.412358
   -0.414602
   -0.413860
   -0.404862
   -0.373858
   -0.369648
   -0.383503
   -0.378141
   -0.488358
   -0.496177
   -0.357751
   -0.252052
   -0.153965
   -0.263249
   -0.370631
   -0.439253
   -0.426610
   -0.416922
   -0.402267
   -0.379742
   -0.332979
   -0.321975
   -0.342002
   -0.323208
   -0.582155
   -0.623735
   -0.447054
   -0.269601
   -0.168422
   -0.223399
   -0.295377
   -0.410918
   -0.408160
   -0.404720
   -0.392512
   -0.398507
   -0.368072
   -0.374014
   -0.382598
   -0.387592
   -0.389079
   -0.227202
   -0.196079
   -0.190536
   -0.329531
   -0.344515
   -0.386940
   -0.417301
   -0.416698
   -0.405506
   -0.386325
   -0.376434
   -0.338612
   -0.335575
   -0.344930
   -0.362857
   -0.420676
   -0.186328
   -0.105972
   -0.160775
   -0.281817
   -0.338276
   -0.361776
   -0.445806
   -0.452506
   -0.455116
   -0.447663
   -0.433927
   -0.431218
   -0.433648
   -0.437215
   -0.402546
   -0.422636
   -0.426564
   -0.397929
   -0.404978
   -0.428080
   -0.010110
    0.338961
   -0.489890
   -0.486781
   -0.480521
   -0.468947
   -0.456946
   -0.448781
   -0.426880
   -0.429385
   -0.398167
   -0.424906
   -0.449556
   -0.425882
   -0.374250
   -0.420387
    0.075980
    0.535175
   -0.431103
   -0.443695
   -0.445194
   -0.441802
   -0.428682
   -0.421605
   -0.413336
   -0.409750
   -0.421647
   -0.397915
   -0.391639
   -0.455725
   -0.459160
   -0.390137
   -0.032218
    0.252868
   -0.483511
   -0.476731
   -0.469022
   -0.456074
   -0.424279
   -0.410806
   -0.398397
   -0.384809
   -0.425705
   -0.420993
   -0.405853
   -0.489548
   -0.473471
   -0.364325
   -0.033046
    0.331115
   -0.413784
   -0.414791
   -0.420393
   -0.424769
   -0.424715
   -0.420375
   -0.414342
   -0.419093
   -0.426771
   -0.388183
   -0.472823
   -0.525891
   -0.310741
   -0.257261
   -0.148086
    0.293310
   -0.459186
   -0.449746
   -0.434545
   -0.426268
   -0.416630
   -0.405536
   -0.394137
   -0.390488
   -0.448653
   -0.400904
   -0.556302
   -0.650339
   -0.445149
   -0.275478
   -0.188390
    0.338006
   -0.405191
   -0.400030
   -0.388127
   -0.385648
   -0.386321
   -0.391421
   -0.405208
   -0.402825
   -0.418139
   -0.422821
   -0.310080
   -0.242798
   -0.250260
   -0.306149
   -0.279532
    0.286554
   -0.440655
   -0.424422
   -0.413538
   -0.402147
   -0.399055
   -0.402824
   -0.410608
   -0.402202
   -0.381005
   -0.386826
   -0.312333
   -0.331923
   -0.325956
   -0.349571
   -0.347147
    0.362655
   -0.381048
   -0.419233
   -0.419628
   -0.393614
   -0.399368
   -0.431478
   -0.391878
   -0.316482
   -0.232309
   -0.169337
   -0.180667
   -0.389063
   -0.484328
   -0.440627
   -0.414195
    0.279248
   -0.371689
   -0.387321
   -0.406795
   -0.415339
   -0.416655
   -0.400584
   -0.335932
   -0.274646
   -0.198961
   -0.166623
   -0.171501
   -0.462575
   -0.618152
   -0.541418
   -0.441971
    0.316064
   -0.391081
   -0.414556
   -0.422683
   -0.416817
   -0.406390
   -0.364968
   -0.289081
   -0.200632
   -0.154912
   -0.286327
   -0.342618
   -0.479301
   -0.516506
   -0.398191
   -0.441021
   -0.374839
   -0.413666
   -0.425097
   -0.450876
   -0.471622
   -0.443535
   -0.365336
   -0.268174
   -0.163356
   -0.109125
   -0.265645
   -0.305619
   -0.589791
   -0.632648
   -0.492929
   -0.458909
   -0.414097
   -0.407800
   -0.405239
   -0.415596
   -0.407421
   -0.298986
   -0.187152
   -0.194380
   -0.238692
   -0.306035
   -0.416290
   -0.413155
   -0.399949
   -0.381623
   -0.412560
   -0.387412
   -0.343126
   -0.425996
   -0.457964
   -0.478859
   -0.428938
   -0.301519
   -0.191986
   -0.200113
   -0.223586
   -0.269315
   -0.375776
   -0.420848
   -0.492528
   -0.387179
   -0.336667
   -0.367089
   -0.318387
   -0.397535
   -0.377857
   -0.300478
   -0.213245
   -0.204251
   -0.302844
   -0.392645
   -0.384936
   -0.370848
   -0.372438
   -0.409368
   -0.359332
   -0.419661
   -0.416977
   -0.464869
   -0.358058
   -0.392822
   -0.390547
   -0.320039
   -0.200110
   -0.172486
   -0.278497
   -0.381042
   -0.381300
   -0.343371
   -0.354500
   -0.369973
   -0.322205
   -0.410287
   -0.459054
   -0.495278
   -0.298602
   -0.437125
   -0.458570
   -0.492333
   -0.476741
   -0.476351
   -0.481090
   -0.478637
   -0.450961
   -0.400330
   -0.369915
   -0.286528
   -0.256530
   -0.307745
   -0.388720
   -0.422664
   -0.451563
   -0.537641
   -0.522147
   -0.521286
   -0.529694
   -0.545358
   -0.556954
   -0.541542
   -0.511527
   -0.494742
   -0.438436
   -0.348722
   -0.282328
   -0.359567
   -0.505613
   -0.522143
   -0.462845
   -0.463286
   -0.462201
   -0.469568
   -0.474382
   -0.462129
   -0.438112
   -0.388175
   -0.309033
   -0.226274
   -0.257968
   -0.360755
   -0.424198
   -0.503293
   -0.589668
   -0.541271
   -0.514279
   -0.516333
   -0.522977
   -0.553577
   -0.564921
   -0.542826
   -0.507968
   -0.451041
   -0.373920
   -0.283458
   -0.293848
   -0.427249
   -0.500255
   -0.624197
   -0.713848
   -0.678854
   -0.653681
   -0.458895
   -0.478837
   -0.491971
   -0.488235
   -0.400422
   -0.287660
   -0.256220
   -0.289295
   -0.353456
   -0.353759
   -0.420733
   -0.437086
   -0.472344
   -0.513699
   -0.473260
   -0.467514
   -0.516230
   -0.544880
   -0.582870
   -0.580219
   -0.491586
   -0.373399
   -0.314978
   -0.333674
   -0.409207
   -0.451221
   -0.486307
   -0.519994
   -0.551987
   -0.641636
   -0.638562
   -0.587883
   -0.483353
   -0.450435
   -0.383469
   -0.279651
   -0.243506
   -0.284916
   -0.371647
   -0.430208
   -0.477446
   -0.430886
   -0.442532
   -0.469903
   -0.453106
   -0.522777
   -0.529569
   -0.502538
   -0.533707
   -0.541170
   -0.490361
   -0.371048
   -0.304767
   -0.332766
   -0.426985
   -0.521787
   -0.492739
   -0.502074
   -0.484248
   -0.483920
   -0.514715
   -0.671502
   -0.675393
   -0.625664
   -0.364957
   -0.283373
   -0.264249
   -0.316982
   -0.401266
   -0.460076
   -0.469834
   -0.443941
   -0.447321
   -0.438450
   -0.428482
   -0.457443
   -0.450229
   -0.548614
   -0.587562
   -0.483437
   -0.424038
   -0.335375
   -0.311828
   -0.371930
   -0.460922
   -0.533002
   -0.563245
   -0.545501
   -0.520701
   -0.453619
   -0.411730
   -0.506428
   -0.520591
   -0.674294
   -0.677950
   -0.591609
   -0.300238
   -0.315420
   -0.375648
   -0.437590
   -0.470885
   -0.479563
   -0.471846
   -0.476502
   -0.466013
   -0.430618
   -0.394553
   -0.443247
   -0.457912
   -0.561177
   -0.556129
   -0.504634
   -0.334243
   -0.371241
   -0.451346
   -0.529050
   -0.574533
   -0.576424
   -0.531073
   -0.511121
   -0.518074
   -0.480100
   -0.457297
   -0.527792
   -0.582445
   -0.658382
   -0.613446
   -0.601288
   -0.401874
   -0.456953
   -0.474046
   -0.473125
   -0.464279
   -0.454243
   -0.457903
   -0.468621
   -0.497384
   -0.465072
   -0.434928
   -0.444972
   -0.509068
   -0.516372
   -0.501355
   -0.454460
   -0.456748
   -0.528539
   -0.564151
   -0.572453
   -0.561986
   -0.554347
   -0.526065
   -0.519792
   -0.552291
   -0.500192
   -0.495808
   -0.528602
   -0.584024
   -0.570158
   -0.609645
   -0.570801
   -0.466346
   -0.486873
   -0.474134
   -0.457305
   -0.454807
   -0.475092
   -0.476010
   -0.477700
   -0.502084
   -0.465483
   -0.499388
   -0.508741
   -0.513396
   -0.491987
   -0.509671
   -0.436334
   -0.539798
   -0.557711
   -0.552222
   -0.524603
   -0.522280
   -0.553297
   -0.572693
   -0.591590
   -0.569928
   -0.542206
   -0.613940
   -0.625005
   -0.581281
   -0.615074
   -0.605668
   -0.515841
   -0.343879
   -0.294499
   -0.268542
   -0.271673
   -0.307762
   -0.354484
   -0.395522
   -0.428947
   -0.439765
   -0.382441
   -0.364676
   -0.393452
   -0.400715
   -0.405805
   -0.482350
   -0.538730
   -0.372737
   -0.326052
   -0.293301
   -0.274875
   -0.291848
   -0.344981
   -0.434843
   -0.467348
   -0.495844
   -0.441038
   -0.402146
   -0.401195
   -0.456128
   -0.457719
   -0.572090
   -0.660590
   -0.268708
   -0.237517
   -0.271561
   -0.346519
   -0.415560
   -0.443170
   -0.442592
   -0.425525
   -0.351984
   -0.345481
   -0.397522
   -0.370822
   -0.399510
   -0.434004
   -0.489456
   -0.485244
   -0.262780
   -0.257286
   -0.304124
   -0.395171
   -0.472895
   -0.482508
   -0.451811
   -0.440352
   -0.398902
   -0.372428
   -0.410934
   -0.419755
   -0.441645
   -0.495876
   -0.570491
   -0.633032
   -0.348910
   -0.405101
   -0.427779
   -0.427273
   -0.409418
   -0.404619
   -0.413622
   -0.420486
   -0.392246
   -0.416282
   -0.418357
   -0.355862
   -0.419148
   -0.477129
   -0.450658
   -0.495270
   -0.363399
   -0.439038
   -0.479377
   -0.489636
   -0.484308
   -0.458974
   -0.424038
   -0.402520
   -0.425674
   -0.501726
   -0.409293
   -0.403342
   -0.471867
   -0.512909
   -0.527106
   -0.633291
   -0.452635
   -0.450490
   -0.429125
   -0.425763
   -0.432933
   -0.432553
   -0.423539
   -0.433191
   -0.422836
   -0.427170
   -0.448357
   -0.454649
   -0.467634
   -0.457643
   -0.431213
   -0.540141
   -0.476597
   -0.492793
   -0.476212
   -0.438713
   -0.434826
   -0.453268
   -0.459631
   -0.467403
   -0.487839
   -0.514606
   -0.506859
   -0.468046
   -0.471030
   -0.515461
   -0.476729
   -0.625169
   -0.411739
   -0.405222
   -0.410612
   -0.439685
   -0.464743
   -0.466714
   -0.451591
   -0.437072
   -0.436036
   -0.461772
   -0.457900
   -0.400142
   -0.360658
   -0.418752
   -0.412577
   -0.503176
   -0.471162
   -0.442394
   -0.431192
   -0.455929
   -0.473581
   -0.487227
   -0.504265
   -0.510910
   -0.526400
   -0.524776
   -0.525588
   -0.456714
   -0.402712
   -0.420672
   -0.465652
   -0.601595
   -0.419630
   -0.404516
   -0.409730
   -0.431776
   -0.431221
   -0.444771
   -0.460733
   -0.482484
   -0.471612
   -0.482728
   -0.462864
   -0.400495
   -0.406432
   -0.427846
   -0.430482
   -0.416795
   -0.430278
   -0.439828
   -0.463626
   -0.474904
   -0.478193
   -0.497315
   -0.503064
   -0.539239
   -0.578759
   -0.527830
   -0.504696
   -0.416993
   -0.399414
   -0.406742
   -0.462113
   -0.433868
   -0.410039
   -0.432534
   -0.444750
   -0.445457
   -0.454593
   -0.471334
   -0.470790
   -0.506358
   -0.467403
   -0.428529
   -0.454214
   -0.433258
   -0.427035
   -0.423482
   -0.436596
   -0.425133
   -0.463490
   -0.471152
   -0.471396
   -0.477580
   -0.485207
   -0.511387
   -0.511969
   -0.541984
   -0.532972
   -0.520480
   -0.513027
   -0.460283
   -0.485020
   -0.499480
   -0.493979
   -0.527917
   -0.443592
   -0.457364
   -0.457988
   -0.457323
   -0.462808
   -0.454578
   -0.447000
   -0.461577
   -0.478053
   -0.449011
   -0.434395
   -0.488586
   -0.422861
   -0.450545
   -0.400508
   -0.399139
   -0.482365
   -0.498531
   -0.503253
   -0.509090
   -0.511917
   -0.486520
   -0.459050
   -0.471795
   -0.496441
   -0.509156
   -0.504892
   -0.530806
   -0.501910
   -0.477191
   -0.452793
   -0.503211
