   -0.488948
   -0.487713
   -0.486033
   -0.482439
   -0.477890
   -0.473210
   -0.470645
   -0.468187
   -0.455508
   -0.454265
   -0.452278
   -0.452279
   -0.455349
   -0.458319
   -0.461923
   -0.461925
   -0.512927
   -0.513535
   -0.511648
   -0.507396
   -0.501296
   -0.496176
   -0.492732
   -0.491847
   -0.473243
   -0.470311
   -0.466828
   -0.468508
   -0.471618
   -0.475916
   -0.476318
   -0.473763
   -0.456613
   -0.461233
   -0.467809
   -0.469049
   -0.465480
   -0.460350
   -0.456386
   -0.455270
   -0.450659
   -0.449421
   -0.447447
   -0.445942
   -0.445825
   -0.447819
   -0.450490
   -0.451932
   -0.515536
   -0.519009
   -0.524094
   -0.525108
   -0.523120
   -0.518617
   -0.513103
   -0.509115
   -0.483078
   -0.481261
   -0.478467
   -0.477699
   -0.477674
   -0.478659
   -0.479628
   -0.479649
   -0.448587
   -0.451800
   -0.456545
   -0.461734
   -0.464533
   -0.463819
   -0.458691
   -0.454742
   -0.456203
   -0.454275
   -0.451182
   -0.448150
   -0.445591
   -0.444805
   -0.443887
   -0.444084
   -0.500323
   -0.502639
   -0.505589
   -0.511469
   -0.516703
   -0.517869
   -0.512544
   -0.507926
   -0.485211
   -0.485559
   -0.483876
   -0.480770
   -0.476480
   -0.474700
   -0.474320
   -0.475392
   -0.459493
   -0.458935
   -0.459066
   -0.462608
   -0.467160
   -0.471420
   -0.472923
   -0.472516
   -0.466365
   -0.465222
   -0.461694
   -0.457679
   -0.452368
   -0.448965
   -0.445738
   -0.444950
   -0.486367
   -0.487289
   -0.488326
   -0.490566
   -0.493851
   -0.498737
   -0.501899
   -0.503336
   -0.480754
   -0.480649
   -0.478281
   -0.474402
   -0.468403
   -0.464787
   -0.462515
   -0.461086
   -0.462794
   -0.461616
   -0.461259
   -0.462433
   -0.465355
   -0.471225
   -0.475707
   -0.479052
   -0.489390
   -0.483124
   -0.476394
   -0.471552
   -0.471248
   -0.468968
   -0.467204
   -0.467235
   -0.487496
   -0.485676
   -0.485006
   -0.487407
   -0.488710
   -0.494143
   -0.497557
   -0.500114
   -0.516704
   -0.511521
   -0.503193
   -0.496028
   -0.493559
   -0.491992
   -0.487213
   -0.487453
   -0.447291
   -0.446364
   -0.445096
   -0.443912
   -0.444710
   -0.448096
   -0.452327
   -0.454341
   -0.464593
   -0.465471
   -0.465068
   -0.462819
   -0.459584
   -0.456013
   -0.452589
   -0.451533
   -0.500526
   -0.500081
   -0.497730
   -0.497720
   -0.497301
   -0.499575
   -0.501504
   -0.502842
   -0.521342
   -0.527976
   -0.531433
   -0.525520
   -0.512402
   -0.502747
   -0.501998
   -0.506618
   -0.443567
   -0.442660
   -0.442155
   -0.440890
   -0.439605
   -0.439531
   -0.440408
   -0.440712
   -0.455000
   -0.457978
   -0.462632
   -0.464652
   -0.464147
   -0.461939
   -0.454508
   -0.448603
   -0.495816
   -0.495938
   -0.495655
   -0.494128
   -0.491891
   -0.492338
   -0.492024
   -0.492238
   -0.504290
   -0.510931
   -0.517761
   -0.520575
   -0.514850
   -0.507489
   -0.500994
   -0.496562
   -0.452349
   -0.452546
   -0.453147
   -0.454849
   -0.454732
   -0.454132
   -0.452080
   -0.450163
   -0.457948
   -0.460678
   -0.466930
   -0.472117
   -0.474050
   -0.473823
   -0.470864
   -0.466126
   -0.480030
   -0.480739
   -0.482149
   -0.483242
   -0.483139
   -0.482618
   -0.479583
   -0.478469
   -0.487675
   -0.487567
   -0.492392
   -0.500964
   -0.506560
   -0.504483
   -0.501008
   -0.493762
   -0.487305
   -0.488297
   -0.488751
   -0.488463
   -0.491586
   -0.497677
   -0.498819
   -0.500613
   -0.437922
   -0.388281
   -0.356672
   -0.376805
   -0.416386
   -0.439331
   -0.487650
   -0.547051
   -0.546596
   -0.548090
   -0.547301
   -0.549260
   -0.551528
   -0.558362
   -0.567457
   -0.567267
   -0.504193
   -0.446537
   -0.412086
   -0.444337
   -0.494276
   -0.526128
   -0.557479
   -0.591572
   -0.487670
   -0.482980
   -0.477874
   -0.475963
   -0.478458
   -0.486470
   -0.495016
   -0.496545
   -0.484994
   -0.447671
   -0.420209
   -0.402839
   -0.397126
   -0.393240
   -0.425394
   -0.466350
   -0.561047
   -0.558309
   -0.553180
   -0.553594
   -0.555868
   -0.570209
   -0.570952
   -0.568952
   -0.544679
   -0.516777
   -0.490584
   -0.486485
   -0.491123
   -0.492754
   -0.500177
   -0.523965
   -0.492405
   -0.486135
   -0.480953
   -0.477835
   -0.476713
   -0.481793
   -0.489785
   -0.492183
   -0.512963
   -0.494273
   -0.467248
   -0.431477
   -0.404155
   -0.400827
   -0.392387
   -0.384906
   -0.569092
   -0.565143
   -0.559520
   -0.556887
   -0.553287
   -0.564279
   -0.567906
   -0.570938
   -0.558725
   -0.584741
   -0.579640
   -0.537566
   -0.487922
   -0.466400
   -0.458644
   -0.450514
   -0.501651
   -0.496515
   -0.493640
   -0.490999
   -0.488495
   -0.489207
   -0.489124
   -0.490583
   -0.494561
   -0.517063
   -0.499737
   -0.459190
   -0.427849
   -0.424076
   -0.392864
   -0.352074
   -0.569545
   -0.563571
   -0.560285
   -0.558604
   -0.553717
   -0.555574
   -0.554047
   -0.555531
   -0.549983
   -0.590764
   -0.588790
   -0.543140
   -0.493685
   -0.476117
   -0.446746
   -0.412769
   -0.517331
   -0.510467
   -0.500369
   -0.500235
   -0.492033
   -0.490005
   -0.486584
   -0.483596
   -0.510351
   -0.486510
   -0.479365
   -0.492973
   -0.515908
   -0.503351
   -0.465872
   -0.447230
   -0.598739
   -0.592756
   -0.580917
   -0.576691
   -0.564963
   -0.571544
   -0.566594
   -0.562900
   -0.564509
   -0.549066
   -0.545991
   -0.559835
   -0.576151
   -0.573429
   -0.531195
   -0.523394
   -0.503787
   -0.500322
   -0.498076
   -0.488783
   -0.482234
   -0.478986
   -0.482151
   -0.482160
   -0.489344
   -0.482975
   -0.483298
   -0.482813
   -0.492233
   -0.490141
   -0.477887
   -0.474072
   -0.597828
   -0.598290
   -0.589732
   -0.586904
   -0.569508
   -0.568269
   -0.566090
   -0.566035
   -0.554205
   -0.563125
   -0.565268
   -0.562520
   -0.556241
   -0.552708
   -0.555736
   -0.585567
   -0.500619
   -0.504033
   -0.508535
   -0.502733
   -0.492623
   -0.487725
   -0.491840
   -0.489739
   -0.479449
   -0.488534
   -0.498166
   -0.485738
   -0.477599
   -0.493749
   -0.482173
   -0.459265
   -0.595789
   -0.594755
   -0.598496
   -0.596521
   -0.584032
   -0.581125
   -0.578287
   -0.577793
   -0.560152
   -0.566498
   -0.566918
   -0.560243
   -0.549931
   -0.544744
   -0.565198
   -0.578038
   -0.495106
   -0.500606
   -0.506397
   -0.505073
   -0.505386
   -0.501798
   -0.496915
   -0.488537
   -0.492691
   -0.493246
   -0.497116
   -0.488796
   -0.483487
   -0.483778
   -0.494906
   -0.489067
   -0.586727
   -0.583697
   -0.585359
   -0.577928
   -0.586739
   -0.583138
   -0.575759
   -0.562996
   -0.560877
   -0.557548
   -0.561305
   -0.558330
   -0.544890
   -0.542783
   -0.553019
   -0.572620
   -0.294330
   -0.299800
   -0.313448
   -0.340436
   -0.375529
   -0.415361
   -0.436505
   -0.454473
   -0.434711
   -0.408570
   -0.398118
   -0.412235
   -0.416186
   -0.412290
   -0.420639
   -0.456457
   -0.294121
   -0.290441
   -0.300556
   -0.333103
   -0.377385
   -0.422043
   -0.451106
   -0.457193
   -0.450417
   -0.428921
   -0.426470
   -0.437685
   -0.449897
   -0.442480
   -0.462320
   -0.493691
   -0.400931
   -0.362977
   -0.311800
   -0.299988
   -0.326678
   -0.370209
   -0.404504
   -0.415922
   -0.438249
   -0.422425
   -0.416329
   -0.415061
   -0.410959
   -0.395475
   -0.397408
   -0.415011
   -0.384481
   -0.356406
   -0.311064
   -0.300332
   -0.313211
   -0.356571
   -0.397169
   -0.426611
   -0.441789
   -0.436075
   -0.434815
   -0.435809
   -0.437022
   -0.434220
   -0.431776
   -0.439163
   -0.430244
   -0.405429
   -0.367850
   -0.328241
   -0.306343
   -0.315434
   -0.355926
   -0.386648
   -0.419237
   -0.422353
   -0.425026
   -0.422448
   -0.420717
   -0.424371
   -0.423576
   -0.417292
   -0.435837
   -0.419729
   -0.392126
   -0.348321
   -0.305301
   -0.302026
   -0.338531
   -0.371259
   -0.434411
   -0.451231
   -0.457163
   -0.451027
   -0.447156
   -0.448065
   -0.442744
   -0.425570
   -0.414927
   -0.420504
   -0.420998
   -0.397371
   -0.362286
   -0.332782
   -0.319810
   -0.320761
   -0.365493
   -0.390464
   -0.402813
   -0.404457
   -0.420395
   -0.442947
   -0.441605
   -0.420001
   -0.430992
   -0.427884
   -0.422246
   -0.408424
   -0.379844
   -0.343003
   -0.314024
   -0.301490
   -0.394381
   -0.425094
   -0.440373
   -0.437693
   -0.447089
   -0.463417
   -0.458622
   -0.445119
   -0.427198
   -0.435053
   -0.436121
   -0.430016
   -0.404090
   -0.362485
   -0.327646
   -0.302043
   -0.302449
   -0.331018
   -0.372364
   -0.416526
   -0.438029
   -0.445934
   -0.433496
   -0.425433
   -0.430601
   -0.443857
   -0.448348
   -0.440499
   -0.419721
   -0.388494
   -0.359563
   -0.339639
   -0.278224
   -0.306932
   -0.359824
   -0.416421
   -0.449225
   -0.457947
   -0.458684
   -0.454899
   -0.409997
   -0.413752
   -0.423566
   -0.426838
   -0.420446
   -0.397646
   -0.372950
   -0.358898
   -0.345628
   -0.336796
   -0.337600
   -0.350114
   -0.376091
   -0.401564
   -0.420437
   -0.430628
   -0.427098
   -0.431866
   -0.445985
   -0.450302
   -0.447294
   -0.438960
   -0.424889
   -0.418889
   -0.336143
   -0.297689
   -0.272299
   -0.310398
   -0.392349
   -0.455758
   -0.462542
   -0.454184
   -0.406207
   -0.411104
   -0.414035
   -0.419576
   -0.428456
   -0.430224
   -0.428972
   -0.426334
   -0.375471
   -0.364229
   -0.338964
   -0.317401
   -0.312711
   -0.337239
   -0.375968
   -0.403338
   -0.434540
   -0.432460
   -0.431722
   -0.440195
   -0.452107
   -0.455001
   -0.458942
   -0.461878
   -0.396039
   -0.358215
   -0.315242
   -0.292492
   -0.317483
   -0.363289
   -0.415389
   -0.452489
   -0.430312
   -0.425710
   -0.422230
   -0.412593
   -0.415396
   -0.421186
   -0.433646
   -0.444642
   -0.421350
   -0.404937
   -0.371452
   -0.331022
   -0.304006
   -0.305016
   -0.332236
   -0.359719
   -0.448889
   -0.439719
   -0.432106
   -0.423190
   -0.420847
   -0.426438
   -0.445181
   -0.452307
   -0.418449
   -0.419964
   -0.393351
   -0.335858
   -0.289302
   -0.287808
   -0.334123
   -0.394363
   -0.408105
   -0.399507
   -0.409167
   -0.426278
   -0.426999
   -0.431476
   -0.436062
   -0.436427
   -0.433439
   -0.436053
   -0.441849
   -0.437116
   -0.434515
   -0.428077
   -0.426246
   -0.420431
   -0.429690
   -0.419530
   -0.426016
   -0.434156
   -0.438466
   -0.443406
   -0.457682
   -0.465518
   -0.466927
   -0.469740
   -0.474707
   -0.472604
   -0.464940
   -0.455557
   -0.452846
   -0.442385
   -0.411461
   -0.413079
   -0.413161
   -0.416071
   -0.418183
   -0.419047
   -0.413203
   -0.404973
   -0.403159
   -0.412258
   -0.419747
   -0.421507
   -0.429616
   -0.425036
   -0.420109
   -0.415471
   -0.434268
   -0.435252
   -0.431873
   -0.423829
   -0.412405
   -0.402689
   -0.418546
   -0.447057
   -0.452251
   -0.461388
   -0.463698
   -0.466176
   -0.464508
   -0.463747
   -0.446461
   -0.413736
   -0.396311
   -0.418393
   -0.428488
   -0.423716
   -0.419929
   -0.417314
   -0.416827
   -0.414464
   -0.411239
   -0.421008
   -0.430182
   -0.436428
   -0.444912
   -0.444186
   -0.441324
   -0.432054
   -0.404899
   -0.425340
   -0.440638
   -0.431580
   -0.423187
   -0.406503
   -0.409715
   -0.411561
   -0.432790
   -0.437852
   -0.440898
   -0.454484
   -0.463799
   -0.467682
   -0.463898
   -0.454660
   -0.351353
   -0.392182
   -0.414760
   -0.417921
   -0.413529
   -0.412817
   -0.402967
   -0.392799
   -0.401589
   -0.407306
   -0.415700
   -0.424958
   -0.438714
   -0.444687
   -0.452289
   -0.452340
   -0.353817
   -0.401412
   -0.420111
   -0.424426
   -0.432311
   -0.420304
   -0.410347
   -0.399542
   -0.410236
   -0.413792
   -0.428269
   -0.439048
   -0.454810
   -0.463532
   -0.481147
   -0.498532
   -0.313498
   -0.367343
   -0.412351
   -0.411527
   -0.422592
   -0.404231
   -0.402175
   -0.404401
   -0.399594
   -0.405945
   -0.394136
   -0.391222
   -0.423000
   -0.419942
   -0.457715
   -0.459047
   -0.270899
   -0.324595
   -0.381192
   -0.410372
   -0.414199
   -0.407223
   -0.418481
   -0.430394
   -0.406974
   -0.416991
   -0.412865
   -0.417666
   -0.439823
   -0.430778
   -0.452751
   -0.470777
   -0.321171
   -0.317784
   -0.340900
   -0.380149
   -0.423559
   -0.431472
   -0.422104
   -0.412205
   -0.416247
   -0.425080
   -0.424015
   -0.435777
   -0.415864
   -0.418477
   -0.428593
   -0.455747
   -0.285942
   -0.283647
   -0.322434
   -0.349503
   -0.409520
   -0.416027
   -0.420317
   -0.417297
   -0.414693
   -0.415564
   -0.411667
   -0.430633
   -0.434236
   -0.444121
   -0.426442
   -0.447685
   -0.374012
   -0.322184
   -0.291147
   -0.305432
   -0.382708
   -0.419027
   -0.419623
   -0.402810
   -0.415107
   -0.434587
   -0.440129
   -0.452208
   -0.415246
   -0.408712
   -0.396159
   -0.423071
   -0.340760
   -0.315464
   -0.284793
   -0.273183
   -0.364648
   -0.389535
   -0.412834
   -0.419639
   -0.408693
   -0.431038
   -0.428670
   -0.432357
   -0.425289
   -0.434225
   -0.411726
   -0.438464
   -0.412448
   -0.370036
   -0.325782
   -0.297692
   -0.295710
   -0.324150
   -0.365570
   -0.402350
   -0.420282
   -0.435671
   -0.418806
   -0.416932
   -0.403745
   -0.401818
   -0.403802
   -0.400865
   -0.376287
   -0.361742
   -0.341890
   -0.324703
   -0.254422
   -0.283213
   -0.346555
   -0.414787
   -0.408768
   -0.435618
   -0.421494
   -0.406051
   -0.434383
   -0.389898
   -0.440340
   -0.435100
   -0.480084
   -0.467218
   -0.467814
   -0.463380
   -0.457600
   -0.452287
   -0.459999
   -0.453897
   -0.434395
   -0.438359
   -0.436476
   -0.436932
   -0.436868
   -0.447380
   -0.451202
   -0.414095
   -0.524952
   -0.518030
   -0.511442
   -0.497850
   -0.485834
   -0.475984
   -0.471615
   -0.463552
   -0.452414
   -0.447578
   -0.446539
   -0.444657
   -0.445573
   -0.456328
   -0.460920
   -0.409241
   -0.449383
   -0.450710
   -0.454713
   -0.453781
   -0.452714
   -0.450017
   -0.448948
   -0.449667
   -0.427696
   -0.429946
   -0.430904
   -0.430571
   -0.432635
   -0.443621
   -0.450988
   -0.442931
   -0.525441
   -0.520622
   -0.515163
   -0.503329
   -0.495144
   -0.488526
   -0.485518
   -0.476656
   -0.466133
   -0.462445
   -0.454793
   -0.447241
   -0.442283
   -0.464282
   -0.477365
   -0.447278
   -0.445277
   -0.453348
   -0.457364
   -0.465454
   -0.471648
   -0.471462
   -0.460370
   -0.452538
   -0.438690
   -0.441248
   -0.440976
   -0.439716
   -0.440214
   -0.441009
   -0.437165
   -0.438202
   -0.510737
   -0.519009
   -0.516882
   -0.520737
   -0.522323
   -0.514849
   -0.503577
   -0.488482
   -0.484908
   -0.476599
   -0.464556
   -0.458466
   -0.454829
   -0.461804
   -0.464106
   -0.454412
   -0.436294
   -0.447752
   -0.456662
   -0.467956
   -0.472866
   -0.476142
   -0.474487
   -0.466168
   -0.465275
   -0.459643
   -0.457880
   -0.454942
   -0.451233
   -0.441784
   -0.435002
   -0.437604
   -0.474456
   -0.490265
   -0.502852
   -0.507327
   -0.507701
   -0.499805
   -0.492463
   -0.489120
   -0.484014
   -0.478057
   -0.469494
   -0.462885
   -0.461390
   -0.454576
   -0.454169
   -0.453963
   -0.423836
   -0.433449
   -0.446903
   -0.452287
   -0.457982
   -0.465027
   -0.468393
   -0.470911
   -0.452684
   -0.451637
   -0.450464
   -0.447677
   -0.453052
   -0.447348
   -0.449575
   -0.453597
   -0.442015
   -0.439846
   -0.466435
   -0.504420
   -0.497825
   -0.502941
   -0.503297
   -0.504204
   -0.507038
   -0.514616
   -0.500200
   -0.472507
   -0.471467
   -0.464456
   -0.447867
   -0.446216
   -0.437889
   -0.436457
   -0.442645
   -0.442809
   -0.454615
   -0.465158
   -0.479001
   -0.480101
   -0.452809
   -0.458535
   -0.456791
   -0.446832
   -0.438728
   -0.436525
   -0.449607
   -0.452920
   -0.436397
   -0.429850
   -0.444505
   -0.458273
   -0.480171
   -0.503841
   -0.509500
   -0.518157
   -0.518730
   -0.527377
   -0.532134
   -0.524872
   -0.490879
   -0.474811
   -0.470584
   -0.470056
   -0.449854
   -0.438304
   -0.426268
   -0.422898
   -0.439683
   -0.448845
   -0.458856
   -0.459320
   -0.448865
   -0.457824
   -0.469745
   -0.473368
   -0.473731
   -0.462396
   -0.447952
   -0.443414
   -0.463508
   -0.456470
   -0.440013
   -0.431190
   -0.443711
   -0.465154
   -0.478922
   -0.486075
   -0.495620
   -0.509994
   -0.542318
   -0.556405
   -0.525089
   -0.511354
   -0.473456
   -0.458314
   -0.446828
   -0.421120
   -0.413621
   -0.425723
   -0.433386
   -0.445752
   -0.447157
   -0.450299
   -0.441722
   -0.444375
   -0.485262
   -0.490972
   -0.458780
   -0.455672
   -0.461084
   -0.442198
   -0.459146
   -0.447469
   -0.452329
   -0.463576
   -0.435784
   -0.451119
   -0.454276
   -0.471999
   -0.478741
   -0.480206
   -0.503669
   -0.533382
   -0.545793
   -0.493672
   -0.549040
   -0.533785
   -0.444382
   -0.448792
   -0.445872
   -0.435995
   -0.414353
   -0.378465
   -0.365702
   -0.373818
   -0.355478
   -0.368074
   -0.375331
   -0.402702
   -0.417467
   -0.449909
   -0.459309
   -0.438854
   -0.486137
   -0.486926
   -0.480606
   -0.463192
   -0.432702
   -0.386099
   -0.392056
   -0.390283
   -0.364032
   -0.372543
   -0.397604
   -0.418675
   -0.437451
   -0.474272
   -0.450016
   -0.446052
   -0.445046
   -0.443359
   -0.436756
   -0.442468
   -0.443201
   -0.434428
   -0.434268
   -0.415973
   -0.380505
   -0.372842
   -0.371078
   -0.372093
   -0.373300
   -0.407530
   -0.449817
   -0.448716
   -0.480347
   -0.474649
   -0.466902
   -0.474224
   -0.477052
   -0.468810
   -0.448677
   -0.411602
   -0.379421
   -0.362508
   -0.362038
   -0.364839
   -0.367011
   -0.414209
   -0.450256
   -0.496034
   -0.444517
   -0.429996
   -0.422038
   -0.440797
   -0.461712
   -0.454990
   -0.441685
   -0.415718
   -0.408051
   -0.389749
   -0.382598
   -0.368220
   -0.362264
   -0.371743
   -0.369605
   -0.381750
   -0.470676
   -0.465266
   -0.460550
   -0.463298
   -0.473278
   -0.481792
   -0.507360
   -0.502918
   -0.476165
   -0.452204
   -0.435763
   -0.397361
   -0.371332
   -0.369146
   -0.401318
   -0.426875
   -0.441645
   -0.437863
   -0.436567
   -0.438330
   -0.445228
   -0.430453
   -0.432141
   -0.439443
   -0.469876
   -0.452462
   -0.446971
   -0.417933
   -0.394744
   -0.362724
   -0.360735
   -0.348304
   -0.474376
   -0.473388
   -0.473778
   -0.462908
   -0.448286
   -0.436270
   -0.455559
   -0.486147
   -0.514647
   -0.500991
   -0.469404
   -0.435246
   -0.401672
   -0.362590
   -0.353635
   -0.339824
   -0.467434
   -0.457172
   -0.452910
   -0.458805
   -0.461130
   -0.446895
   -0.439545
   -0.439353
   -0.437486
   -0.436535
   -0.443784
   -0.453866
   -0.436020
   -0.410101
   -0.381075
   -0.350925
   -0.514746
   -0.496926
   -0.484248
   -0.480208
   -0.474480
   -0.465721
   -0.458875
   -0.450378
   -0.454472
   -0.452653
   -0.457567
   -0.465998
   -0.439911
   -0.420553
   -0.410010
   -0.376810
   -0.450784
   -0.453837
   -0.454051
   -0.452278
   -0.450124
   -0.441326
   -0.434492
   -0.435355
   -0.430743
   -0.429875
   -0.436955
   -0.443170
   -0.446456
   -0.450641
   -0.445541
   -0.407762
   -0.514849
   -0.503002
   -0.494704
   -0.494777
   -0.485348
   -0.479050
   -0.472345
   -0.464959
   -0.461292
   -0.453487
   -0.464997
   -0.478195
   -0.467912
   -0.468765
   -0.476034
   -0.440036
   -0.459221
   -0.468375
   -0.474204
   -0.470081
   -0.454116
   -0.444196
   -0.444058
   -0.444680
   -0.439119
   -0.436556
   -0.438236
   -0.436798
   -0.438684
   -0.449907
   -0.453504
   -0.446389
   -0.523738
   -0.523745
   -0.523479
   -0.520046
   -0.495364
   -0.490250
   -0.489698
   -0.478107
   -0.469503
   -0.462343
   -0.466947
   -0.470324
   -0.466661
   -0.466430
   -0.471258
   -0.471748
   -0.464530
   -0.469331
   -0.477252
   -0.477896
   -0.475850
   -0.472297
   -0.464663
   -0.458323
   -0.451802
   -0.447280
   -0.451561
   -0.442529
   -0.437283
   -0.447953
   -0.455269
   -0.452106
   -0.512626
   -0.512557
   -0.509598
   -0.499309
   -0.500726
   -0.498272
   -0.491356
   -0.480759
   -0.472359
   -0.462676
   -0.464980
   -0.465580
   -0.460110
   -0.474565
   -0.480405
   -0.480248
   -0.426630
   -0.451010
   -0.442332
   -0.424641
   -0.418685
   -0.422445
   -0.430881
   -0.433168
   -0.419826
   -0.427860
   -0.432258
   -0.434548
   -0.440720
   -0.448413
   -0.446805
   -0.446660
   -0.430552
   -0.453170
   -0.458505
   -0.461483
   -0.453718
   -0.453117
   -0.470197
   -0.470584
   -0.466185
   -0.470385
   -0.472049
   -0.461661
   -0.450897
   -0.463815
   -0.478080
   -0.508420
   -0.366312
   -0.390747
   -0.409224
   -0.431795
   -0.449790
   -0.450309
   -0.452352
   -0.443640
   -0.432215
   -0.431519
   -0.435548
   -0.439624
   -0.433937
   -0.425538
   -0.434469
   -0.439888
   -0.344862
   -0.374610
   -0.416078
   -0.456295
   -0.464670
   -0.460759
   -0.466806
   -0.464535
   -0.470325
   -0.469105
   -0.464724
   -0.459885
   -0.463821
   -0.467211
   -0.480589
   -0.490007
   -0.358415
   -0.355957
   -0.366209
   -0.384843
   -0.405954
   -0.419171
   -0.420534
   -0.424452
   -0.428226
   -0.429998
   -0.433341
   -0.436894
   -0.436269
   -0.435403
   -0.431492
   -0.427485
   -0.343965
   -0.342028
   -0.359035
   -0.370338
   -0.398812
   -0.421867
   -0.427381
   -0.443497
   -0.462667
   -0.463226
   -0.474001
   -0.475281
   -0.460467
   -0.441434
   -0.452079
   -0.458143
   -0.404876
   -0.373800
   -0.356750
   -0.332415
   -0.334115
   -0.354197
   -0.370000
   -0.394593
   -0.421023
   -0.426521
   -0.427511
   -0.430582
   -0.435673
   -0.433383
   -0.428247
   -0.419835
   -0.427044
   -0.385401
   -0.342548
   -0.319027
   -0.336998
   -0.380453
   -0.402924
   -0.423486
   -0.456460
   -0.462848
   -0.467633
   -0.469478
   -0.456683
   -0.436950
   -0.451152
   -0.467271
   -0.437763
   -0.425195
   -0.391872
   -0.364276
   -0.361903
   -0.353782
   -0.352982
   -0.360920
   -0.396163
   -0.410534
   -0.438236
   -0.453476
   -0.434741
   -0.440630
   -0.443231
   -0.399577
   -0.466072
   -0.440994
   -0.402833
   -0.372856
   -0.380255
   -0.360907
   -0.356551
   -0.369761
   -0.421823
   -0.437317
   -0.459660
   -0.461397
   -0.432988
   -0.454189
   -0.463577
   -0.436734
   -0.429733
   -0.436217
   -0.431802
   -0.427200
   -0.411856
   -0.388490
   -0.361208
   -0.360416
   -0.363406
   -0.364095
   -0.378324
   -0.423658
   -0.441090
   -0.437104
   -0.417459
   -0.407400
   -0.461603
   -0.466805
   -0.463152
   -0.443188
   -0.420717
   -0.383324
   -0.357060
   -0.351272
   -0.359156
   -0.354430
   -0.377785
   -0.417662
   -0.459499
   -0.490915
   -0.476203
   -0.447358
   -0.421158
   -0.440667
   -0.447279
   -0.441445
   -0.418086
   -0.402239
   -0.392104
   -0.378846
   -0.366437
   -0.356230
   -0.358637
   -0.361958
   -0.365246
   -0.396267
   -0.422512
   -0.445264
   -0.453889
   -0.459943
   -0.467427
   -0.482212
   -0.493115
   -0.476187
   -0.454981
   -0.429904
   -0.381434
   -0.355646
   -0.344808
   -0.359832
   -0.404076
   -0.432077
   -0.456410
   -0.489483
   -0.426734
   -0.435113
   -0.433539
   -0.425084
   -0.425589
   -0.442398
   -0.447993
   -0.439039
   -0.416047
   -0.395475
   -0.362408
   -0.351176
   -0.347868
   -0.376373
   -0.411264
   -0.429302
   -0.460331
   -0.449530
   -0.434302
   -0.433553
   -0.461905
   -0.488028
   -0.493622
   -0.467466
   -0.417139
   -0.388958
   -0.354511
   -0.333880
   -0.340180
   -0.362646
   -0.386786
   -0.428918
   -0.452095
   -0.466056
   -0.464191
   -0.466027
   -0.454358
   -0.463600
   -0.470895
   -0.470210
   -0.455752
   -0.451572
   -0.453410
   -0.451893
   -0.455772
   -0.461709
   -0.464596
   -0.454455
   -0.454591
   -0.466933
   -0.471891
   -0.479885
   -0.496074
   -0.517099
   -0.529091
   -0.529167
   -0.518367
   -0.503289
   -0.497202
   -0.499188
   -0.497329
   -0.478642
   -0.468513
   -0.468896
   -0.428134
   -0.428058
   -0.430826
   -0.436203
   -0.442047
   -0.441552
   -0.441216
   -0.450057
   -0.464265
   -0.472072
   -0.473886
   -0.470695
   -0.456854
   -0.456726
   -0.450613
   -0.443721
   -0.454335
   -0.452631
   -0.452291
   -0.456567
   -0.475610
   -0.474236
   -0.480870
   -0.496485
   -0.525627
   -0.538326
   -0.524722
   -0.500424
   -0.498337
   -0.479727
   -0.470378
   -0.461620
   -0.410531
   -0.408521
   -0.405943
   -0.414776
   -0.438761
   -0.441079
   -0.438902
   -0.444158
   -0.456202
   -0.459625
   -0.464501
   -0.461289
   -0.458488
   -0.455480
   -0.467699
   -0.476031
   -0.454601
   -0.446956
   -0.448780
   -0.449039
   -0.470247
   -0.467172
   -0.454992
   -0.453680
   -0.475358
   -0.489366
   -0.505540
   -0.513922
   -0.516955
   -0.515835
   -0.510108
   -0.512390
   -0.420652
   -0.424110
   -0.432477
   -0.433471
   -0.420367
   -0.430722
   -0.435433
   -0.435814
   -0.438436
   -0.444591
   -0.440612
   -0.445319
   -0.463734
   -0.466497
   -0.452107
   -0.434517
   -0.456549
   -0.456016
   -0.467427
   -0.466727
   -0.463559
   -0.471632
   -0.470144
   -0.453483
   -0.438036
   -0.452826
   -0.478566
   -0.511236
   -0.495537
   -0.501511
   -0.520140
   -0.513372
   -0.432078
   -0.425115
   -0.424843
   -0.427135
   -0.431620
   -0.429224
   -0.424289
   -0.433516
   -0.436261
   -0.442876
   -0.449476
   -0.451010
   -0.449704
   -0.453868
   -0.466787
   -0.459823
   -0.457285
   -0.455358
   -0.452889
   -0.462565
   -0.469144
   -0.468664
   -0.470157
   -0.471549
   -0.471952
   -0.461149
   -0.462425
   -0.471154
   -0.495383
   -0.501533
   -0.496654
   -0.507439
   -0.425842
   -0.442531
   -0.451042
   -0.452453
   -0.452970
   -0.440099
   -0.429435
   -0.433695
   -0.441354
   -0.441771
   -0.431724
   -0.435314
   -0.441193
   -0.456864
   -0.443373
   -0.442798
   -0.433902
   -0.462687
   -0.464718
   -0.464341
   -0.468868
   -0.468539
   -0.468165
   -0.467697
   -0.465610
   -0.465031
   -0.468306
   -0.472670
   -0.486960
   -0.486382
   -0.490732
   -0.502793
   -0.379914
   -0.398640
   -0.411696
   -0.419654
   -0.425333
   -0.427100
   -0.429797
   -0.431854
   -0.439707
   -0.440236
   -0.438649
   -0.440111
   -0.430794
   -0.429500
   -0.417818
   -0.422845
   -0.365527
   -0.388484
   -0.411667
   -0.421988
   -0.438712
   -0.457264
   -0.462835
   -0.467609
   -0.474814
   -0.469339
   -0.454743
   -0.450389
   -0.456934
   -0.464105
   -0.468770
   -0.481913
   -0.342609
   -0.335694
   -0.342336
   -0.364263
   -0.384195
   -0.405463
   -0.426071
   -0.428544
   -0.434163
   -0.439315
   -0.434257
   -0.434638
   -0.426795
   -0.429027
   -0.437117
   -0.431590
   -0.330934
   -0.327987
   -0.358067
   -0.392498
   -0.416167
   -0.438055
   -0.460981
   -0.467228
   -0.467397
   -0.462576
   -0.449667
   -0.438838
   -0.460938
   -0.463971
   -0.465491
   -0.463194
   -0.444612
   -0.441742
   -0.441427
   -0.446641
   -0.444409
   -0.439898
   -0.436679
   -0.432463
   -0.435626
   -0.437577
   -0.444379
   -0.447228
   -0.448677
   -0.441719
   -0.428523
   -0.415042
   -0.466890
   -0.468211
   -0.465986
   -0.453082
   -0.457282
   -0.460770
   -0.458036
   -0.462619
   -0.450414
   -0.445992
   -0.449235
   -0.453900
   -0.456242
   -0.454474
   -0.443375
   -0.424972
   -0.452651
   -0.447393
   -0.448573
   -0.445191
   -0.444785
   -0.443313
   -0.438081
   -0.439129
   -0.440003
   -0.436909
   -0.433613
   -0.431854
   -0.430762
   -0.445376
   -0.466054
   -0.461428
   -0.493232
   -0.485947
   -0.476782
   -0.471383
   -0.469998
   -0.473339
   -0.463597
   -0.453941
   -0.451603
   -0.454978
   -0.454036
   -0.451456
   -0.457027
   -0.464514
   -0.470237
   -0.462765
   -0.457951
   -0.455289
   -0.455760
   -0.451400
   -0.448795
   -0.445059
   -0.442863
   -0.441408
   -0.435994
   -0.437510
   -0.441252
   -0.433242
   -0.432198
   -0.443211
   -0.457218
   -0.441233
   -0.499840
   -0.496263
   -0.492394
   -0.493457
   -0.486359
   -0.481069
   -0.472930
   -0.463745
   -0.460418
   -0.459029
   -0.454354
   -0.457293
   -0.459572
   -0.467759
   -0.471255
   -0.457491
   -0.466568
   -0.468258
   -0.467028
   -0.478286
   -0.483212
   -0.480416
   -0.465995
   -0.455919
   -0.452463
   -0.446050
   -0.439617
   -0.434264
   -0.431017
   -0.434922
   -0.439480
   -0.438211
   -0.507457
   -0.515113
   -0.520900
   -0.529613
   -0.532608
   -0.517588
   -0.496670
   -0.485064
   -0.464743
   -0.466022
   -0.468546
   -0.461384
   -0.457309
   -0.463511
   -0.460164
   -0.446004
   -0.443834
   -0.445677
   -0.450860
   -0.463289
   -0.471378
   -0.471565
   -0.460853
   -0.464579
   -0.447962
   -0.451843
   -0.458885
   -0.459594
   -0.459792
   -0.432887
   -0.424325
   -0.431267
   -0.460652
   -0.472605
   -0.495453
   -0.522591
   -0.528714
   -0.530327
   -0.523903
   -0.514457
   -0.490118
   -0.493185
   -0.486375
   -0.467768
   -0.467689
   -0.463487
   -0.455810
   -0.452200
   -0.441790
   -0.443068
   -0.446149
   -0.441995
   -0.440367
   -0.450850
   -0.461719
   -0.464024
   -0.472267
   -0.464359
   -0.455688
   -0.451758
   -0.443494
   -0.436279
   -0.437125
   -0.446202
   -0.452613
   -0.464108
   -0.471901
   -0.477989
   -0.488305
   -0.511473
   -0.531979
   -0.528805
   -0.508428
   -0.499118
   -0.488709
   -0.473675
   -0.466149
   -0.458167
   -0.458021
   -0.463088
   -0.431682
   -0.443588
   -0.452601
   -0.441042
   -0.436901
   -0.438709
   -0.439837
   -0.443750
   -0.464198
   -0.459091
   -0.458711
   -0.460200
   -0.468319
   -0.452850
   -0.438085
   -0.433529
   -0.439619
   -0.452444
   -0.461535
   -0.460231
   -0.452302
   -0.469326
   -0.485946
   -0.501396
   -0.515474
   -0.519440
   -0.520468
   -0.517329
   -0.510177
   -0.498063
   -0.471173
   -0.452079
   -0.434461
   -0.424309
   -0.424315
   -0.430589
   -0.435160
   -0.435491
   -0.439304
   -0.439498
   -0.444795
   -0.457614
   -0.466814
   -0.462019
   -0.440522
   -0.435344
   -0.444357
   -0.452673
   -0.456160
   -0.452439
   -0.459790
   -0.470979
   -0.459423
   -0.452888
   -0.456398
   -0.475384
   -0.503324
   -0.506884
   -0.501856
   -0.511072
   -0.513008
   -0.512615
   -0.515271
   -0.484901
   -0.464083
   -0.435533
   -0.410134
   -0.369322
   -0.343211
   -0.310537
   -0.302257
   -0.300238
   -0.358817
   -0.363128
   -0.387621
   -0.408049
   -0.427333
   -0.441039
   -0.426402
   -0.440700
   -0.468906
   -0.453455
   -0.429980
   -0.378348
   -0.345655
   -0.325567
   -0.306136
   -0.313901
   -0.351729
   -0.368780
   -0.398837
   -0.419582
   -0.434512
   -0.451004
   -0.452832
   -0.456900
   -0.438289
   -0.430211
   -0.431400
   -0.435860
   -0.434157
   -0.415163
   -0.381032
   -0.355881
   -0.335684
   -0.318840
   -0.311453
   -0.340002
   -0.375989
   -0.379118
   -0.411477
   -0.427220
   -0.454979
   -0.460948
   -0.469182
   -0.455120
   -0.439527
   -0.421380
   -0.390628
   -0.367845
   -0.313071
   -0.303109
   -0.309776
   -0.359820
   -0.414621
   -0.423169
   -0.440428
   -0.452888
   -0.437737
   -0.442502
   -0.452430
   -0.444574
   -0.441921
   -0.438420
   -0.433984
   -0.422677
   -0.365249
   -0.363182
   -0.340508
   -0.317878
   -0.314053
   -0.336770
   -0.355313
   -0.360889
   -0.450218
   -0.451805
   -0.461207
   -0.466863
   -0.473861
   -0.466560
   -0.469332
   -0.456032
   -0.400573
   -0.380024
   -0.346812
   -0.330334
   -0.331906
   -0.332011
   -0.362775
   -0.377836
   -0.464108
   -0.457932
   -0.447703
   -0.430559
   -0.434806
   -0.451411
   -0.444212
   -0.445281
   -0.442607
   -0.445746
   -0.446397
   -0.411592
   -0.363698
   -0.348232
   -0.331280
   -0.327130
   -0.463737
   -0.451935
   -0.436783
   -0.440168
   -0.467839
   -0.470895
   -0.465115
   -0.472890
   -0.479237
   -0.478589
   -0.456330
   -0.398155
   -0.358675
   -0.341837
   -0.320147
   -0.304792
   -0.446618
   -0.445118
   -0.440029
   -0.436844
   -0.436956
   -0.431570
   -0.436657
   -0.441504
   -0.436066
   -0.437678
   -0.435143
   -0.427139
   -0.409777
   -0.391197
   -0.349631
   -0.317266
   -0.461514
   -0.459304
   -0.461033
   -0.460925
   -0.463144
   -0.458966
   -0.451345
   -0.450280
   -0.437440
   -0.440695
   -0.442069
   -0.440816
   -0.427212
   -0.401732
   -0.342573
   -0.302499
   -0.446065
   -0.445409
   -0.444750
   -0.439521
   -0.437135
   -0.438175
   -0.440836
   -0.436868
   -0.425309
   -0.422768
   -0.429624
   -0.441850
   -0.455496
   -0.429517
   -0.416783
   -0.410029
   -0.474636
   -0.470228
   -0.473731
   -0.470674
   -0.458883
   -0.453381
   -0.455548
   -0.455169
   -0.443612
   -0.439683
   -0.450850
   -0.457657
   -0.458597
   -0.463357
   -0.446106
   -0.429584
   -0.453434
   -0.449083
   -0.446887
   -0.444026
   -0.441376
   -0.436851
   -0.435393
   -0.439889
   -0.426661
   -0.419957
   -0.426781
   -0.435170
   -0.439271
   -0.418815
   -0.412004
   -0.413881
   -0.493914
   -0.490963
   -0.483206
   -0.480500
   -0.468955
   -0.463799
   -0.459369
   -0.456813
   -0.447887
   -0.448253
   -0.456108
   -0.461413
   -0.456330
   -0.463147
   -0.457701
   -0.433291
   -0.473291
   -0.483829
   -0.481505
   -0.474907
   -0.460873
   -0.452369
   -0.448346
   -0.442329
   -0.423214
   -0.420135
   -0.424317
   -0.425613
   -0.429096
   -0.423055
   -0.415995
   -0.430283
   -0.524999
   -0.533639
   -0.524320
   -0.506890
   -0.490470
   -0.476446
   -0.466335
   -0.468441
   -0.457128
   -0.450078
   -0.452969
   -0.453594
   -0.443780
   -0.436253
   -0.429299
   -0.418583
   -0.466833
   -0.450658
   -0.438795
   -0.412084
   -0.398729
   -0.405866
   -0.419851
   -0.412738
   -0.432191
   -0.445040
   -0.445923
   -0.436286
   -0.437493
   -0.438756
   -0.438541
   -0.443648
   -0.469048
   -0.468386
   -0.461926
   -0.455324
   -0.439628
   -0.442378
   -0.463659
   -0.465280
   -0.479235
   -0.481555
   -0.477810
   -0.471461
   -0.472627
   -0.475016
   -0.475354
   -0.485954
   -0.407441
   -0.419576
   -0.432159
   -0.445322
   -0.435936
   -0.426764
   -0.430939
   -0.446348
   -0.440181
   -0.426192
   -0.413090
   -0.412376
   -0.412171
   -0.409450
   -0.428254
   -0.432723
   -0.429357
   -0.461782
   -0.467595
   -0.462751
   -0.465780
   -0.456586
   -0.465112
   -0.496630
   -0.478376
   -0.456843
   -0.460575
   -0.474655
   -0.471246
   -0.471204
   -0.485796
   -0.500394
   -0.328699
   -0.355749
   -0.383188
   -0.403764
   -0.426403
   -0.439773
   -0.444994
   -0.442030
   -0.437309
   -0.424334
   -0.408558
   -0.412128
   -0.412778
   -0.409308
   -0.428560
   -0.440332
   -0.343223
   -0.370403
   -0.393072
   -0.415440
   -0.437790
   -0.446938
   -0.457352
   -0.462855
   -0.459132
   -0.459896
   -0.464093
   -0.463929
   -0.466729
   -0.456163
   -0.470058
   -0.488378
   -0.344340
   -0.329096
   -0.323300
   -0.314976
   -0.335621
   -0.363509
   -0.394099
   -0.416510
   -0.415529
   -0.428241
   -0.435918
   -0.446158
   -0.439050
   -0.432152
   -0.434368
   -0.434327
   -0.337429
   -0.313383
   -0.310323
   -0.334441
   -0.348490
   -0.368647
   -0.404500
   -0.436890
   -0.443869
   -0.464637
   -0.466520
   -0.463434
   -0.459879
   -0.456825
   -0.460101
   -0.470834
   -0.441703
   -0.400823
   -0.360695
   -0.327620
   -0.307221
   -0.314440
   -0.337438
   -0.345705
   -0.402857
   -0.425186
   -0.438897
   -0.439665
   -0.438691
   -0.436222
   -0.407514
   -0.398587
   -0.452534
   -0.411188
   -0.373197
   -0.340034
   -0.323193
   -0.333230
   -0.350070
   -0.376529
   -0.415804
   -0.433687
   -0.458083
   -0.466072
   -0.466462
   -0.459662
   -0.448829
   -0.447230
   -0.458575
   -0.456574
   -0.445576
   -0.415591
   -0.381801
   -0.351862
   -0.325959
   -0.310811
   -0.330782
   -0.360202
   -0.378623
   -0.405112
   -0.431150
   -0.445937
   -0.434776
   -0.430392
   -0.475980
   -0.466239
   -0.447532
   -0.420656
   -0.394442
   -0.353591
   -0.321833
   -0.321924
   -0.337083
   -0.382708
   -0.423082
   -0.440910
   -0.454983
   -0.476211
   -0.478787
   -0.464624
   -0.452277
   -0.449160
   -0.444903
   -0.446422
   -0.441188
   -0.410597
   -0.383301
   -0.373372
   -0.321629
   -0.306978
   -0.318049
   -0.345520
   -0.371911
   -0.401960
   -0.436226
   -0.448310
   -0.476066
   -0.484546
   -0.483136
   -0.484153
   -0.476147
   -0.445960
   -0.408644
   -0.384068
   -0.325364
   -0.322957
   -0.332916
   -0.350431
   -0.384558
   -0.423063
   -0.460725
   -0.495293
   -0.439907
   -0.444953
   -0.450675
   -0.461288
   -0.462826
   -0.454968
   -0.464267
   -0.468408
   -0.411483
   -0.369489
   -0.344643
   -0.335778
   -0.337704
   -0.371627
   -0.400404
   -0.411911
   -0.462140
   -0.472530
   -0.484462
   -0.484031
   -0.483957
   -0.488286
   -0.497545
   -0.482221
   -0.409725
   -0.368645
   -0.346118
   -0.333953
   -0.328514
   -0.358342
   -0.379411
   -0.426782
   -0.451191
   -0.450386
   -0.444402
   -0.447515
   -0.449234
   -0.459599
   -0.460315
   -0.465484
   -0.461955
   -0.468836
   -0.468002
   -0.469595
   -0.455841
   -0.447607
   -0.459525
   -0.449279
   -0.469202
   -0.481067
   -0.487989
   -0.504483
   -0.498497
   -0.498728
   -0.495970
   -0.501416
   -0.500381
   -0.503304
   -0.499825
   -0.498241
   -0.490444
   -0.490143
   -0.483714
   -0.480779
   -0.439461
   -0.442158
   -0.439536
   -0.440843
   -0.441257
   -0.447436
   -0.454936
   -0.455675
   -0.455404
   -0.459195
   -0.462265
   -0.464365
   -0.454849
   -0.449311
   -0.476128
   -0.457904
   -0.470430
   -0.477830
   -0.473297
   -0.475641
   -0.483065
   -0.489444
   -0.491707
   -0.498685
   -0.506542
   -0.516383
   -0.509146
   -0.506152
   -0.500525
   -0.499705
   -0.508834
   -0.501942
   -0.432151
   -0.443271
   -0.453825
   -0.457749
   -0.445154
   -0.442831
   -0.450942
   -0.456755
   -0.460745
   -0.459203
   -0.456738
   -0.462106
   -0.455678
   -0.449225
   -0.474993
   -0.479304
   -0.441761
   -0.453789
   -0.455446
   -0.462628
   -0.465297
   -0.467410
   -0.469402
   -0.472668
   -0.480733
   -0.488928
   -0.497872
   -0.510656
   -0.516513
   -0.509909
   -0.517298
   -0.529958
   -0.436908
   -0.432987
   -0.430881
   -0.433459
   -0.435689
   -0.441603
   -0.445266
   -0.448312
   -0.442797
   -0.443112
   -0.441879
   -0.444009
   -0.456424
   -0.461715
   -0.450764
   -0.478967
   -0.438315
   -0.448115
   -0.455380
   -0.454426
   -0.444536
   -0.447356
   -0.449348
   -0.461954
   -0.460097
   -0.465934
   -0.473714
   -0.487321
   -0.498459
   -0.517636
   -0.493370
   -0.536190
   -0.441855
   -0.421163
   -0.424654
   -0.427972
   -0.410603
   -0.422612
   -0.431929
   -0.430154
   -0.438782
   -0.440423
   -0.441691
   -0.441473
   -0.446057
   -0.446261
   -0.429520
   -0.442276
   -0.468681
   -0.457119
   -0.454904
   -0.467091
   -0.461415
   -0.464191
   -0.465223
   -0.457050
   -0.469701
   -0.471726
   -0.473814
   -0.473178
   -0.482755
   -0.468869
   -0.486195
   -0.517594
   -0.458879
   -0.447090
   -0.435178
   -0.439354
   -0.455101
   -0.439777
   -0.418841
   -0.404087
   -0.412707
   -0.413792
   -0.414701
   -0.432069
   -0.436010
   -0.463299
   -0.437181
   -0.447096
   -0.465537
   -0.470456
   -0.459748
   -0.463104
   -0.494284
   -0.482653
   -0.454104
   -0.454231
   -0.471345
   -0.468525
   -0.470845
   -0.484697
   -0.498057
   -0.448709
   -0.445533
   -0.456146
   -0.399394
   -0.428588
   -0.440896
   -0.445583
   -0.443085
   -0.445788
   -0.431298
   -0.421469
   -0.420709
   -0.420902
   -0.413141
   -0.432276
   -0.442247
   -0.421699
   -0.439335
   -0.449985
   -0.404273
   -0.426305
   -0.440458
   -0.453351
   -0.465876
   -0.465883
   -0.470043
   -0.474096
   -0.460378
   -0.464495
   -0.457198
   -0.467458
   -0.488452
   -0.453561
   -0.468776
   -0.500177
   -0.306894
   -0.330046
   -0.351595
   -0.396289
   -0.426919
   -0.430816
   -0.444267
   -0.451966
   -0.451926
   -0.443810
   -0.437221
   -0.441859
   -0.438820
   -0.417434
   -0.426921
   -0.433226
   -0.322709
   -0.333636
   -0.359017
   -0.401762
   -0.439645
   -0.454427
   -0.477358
   -0.482319
   -0.461500
   -0.457792
   -0.455261
   -0.459890
   -0.468264
   -0.465603
   -0.462514
   -0.504558
   -0.427619
   -0.431503
   -0.432853
   -0.436299
   -0.434242
   -0.431873
   -0.427889
   -0.426417
   -0.419371
   -0.422602
   -0.431063
   -0.422598
   -0.415811
   -0.413616
   -0.425858
   -0.437492
   -0.447616
   -0.450814
   -0.453884
   -0.456521
   -0.452802
   -0.450034
   -0.443365
   -0.441052
   -0.408237
   -0.412973
   -0.424470
   -0.415927
   -0.407139
   -0.404274
   -0.415858
   -0.426266
   -0.425462
   -0.426328
   -0.426155
   -0.426751
   -0.432300
   -0.431653
   -0.426949
   -0.419944
   -0.422175
   -0.425785
   -0.430689
   -0.430283
   -0.421367
   -0.421747
   -0.430276
   -0.431715
   -0.450259
   -0.447960
   -0.449716
   -0.453536
   -0.455044
   -0.453659
   -0.449145
   -0.439102
   -0.417385
   -0.420122
   -0.419412
   -0.415544
   -0.414362
   -0.412783
   -0.416508
   -0.411822
   -0.443007
   -0.440085
   -0.439171
   -0.438366
   -0.439687
   -0.435653
   -0.436709
   -0.432778
   -0.432734
   -0.433852
   -0.436058
   -0.434306
   -0.428572
   -0.426699
   -0.425649
   -0.421116
   -0.468983
   -0.466390
   -0.464906
   -0.462793
   -0.463368
   -0.462286
   -0.461447
   -0.458577
   -0.431247
   -0.423240
   -0.416059
   -0.414966
   -0.422998
   -0.421461
   -0.412402
   -0.402767
   -0.444353
   -0.445730
   -0.446258
   -0.446962
   -0.446211
   -0.444543
   -0.443962
   -0.443365
   -0.456254
   -0.438131
   -0.425197
   -0.425648
   -0.431000
   -0.439489
   -0.425119
   -0.413562
   -0.467118
   -0.471876
   -0.472331
   -0.468111
   -0.467326
   -0.466090
   -0.464532
   -0.463682
   -0.448413
   -0.428925
   -0.413913
   -0.415129
   -0.423523
   -0.434607
   -0.414190
   -0.402822
   -0.418603
   -0.421436
   -0.430158
   -0.439059
   -0.444445
   -0.450376
   -0.457510
   -0.457954
   -0.442468
   -0.437415
   -0.432351
   -0.429108
   -0.427864
   -0.424646
   -0.423294
   -0.424649
   -0.438160
   -0.442335
   -0.446623
   -0.452288
   -0.445273
   -0.446219
   -0.445026
   -0.440934
   -0.443973
   -0.440386
   -0.433847
   -0.429232
   -0.426858
   -0.424532
   -0.424031
   -0.426799
   -0.400331
   -0.403474
   -0.411282
   -0.418916
   -0.433131
   -0.441109
   -0.448160
   -0.449703
   -0.439051
   -0.437042
   -0.436798
   -0.434479
   -0.427543
   -0.423990
   -0.417216
   -0.416849
   -0.433768
   -0.435781
   -0.437364
   -0.441074
   -0.451440
   -0.456706
   -0.459318
   -0.459362
   -0.460333
   -0.456725
   -0.455054
   -0.453624
   -0.449328
   -0.436163
   -0.431759
   -0.433903
   -0.411536
   -0.415942
   -0.418323
   -0.418480
   -0.422383
   -0.426677
   -0.427899
   -0.428493
   -0.439059
   -0.445388
   -0.447145
   -0.447625
   -0.443087
   -0.432468
   -0.425579
   -0.422656
   -0.409909
   -0.412576
   -0.420061
   -0.425921
   -0.438571
   -0.446392
   -0.455370
   -0.463209
   -0.459405
   -0.464041
   -0.468203
   -0.470609
   -0.467415
   -0.455571
   -0.445861
   -0.440513
   -0.411857
   -0.413986
   -0.416385
   -0.420695
   -0.419535
   -0.419743
   -0.417543
   -0.417067
   -0.439113
   -0.446372
   -0.451003
   -0.456400
   -0.456511
   -0.449153
   -0.444376
   -0.442242
   -0.397881
   -0.399236
   -0.405028
   -0.414699
   -0.423189
   -0.431336
   -0.434801
   -0.436578
   -0.445970
   -0.452538
   -0.458609
   -0.464986
   -0.468759
   -0.462855
   -0.457594
   -0.451435
   -0.445403
   -0.435212
   -0.435059
   -0.430553
   -0.431365
   -0.424978
   -0.441948
   -0.429308
   -0.430899
   -0.387570
   -0.346379
   -0.329082
   -0.346517
   -0.363357
   -0.392356
   -0.404154
   -0.453164
   -0.445314
   -0.443409
   -0.430338
   -0.433917
   -0.428585
   -0.452902
   -0.435271
   -0.423619
   -0.385894
   -0.354199
   -0.331946
   -0.337375
   -0.346476
   -0.401199
   -0.403115
   -0.441047
   -0.435048
   -0.434030
   -0.428563
   -0.425000
   -0.420636
   -0.430064
   -0.428089
   -0.417337
   -0.400010
   -0.377532
   -0.364543
   -0.360431
   -0.365473
   -0.370130
   -0.369106
   -0.460815
   -0.454403
   -0.452881
   -0.445814
   -0.443306
   -0.435104
   -0.454359
   -0.447224
   -0.422435
   -0.408029
   -0.391556
   -0.367313
   -0.352202
   -0.341087
   -0.392421
   -0.372256
   -0.440748
   -0.434576
   -0.431586
   -0.425070
   -0.421627
   -0.418669
   -0.430186
   -0.424074
   -0.417275
   -0.422689
   -0.421914
   -0.403925
   -0.389438
   -0.378893
   -0.340416
   -0.309794
   -0.463587
   -0.456119
   -0.453524
   -0.442675
   -0.438861
   -0.433684
   -0.451549
   -0.439072
   -0.444423
   -0.431470
   -0.430514
   -0.415591
   -0.383090
   -0.361833
   -0.340812
   -0.299935
   -0.448186
   -0.443363
   -0.441197
   -0.434973
   -0.431498
   -0.425307
   -0.430607
   -0.420473
   -0.443571
   -0.435518
   -0.437860
   -0.434572
   -0.422288
   -0.400217
   -0.391255
   -0.326578
   -0.461034
   -0.449229
   -0.446443
   -0.440347
   -0.438931
   -0.431429
   -0.447507
   -0.425951
   -0.453304
   -0.444925
   -0.437477
   -0.431411
   -0.421383
   -0.396253
   -0.372319
   -0.313428
   -0.442882
   -0.444762
   -0.440593
   -0.437196
   -0.436973
   -0.428355
   -0.438090
   -0.452843
   -0.430441
   -0.426010
   -0.424430
   -0.433943
   -0.447786
   -0.401234
   -0.422697
   -0.378697
   -0.475013
   -0.475593
   -0.472405
   -0.465858
   -0.462445
   -0.426471
   -0.436565
   -0.452516
   -0.434584
   -0.425535
   -0.422674
   -0.433288
   -0.446250
   -0.440881
   -0.426425
   -0.419123
   -0.436434
   -0.437231
   -0.437895
   -0.433312
   -0.430891
   -0.435472
   -0.445229
   -0.452959
   -0.444041
   -0.431719
   -0.429869
   -0.432102
   -0.438033
   -0.424428
   -0.433604
   -0.425219
   -0.472099
   -0.471287
   -0.472821
   -0.469531
   -0.462125
   -0.437819
   -0.440787
   -0.440793
   -0.434288
   -0.431830
   -0.431053
   -0.428022
   -0.429015
   -0.457142
   -0.438795
   -0.465198
   -0.447173
   -0.446902
   -0.447300
   -0.447590
   -0.445606
   -0.443851
   -0.444144
   -0.445120
   -0.440897
   -0.438532
   -0.437045
   -0.433302
   -0.433166
   -0.433397
   -0.422369
   -0.409528
   -0.483020
   -0.483202
   -0.483220
   -0.484588
   -0.480929
   -0.449071
   -0.440604
   -0.434769
   -0.437601
   -0.441954
   -0.437707
   -0.430203
   -0.424442
   -0.418264
   -0.424863
   -0.423388
   -0.456057
   -0.456673
   -0.455976
   -0.452047
   -0.451606
   -0.463662
   -0.445514
   -0.433268
   -0.433083
   -0.441349
   -0.446214
   -0.433230
   -0.422589
   -0.450391
   -0.404450
   -0.407363
   -0.484569
   -0.487765
   -0.484319
   -0.477429
   -0.482918
   -0.465726
   -0.448112
   -0.436391
   -0.438186
   -0.446061
   -0.451547
   -0.436865
   -0.422295
   -0.436729
   -0.410262
   -0.416351
   -0.450316
   -0.426738
   -0.421971
   -0.423948
   -0.454272
   -0.467736
   -0.497351
   -0.508973
   -0.510936
   -0.506897
   -0.501826
   -0.500596
   -0.490600
   -0.480195
   -0.481740
   -0.481367
   -0.518055
   -0.495623
   -0.481875
   -0.467510
   -0.510104
   -0.523829
   -0.570394
   -0.577856
   -0.577967
   -0.573624
   -0.555154
   -0.545264
   -0.546426
   -0.542836
   -0.554752
   -0.553886
   -0.486238
   -0.464125
   -0.447508
   -0.425478
   -0.386645
   -0.403142
   -0.447893
   -0.486855
   -0.496999
   -0.503227
   -0.491884
   -0.486547
   -0.479236
   -0.483969
   -0.462669
   -0.462274
   -0.554527
   -0.538022
   -0.508358
   -0.477308
   -0.464487
   -0.484736
   -0.525635
   -0.569516
   -0.576921
   -0.574536
   -0.555392
   -0.549254
   -0.543389
   -0.550108
   -0.559272
   -0.558057
   -0.489384
   -0.490080
   -0.474232
   -0.457268
   -0.407350
   -0.420373
   -0.421855
   -0.454763
   -0.454645
   -0.462869
   -0.458150
   -0.456317
   -0.481069
   -0.488237
   -0.467920
   -0.465872
   -0.538965
   -0.536178
   -0.520898
   -0.512810
   -0.479957
   -0.475694
   -0.486343
   -0.493658
   -0.523475
   -0.548586
   -0.571078
   -0.578622
   -0.554154
   -0.556790
   -0.568968
   -0.567005
   -0.473902
   -0.473380
   -0.470514
   -0.474898
   -0.460028
   -0.443391
   -0.420042
   -0.393534
   -0.403637
   -0.426536
   -0.453167
   -0.469646
   -0.497027
   -0.489398
   -0.485879
   -0.481114
   -0.519581
   -0.509645
   -0.514897
   -0.521521
   -0.502136
   -0.482127
   -0.467505
   -0.432683
   -0.462977
   -0.494655
   -0.542676
   -0.572536
   -0.575107
   -0.554156
   -0.567665
   -0.564175
   -0.473885
   -0.477718
   -0.483599
   -0.484072
   -0.480971
   -0.464028
   -0.463526
   -0.463643
   -0.379467
   -0.394374
   -0.419644
   -0.451918
   -0.478715
   -0.459457
   -0.499006
   -0.474925
   -0.559013
   -0.562794
   -0.568553
   -0.570617
   -0.569317
   -0.525209
   -0.525240
   -0.535027
   -0.459286
   -0.463813
   -0.486458
   -0.518113
   -0.554762
   -0.561241
   -0.575778
   -0.576995
   -0.478970
   -0.479289
   -0.484249
   -0.486001
   -0.484481
   -0.480387
   -0.477677
   -0.476342
   -0.442027
   -0.417748
   -0.397082
   -0.403166
   -0.435241
   -0.459091
   -0.508511
   -0.519984
   -0.563202
   -0.562568
   -0.561962
   -0.562972
   -0.563594
   -0.540241
   -0.535485
   -0.535231
   -0.516245
   -0.492385
   -0.462773
   -0.459695
   -0.486097
   -0.545422
   -0.559282
   -0.590254
   -0.485046
   -0.481008
   -0.478890
   -0.478048
   -0.479634
   -0.479374
   -0.484451
   -0.484604
   -0.485382
   -0.449909
   -0.415604
   -0.399289
   -0.417247
   -0.449380
   -0.467965
   -0.475739
   -0.575892
   -0.568321
   -0.556779
   -0.553785
   -0.563623
   -0.541486
   -0.542262
   -0.540957
   -0.561193
   -0.536707
   -0.486710
   -0.451242
   -0.451332
   -0.464231
   -0.513799
   -0.539139
   -0.489223
   -0.486285
   -0.479682
   -0.472639
   -0.473473
   -0.492764
   -0.494397
   -0.491205
   -0.473499
   -0.464658
   -0.454133
   -0.415645
   -0.393953
   -0.422768
   -0.397642
   -0.414175
   -0.585989
   -0.577889
   -0.572790
   -0.562918
   -0.562487
   -0.553312
   -0.553288
   -0.553344
   -0.546004
   -0.541002
   -0.521196
   -0.478330
   -0.449265
   -0.472946
   -0.468995
   -0.500130
   -0.448442
   -0.442769
   -0.438548
   -0.435346
   -0.443331
   -0.454153
   -0.467933
   -0.474991
   -0.441382
   -0.450593
   -0.455326
   -0.457252
   -0.453521
   -0.453859
   -0.450857
   -0.448663
   -0.479951
   -0.474984
   -0.469772
   -0.466657
   -0.470960
   -0.481663
   -0.487741
   -0.495080
   -0.504618
   -0.508865
   -0.502404
   -0.503975
   -0.499040
   -0.493049
   -0.483009
   -0.482269
   -0.453106
   -0.446921
   -0.441264
   -0.434975
   -0.431498
   -0.438120
   -0.446635
   -0.451104
   -0.441499
   -0.448692
   -0.450683
   -0.455659
   -0.459171
   -0.462939
   -0.460653
   -0.459921
   -0.479324
   -0.474306
   -0.470817
   -0.464377
   -0.463519
   -0.467223
   -0.469442
   -0.475369
   -0.505054
   -0.507110
   -0.498573
   -0.500458
   -0.501347
   -0.499203
   -0.493792
   -0.495734
   -0.449502
   -0.454352
   -0.453407
   -0.452125
   -0.446839
   -0.448272
   -0.447407
   -0.447731
   -0.449287
   -0.449369
   -0.449255
   -0.447320
   -0.451890
   -0.453623
   -0.452889
   -0.456513
   -0.456134
   -0.465384
   -0.472127
   -0.476886
   -0.477775
   -0.478000
   -0.476846
   -0.475169
   -0.478455
   -0.483205
   -0.486365
   -0.493682
   -0.499596
   -0.510700
   -0.514876
   -0.524093
   -0.413443
   -0.422080
   -0.434816
   -0.448608
   -0.460049
   -0.458707
   -0.455587
   -0.445387
   -0.451846
   -0.455172
   -0.449564
   -0.447712
   -0.449008
   -0.451191
   -0.447661
   -0.456244
   -0.433387
   -0.442672
   -0.456476
   -0.474459
   -0.484440
   -0.491363
   -0.479263
   -0.478203
   -0.477895
   -0.482441
   -0.489253
   -0.502283
   -0.504599
   -0.506057
   -0.510255
   -0.522682
   -0.359725
   -0.371805
   -0.410961
   -0.440723
   -0.460963
   -0.472865
   -0.459321
   -0.444723
   -0.459155
   -0.436275
   -0.431020
   -0.445802
   -0.447299
   -0.463673
   -0.465186
   -0.443916
   -0.369665
   -0.382348
   -0.416907
   -0.460130
   -0.485351
   -0.497582
   -0.479743
   -0.465768
   -0.464123
   -0.469732
   -0.472644
   -0.478656
   -0.489937
   -0.478432
   -0.507967
   -0.493422
   -0.349076
   -0.356843
   -0.373791
   -0.412148
   -0.425579
   -0.440753
   -0.422206
   -0.408171
   -0.426660
   -0.433700
   -0.431540
   -0.436326
   -0.443151
   -0.435972
   -0.456218
   -0.454834
   -0.399277
   -0.399500
   -0.399099
   -0.424767
   -0.456174
   -0.477386
   -0.480123
   -0.479946
   -0.495907
   -0.493082
   -0.473222
   -0.481585
   -0.480711
   -0.481740
   -0.502502
   -0.502822
   -0.408797
   -0.380114
   -0.363789
   -0.355349
   -0.376683
   -0.389527
   -0.406508
   -0.410224
   -0.448742
   -0.441050
   -0.432991
   -0.432040
   -0.434207
   -0.436988
   -0.449070
   -0.447693
   -0.438795
   -0.409423
   -0.387987
   -0.366975
   -0.398193
   -0.437385
   -0.472369
   -0.485602
   -0.487685
   -0.496845
   -0.500070
   -0.488736
   -0.477679
   -0.465857
   -0.466789
   -0.457894
   -0.442607
   -0.417701
   -0.397067
   -0.377264
   -0.345359
   -0.358520
   -0.386480
   -0.404514
   -0.436353
   -0.442632
   -0.469927
   -0.442573
   -0.445548
   -0.431832
   -0.426814
   -0.415885
   -0.482855
   -0.444223
   -0.440894
   -0.446174
   -0.367801
   -0.385946
   -0.401581
   -0.423982
   -0.460467
   -0.467159
   -0.481153
   -0.461667
   -0.477563
   -0.477861
   -0.451843
   -0.446891
