   -0.497117
   -0.369859
   -0.337373
   -0.415549
   -0.270911
    0.164621
    0.291566
    0.217901
    0.168751
    0.040905
   -0.408371
   -0.347154
   -0.255114
    0.353385
    0.321874
    0.165187
   -0.630665
   -0.485595
   -0.399725
   -0.446746
   -0.201499
    0.218082
    0.398892
    0.258199
    0.168047
   -0.026828
   -0.449344
   -0.399051
   -0.281731
    0.428651
    0.327284
    0.134585
    0.099824
   -0.296785
   -0.492564
   -0.419010
   -0.348713
   -0.487503
   -0.306255
    0.173957
    0.281607
    0.189252
    0.230893
   -0.189475
   -0.471986
   -0.402813
    0.101438
    0.352357
    0.051833
   -0.442582
   -0.630066
   -0.495255
   -0.378678
   -0.498124
   -0.284528
    0.154969
    0.312273
    0.152421
    0.214065
   -0.194126
   -0.574628
   -0.378117
    0.119888
    0.354012
    0.282813
    0.350022
    0.177803
   -0.110143
   -0.398111
   -0.484455
   -0.431832
   -0.420832
   -0.312860
    0.080571
    0.286400
    0.210931
    0.133489
   -0.335578
   -0.470340
   -0.056885
    0.284145
    0.362386
    0.224916
   -0.036866
   -0.469447
   -0.590214
   -0.434941
   -0.438767
   -0.366203
    0.123248
    0.336868
    0.166920
    0.176978
   -0.426591
   -0.561614
   -0.072466
    0.338935
    0.317889
    0.308908
    0.293142
    0.311124
    0.163858
   -0.132057
   -0.462250
   -0.424549
   -0.350071
   -0.351910
   -0.008043
    0.184401
    0.187729
   -0.115496
   -0.399177
    0.489704
    0.379128
    0.301153
    0.277532
    0.299106
    0.182392
   -0.212412
   -0.545612
   -0.483906
   -0.443343
   -0.389729
   -0.027550
    0.254504
    0.163564
   -0.081915
   -0.476239
   -0.107403
    0.116714
    0.291883
    0.372668
    0.330396
    0.280284
    0.244687
    0.282591
    0.105203
   -0.253679
   -0.387316
   -0.396332
   -0.308927
    0.028239
    0.234838
   -0.207398
   -0.113588
    0.149625
    0.412633
    0.596396
    0.392929
    0.387604
    0.303346
    0.346630
    0.128822
   -0.336550
   -0.438903
   -0.393234
   -0.371816
    0.023097
    0.269531
   -0.249604
   -0.371734
   -0.413865
   -0.381658
   -0.316608
   -0.119403
    0.204924
    0.369320
    0.416283
    0.344939
    0.276667
    0.247572
    0.002689
   -0.245046
   -0.457203
   -0.324474
   -0.518234
   -0.379733
   -0.424029
   -0.396523
   -0.328940
   -0.115463
    0.210599
    0.503798
    0.532569
    0.356890
    0.318262
    0.278474
   -0.015720
   -0.336615
   -0.533333
   -0.415196
   -0.509742
   -0.450803
   -0.479867
   -0.451964
   -0.385633
   -0.406063
   -0.403534
   -0.408027
   -0.346064
   -0.142913
    0.138153
    0.314118
    0.341999
    0.343322
    0.162443
   -0.293991
   -0.486728
   -0.578943
   -0.598049
   -0.549751
   -0.490265
   -0.415699
   -0.410547
   -0.427633
   -0.366355
   -0.136939
    0.183887
    0.398999
    0.457197
    0.391830
    0.220301
   -0.309052
   -0.486849
    0.276953
    0.152985
    0.008527
   -0.094782
   -0.241804
   -0.380634
   -0.480410
   -0.467337
   -0.440564
   -0.435857
   -0.402955
   -0.352342
   -0.078760
    0.110229
   -0.420208
   -0.462534
    0.329984
    0.213476
    0.045143
   -0.095460
   -0.335477
   -0.482667
   -0.566847
   -0.517724
   -0.480367
   -0.501818
   -0.470606
   -0.378585
   -0.039840
    0.125420
   -0.401294
   -0.466113
   -0.390107
   -0.506653
   -0.423818
   -0.389120
   -0.464486
   -0.248577
    0.150002
    0.304622
    0.207394
    0.183198
   -0.138812
   -0.422072
   -0.431437
    0.048184
    0.372729
    0.335870
   -0.477309
   -0.649773
   -0.586494
   -0.478262
   -0.482432
   -0.248758
    0.214101
    0.361228
    0.234155
    0.208139
   -0.193522
   -0.518660
   -0.491588
    0.061739
    0.489109
    0.351773
    0.345237
    0.165531
   -0.222744
   -0.488492
   -0.479668
   -0.419346
   -0.440668
   -0.232498
    0.165990
    0.254052
    0.206989
    0.182796
   -0.371591
   -0.440496
   -0.179009
    0.290496
    0.372509
    0.138413
   -0.275212
   -0.613269
   -0.607306
   -0.473357
   -0.494598
   -0.275957
    0.256080
    0.333735
    0.248745
    0.150085
   -0.439660
   -0.508661
   -0.203858
    0.360625
    0.304024
    0.287499
    0.310498
    0.291043
   -0.048736
   -0.388744
   -0.529058
   -0.430199
   -0.465384
   -0.266139
    0.147471
    0.234332
    0.242263
   -0.076386
   -0.466916
   -0.320782
    0.374533
    0.329428
    0.341913
    0.347159
   -0.047185
   -0.519830
   -0.623964
   -0.529652
   -0.528002
   -0.276664
    0.218120
    0.277750
    0.241359
   -0.107123
   -0.572079
   -0.373352
    0.323390
    0.373395
    0.349853
    0.325752
    0.303113
    0.383070
    0.211601
   -0.153879
   -0.440921
   -0.464976
   -0.432941
   -0.301410
    0.149463
    0.243978
    0.169589
   -0.290350
    0.440667
    0.530574
    0.487197
    0.380173
    0.327701
    0.408084
    0.195657
   -0.239651
   -0.581443
   -0.577093
   -0.522755
   -0.339765
    0.165838
    0.250521
    0.181764
   -0.365236
   -0.411472
   -0.331243
   -0.103792
    0.228223
    0.366350
    0.404218
    0.345458
    0.277467
    0.276504
    0.037832
   -0.266500
   -0.445663
   -0.458099
   -0.229405
    0.118833
   -0.260331
   -0.474453
   -0.370121
   -0.098091
    0.286486
    0.513663
    0.505143
    0.423690
    0.338373
    0.326117
    0.026908
   -0.356721
   -0.512897
   -0.497689
   -0.298926
    0.176769
   -0.332024
   -0.407901
   -0.375412
   -0.387616
   -0.455322
   -0.430718
   -0.232332
    0.058934
    0.310090
    0.322106
    0.341466
    0.356061
    0.245800
   -0.057958
   -0.342717
   -0.518236
   -0.460117
   -0.534191
   -0.451056
   -0.450643
   -0.514420
   -0.485179
   -0.279278
    0.075142
    0.374682
    0.459804
    0.411962
    0.407437
    0.250783
   -0.109714
   -0.439685
   -0.579455
   -0.519539
   -0.198144
   -0.325485
   -0.432247
   -0.507184
   -0.468333
   -0.419973
   -0.409698
   -0.424334
   -0.381171
   -0.191257
    0.071504
    0.241133
    0.359113
    0.274873
   -0.324581
   -0.494796
   -0.229236
   -0.409640
   -0.573719
   -0.663423
   -0.589877
   -0.521339
   -0.498970
   -0.498680
   -0.410656
   -0.155836
    0.163779
    0.362421
    0.458532
    0.332699
   -0.392493
   -0.570988
    0.312236
    0.311496
    0.305629
    0.271891
    0.161383
   -0.048738
   -0.248493
   -0.348054
   -0.407342
   -0.462425
   -0.474065
   -0.449279
   -0.400988
   -0.054287
   -0.499044
   -0.500121
    0.315646
    0.333063
    0.348956
    0.338863
    0.146597
   -0.091099
   -0.334943
   -0.455121
   -0.517354
   -0.582792
   -0.591038
   -0.542440
   -0.402378
   -0.103396
   -0.539134
   -0.548810
    0.232204
   -0.216435
   -0.444469
   -0.398305
   -0.355120
   -0.494749
   -0.341547
    0.119374
    0.243076
    0.189838
    0.236134
   -0.204395
   -0.399490
   -0.378534
    0.143725
    0.280235
    0.297316
   -0.209740
   -0.529858
   -0.466113
   -0.387568
   -0.569982
   -0.413863
    0.100365
    0.259798
    0.271385
    0.301265
   -0.233858
   -0.471506
   -0.462554
    0.241902
    0.300947
    0.281630
    0.339308
    0.311725
   -0.022223
   -0.329158
   -0.412082
   -0.388981
   -0.434359
   -0.267577
    0.092156
    0.208419
    0.230603
    0.084102
   -0.385670
   -0.409631
    0.041850
    0.320668
    0.478592
    0.428654
   -0.022333
   -0.428665
   -0.440629
   -0.447043
   -0.552080
   -0.300401
    0.176194
    0.272363
    0.248607
    0.132933
   -0.430564
   -0.481309
    0.048665
    0.391827
    0.318148
    0.285408
    0.298160
    0.296358
    0.135973
   -0.215966
   -0.444068
   -0.380004
   -0.466639
   -0.251335
    0.152231
    0.163908
    0.215918
   -0.169843
   -0.463577
    0.481742
    0.362207
    0.272949
    0.345700
    0.423566
    0.169716
   -0.280600
   -0.512685
   -0.457130
   -0.542735
   -0.323756
    0.206743
    0.195896
    0.296131
   -0.201482
   -0.493184
   -0.315402
   -0.022774
    0.293657
    0.386029
    0.291250
    0.273974
    0.336359
    0.295985
   -0.088098
   -0.392482
   -0.389055
   -0.417565
   -0.204815
    0.159408
    0.234988
   -0.021139
   -0.381941
    0.009632
    0.374547
    0.501057
    0.350637
    0.333377
    0.438391
    0.388914
   -0.096583
   -0.407424
   -0.467519
   -0.467588
   -0.263485
    0.209315
    0.316165
   -0.002849
   -0.391905
   -0.442129
   -0.485973
   -0.391075
   -0.104881
    0.216889
    0.399311
    0.352368
    0.249251
    0.309968
    0.086807
   -0.232210
   -0.438575
   -0.466136
   -0.179171
   -0.323933
   -0.440285
   -0.558676
   -0.607591
   -0.470606
   -0.118726
    0.270047
    0.459877
    0.379364
    0.322316
    0.402242
    0.140118
   -0.282945
   -0.450498
   -0.569225
   -0.177442
   -0.318002
   -0.402278
   -0.449407
   -0.448305
   -0.381114
   -0.376353
   -0.467537
   -0.467656
   -0.263926
    0.064174
    0.301280
    0.304097
    0.309980
    0.210811
   -0.026441
   -0.407827
   -0.383978
   -0.533649
   -0.524395
   -0.513642
   -0.422645
   -0.418165
   -0.541162
   -0.589670
   -0.348886
    0.122908
    0.370379
    0.362178
    0.358837
    0.311048
   -0.058824
   -0.479042
   -0.412963
    0.319268
    0.194407
    0.053861
   -0.100152
   -0.320917
   -0.356191
   -0.354198
   -0.331844
   -0.397923
   -0.454940
   -0.319518
   -0.092438
    0.185162
    0.228853
   -0.257015
   -0.400053
    0.426939
    0.291796
    0.070245
   -0.151666
   -0.414673
   -0.484134
   -0.462257
   -0.404961
   -0.474156
   -0.551907
   -0.377495
   -0.095089
    0.178402
    0.280272
   -0.268636
   -0.482389
    0.244915
    0.274833
    0.287092
    0.256872
    0.399524
    0.356053
    0.274843
    0.152662
   -0.014299
   -0.187883
   -0.313318
   -0.357277
   -0.530711
   -0.318610
   -0.450226
   -0.397940
    0.204907
    0.222599
    0.285482
    0.344366
    0.449954
    0.462367
    0.396368
    0.225038
   -0.008212
   -0.222707
   -0.402946
   -0.507888
   -0.599612
   -0.471890
   -0.465670
   -0.406508
    0.349521
    0.200029
   -0.154526
   -0.431353
   -0.424487
   -0.386055
   -0.511647
   -0.214213
    0.174875
    0.215994
    0.274537
    0.106146
   -0.324805
   -0.473387
   -0.062444
    0.304898
    0.469731
    0.281875
   -0.155491
   -0.475493
   -0.456251
   -0.389894
   -0.563360
   -0.272835
    0.189957
    0.272185
    0.281654
    0.131518
   -0.406566
   -0.510996
   -0.093302
    0.310239
    0.296444
    0.275356
    0.337773
    0.255280
    0.018106
   -0.357843
   -0.430347
   -0.413049
   -0.477713
   -0.144901
    0.206590
    0.179662
    0.260327
   -0.212064
   -0.504136
   -0.163741
    0.301627
    0.290905
    0.440696
    0.375425
    0.059280
   -0.387971
   -0.491395
   -0.439668
   -0.554153
   -0.196717
    0.266748
    0.177854
    0.330631
   -0.249782
   -0.537030
   -0.173057
    0.245840
    0.376080
    0.328816
    0.272200
    0.299162
    0.270506
    0.189338
   -0.304667
   -0.416208
   -0.411318
   -0.421362
   -0.071001
    0.193053
    0.196663
    0.066899
   -0.404844
    0.280995
    0.438039
    0.366957
    0.280414
    0.316444
    0.450330
    0.209620
   -0.346756
   -0.402104
   -0.443530
   -0.527389
   -0.093270
    0.222442
    0.243378
    0.118904
   -0.427053
   -0.504259
   -0.372481
   -0.088996
    0.221354
    0.369980
    0.245518
    0.253693
    0.300666
    0.244555
   -0.153886
   -0.393135
   -0.376301
   -0.395144
    0.011908
    0.229936
    0.178439
   -0.622282
   -0.480971
   -0.134334
    0.257526
    0.432679
    0.314757
    0.257204
    0.367073
    0.346461
   -0.121354
   -0.436049
   -0.435401
   -0.448440
    0.015277
    0.287629
    0.255708
   -0.414460
   -0.365337
   -0.365402
   -0.482694
   -0.422006
   -0.134360
    0.186209
    0.396616
    0.316485
    0.258441
    0.274640
    0.032063
   -0.307192
   -0.438815
   -0.294752
   -0.358933
   -0.438137
   -0.380641
   -0.406246
   -0.535913
   -0.529337
   -0.197368
    0.224110
    0.447148
    0.316137
    0.274318
    0.315438
    0.026912
   -0.304982
   -0.459626
   -0.348079
   -0.332626
   -0.144916
   -0.322715
   -0.435676
   -0.436647
   -0.359707
   -0.386184
   -0.467533
   -0.458027
   -0.238128
    0.089869
    0.249424
    0.237319
    0.242258
    0.111265
   -0.251839
   -0.356010
   -0.132992
   -0.380775
   -0.526676
   -0.532482
   -0.369744
   -0.394934
   -0.540699
   -0.604556
   -0.309313
    0.118251
    0.270024
    0.263220
    0.328996
    0.160139
   -0.260391
   -0.407055
    0.373554
    0.360530
    0.349248
    0.289605
    0.007338
   -0.203628
   -0.342216
   -0.417115
   -0.420578
   -0.431477
   -0.414888
   -0.318492
   -0.013682
    0.103371
   -0.220708
   -0.400415
    0.421804
    0.441781
    0.451039
    0.429012
    0.070656
   -0.205936
   -0.394951
   -0.465423
   -0.480095
   -0.525628
   -0.494561
   -0.329284
   -0.041948
    0.160228
   -0.188635
   -0.381821
    0.358313
    0.324475
    0.272826
    0.225336
    0.220308
    0.335938
    0.370548
    0.359541
    0.248461
    0.064266
   -0.150380
   -0.290880
   -0.408054
   -0.468703
   -0.392353
   -0.378603
    0.401652
    0.369067
    0.284042
    0.233301
    0.263031
    0.393959
    0.499659
    0.503552
    0.342708
    0.096425
   -0.146498
   -0.302571
   -0.487247
   -0.561764
   -0.421997
   -0.372528
    0.204957
    0.307077
    0.226476
   -0.066309
   -0.416959
   -0.378607
   -0.375980
   -0.465164
   -0.161206
    0.205565
    0.185269
    0.271229
   -0.156242
   -0.355785
   -0.299329
    0.286914
    0.184732
    0.361509
    0.298618
   -0.073695
   -0.451995
   -0.373675
   -0.358989
   -0.522674
   -0.218166
    0.223013
    0.187523
    0.306520
   -0.139302
   -0.425144
   -0.365761
    0.302387
    0.392377
    0.275933
    0.201685
    0.230320
    0.252787
   -0.006721
   -0.368846
   -0.404925
   -0.410014
   -0.421719
   -0.099772
    0.194877
    0.154377
    0.111719
   -0.369273
   -0.362597
    0.444168
    0.309682
    0.188837
    0.225649
    0.332050
   -0.018377
   -0.416381
   -0.438056
   -0.418508
   -0.518344
   -0.105239
    0.246722
    0.187957
    0.121900
   -0.414464
   -0.388010
   -0.267953
    0.062037
    0.316174
    0.379436
    0.268080
    0.185830
    0.290585
    0.090983
   -0.325130
   -0.398234
   -0.396698
   -0.369234
    0.062846
    0.176562
    0.188650
   -0.237606
   -0.351385
    0.080977
    0.408185
    0.421608
    0.211256
    0.219323
    0.349772
    0.098039
   -0.375904
   -0.450592
   -0.424250
   -0.437592
    0.077154
    0.179770
    0.196056
   -0.273760
   -0.384052
   -0.444482
   -0.491868
   -0.305273
    0.030571
    0.280349
    0.268852
    0.175593
    0.272361
    0.192640
   -0.204343
   -0.423614
   -0.450772
   -0.299407
    0.102586
    0.247878
   -0.340225
   -0.476843
   -0.554625
   -0.358763
    0.076702
    0.341951
    0.266820
    0.131773
    0.290873
    0.236465
   -0.212934
   -0.452652
   -0.444095
   -0.338341
    0.109862
    0.294029
   -0.461896
   -0.440737
   -0.351887
   -0.315334
   -0.403198
   -0.427690
   -0.329479
    0.017764
    0.292367
    0.239210
    0.202877
    0.163947
   -0.084343
   -0.386481
   -0.415449
   -0.405931
   -0.525892
   -0.451447
   -0.353898
   -0.276202
   -0.435362
   -0.493358
   -0.367770
    0.054619
    0.355951
    0.230320
    0.180785
    0.268253
   -0.071571
   -0.370190
   -0.436340
   -0.425348
    0.259682
    0.135459
   -0.008048
   -0.297493
   -0.441086
   -0.391907
   -0.344292
   -0.369777
   -0.418380
   -0.292619
   -0.021240
    0.160777
    0.241337
    0.187029
   -0.089298
   -0.384537
    0.353757
    0.150801
    0.006512
   -0.362284
   -0.461626
   -0.391183
   -0.354995
   -0.382339
   -0.485654
   -0.392629
   -0.051032
    0.182868
    0.255383
    0.257515
   -0.077777
   -0.458023
    0.260267
    0.265075
    0.298518
    0.322230
    0.360595
    0.176514
    0.034707
   -0.167274
   -0.342282
   -0.384790
   -0.390163
   -0.410017
   -0.234897
   -0.049414
   -0.324982
   -0.425868
    0.187367
    0.208812
    0.291550
    0.371012
    0.420814
    0.271695
    0.065964
   -0.186361
   -0.369188
   -0.411544
   -0.421590
   -0.436105
   -0.287249
   -0.091732
   -0.376166
   -0.425331
    0.248530
    0.294144
    0.328741
    0.331882
    0.244566
    0.248841
    0.223343
    0.249157
    0.282075
    0.268412
    0.143895
   -0.020050
   -0.172022
   -0.397559
   -0.427962
   -0.457069
    0.349703
    0.403468
    0.396210
    0.367970
    0.277578
    0.224146
    0.181328
    0.243556
    0.334618
    0.313726
    0.177314
    0.024406
   -0.168497
   -0.416669
   -0.465388
   -0.455894
    0.279939
    0.204800
    0.230108
    0.189468
   -0.073716
   -0.424017
   -0.412100
   -0.379091
   -0.398487
   -0.030136
    0.236858
    0.192862
    0.179753
   -0.330497
   -0.390554
    0.074306
    0.252361
    0.156263
    0.273876
    0.308959
   -0.057607
   -0.463170
   -0.440805
   -0.390900
   -0.480272
   -0.026061
    0.316233
    0.214963
    0.271781
   -0.394118
   -0.447939
    0.067079
    0.238905
    0.398551
    0.319645
    0.209716
    0.189987
    0.229330
   -0.040531
   -0.391129
   -0.404620
   -0.427768
   -0.380026
    0.130975
    0.198239
    0.240507
   -0.163931
   -0.463179
    0.291746
    0.501998
    0.343477
    0.145382
    0.137718
    0.262307
    0.013844
   -0.457219
   -0.422620
   -0.458407
   -0.445616
    0.221883
    0.246501
    0.286261
   -0.193447
   -0.489469
   -0.491847
   -0.390965
   -0.040595
    0.247969
    0.375870
    0.246524
    0.159878
    0.282711
    0.011034
   -0.369022
   -0.415900
   -0.454857
   -0.211120
    0.225732
    0.181280
   -0.017636
   -0.572739
   -0.472918
   -0.079105
    0.287763
    0.410389
    0.189620
    0.176117
    0.341586
    0.014507
   -0.428551
   -0.435375
   -0.454207
   -0.237791
    0.250760
    0.176798
   -0.008291
   -0.383826
   -0.328009
   -0.378414
   -0.462878
   -0.376131
   -0.027201
    0.284813
    0.271390
    0.167080
    0.246794
    0.093117
   -0.309485
   -0.464515
   -0.423361
   -0.051312
    0.242083
   -0.390122
   -0.319716
   -0.407583
   -0.559216
   -0.439768
   -0.040688
    0.345971
    0.321126
    0.160954
    0.275196
    0.135878
   -0.327973
   -0.474861
   -0.462712
   -0.088107
    0.265016
   -0.177824
   -0.390878
   -0.493958
   -0.432557
   -0.353943
   -0.365161
   -0.414088
   -0.382638
    0.000115
    0.261806
    0.205337
    0.174496
    0.101730
   -0.259610
   -0.452261
   -0.411585
   -0.182495
   -0.423583
   -0.559213
   -0.460672
   -0.347334
   -0.410524
   -0.464424
   -0.434979
   -0.002864
    0.312142
    0.216940
    0.215161
    0.192587
   -0.281384
   -0.447658
   -0.455025
    0.335531
    0.348358
    0.293867
    0.143656
   -0.165293
   -0.374811
   -0.417608
   -0.349662
   -0.384956
   -0.452287
   -0.293306
    0.027932
    0.205225
    0.264488
    0.133971
   -0.416077
    0.357163
    0.403043
    0.337930
    0.206733
   -0.173250
   -0.421382
   -0.481858
   -0.375321
   -0.374572
   -0.487926
   -0.353924
    0.023063
    0.241153
    0.316018
    0.191533
   -0.439269
    0.306424
    0.275521
    0.236614
    0.234752
    0.255231
    0.315136
    0.303215
    0.190982
   -0.071542
   -0.325963
   -0.429524
   -0.409740
   -0.419933
   -0.271014
   -0.309176
   -0.405357
    0.375453
    0.296832
    0.228842
    0.189480
    0.273598
    0.388543
    0.384103
    0.237901
   -0.052912
   -0.342171
   -0.459174
   -0.482200
   -0.490185
   -0.325066
   -0.353524
   -0.444168
   -0.159188
   -0.036908
    0.099938
    0.208465
    0.305418
    0.301105
    0.287762
    0.217613
    0.246921
    0.316218
    0.290188
    0.203436
    0.022490
   -0.215285
   -0.415691
   -0.436425
   -0.189517
   -0.019534
    0.160142
    0.285351
    0.402243
    0.372505
    0.257938
    0.193053
    0.251424
    0.340449
    0.366024
    0.239276
    0.039488
   -0.199775
   -0.480109
   -0.448667
    0.361713
    0.237432
    0.177598
    0.231006
    0.212706
   -0.115546
   -0.427494
   -0.378745
   -0.385087
   -0.369871
    0.091174
    0.196181
    0.311486
   -0.084212
   -0.403128
   -0.296140
    0.450182
    0.291492
    0.193951
    0.242755
    0.288425
   -0.095049
   -0.503926
   -0.394616
   -0.387281
   -0.388556
    0.145209
    0.236155
    0.324166
   -0.088536
   -0.472489
   -0.319492
   -0.293162
    0.065229
    0.295894
    0.285027
    0.193007
    0.246533
    0.292214
   -0.053862
   -0.427436
   -0.451760
   -0.440838
   -0.222665
    0.263537
    0.203901
    0.048065
   -0.426930
   -0.369333
    0.074602
    0.396573
    0.370515
    0.183489
    0.228123
    0.344649
   -0.053397
   -0.484948
   -0.422522
   -0.460698
   -0.280190
    0.304868
    0.229365
    0.134245
   -0.500397
   -0.368861
   -0.475102
   -0.429831
   -0.183728
    0.097223
    0.297555
    0.185111
    0.193703
    0.243189
   -0.024278
   -0.387461
   -0.400043
   -0.467879
    0.025147
    0.179642
    0.226765
   -0.359514
   -0.511683
   -0.512868
   -0.274701
    0.189774
    0.363422
    0.217851
    0.197907
    0.291731
   -0.043880
   -0.466933
   -0.413792
   -0.510368
    0.009627
    0.204571
    0.265981
   -0.456819
   -0.437754
   -0.342912
   -0.376293
   -0.476822
   -0.419321
   -0.107485
    0.224019
    0.207673
    0.169783
    0.245734
   -0.000922
   -0.338841
   -0.441605
   -0.296610
    0.140497
   -0.551674
   -0.512680
   -0.392904
   -0.386431
   -0.492622
   -0.503625
   -0.105694
    0.294946
    0.286642
    0.191350
    0.262586
    0.019029
   -0.420060
   -0.483361
   -0.315141
    0.167505
    0.267166
    0.045518
   -0.231723
   -0.435932
   -0.473352
   -0.387053
   -0.335983
   -0.426170
   -0.361854
   -0.051143
    0.221595
    0.203729
    0.193372
   -0.055294
   -0.352019
   -0.435822
    0.323687
    0.075405
   -0.267218
   -0.517656
   -0.512700
   -0.391202
   -0.336790
   -0.477512
   -0.497531
   -0.055771
    0.316710
    0.214306
    0.269611
   -0.034610
   -0.372313
   -0.488967
    0.254176
    0.270334
    0.274617
    0.363007
    0.263145
   -0.054270
   -0.302099
   -0.420348
   -0.399786
   -0.404119
   -0.442119
   -0.243976
    0.018796
    0.214753
    0.286672
   -0.363216
    0.172330
    0.249418
    0.325943
    0.458203
    0.294672
   -0.028722
   -0.372540
   -0.523074
   -0.465538
   -0.391154
   -0.440817
   -0.275937
    0.091822
    0.246551
    0.324255
   -0.372349
    0.341794
    0.370001
    0.349834
    0.311744
    0.245008
    0.275091
    0.311741
    0.323919
    0.212139
   -0.031359
   -0.263775
   -0.356098
   -0.448577
   -0.397604
   -0.333948
   -0.381191
    0.453779
    0.482646
    0.428719
    0.363419
    0.217906
    0.264886
    0.346215
    0.387020
    0.273783
   -0.024777
   -0.307720
   -0.444436
   -0.528428
   -0.445155
   -0.334827
   -0.425282
   -0.478591
   -0.400410
   -0.295800
   -0.200000
    0.027446
    0.158090
    0.301302
    0.351773
    0.320075
    0.297126
    0.304929
    0.296946
    0.201981
   -0.078197
   -0.386480
   -0.402712
   -0.607298
   -0.531452
   -0.385262
   -0.214752
    0.061679
    0.266112
    0.406423
    0.422674
    0.364490
    0.336749
    0.358068
    0.336032
    0.205546
   -0.085652
   -0.447548
   -0.419776
    0.048272
    0.265445
    0.278369
    0.220683
    0.218626
    0.250774
   -0.040957
   -0.404115
   -0.343221
   -0.434038
   -0.310927
    0.195190
    0.251954
    0.229243
   -0.346858
   -0.483368
    0.041226
    0.375008
    0.327373
    0.152098
    0.236540
    0.339941
    0.004450
   -0.475359
   -0.362906
   -0.462036
   -0.384560
    0.245393
    0.235027
    0.307451
   -0.364978
   -0.540379
   -0.491812
   -0.471462
   -0.225347
    0.103841
    0.356166
    0.177633
    0.214989
    0.278259
   -0.046956
   -0.396190
   -0.419000
   -0.476253
   -0.081049
    0.236825
    0.240456
   -0.184978
   -0.567471
   -0.534626
   -0.226861
    0.199772
    0.439192
    0.217889
    0.250422
    0.301848
   -0.035435
   -0.451582
   -0.418181
   -0.551479
   -0.099940
    0.247791
    0.301989
   -0.185936
   -0.461611
   -0.355562
   -0.416282
   -0.526384
   -0.407814
   -0.058732
    0.250234
    0.193538
    0.211891
    0.241321
   -0.074465
   -0.381409
   -0.425662
   -0.380379
    0.100740
    0.221195
   -0.479727
   -0.389647
   -0.456716
   -0.586403
   -0.500118
   -0.019962
    0.294311
    0.216909
    0.209435
    0.316319
   -0.069990
   -0.434546
   -0.451884
   -0.414178
    0.168527
    0.236274
   -0.033342
   -0.336879
   -0.476088
   -0.461598
   -0.358446
   -0.399477
   -0.507430
   -0.247824
    0.130793
    0.267504
    0.228130
    0.199359
   -0.072008
   -0.390702
   -0.458951
   -0.125295
   -0.039827
   -0.421956
   -0.576006
   -0.497607
   -0.376387
   -0.428026
   -0.553197
   -0.344201
    0.168914
    0.326216
    0.178569
    0.235258
   -0.089795
   -0.436327
   -0.500813
   -0.118623
    0.354707
    0.376237
    0.335835
    0.071370
   -0.212292
   -0.381179
   -0.451078
   -0.341313
   -0.418974
   -0.438330
   -0.121451
    0.144713
    0.223671
    0.224772
   -0.093162
   -0.436429
    0.374824
    0.426616
    0.422198
    0.119941
   -0.254499
   -0.490971
   -0.532091
   -0.395541
   -0.464208
   -0.467313
   -0.097947
    0.186460
    0.235777
    0.306772
   -0.109503
   -0.445606
    0.346514
    0.300431
    0.265404
    0.237164
    0.347308
    0.364204
    0.267726
   -0.038027
   -0.257013
   -0.393625
   -0.400213
   -0.449902
   -0.350774
    0.011310
    0.153822
   -0.402401
    0.434850
    0.318656
    0.280745
    0.231867
    0.386648
    0.485055
    0.341731
   -0.056207
   -0.383899
   -0.425117
   -0.426943
   -0.546406
   -0.344980
    0.034926
    0.198447
   -0.426515
   -0.208664
   -0.071707
    0.142444
    0.244262
    0.330682
    0.323847
    0.299872
    0.271339
    0.344531
    0.329768
    0.127833
   -0.086894
   -0.336102
   -0.411233
   -0.412485
   -0.414984
   -0.249531
   -0.041599
    0.180778
    0.380436
    0.423785
    0.390690
    0.329992
    0.286946
    0.357136
    0.377036
    0.172261
   -0.095826
   -0.366927
   -0.475928
   -0.465169
   -0.424702
   -0.374800
   -0.390831
   -0.452716
   -0.476252
   -0.487962
   -0.351489
   -0.172200
    0.048274
    0.200803
    0.289398
    0.327365
    0.312882
    0.397345
    0.166778
   -0.391358
   -0.435179
   -0.389125
   -0.462548
   -0.551009
   -0.585134
   -0.544694
   -0.413044
   -0.178382
    0.096004
    0.270507
    0.330288
    0.338925
    0.371293
    0.428064
    0.204237
   -0.407129
   -0.474625
   -0.496982
   -0.128320
    0.169985
    0.250900
    0.208067
    0.179604
    0.225607
   -0.101164
   -0.416145
   -0.389248
   -0.448282
   -0.108497
    0.254004
    0.264573
   -0.035379
   -0.499122
   -0.574520
   -0.153174
    0.211560
    0.341048
    0.205838
    0.201292
    0.328817
   -0.118781
   -0.477936
   -0.397343
   -0.544714
   -0.143140
    0.281291
    0.357648
   -0.002764
   -0.510994
   -0.376285
   -0.439871
   -0.508068
   -0.281531
    0.152613
    0.220875
    0.137597
    0.208182
    0.259511
   -0.105327
   -0.407097
   -0.432079
   -0.424568
    0.189804
    0.272143
    0.116639
   -0.383344
   -0.483246
   -0.601618
   -0.345671
    0.154921
    0.318539
    0.202511
    0.225895
    0.301695
   -0.131109
   -0.505446
   -0.454103
   -0.509223
    0.224915
    0.281450
    0.219353
   -0.445703
   -0.409409
   -0.402586
   -0.389350
   -0.507188
   -0.459008
   -0.088764
    0.225057
    0.197762
    0.160109
    0.234798
   -0.166122
   -0.390279
   -0.453914
   -0.096671
    0.239055
   -0.547573
   -0.509138
   -0.447673
   -0.403021
   -0.595671
   -0.510553
   -0.070387
    0.266374
    0.193373
    0.237590
    0.316975
   -0.174833
   -0.436943
   -0.506971
   -0.125275
    0.246834
    0.364497
    0.150522
   -0.197656
   -0.421093
   -0.459050
   -0.358945
   -0.424026
   -0.504236
   -0.252700
    0.155889
    0.214065
    0.187275
    0.158200
   -0.234040
   -0.456850
   -0.325822
    0.459087
    0.176727
   -0.194389
   -0.508824
   -0.529126
   -0.336046
   -0.460157
   -0.622033
   -0.330512
    0.232974
    0.267851
    0.232914
    0.225258
   -0.210600
   -0.477311
   -0.417031
    0.276332
    0.304551
    0.382869
    0.410009
    0.161365
   -0.115558
   -0.422774
   -0.461229
   -0.385833
   -0.398174
   -0.391997
   -0.062925
    0.151132
    0.248732
    0.092997
   -0.328479
    0.255019
    0.290624
    0.452575
    0.515780
    0.277947
   -0.099733
   -0.456068
   -0.503106
   -0.373304
   -0.465826
   -0.506010
   -0.101794
    0.152255
    0.326716
    0.157720
   -0.387861
    0.318396
    0.356101
    0.379564
    0.294380
    0.215234
    0.324525
    0.417514
    0.310206
    0.028586
   -0.260852
   -0.375216
   -0.481579
   -0.446902
   -0.166520
    0.055423
   -0.393401
    0.440077
    0.467607
    0.459501
    0.315917
    0.251023
    0.354000
    0.552502
    0.425493
    0.062807
   -0.315039
   -0.446904
   -0.555489
   -0.571630
   -0.201678
    0.045532
   -0.402140
   -0.521918
   -0.451349
   -0.314696
   -0.197282
    0.126539
    0.253206
    0.334936
    0.289701
    0.313305
    0.366142
    0.309022
    0.182419
   -0.115801
   -0.363766
   -0.498818
   -0.449058
   -0.633142
   -0.566388
   -0.387881
   -0.221507
    0.176090
    0.337948
    0.412101
    0.340532
    0.328349
    0.413526
    0.386096
    0.243511
   -0.115642
   -0.417269
   -0.547731
   -0.488754
   -0.341714
   -0.362185
   -0.391267
   -0.385429
   -0.476012
   -0.488821
   -0.482372
   -0.352398
   -0.138372
    0.102605
    0.233120
    0.228545
    0.426854
    0.344818
   -0.371669
   -0.462872
   -0.322940
   -0.315850
   -0.369602
   -0.428750
   -0.531369
   -0.604025
   -0.620262
   -0.449831
   -0.175490
    0.083216
    0.244589
    0.329865
    0.448777
    0.391486
   -0.384505
   -0.497966
   -0.476087
   -0.507001
   -0.327132
    0.068834
    0.232190
    0.166926
    0.167850
    0.249124
   -0.121334
   -0.392284
   -0.370607
   -0.461438
    0.041947
    0.245813
    0.355332
   -0.254175
   -0.511450
   -0.601403
   -0.368609
    0.124418
    0.311933
    0.113909
    0.179724
    0.335855
   -0.152104
   -0.448933
   -0.373312
   -0.553708
    0.123178
    0.238696
    0.407528
   -0.277422
   -0.403293
   -0.353140
   -0.340669
   -0.456928
   -0.402864
    0.024711
    0.223591
    0.135684
    0.226688
    0.248041
   -0.126361
   -0.370120
   -0.427753
   -0.189593
    0.256824
    0.279362
   -0.438599
   -0.348751
   -0.382196
   -0.597764
   -0.477278
    0.041583
    0.289304
    0.179188
    0.194042
    0.288629
   -0.180529
   -0.400246
   -0.490769
   -0.250500
    0.244008
    0.327520
    0.047743
   -0.256221
   -0.429994
   -0.401733
   -0.349601
   -0.437111
   -0.495350
   -0.142627
    0.182957
    0.168578
    0.208457
    0.193488
   -0.281201
   -0.416791
   -0.353508
    0.086292
    0.008241
   -0.314096
   -0.520290
   -0.437976
   -0.362931
   -0.518482
   -0.586642
   -0.150526
    0.253257
    0.186454
    0.272540
    0.281736
   -0.340281
   -0.434976
   -0.445383
    0.110500
    0.327543
    0.408099
    0.339407
    0.068886
   -0.276482
   -0.403976
   -0.395111
   -0.381865
   -0.460930
   -0.315824
    0.088286
    0.188775
    0.249914
    0.037016
   -0.329496
   -0.462735
    0.354941
    0.486440
    0.396997
    0.104216
   -0.365178
   -0.482589
   -0.351657
   -0.393042
   -0.557742
   -0.378450
    0.180534
    0.229886
    0.277738
    0.091483
   -0.350541
   -0.510562
    0.326535
    0.252757
    0.201027
    0.289732
    0.305124
    0.305606
    0.116630
   -0.293288
   -0.407783
   -0.386450
   -0.428851
   -0.412493
   -0.050495
    0.105497
    0.253804
   -0.244647
    0.408212
    0.284366
    0.194325
    0.289176
    0.387088
    0.426873
    0.159680
   -0.338302
   -0.480722
   -0.381862
   -0.491135
   -0.495630
   -0.048706
    0.131778
    0.325689
   -0.303464
   -0.234391
   -0.010755
    0.158040
    0.357080
    0.329078
    0.188395
    0.254753
    0.380175
    0.391404
    0.185898
   -0.157511
   -0.319617
   -0.417929
   -0.400367
   -0.145807
   -0.371892
   -0.288720
    0.037520
    0.252110
    0.423458
    0.347496
    0.200998
    0.222880
    0.426502
    0.485907
    0.241146
   -0.192234
   -0.325659
   -0.487170
   -0.463830
   -0.180026
   -0.423341
   -0.384310
   -0.433770
   -0.508232
   -0.501965
   -0.371085
   -0.189330
    0.049866
    0.270049
    0.309473
    0.291527
    0.303048
    0.290466
    0.173268
   -0.143936
   -0.382907
   -0.434129
   -0.397779
   -0.477839
   -0.558223
   -0.630155
   -0.475902
   -0.200970
    0.097486
    0.327885
    0.331892
    0.298468
    0.334151
    0.347199
    0.178626
   -0.148024
   -0.442182
   -0.480187
   -0.459242
   -0.453067
   -0.418967
   -0.398536
   -0.314807
   -0.357825
   -0.379958
   -0.448132
   -0.475882
   -0.350116
   -0.131417
   -0.001465
    0.209992
    0.379444
   -0.305970
   -0.431963
   -0.545270
   -0.494168
   -0.433879
   -0.384233
   -0.321013
   -0.354391
   -0.440862
   -0.543818
   -0.555472
   -0.401787
   -0.156545
    0.035332
    0.247657
    0.381080
   -0.315498
   -0.439464
   -0.341353
   -0.410334
   -0.501575
   -0.319237
   -0.005314
    0.247132
    0.127436
    0.256068
    0.229800
   -0.221236
   -0.412634
   -0.423496
   -0.289676
    0.226932
    0.307715
    0.095149
   -0.302302
   -0.423079
   -0.589736
   -0.414758
    0.040378
    0.246262
    0.094813
    0.308820
    0.290710
   -0.239370
   -0.389621
   -0.467667
   -0.328793
    0.242918
    0.293936
    0.117316
   -0.393958
   -0.436553
   -0.363062
   -0.404513
   -0.499472
   -0.349730
   -0.013307
    0.209680
    0.167233
    0.250548
    0.197727
   -0.271433
   -0.331033
   -0.413577
    0.066856
    0.226412
   -0.476259
   -0.516379
   -0.372573
   -0.394894
   -0.490435
   -0.457753
   -0.003572
    0.275814
    0.174250
    0.235262
    0.248846
   -0.347457
   -0.354511
   -0.519444
    0.096796
    0.179731
    0.450210
    0.200120
   -0.158039
   -0.344243
   -0.429333
   -0.386836
   -0.454324
   -0.494575
   -0.160295
    0.218075
    0.182332
    0.237944
    0.076566
   -0.360403
   -0.418698
   -0.172768
    0.538719
    0.289114
   -0.165050
   -0.433050
   -0.422002
   -0.372691
   -0.455113
   -0.539636
   -0.133727
    0.244845
    0.162814
    0.269907
    0.090035
   -0.356725
   -0.476315
   -0.193767
    0.178792
    0.224663
    0.350276
    0.351376
    0.182790
   -0.168970
   -0.398666
   -0.351811
   -0.339115
   -0.506551
   -0.246964
    0.168057
    0.198004
    0.166778
   -0.108820
   -0.406819
    0.167178
    0.224841
    0.371670
    0.479536
    0.243032
   -0.261776
   -0.420637
   -0.325220
   -0.342401
   -0.558231
   -0.255959
    0.178347
    0.210467
    0.215595
   -0.142421
   -0.423901
    0.253451
    0.349237
    0.325658
    0.237321
    0.243826
    0.315689
    0.365583
    0.182725
   -0.170016
   -0.429346
   -0.392443
   -0.453883
   -0.330842
   -0.041793
    0.194931
   -0.196397
    0.350776
    0.459934
    0.357571
    0.173398
    0.194070
    0.368871
    0.472956
    0.253990
   -0.198296
   -0.415222
   -0.376514
   -0.498755
   -0.340316
   -0.048513
    0.198813
   -0.198008
   -0.489909
   -0.429271
   -0.338111
   -0.077138
    0.181261
    0.299851
    0.252201
    0.236186
    0.320941
    0.388411
    0.207933
   -0.094835
   -0.296231
   -0.463459
   -0.360138
   -0.393884
   -0.638151
   -0.520650
   -0.363282
   -0.082278
    0.221041
    0.379997
    0.245756
    0.185857
    0.333163
    0.487835
    0.245746
   -0.099445
   -0.282441
   -0.516212
   -0.399852
   -0.449859
   -0.332791
   -0.321313
   -0.356274
   -0.377500
   -0.498335
   -0.458393
   -0.375343
   -0.096324
    0.132723
    0.216413
    0.266890
    0.321494
    0.293614
    0.089266
   -0.279191
   -0.425416
   -0.298175
   -0.284363
   -0.334654
   -0.415443
   -0.561572
   -0.572399
   -0.468276
   -0.146762
    0.134338
    0.246440
    0.316124
    0.374890
    0.336829
    0.155957
   -0.235432
   -0.446245
   -0.232592
   -0.345998
   -0.389682
   -0.423831
   -0.417696
   -0.374553
   -0.319900
   -0.340565
   -0.409658
   -0.459249
   -0.375616
   -0.235326
   -0.072961
    0.127873
   -0.422133
   -0.459723
   -0.288545
   -0.430237
   -0.472132
   -0.505624
   -0.437904
   -0.362931
   -0.278612
   -0.282711
   -0.400989
   -0.523678
   -0.489583
   -0.349620
   -0.075110
    0.064355
   -0.404365
   -0.434764
   -0.402120
   -0.343402
   -0.387039
   -0.499377
   -0.296835
    0.159473
    0.276818
    0.140622
    0.223589
    0.082819
   -0.376556
   -0.365755
   -0.498884
    0.122821
    0.203358
    0.269148
   -0.416395
   -0.316681
   -0.389642
   -0.575475
   -0.364039
    0.182987
    0.284696
    0.105698
    0.274256
    0.116461
   -0.411444
   -0.326111
   -0.557410
    0.172065
    0.232131
    0.333014
    0.018100
   -0.324958
   -0.445895
   -0.362663
   -0.389488
   -0.464225
   -0.322522
    0.093357
    0.226266
    0.217954
    0.240150
   -0.054394
   -0.355377
   -0.387872
   -0.148328
    0.220271
   -0.005104
   -0.423925
   -0.552583
   -0.391672
   -0.317621
   -0.565780
   -0.394441
    0.137812
    0.286640
    0.185274
    0.277583
   -0.061927
   -0.423829
   -0.435778
   -0.157895
    0.225300
    0.267420
    0.370699
    0.266523
   -0.040664
   -0.338537
   -0.454067
   -0.357388
   -0.465186
   -0.403567
   -0.011679
    0.194090
    0.170399
    0.284865
   -0.238607
   -0.405976
   -0.342395
    0.317243
    0.461112
    0.335569
   -0.082955
   -0.413106
   -0.459021
   -0.329807
   -0.458530
   -0.500226
   -0.006186
    0.229203
    0.167925
    0.320933
   -0.288290
   -0.435879
   -0.423910
    0.337832
    0.237427
    0.201532
    0.304777
    0.316920
    0.168029
   -0.193183
   -0.442085
   -0.337506
   -0.399509
   -0.417743
   -0.026842
    0.159940
    0.182021
    0.076724
   -0.366692
    0.370868
    0.219400
    0.190424
    0.323791
    0.432690
    0.261475
   -0.270876
   -0.486925
   -0.370262
   -0.370151
   -0.484117
   -0.058353
    0.167873
    0.200555
    0.071085
   -0.395487
   -0.134885
    0.150868
    0.333838
    0.335996
    0.329493
    0.258735
    0.272713
    0.336907
    0.110923
   -0.278064
   -0.409974
   -0.393571
   -0.428870
   -0.111269
    0.134163
   -0.169380
   -0.124607
    0.201123
    0.416447
    0.403017
    0.309855
    0.194164
    0.275164
    0.479975
    0.165505
   -0.290340
   -0.391236
   -0.361113
   -0.480634
   -0.091273
    0.118564
   -0.118224
   -0.418531
   -0.502141
   -0.467063
   -0.398676
   -0.138938
    0.166762
    0.329760
    0.300266
    0.241076
    0.289675
    0.345058
    0.019150
   -0.242399
   -0.426893
   -0.459484
   -0.412793
   -0.447683
   -0.572641
   -0.593293
   -0.513102
   -0.164648
    0.203219
    0.399225
    0.320330
    0.198895
    0.294297
    0.401859
    0.033629
   -0.233457
   -0.462693
   -0.504192
   -0.447274
   -0.460363
   -0.411376
   -0.359514
   -0.289121
   -0.346360
   -0.415099
   -0.520727
   -0.402075
   -0.154821
    0.068965
    0.238247
    0.341846
    0.339552
    0.202855
   -0.269955
   -0.444996
   -0.518546
   -0.430455
   -0.342863
   -0.277160
   -0.303761
   -0.445125
   -0.592510
   -0.528974
   -0.229203
    0.090113
    0.309538
    0.387699
    0.364113
    0.217311
   -0.246224
   -0.469930
    0.215158
    0.080147
   -0.078686
   -0.237390
   -0.385908
   -0.421293
   -0.425820
   -0.375803
   -0.332401
   -0.369788
   -0.394506
   -0.376174
   -0.213459
    0.040410
   -0.445513
   -0.467036
    0.302776
    0.089163
   -0.111827
   -0.304350
   -0.443992
   -0.509220
   -0.490107
   -0.354798
   -0.291276
   -0.389466
   -0.484010
   -0.466055
   -0.225095
   -0.006025
   -0.435830
   -0.443595
   -0.446335
   -0.511955
   -0.373975
   -0.404285
   -0.506150
   -0.247491
    0.218481
    0.245887
    0.142878
    0.259112
   -0.034541
   -0.387223
   -0.428823
   -0.070484
    0.290854
    0.281395
   -0.565610
   -0.582986
   -0.356342
   -0.373573
   -0.526489
   -0.323647
    0.280200
    0.341652
    0.122717
    0.302880
   -0.099324
   -0.461656
   -0.459997
   -0.082058
    0.402950
    0.332391
    0.374652
    0.090850
   -0.240529
   -0.372448
   -0.407699
   -0.362779
   -0.489563
   -0.243604
    0.165084
    0.255995
    0.145569
    0.169853
   -0.330212
   -0.383702
   -0.301776
    0.255190
    0.416052
    0.106291
   -0.340920
   -0.506714
   -0.462986
   -0.363229
   -0.478443
   -0.322920
    0.265542
    0.303293
    0.142073
    0.196443
   -0.407167
   -0.376282
   -0.357745
    0.363645
    0.168317
    0.248727
    0.393584
    0.243772
   -0.012217
   -0.400544
   -0.446616
   -0.336130
   -0.442597
   -0.284565
    0.164145
    0.203377
    0.212096
   -0.025556
   -0.423231
   -0.384338
    0.168141
    0.245729
    0.427427
    0.311522
   -0.079625
   -0.489348
   -0.555590
   -0.329348
   -0.466851
   -0.354428
    0.244586
    0.222324
    0.235152
   -0.075818
   -0.453728
   -0.433703
    0.359831
    0.387805
    0.288866
    0.209479
    0.263909
    0.308890
    0.178553
   -0.248334
   -0.464696
   -0.409155
   -0.366278
   -0.322914
    0.032995
    0.202521
    0.165421
   -0.253539
    0.507157
    0.528796
    0.367995
    0.230535
    0.281995
    0.379308
    0.197669
   -0.344583
   -0.563936
   -0.356486
   -0.376962
   -0.357296
    0.077343
    0.205718
    0.214013
   -0.334523
   -0.474750
   -0.336648
   -0.077507
    0.209500
    0.352556
    0.268870
    0.179147
    0.317150
    0.298989
    0.043649
   -0.310725
   -0.427845
   -0.432162
   -0.269196
    0.073678
   -0.242659
   -0.568019
   -0.401957
   -0.069310
    0.314558
    0.506209
    0.351133
    0.140928
    0.300032
    0.394665
    0.070011
   -0.379066
   -0.444304
   -0.463953
   -0.267773
    0.140875
   -0.227968
   -0.372853
   -0.315031
   -0.314204
   -0.422175
   -0.455924
   -0.249201
    0.078114
    0.321807
    0.309875
    0.257485
    0.301101
    0.227092
   -0.104162
   -0.312713
   -0.471753
   -0.437346
   -0.330606
   -0.283908
   -0.328229
   -0.458653
   -0.545960
   -0.311432
    0.153525
    0.438117
    0.419219
    0.229354
    0.278667
    0.223735
   -0.160162
   -0.362295
   -0.490347
   -0.383499
   -0.333919
   -0.409076
   -0.459314
   -0.477252
   -0.361465
   -0.361425
   -0.417616
   -0.485185
   -0.440006
   -0.222747
    0.065911
    0.246996
    0.320356
    0.308808
   -0.302005
   -0.392820
   -0.430380
   -0.509552
   -0.565561
   -0.584826
   -0.377202
   -0.322949
   -0.381222
   -0.520239
   -0.508915
   -0.236690
    0.110706
    0.305970
    0.400051
    0.332948
   -0.330534
   -0.396772
    0.377500
    0.362627
    0.292139
    0.199162
    0.000861
   -0.154260
   -0.348739
   -0.444782
   -0.420618
   -0.383141
   -0.413232
   -0.479740
   -0.391592
   -0.101386
   -0.446193
   -0.451130
    0.467660
    0.458690
    0.371081
    0.235533
   -0.009578
   -0.242769
   -0.476289
   -0.524929
   -0.469768
   -0.435488
   -0.445010
   -0.450215
   -0.379845
   -0.131940
   -0.447525
   -0.422026
   -0.037931
   -0.391296
   -0.469292
   -0.378517
   -0.405693
   -0.522310
   -0.214627
    0.255642
    0.214647
    0.210997
    0.173207
   -0.289686
   -0.374176
   -0.298527
    0.266474
    0.293618
   -0.099600
   -0.485929
   -0.515050
   -0.390094
   -0.379781
   -0.595932
   -0.253413
    0.307327
    0.243095
    0.258150
    0.236790
   -0.328655
   -0.401197
   -0.367050
    0.321825
    0.356478
    0.295823
    0.335466
    0.123380
   -0.207916
   -0.426973
   -0.402634
   -0.416411
   -0.485375
   -0.152567
    0.180058
    0.170677
    0.210663
   -0.029514
   -0.407303
   -0.391645
    0.047635
    0.360857
    0.408681
    0.186623
   -0.263678
   -0.525117
   -0.402530
   -0.406090
   -0.527688
   -0.188030
    0.278851
    0.181786
    0.242693
   -0.028612
   -0.439934
   -0.446960
    0.073645
    0.349834
    0.280689
    0.288667
    0.330857
    0.238398
   -0.091569
   -0.388615
   -0.396574
   -0.351910
   -0.428202
   -0.147113
    0.225891
    0.138270
    0.130863
   -0.287982
   -0.382466
    0.393966
    0.263504
    0.292236
    0.407749
    0.298874
   -0.159505
   -0.503068
   -0.440706
   -0.335238
   -0.506325
   -0.177109
    0.303023
    0.179032
    0.172750
   -0.332892
   -0.380159
   -0.041114
    0.246396
    0.388372
    0.328617
    0.257695
    0.235309
    0.351987
    0.156257
   -0.282295
   -0.432120
   -0.366023
   -0.398698
   -0.145759
    0.148712
    0.189802
   -0.039503
   -0.067765
    0.287454
    0.459758
    0.387168
    0.209011
    0.257322
    0.445976
    0.181720
   -0.346708
   -0.454154
   -0.371801
   -0.468464
   -0.135569
    0.194380
    0.228123
   -0.065962
   -0.409514
   -0.511508
   -0.467287
   -0.200560
    0.144519
    0.283846
    0.316169
    0.292425
    0.273882
    0.204068
   -0.082607
   -0.349719
   -0.426518
   -0.453729
   -0.068834
   -0.312841
   -0.475038
   -0.590865
   -0.555847
   -0.280061
    0.205481
    0.409428
    0.356763
    0.242581
    0.301133
    0.310500
   -0.071417
   -0.427759
   -0.463713
   -0.501747
   -0.048070
   -0.325214
   -0.449659
   -0.398522
   -0.347247
   -0.326097
   -0.426899
   -0.464430
   -0.355152
   -0.024530
    0.257465
    0.329819
    0.277566
    0.319071
    0.138689
   -0.172946
   -0.401983
   -0.463627
   -0.509573
   -0.399471
   -0.319607
   -0.301496
   -0.446248
   -0.557580
   -0.406006
    0.003706
    0.347181
    0.380052
    0.277945
    0.356693
    0.111697
   -0.225073
   -0.460173
   -0.432685
    0.050863
   -0.111483
   -0.257493
   -0.375510
   -0.501923
   -0.425526
   -0.360227
   -0.389248
   -0.473763
   -0.435845
   -0.223658
   -0.013205
    0.259842
    0.246511
   -0.339785
   -0.380747
    0.096184
   -0.118362
   -0.318467
   -0.469609
   -0.563568
   -0.458317
   -0.357210
   -0.377403
   -0.489304
   -0.488943
   -0.274507
   -0.018921
    0.288507
    0.297889
   -0.301526
   -0.429275
    0.269880
    0.310591
    0.350670
    0.370720
    0.309450
    0.214448
    0.039356
   -0.162470
   -0.292944
   -0.350666
   -0.402430
   -0.448901
   -0.493223
   -0.293765
   -0.436202
   -0.423876
    0.265464
    0.345785
    0.427723
    0.486690
    0.379191
    0.294472
    0.083618
   -0.183802
   -0.376221
   -0.428630
   -0.425075
   -0.429040
   -0.489919
   -0.401378
   -0.498212
   -0.437799
    0.344256
    0.079589
   -0.285617
   -0.456869
   -0.397663
   -0.459928
   -0.554954
   -0.222067
    0.203638
    0.199059
    0.268565
    0.073519
   -0.396060
   -0.437831
   -0.097192
    0.267939
    0.466566
    0.151939
   -0.300933
   -0.552611
   -0.486768
   -0.493538
   -0.646849
   -0.264706
    0.254202
    0.269154
    0.301927
    0.103973
   -0.405043
   -0.558906
   -0.195245
    0.344480
    0.303858
    0.290951
    0.335072
    0.161687
   -0.162060
   -0.423167
   -0.406245
   -0.443610
   -0.451629
   -0.165860
    0.200154
    0.197561
    0.250254
   -0.240060
   -0.473498
   -0.301975
    0.368805
    0.351711
    0.448745
    0.290235
   -0.183794
   -0.505740
   -0.477531
   -0.505599
   -0.622978
   -0.275842
    0.291728
    0.251289
    0.342726
   -0.286051
   -0.517431
   -0.402306
    0.321475
    0.374032
    0.313989
    0.307070
    0.356054
    0.250984
   -0.058589
   -0.380794
   -0.457263
   -0.444305
   -0.488203
   -0.055037
    0.214386
    0.234419
   -0.000232
   -0.409200
    0.386005
    0.445147
    0.343096
    0.324299
    0.422070
    0.360278
    0.039621
   -0.409915
   -0.496462
   -0.430906
   -0.581662
   -0.108603
    0.273828
    0.312645
    0.058561
   -0.431368
   -0.501784
   -0.285339
    0.005481
    0.283250
    0.325203
    0.313313
    0.291612
    0.325184
    0.133014
   -0.243951
   -0.435564
   -0.396430
   -0.409417
   -0.012994
    0.156060
    0.198836
   -0.664581
   -0.411661
   -0.056780
    0.294091
    0.360297
    0.292406
    0.303245
    0.422285
    0.219950
   -0.320745
   -0.519704
   -0.479237
   -0.537338
   -0.057202
    0.223817
    0.257563
   -0.403386
   -0.402929
   -0.484357
   -0.526000
   -0.363334
   -0.051701
    0.237881
    0.342533
    0.270128
    0.266212
    0.208775
   -0.064988
   -0.362576
   -0.514023
   -0.367316
   -0.391396
   -0.414848
   -0.427908
   -0.572448
   -0.649876
   -0.502984
   -0.040943
    0.264347
    0.349172
    0.285304
    0.308356
    0.299138
   -0.069946
   -0.409484
   -0.595087
   -0.421371
   -0.452603
   -0.381521
   -0.456469
   -0.474855
   -0.430186
   -0.349940
   -0.449504
   -0.542958
   -0.455740
   -0.157464
    0.123945
    0.269259
    0.267042
    0.299715
    0.028446
   -0.313310
   -0.425119
   -0.444905
   -0.542654
   -0.537248
   -0.443884
   -0.369810
   -0.484149
   -0.623155
   -0.588240
   -0.252168
    0.177966
    0.340952
    0.329905
    0.415080
    0.059099
   -0.384325
   -0.565613
    0.368021
    0.270889
    0.155754
    0.042957
   -0.200693
   -0.332846
   -0.383416
   -0.397709
   -0.417176
   -0.490754
   -0.482963
   -0.335305
    0.006764
    0.151494
   -0.289343
   -0.481555
    0.494646
    0.409485
    0.285483
    0.121150
   -0.212985
   -0.357907
   -0.420439
   -0.423244
   -0.444801
   -0.561531
   -0.586141
   -0.441801
   -0.057561
    0.137593
   -0.296365
   -0.533139
    0.270873
    0.219710
    0.252004
    0.275591
    0.340442
    0.373007
    0.370595
    0.248819
    0.072692
   -0.129697
   -0.305631
   -0.408157
   -0.527486
   -0.531961
   -0.456755
   -0.472226
    0.259621
    0.232281
    0.292359
    0.372691
    0.442335
    0.496854
    0.521716
    0.365577
    0.106596
   -0.135681
   -0.329013
   -0.434062
   -0.523709
   -0.611454
   -0.575981
   -0.559242
    0.281805
    0.264261
    0.033370
   -0.278367
   -0.401996
   -0.356225
   -0.443901
   -0.432928
   -0.035420
    0.176168
    0.167377
    0.224479
   -0.259540
   -0.384222
   -0.356679
    0.208784
    0.389955
    0.398273
    0.059273
   -0.347629
   -0.480244
   -0.340765
   -0.473246
   -0.504660
   -0.028157
    0.216651
    0.207014
    0.268228
   -0.296377
   -0.411886
   -0.407246
    0.215017
    0.321184
    0.254234
    0.257439
    0.268868
    0.120835
   -0.232680
   -0.377644
   -0.344083
   -0.430073
   -0.323095
    0.066097
    0.184416
    0.204815
   -0.058260
   -0.387444
   -0.395019
    0.315646
    0.244288
    0.271126
    0.335916
    0.175578
   -0.269063
   -0.455807
   -0.369309
   -0.513018
   -0.453180
    0.104757
    0.203109
    0.271256
   -0.030330
   -0.393748
   -0.429787
    0.008868
    0.250432
    0.300632
    0.260919
    0.248453
    0.239347
    0.194515
   -0.131466
   -0.392762
   -0.384275
   -0.473231
   -0.334554
    0.145497
    0.198123
    0.122806
   -0.347669
   -0.009513
    0.275218
    0.335113
    0.256258
    0.249446
    0.351754
    0.313259
   -0.140741
   -0.460969
   -0.384712
   -0.503613
   -0.388758
    0.172979
    0.237210
    0.180805
   -0.340189
   -0.459710
   -0.498170
   -0.362149
   -0.049242
    0.225640
    0.292120
    0.185616
    0.198424
    0.259360
   -0.004761
   -0.338076
   -0.420421
   -0.449530
   -0.131438
    0.118904
    0.205012
   -0.556267
   -0.606038
   -0.454067
   -0.097824
    0.289149
    0.340628
    0.188534
    0.249773
    0.343286
   -0.000107
   -0.382367
   -0.425608
   -0.510553
   -0.204481
    0.117165
    0.251870
   -0.403278
   -0.352138
   -0.327614
   -0.449856
   -0.477754
   -0.335747
   -0.070646
    0.219551
    0.263908
    0.216137
    0.264037
    0.124712
   -0.204924
   -0.373016
   -0.397600
   -0.378332
   -0.425775
   -0.343781
   -0.318884
   -0.442215
   -0.580796
   -0.424709
   -0.094743
    0.251681
    0.268343
    0.177352
    0.298005
    0.144475
   -0.252630
   -0.412163
   -0.486186
   -0.418810
   -0.055907
   -0.232772
   -0.350140
   -0.423377
   -0.390923
   -0.328912
   -0.386051
   -0.495939
   -0.419593
   -0.155224
    0.088130
    0.195570
    0.257939
    0.139843
   -0.207406
   -0.380408
    0.012029
   -0.227217
   -0.418698
   -0.460930
   -0.403975
   -0.344618
   -0.439621
   -0.583930
   -0.518717
   -0.189682
    0.130577
    0.235445
    0.307406
    0.195544
   -0.246298
   -0.478866
    0.320100
    0.299070
    0.332944
    0.284254
    0.127255
   -0.050006
   -0.230901
   -0.365445
   -0.387814
   -0.406999
   -0.445436
   -0.404383
   -0.173036
   -0.003766
   -0.315531
   -0.431355
    0.350887
    0.368490
    0.414012
    0.393997
    0.186319
   -0.052572
   -0.270510
   -0.369266
   -0.366255
   -0.415242
   -0.494250
   -0.472440
   -0.212873
   -0.020072
   -0.320808
   -0.476371
    0.305873
    0.266453
    0.259905
    0.242718
    0.202675
    0.242491
    0.298039
    0.304803
    0.250819
    0.093452
   -0.095740
   -0.222823
   -0.388813
   -0.447656
   -0.388417
   -0.437701
    0.329423
    0.260109
    0.216369
    0.244832
    0.256847
    0.267685
    0.356606
    0.396254
    0.308456
    0.107536
   -0.105886
   -0.217449
   -0.381298
   -0.472084
   -0.439408
   -0.469304
