0.049020
0.068627
0.001961
0.056863
0.013725
0.013725
0.005882
-0.013725
-0.056863
-0.052941
-0.107843
-0.088235
-0.143137
-0.135294
-0.158824
-0.170588
0.064706
0.060784
0.037255
0.025490
0.049020
0.021569
0.037255
0.025490
0.013725
0.049020
0.076471
0.021569
0.049020
0.025490
-0.033333
-0.052941
-0.296078
-0.217647
-0.080392
-0.017647
-0.005882
0.021569
0.037255
0.033333
0.029412
0.033333
0.041176
0.084314
0.064706
0.052941
0.005882
-0.001961
-0.111765
-0.331373
-0.378431
0.005882
0.307843
0.245098
-0.056863
-0.166667
-0.103922
-0.001961
-0.001961
-0.005882
0.025490
0.013725
0.033333
0.033333
0.311765
-0.096078
-0.339216
-0.350980
0.056863
0.303922
0.288235
-0.280392
-0.366667
0.252941
0.339216
-0.272549
-0.323529
0.201961
0.064706
-0.154902
0.256863
0.331373
-0.005882
-0.358824
-0.378431
0.190196
0.343137
0.190196
-0.354902
-0.182353
0.300000
0.088235
-0.374510
0.229412
0.233333
-0.354902
0.107843
0.339216
0.362745
0.005882
-0.327451
-0.327451
0.249020
0.327451
-0.056863
-0.358824
0.158824
0.331373
-0.354902
-0.068627
-0.115686
-0.382353
-0.335294
-0.068627
0.300000
0.311765
0.060784
-0.347059
-0.311765
0.303922
0.319608
-0.300000
-0.198039
-0.256863
-0.362745
-0.374510
-0.358824
-0.382353
-0.296078
-0.307843
-0.237255
0.260784
0.292157
0.123529
-0.358824
-0.225490
0.311765
-0.166667
-0.354902
-0.331373
-0.374510
-0.374510
-0.354902
-0.366667
0.237255
-0.135294
-0.347059
-0.339216
0.056863
0.272549
0.115686
-0.327451
-0.378431
-0.378431
-0.358824
-0.378431
-0.366667
-0.382353
-0.378431
-0.362745
0.221569
0.209804
0.162745
-0.241176
-0.374510
-0.052941
0.190196
-0.374510
-0.350980
-0.394118
-0.366667
-0.378431
-0.366667
-0.390196
-0.386275
-0.366667
-0.292157
0.029412
0.174510
0.225490
-0.021569
-0.354902
-0.437255
-0.378431
-0.358824
-0.390196
-0.366667
-0.366667
-0.374510
-0.382353
-0.378431
-0.366667
-0.307843
-0.358824
-0.284314
-0.005882
0.205882
-0.190196
-0.339216
-0.386275
-0.390196
-0.366667
-0.382353
-0.366667
-0.382353
-0.386275
-0.378431
-0.366667
0.280392
0.033333
-0.194118
-0.382353
-0.335294
-0.401961
-0.366667
-0.378431
-0.378431
-0.350980
-0.366667
-0.374510
-0.386275
-0.386275
-0.382353
-0.374510
0.264706
0.335294
0.335294
0.194118
-0.249020
-0.382353
-0.358824
-0.366667
-0.394118
-0.362745
-0.390196
-0.390196
-0.378431
-0.378431
-0.378431
-0.374510
-0.374510
-0.280392
-0.088235
0.139216
-0.358824
-0.378431
-0.362745
-0.374510
-0.382353
-0.382353
-0.386275
-0.386275
-0.382353
-0.386275
-0.382353
-0.378431
0.056863
0.041176
0.060784
0.025490
0.013725
0.037255
0.001961
0.013725
-0.029412
-0.076471
-0.123529
-0.084314
-0.154902
-0.103922
-0.150980
-0.174510
0.076471
0.025490
0.041176
0.041176
0.037255
0.021569
0.029412
0.033333
0.013725
0.041176
0.021569
0.025490
0.033333
0.033333
-0.029412
-0.005882
-0.249020
-0.221569
-0.150980
-0.076471
0.005882
0.001961
0.052941
0.041176
0.025490
0.056863
0.052941
0.041176
0.052941
0.052941
0.037255
-0.001961
0.280392
-0.264706
-0.354902
-0.339216
0.260784
0.292157
0.170588
-0.162745
-0.139216
-0.001961
-0.005882
0.021569
0.049020
0.029412
0.049020
0.025490
0.343137
0.272549
-0.276471
-0.358824
-0.311765
0.288235
0.307843
-0.005882
-0.374510
0.033333
0.288235
0.025490
-0.300000
0.111765
0.147059
-0.170588
0.319608
0.307843
0.331373
-0.256863
-0.335294
-0.186275
0.347059
0.339216
-0.268627
-0.335294
0.256863
0.300000
-0.358824
0.064706
0.354902
-0.350980
-0.249020
0.229412
0.347059
0.307843
-0.276471
-0.339216
-0.049020
0.307843
0.221569
-0.335294
-0.021569
0.362745
-0.245098
-0.256863
-0.174510
-0.374510
-0.339216
-0.319608
0.150980
0.327451
0.354902
-0.221569
-0.358824
0.084314
0.288235
-0.068627
-0.350980
-0.284314
-0.382353
-0.378431
-0.339216
-0.374510
-0.080392
-0.300000
-0.386275
0.005882
0.335294
0.311765
-0.256863
-0.331373
0.209804
-0.217647
-0.362745
-0.350980
-0.378431
-0.378431
-0.354902
-0.366667
0.221569
0.178431
-0.256863
-0.339216
-0.201961
0.256863
0.256863
-0.276471
-0.417647
-0.339216
-0.347059
-0.378431
-0.374510
-0.382353
-0.378431
-0.374510
0.139216
0.190196
0.245098
-0.001961
-0.311765
-0.296078
0.076471
-0.358824
-0.386275
-0.390196
-0.362745
-0.378431
-0.366667
-0.378431
-0.382353
-0.382353
-0.374510
-0.256863
0.111765
0.182353
0.194118
-0.182353
-0.405882
-0.350980
-0.366667
-0.382353
-0.374510
-0.374510
-0.378431
-0.374510
-0.378431
-0.382353
-0.194118
-0.296078
-0.386275
-0.221569
0.088235
-0.241176
-0.374510
-0.382353
-0.378431
-0.362745
-0.358824
-0.366667
-0.386275
-0.382353
-0.374510
-0.378431
0.315686
0.237255
-0.001961
-0.229412
-0.401961
-0.362745
-0.378431
-0.378431
-0.378431
-0.350980
-0.374510
-0.378431
-0.390196
-0.382353
-0.366667
-0.378431
0.076471
0.217647
0.300000
0.311765
-0.268627
-0.382353
-0.374510
-0.405882
-0.366667
-0.378431
-0.366667
-0.378431
-0.390196
-0.386275
-0.362745
-0.374510
-0.366667
-0.390196
-0.339216
-0.103922
-0.374510
-0.362745
-0.366667
-0.386275
-0.390196
-0.386275
-0.366667
-0.386275
-0.362745
-0.378431
-0.378431
-0.366667
0.041176
0.068627
0.049020
0.013725
0.029412
0.029412
-0.013725
-0.025490
-0.033333
-0.033333
-0.096078
-0.111765
-0.139216
-0.131373
-0.150980
-0.182353
0.068627
0.056863
0.025490
0.033333
0.052941
0.021569
0.033333
0.049020
0.076471
0.025490
0.005882
0.025490
0.052941
0.029412
-0.021569
-0.041176
0.150980
-0.241176
-0.158824
-0.072549
0.001961
0.029412
0.021569
0.037255
0.025490
0.013725
0.025490
0.005882
0.009804
0.037255
0.037255
0.021569
0.343137
0.143137
-0.327451
-0.366667
-0.127451
0.252941
0.201961
-0.025490
-0.111765
-0.056863
-0.017647
-0.025490
-0.005882
0.013725
0.033333
0.033333
0.307843
0.303922
0.131373
-0.358824
-0.362745
0.041176
0.311765
0.311765
-0.319608
-0.350980
0.260784
0.237255
-0.307843
-0.162745
0.143137
-0.158824
0.021569
0.311765
0.331373
0.096078
-0.350980
-0.362745
0.170588
0.331373
0.080392
-0.358824
0.056863
0.288235
-0.249020
-0.284314
0.362745
-0.182353
-0.350980
-0.103922
0.358824
0.315686
0.092157
-0.331373
-0.347059
0.284314
0.272549
-0.241176
-0.335294
0.327451
-0.029412
-0.362745
-0.209804
-0.366667
-0.323529
-0.319608
-0.237255
0.300000
0.327451
0.052941
-0.339216
-0.272549
0.292157
0.198039
-0.382353
-0.319608
-0.382353
-0.378431
-0.350980
-0.374510
0.198039
-0.166667
-0.311765
-0.303922
0.178431
0.280392
0.049020
-0.331373
-0.131373
-0.229412
-0.354902
-0.362745
-0.378431
-0.382353
-0.366667
-0.374510
0.217647
0.198039
0.068627
-0.296078
-0.350980
0.068627
0.292157
-0.060784
-0.374510
-0.350980
-0.366667
-0.378431
-0.374510
-0.382353
-0.382353
-0.378431
-0.190196
0.143137
0.166667
0.190196
-0.154902
-0.362745
-0.096078
-0.405882
-0.354902
-0.350980
-0.386275
-0.378431
-0.374510
-0.378431
-0.382353
-0.382353
-0.327451
-0.339216
-0.174510
0.150980
0.225490
0.013725
-0.374510
-0.374510
-0.362745
-0.374510
-0.382353
-0.374510
-0.382353
-0.378431
-0.378431
-0.382353
0.084314
-0.186275
-0.354902
-0.390196
-0.115686
-0.292157
-0.366667
-0.354902
-0.358824
-0.354902
-0.390196
-0.374510
-0.390196
-0.382353
-0.374510
-0.378431
0.303922
0.276471
0.205882
-0.025490
-0.350980
-0.358824
-0.374510
-0.350980
-0.386275
-0.366667
-0.362745
-0.378431
-0.390196
-0.386275
-0.366667
-0.378431
-0.272549
-0.025490
0.150980
0.260784
-0.229412
-0.378431
-0.394118
-0.382353
-0.386275
-0.378431
-0.382353
-0.382353
-0.378431
-0.382353
-0.374510
-0.374510
-0.264706
-0.354902
-0.433333
-0.303922
-0.378431
-0.374510
-0.374510
-0.382353
-0.374510
-0.394118
-0.394118
-0.378431
-0.378431
-0.382353
-0.390196
-0.339216
0.033333
0.052941
0.056863
0.013725
0.009804
-0.025490
0.029412
-0.005882
-0.013725
-0.052941
-0.107843
-0.115686
-0.100000
-0.143137
-0.103922
-0.190196
0.056863
0.056863
0.033333
0.049020
0.037255
0.033333
0.021569
0.001961
0.025490
0.037255
0.013725
0.001961
0.009804
0.037255
0.029412
-0.017647
0.237255
-0.021569
-0.084314
-0.017647
0.021569
0.037255
0.025490
0.037255
-0.001961
0.013725
0.021569
0.041176
0.009804
0.029412
0.037255
0.021569
0.307843
0.319608
-0.194118
-0.374510
-0.366667
0.143137
0.158824
0.088235
-0.080392
-0.033333
-0.013725
-0.001961
0.013725
0.033333
0.080392
0.033333
0.331373
0.307843
0.327451
-0.245098
-0.350980
-0.272549
0.276471
0.319608
-0.150980
-0.382353
0.201961
0.264706
-0.256863
-0.272549
0.119608
0.033333
-0.249020
0.276471
0.303922
0.300000
-0.264706
-0.354902
-0.096078
0.343137
0.256863
-0.335294
-0.190196
0.300000
0.025490
-0.382353
0.303922
0.178431
-0.339216
-0.276471
0.201961
0.303922
0.256863
-0.272549
-0.350980
0.068627
0.303922
-0.001961
-0.390196
0.256863
0.217647
-0.378431
-0.194118
-0.292157
-0.103922
-0.347059
-0.382353
0.111765
0.292157
0.284314
-0.307843
-0.358824
0.249020
0.300000
-0.327451
-0.307843
-0.374510
-0.366667
-0.339216
-0.362745
0.249020
0.088235
-0.307843
-0.366667
-0.001961
0.307843
0.264706
-0.323529
-0.296078
-0.150980
-0.382353
-0.358824
-0.374510
-0.378431
-0.362745
-0.366667
0.209804
0.194118
0.217647
-0.198039
-0.374510
-0.096078
0.276471
0.233333
-0.347059
-0.362745
-0.374510
-0.374510
-0.366667
-0.378431
-0.378431
-0.374510
-0.350980
-0.041176
0.217647
0.229412
0.037255
-0.335294
-0.252941
-0.390196
-0.394118
-0.378431
-0.378431
-0.378431
-0.374510
-0.378431
-0.382353
-0.382353
-0.331373
-0.347059
-0.323529
0.013725
0.245098
0.174510
-0.339216
-0.386275
-0.394118
-0.386275
-0.378431
-0.374510
-0.382353
-0.378431
-0.378431
-0.382353
0.229412
0.005882
-0.241176
-0.374510
-0.245098
-0.292157
-0.362745
-0.366667
-0.382353
-0.358824
-0.362745
-0.378431
-0.394118
-0.386275
-0.378431
-0.382353
0.252941
0.237255
0.272549
0.103922
-0.209804
-0.354902
-0.401961
-0.382353
-0.386275
-0.390196
-0.378431
-0.382353
-0.394118
-0.390196
-0.374510
-0.382353
-0.409804
-0.217647
-0.025490
0.170588
-0.198039
-0.358824
-0.362745
-0.366667
-0.366667
-0.378431
-0.386275
-0.390196
-0.386275
-0.390196
-0.382353
-0.382353
-0.111765
-0.241176
-0.350980
-0.382353
-0.366667
-0.362745
-0.386275
-0.374510
-0.386275
-0.378431
-0.394118
-0.378431
-0.374510
-0.382353
-0.378431
-0.358824
0.005882
0.037255
0.033333
0.021569
0.009804
0.013725
-0.001961
-0.033333
-0.025490
-0.005882
-0.096078
-0.131373
-0.143137
-0.111765
-0.111765
-0.143137
0.005882
0.033333
0.009804
0.037255
0.041176
0.009804
0.009804
0.005882
0.029412
0.005882
0.001961
0.056863
0.013725
0.029412
0.029412
-0.029412
0.225490
0.131373
-0.080392
-0.068627
0.033333
0.021569
0.037255
0.029412
0.033333
0.029412
0.021569
0.009804
-0.021569
0.021569
0.009804
0.029412
0.252941
0.303922
0.233333
-0.327451
-0.382353
-0.143137
0.166667
0.096078
-0.060784
-0.033333
0.005882
-0.005882
0.021569
0.049020
0.076471
0.041176
-0.045098
0.354902
0.311765
0.115686
-0.354902
-0.362745
0.103922
0.315686
0.166667
-0.358824
-0.162745
0.276471
-0.045098
-0.241176
0.068627
0.096078
-0.358824
-0.103922
0.331373
0.303922
0.076471
-0.374510
-0.323529
0.264706
0.315686
-0.174510
-0.354902
0.288235
0.260784
-0.386275
0.084314
0.315686
-0.335294
-0.362745
-0.166667
0.319608
0.331373
-0.017647
-0.350980
-0.264706
0.311765
0.280392
-0.382353
0.013725
0.260784
-0.354902
-0.284314
-0.284314
0.162745
-0.229412
-0.339216
-0.209804
0.315686
0.327451
-0.111765
-0.350980
0.025490
0.327451
-0.111765
-0.311765
-0.386275
-0.378431
-0.335294
-0.358824
0.182353
0.252941
-0.111765
-0.323529
-0.276471
0.256863
0.339216
-0.131373
-0.347059
-0.217647
-0.401961
-0.362745
-0.366667
-0.374510
-0.366667
-0.374510
-0.072549
0.194118
0.198039
0.107843
-0.307843
-0.335294
0.205882
0.233333
-0.374510
-0.335294
-0.382353
-0.366667
-0.354902
-0.366667
-0.382353
-0.382353
-0.358824
-0.319608
0.056863
0.201961
0.182353
-0.190196
-0.350980
-0.405882
-0.362745
-0.374510
-0.362745
-0.366667
-0.374510
-0.378431
-0.378431
-0.378431
-0.158824
-0.354902
-0.382353
-0.245098
0.080392
0.264706
-0.350980
-0.401961
-0.366667
-0.382353
-0.394118
-0.374510
-0.390196
-0.386275
-0.374510
-0.378431
0.198039
0.201961
-0.041176
-0.319608
-0.386275
-0.350980
-0.366667
-0.366667
-0.366667
-0.362745
-0.405882
-0.390196
-0.401961
-0.386275
-0.386275
-0.386275
-0.033333
0.166667
0.249020
0.245098
-0.017647
-0.358824
-0.374510
-0.362745
-0.382353
-0.378431
-0.382353
-0.390196
-0.390196
-0.386275
-0.378431
-0.386275
-0.335294
-0.386275
-0.241176
-0.029412
-0.292157
-0.366667
-0.347059
-0.358824
-0.362745
-0.378431
-0.378431
-0.378431
-0.386275
-0.390196
-0.378431
-0.378431
0.150980
0.009804
-0.123529
-0.366667
-0.382353
-0.366667
-0.390196
-0.382353
-0.382353
-0.362745
-0.394118
-0.382353
-0.366667
-0.386275
-0.378431
-0.362745
0.009804
0.005882
0.033333
0.052941
0.009804
0.029412
0.021569
-0.025490
-0.052941
-0.056863
-0.088235
-0.123529
-0.154902
-0.139216
-0.088235
-0.084314
0.025490
0.056863
0.037255
0.013725
0.064706
0.029412
0.021569
-0.001961
0.005882
0.009804
0.025490
0.001961
-0.017647
-0.001961
0.033333
0.005882
0.198039
0.119608
0.029412
-0.017647
0.029412
0.037255
0.029412
0.060784
0.056863
0.060784
0.064706
0.021569
0.025490
-0.021569
0.041176
0.052941
0.288235
0.339216
0.354902
-0.143137
-0.331373
-0.319608
0.111765
0.131373
0.009804
-0.045098
0.001961
0.029412
0.052941
0.025490
0.060784
0.013725
-0.311765
0.272549
0.343137
0.319608
-0.201961
-0.347059
-0.245098
0.311765
0.315686
-0.300000
-0.382353
0.280392
0.194118
-0.276471
-0.143137
0.092157
-0.323529
-0.350980
0.201961
0.303922
0.303922
-0.272549
-0.358824
0.037255
0.307843
0.123529
-0.374510
0.103922
0.307843
-0.307843
-0.150980
0.339216
-0.111765
-0.335294
-0.374510
0.190196
0.319608
0.260784
-0.303922
-0.347059
0.256863
0.335294
-0.296078
-0.256863
0.343137
-0.245098
-0.378431
-0.264706
0.260784
0.060784
-0.319608
-0.378431
0.084314
0.292157
0.217647
-0.350980
-0.280392
0.339216
0.088235
-0.366667
-0.366667
-0.366667
-0.366667
-0.366667
0.221569
0.217647
0.209804
-0.280392
-0.362745
0.060784
0.331373
0.205882
-0.350980
-0.229412
-0.437255
-0.374510
-0.374510
-0.374510
-0.374510
-0.374510
-0.276471
0.147059
0.225490
0.229412
-0.139216
-0.362745
-0.001961
0.327451
-0.323529
-0.335294
-0.366667
-0.374510
-0.374510
-0.374510
-0.374510
-0.374510
-0.347059
-0.382353
-0.170588
0.217647
0.209804
0.013725
-0.339216
-0.378431
-0.374510
-0.378431
-0.374510
-0.378431
-0.378431
-0.378431
-0.378431
-0.378431
0.103922
-0.225490
-0.366667
-0.354902
-0.056863
0.201961
-0.339216
-0.347059
-0.386275
-0.366667
-0.362745
-0.378431
-0.378431
-0.378431
-0.378431
-0.378431
0.201961
0.217647
0.147059
-0.182353
-0.350980
-0.362745
-0.378431
-0.354902
-0.390196
-0.382353
-0.382353
-0.382353
-0.382353
-0.382353
-0.382353
-0.382353
-0.229412
0.021569
0.178431
0.260784
0.147059
-0.362745
-0.378431
-0.386275
-0.378431
-0.350980
-0.382353
-0.382353
-0.382353
-0.382353
-0.382353
-0.382353
-0.331373
-0.374510
-0.378431
-0.237255
-0.256863
-0.374510
-0.366667
-0.366667
-0.362745
-0.378431
-0.362745
-0.386275
-0.386275
-0.386275
-0.386275
-0.386275
0.319608
0.182353
0.049020
-0.143137
-0.378431
-0.366667
-0.358824
-0.374510
-0.366667
-0.382353
-0.362745
-0.390196
-0.390196
-0.366667
-0.382353
-0.378431
-0.013725
0.005882
0.021569
0.025490
0.009804
0.025490
-0.021569
-0.025490
-0.060784
-0.056863
-0.096078
-0.182353
-0.162745
-0.170588
-0.084314
-0.056863
0.029412
0.052941
0.052941
0.049020
0.068627
0.001961
0.052941
0.001961
-0.017647
0.029412
0.021569
0.025490
0.005882
0.001961
0.033333
0.001961
0.205882
0.115686
0.060784
0.001961
0.025490
0.049020
0.029412
0.060784
0.068627
0.041176
0.052941
0.021569
0.021569
0.013725
0.009804
0.021569
-0.111765
0.335294
0.319608
0.225490
-0.331373
-0.292157
-0.158824
0.080392
0.049020
0.005882
0.029412
0.033333
0.056863
0.037255
0.001961
0.029412
-0.331373
-0.123529
0.335294
0.284314
0.135294
-0.347059
-0.354902
0.264706
0.339216
-0.021569
-0.350980
0.049020
0.174510
-0.194118
-0.190196
0.060784
-0.335294
-0.323529
-0.190196
0.335294
0.300000
0.009804
-0.366667
-0.268627
0.303922
0.292157
-0.335294
-0.268627
0.303922
-0.115686
-0.335294
0.319608
0.252941
-0.264706
-0.335294
-0.186275
0.327451
0.327451
-0.127451
-0.335294
-0.033333
0.307843
-0.001961
-0.358824
0.260784
-0.025490
-0.374510
-0.249020
0.245098
0.249020
-0.115686
-0.335294
-0.182353
0.339216
0.358824
-0.229412
-0.362745
0.190196
0.245098
-0.366667
-0.366667
-0.366667
-0.366667
-0.366667
0.092157
0.209804
0.276471
-0.041176
-0.331373
-0.237255
0.307843
0.311765
-0.296078
-0.335294
-0.413725
-0.374510
-0.374510
-0.374510
-0.374510
-0.374510
-0.374510
-0.198039
0.205882
0.225490
0.084314
-0.331373
-0.249020
0.256863
-0.319608
-0.350980
-0.374510
-0.374510
-0.374510
-0.374510
-0.374510
-0.374510
-0.323529
-0.347059
-0.390196
0.005882
0.190196
0.233333
-0.256863
-0.394118
-0.347059
-0.362745
-0.354902
-0.378431
-0.378431
-0.378431
-0.378431
-0.378431
0.245098
0.009804
-0.272549
-0.378431
-0.252941
0.139216
-0.303922
-0.350980
-0.378431
-0.366667
-0.366667
-0.378431
-0.378431
-0.378431
-0.378431
-0.378431
0.205882
0.190196
0.237255
0.005882
-0.280392
-0.386275
-0.362745
-0.362745
-0.405882
-0.382353
-0.386275
-0.382353
-0.382353
-0.382353
-0.382353
-0.382353
-0.366667
-0.225490
0.033333
0.201961
0.272549
-0.347059
-0.378431
-0.347059
-0.390196
-0.358824
-0.378431
-0.382353
-0.382353
-0.382353
-0.382353
-0.382353
-0.198039
-0.300000
-0.394118
-0.339216
-0.280392
-0.354902
-0.382353
-0.378431
-0.374510
-0.362745
-0.378431
-0.386275
-0.386275
-0.386275
-0.386275
-0.386275
0.311765
0.311765
0.217647
-0.025490
-0.350980
-0.378431
-0.374510
-0.386275
-0.374510
-0.394118
-0.382353
-0.374510
-0.378431
-0.354902
-0.386275
-0.386275
0.025490
-0.005882
0.029412
0.033333
0.001961
0.009804
0.021569
0.005882
-0.049020
-0.052941
-0.084314
-0.135294
-0.123529
-0.154902
-0.100000
-0.096078
0.029412
0.060784
0.037255
0.052941
0.041176
0.041176
0.009804
0.025490
0.037255
0.064706
0.049020
0.056863
-0.013725
-0.017647
0.013725
0.033333
0.029412
0.170588
0.096078
0.037255
0.033333
0.025490
0.088235
0.041176
0.080392
0.049020
0.041176
0.021569
0.056863
0.025490
0.021569
0.021569
-0.386275
0.158824
0.343137
0.331373
-0.096078
-0.323529
-0.268627
0.049020
0.056863
0.001961
-0.045098
0.001961
0.037255
0.025490
0.009804
0.033333
-0.331373
-0.362745
0.150980
0.303922
0.315686
-0.229412
-0.339216
-0.107843
0.347059
0.260784
-0.339216
-0.170588
0.272549
-0.001961
-0.272549
0.119608
-0.052941
-0.347059
-0.378431
0.107843
0.280392
0.276471
-0.331373
-0.354902
0.162745
0.319608
-0.127451
-0.374510
0.280392
0.166667
-0.350980
0.292157
0.315686
0.111765
-0.354902
-0.331373
0.080392
0.288235
0.229412
-0.323529
-0.327451
0.331373
0.249020
-0.358824
0.033333
0.009804
-0.362745
-0.347059
0.272549
0.225490
0.190196
-0.323529
-0.362745
0.084314
0.331373
0.107843
-0.347059
-0.084314
0.174510
-0.366667
-0.366667
-0.366667
-0.366667
-0.366667
-0.249020
0.178431
0.205882
0.221569
-0.252941
-0.354902
0.119608
0.311765
-0.033333
-0.331373
-0.394118
-0.374510
-0.374510
-0.374510
-0.374510
-0.374510
-0.335294
-0.374510
-0.072549
0.229412
0.245098
-0.111765
-0.374510
0.037255
-0.390196
-0.378431
-0.394118
-0.374510
-0.374510
-0.374510
-0.374510
-0.374510
-0.025490
-0.311765
-0.347059
-0.307843
0.115686
0.225490
-0.111765
-0.362745
-0.366667
-0.366667
-0.358824
-0.378431
-0.378431
-0.378431
-0.378431
-0.378431
0.182353
0.201961
-0.025490
-0.303922
-0.386275
-0.080392
-0.382353
-0.390196
-0.366667
-0.394118
-0.354902
-0.378431
-0.378431
-0.378431
-0.378431
-0.378431
-0.111765
0.147059
0.221569
0.217647
-0.033333
-0.358824
-0.386275
-0.366667
-0.386275
-0.354902
-0.386275
-0.382353
-0.382353
-0.382353
-0.382353
-0.382353
-0.331373
-0.374510
-0.268627
0.013725
0.131373
-0.374510
-0.378431
-0.382353
-0.394118
-0.366667
-0.386275
-0.382353
-0.382353
-0.382353
-0.382353
-0.382353
0.162745
-0.041176
-0.241176
-0.358824
-0.405882
-0.374510
-0.354902
-0.386275
-0.362745
-0.378431
-0.382353
-0.378431
-0.382353
-0.366667
-0.386275
-0.386275
0.284314
0.315686
0.358824
0.201961
-0.350980
-0.394118
-0.382353
-0.401961
-0.366667
-0.366667
-0.374510
-0.378431
-0.358824
-0.382353
-0.382353
-0.362745
0.033333
0.025490
0.029412
-0.013725
0.013725
0.009804
0.009804
-0.005882
-0.056863
-0.056863
-0.060784
-0.080392
-0.127451
-0.174510
-0.139216
-0.127451
0.049020
0.033333
0.060784
0.041176
0.013725
0.064706
0.056863
0.009804
0.029412
0.005882
0.001961
0.056863
0.001961
-0.013725
-0.005882
0.001961
-0.307843
0.064706
0.088235
0.025490
0.033333
0.041176
0.056863
0.025490
0.092157
0.041176
0.033333
0.021569
0.009804
0.037255
0.009804
0.076471
-0.374510
-0.307843
0.315686
0.354902
0.205882
-0.284314
-0.264706
-0.056863
0.060784
0.001961
-0.021569
-0.013725
0.025490
0.056863
-0.021569
0.033333
-0.311765
-0.303922
-0.256863
0.288235
0.292157
0.092157
-0.319608
-0.347059
0.303922
0.362745
-0.252941
-0.354902
0.260784
0.135294
-0.303922
-0.072549
0.237255
-0.272549
-0.331373
-0.213725
0.343137
0.311765
-0.045098
-0.354902
-0.115686
0.319608
0.139216
-0.350980
0.178431
0.303922
-0.331373
-0.045098
0.307843
0.292157
-0.162745
-0.347059
-0.190196
0.331373
0.307843
-0.225490
-0.362745
0.190196
0.284314
-0.276471
-0.162745
0.037255
-0.358824
-0.374510
0.198039
0.311765
0.315686
-0.111765
-0.327451
-0.194118
0.311765
0.319608
-0.339216
-0.296078
0.198039
-0.362745
-0.362745
-0.374510
-0.374510
-0.374510
-0.386275
-0.084314
0.252941
0.280392
0.009804
-0.354902
-0.186275
0.319608
0.237255
-0.362745
-0.378431
-0.366667
-0.366667
-0.378431
-0.378431
-0.378431
-0.354902
-0.354902
-0.311765
0.166667
0.233333
0.111765
-0.327451
-0.158824
-0.374510
-0.366667
-0.390196
-0.366667
-0.366667
-0.378431
-0.378431
-0.378431
0.221569
-0.127451
-0.327451
-0.347059
-0.076471
0.217647
0.111765
-0.335294
-0.378431
-0.362745
-0.358824
-0.374510
-0.374510
-0.382353
-0.382353
-0.382353
0.201961
0.198039
0.162745
-0.170588
-0.358824
-0.268627
-0.417647
-0.382353
-0.339216
-0.394118
-0.378431
-0.374510
-0.374510
-0.382353
-0.382353
-0.382353
-0.350980
-0.049020
0.147059
0.256863
0.103922
-0.323529
-0.350980
-0.382353
-0.386275
-0.374510
-0.362745
-0.378431
-0.378431
-0.386275
-0.386275
-0.386275
-0.323529
-0.390196
-0.390196
-0.131373
0.056863
-0.382353
-0.366667
-0.390196
-0.386275
-0.378431
-0.386275
-0.378431
-0.378431
-0.386275
-0.386275
-0.386275
0.303922
0.170588
-0.056863
-0.296078
-0.405882
-0.390196
-0.362745
-0.354902
-0.374510
-0.382353
-0.374510
-0.374510
-0.378431
-0.374510
-0.390196
-0.390196
0.178431
0.252941
0.339216
0.339216
-0.339216
-0.413725
-0.374510
-0.386275
-0.362745
-0.378431
-0.358824
-0.382353
-0.362745
-0.378431
-0.378431
-0.354902
0.025490
0.029412
0.021569
0.041176
0.029412
0.005882
0.037255
-0.001961
-0.041176
-0.060784
-0.076471
-0.060784
-0.096078
-0.127451
-0.131373
-0.107843
0.068627
0.029412
0.068627
0.033333
0.052941
0.041176
0.068627
0.009804
0.001961
-0.005882
0.009804
0.013725
0.013725
0.033333
0.005882
0.005882
-0.300000
-0.209804
0.060784
0.049020
0.049020
0.056863
0.056863
0.060784
0.049020
0.088235
0.037255
0.029412
0.005882
0.001961
0.025490
0.029412
-0.362745
-0.378431
-0.049020
0.292157
0.331373
-0.060784
-0.292157
-0.256863
0.080392
0.056863
-0.029412
-0.013725
0.049020
0.037255
0.013725
0.033333
0.056863
-0.362745
-0.339216
0.021569
0.307843
0.335294
-0.221569
-0.354902
-0.049020
0.319608
0.119608
-0.366667
0.049020
0.225490
-0.268627
-0.225490
0.315686
0.150980
-0.350980
-0.358824
0.049020
0.315686
0.272549
-0.311765
-0.347059
0.233333
0.280392
-0.300000
-0.225490
0.292157
-0.158824
-0.331373
0.347059
0.292157
0.217647
-0.296078
-0.331373
0.147059
0.327451
0.158824
-0.327451
-0.213725
0.315686
0.025490
-0.358824
-0.017647
-0.354902
-0.374510
-0.166667
0.237255
0.300000
0.264706
-0.276471
-0.350980
0.158824
0.327451
-0.021569
-0.358824
0.060784
-0.217647
-0.390196
-0.327451
-0.354902
-0.374510
-0.339216
-0.362745
0.088235
0.272549
0.311765
-0.213725
-0.354902
0.198039
0.335294
-0.323529
-0.354902
-0.378431
-0.366667
-0.374510
-0.382353
-0.378431
-0.123529
-0.335294
-0.362745
-0.170588
0.221569
0.252941
-0.162745
-0.335294
-0.350980
-0.378431
-0.362745
-0.335294
-0.366667
-0.390196
-0.378431
-0.366667
0.205882
0.182353
-0.229412
-0.350980
-0.311765
0.092157
0.217647
-0.362745
-0.335294
-0.358824
-0.374510
-0.378431
-0.386275
-0.382353
-0.378431
-0.382353
0.092157
0.205882
0.237255
0.064706
-0.252941
-0.386275
-0.390196
-0.362745
-0.362745
-0.382353
-0.374510
-0.394118
-0.382353
-0.378431
-0.386275
-0.401961
-0.366667
-0.347059
-0.017647
0.158824
0.233333
-0.264706
-0.347059
-0.366667
-0.378431
-0.358824
-0.366667
-0.354902
-0.378431
-0.386275
-0.382353
-0.382353
-0.107843
-0.276471
-0.386275
-0.347059
-0.131373
-0.366667
-0.358824
-0.378431
-0.378431
-0.366667
-0.394118
-0.358824
-0.382353
-0.394118
-0.378431
-0.366667
0.327451
0.311765
0.166667
-0.060784
-0.335294
-0.390196
-0.374510
-0.394118
-0.374510
-0.378431
-0.354902
-0.366667
-0.386275
-0.394118
-0.394118
-0.394118
-0.123529
0.052941
0.194118
0.374510
-0.311765
-0.378431
-0.374510
-0.390196
-0.358824
-0.366667
-0.378431
-0.386275
-0.382353
-0.366667
-0.358824
-0.362745
0.025490
0.029412
0.033333
0.021569
0.013725
0.013725
0.029412
0.005882
-0.025490
-0.049020
-0.056863
-0.060784
-0.096078
-0.135294
-0.162745
-0.158824
0.029412
0.037255
0.021569
0.049020
0.033333
0.056863
0.005882
0.021569
0.037255
0.025490
0.013725
0.021569
0.033333
0.029412
0.025490
0.009804
-0.319608
-0.256863
-0.029412
0.037255
0.009804
0.060784
0.049020
0.056863
0.041176
0.041176
0.056863
0.049020
0.025490
0.009804
0.009804
-0.005882
-0.241176
-0.311765
-0.347059
0.260784
0.303922
0.272549
-0.272549
-0.252941
-0.049020
0.037255
-0.005882
-0.041176
0.025490
0.029412
0.005882
0.041176
0.303922
-0.166667
-0.331373
-0.339216
0.272549
0.288235
0.143137
-0.347059
-0.292157
0.264706
0.280392
-0.327451
-0.213725
0.272549
-0.033333
-0.284314
0.331373
0.319608
-0.088235
-0.311765
-0.284314
0.315686
0.331373
-0.139216
-0.386275
-0.017647
0.272549
-0.080392
-0.362745
0.264706
0.119608
-0.378431
0.229412
0.343137
0.347059
-0.029412
-0.327451
-0.194118
0.319608
0.288235
-0.300000
-0.366667
0.252941
0.292157
-0.362745
-0.049020
-0.245098
-0.358824
-0.358824
0.025490
0.292157
0.311765
0.049020
-0.347059
-0.174510
0.249020
0.162745
-0.362745
-0.123529
-0.296078
-0.378431
-0.347059
-0.362745
-0.374510
-0.323529
-0.366667
-0.237255
0.260784
0.280392
0.080392
-0.327451
-0.107843
0.252941
-0.300000
-0.350980
-0.354902
-0.362745
-0.378431
-0.378431
-0.366667
0.166667
-0.237255
-0.323529
-0.350980
0.068627
0.225490
0.088235
-0.350980
-0.382353
-0.382353
-0.382353
-0.354902
-0.374510
-0.382353
-0.374510
-0.374510
0.225490
0.217647
0.084314
-0.280392
-0.358824
-0.139216
0.103922
-0.378431
-0.366667
-0.390196
-0.354902
-0.382353
-0.382353
-0.378431
-0.378431
-0.386275
-0.201961
0.147059
0.182353
0.198039
-0.080392
-0.327451
-0.441176
-0.366667
-0.358824
-0.378431
-0.390196
-0.374510
-0.378431
-0.378431
-0.382353
-0.386275
-0.347059
-0.366667
-0.272549
0.013725
0.194118
-0.201961
-0.350980
-0.394118
-0.366667
-0.362745
-0.390196
-0.354902
-0.378431
-0.386275
-0.378431
-0.374510
0.190196
-0.076471
-0.272549
-0.382353
-0.319608
-0.374510
-0.358824
-0.405882
-0.386275
-0.354902
-0.405882
-0.358824
-0.382353
-0.390196
-0.382353
-0.378431
0.272549
0.358824
0.300000
0.166667
-0.245098
-0.394118
-0.374510
-0.386275
-0.386275
-0.386275
-0.378431
-0.374510
-0.382353
-0.378431
-0.374510
-0.378431
-0.339216
-0.209804
-0.060784
0.158824
-0.335294
-0.386275
-0.374510
-0.390196
-0.350980
-0.374510
-0.401961
-0.390196
-0.347059
-0.362745
-0.382353
-0.386275
0.049020
0.052941
0.052941
0.049020
0.033333
0.033333
0.009804
0.029412
0.029412
-0.068627
-0.084314
-0.100000
-0.115686
-0.139216
-0.115686
-0.131373
0.064706
0.037255
0.025490
0.056863
0.056863
0.060784
0.029412
0.021569
0.025490
0.001961
0.033333
0.041176
0.013725
0.041176
0.029412
-0.013725
-0.303922
-0.245098
-0.166667
0.029412
-0.005882
-0.017647
0.033333
0.068627
0.029412
0.060784
0.041176
0.009804
0.056863
0.052941
0.029412
0.001961
0.103922
-0.335294
-0.354902
0.001961
0.300000
0.276471
-0.150980
-0.256863
-0.143137
0.049020
0.009804
-0.013725
0.021569
0.060784
0.025490
0.009804
0.315686
0.111765
-0.339216
-0.386275
0.041176
0.288235
0.300000
-0.303922
-0.374510
0.194118
0.307843
-0.256863
-0.350980
0.256863
0.174510
-0.264706
0.343137
0.276471
0.107843
-0.354902
-0.354902
0.198039
0.331373
0.111765
-0.350980
-0.213725
0.354902
0.150980
-0.362745
0.221569
0.315686
-0.366667
-0.033333
0.288235
0.300000
0.103922
-0.335294
-0.335294
0.264706
0.300000
-0.115686
-0.354902
0.166667
0.319608
-0.347059
-0.123529
-0.190196
-0.382353
-0.331373
-0.237255
0.221569
0.229412
0.225490
-0.296078
-0.350980
0.288235
0.288235
-0.354902
-0.276471
-0.292157
-0.386275
-0.347059
-0.354902
-0.382353
-0.280392
-0.339216
-0.374510
0.131373
0.280392
0.272549
-0.311765
-0.225490
0.288235
-0.190196
-0.339216
-0.350980
-0.374510
-0.378431
-0.366667
-0.378431
0.249020
-0.029412
-0.327451
-0.339216
-0.103922
0.245098
0.256863
-0.292157
-0.390196
-0.374510
-0.390196
-0.350980
-0.378431
-0.382353
-0.366667
-0.378431
0.198039
0.209804
0.229412
-0.209804
-0.350980
-0.303922
0.115686
-0.374510
-0.358824
-0.409804
-0.378431
-0.382353
-0.382353
-0.378431
-0.378431
-0.386275
-0.358824
-0.029412
0.178431
0.194118
0.076471
-0.307843
-0.421569
-0.374510
-0.354902
-0.382353
-0.394118
-0.374510
-0.378431
-0.378431
-0.382353
-0.386275
-0.350980
-0.335294
-0.347059
-0.056863
0.162745
-0.131373
-0.354902
-0.354902
-0.362745
-0.366667
-0.378431
-0.358824
-0.374510
-0.386275
-0.382353
-0.366667
0.307843
0.041176
-0.182353
-0.358824
-0.386275
-0.378431
-0.366667
-0.386275
-0.378431
-0.374510
-0.378431
-0.362745
-0.374510
-0.390196
-0.390196
-0.366667
0.252941
0.307843
0.327451
0.205882
-0.217647
-0.405882
-0.362745
-0.386275
-0.394118
-0.362745
-0.374510
-0.378431
-0.374510
-0.378431
-0.382353
-0.366667
-0.362745
-0.319608
-0.190196
0.080392
-0.347059
-0.386275
-0.378431
-0.362745
-0.362745
-0.366667
-0.382353
-0.378431
-0.358824
-0.374510
-0.378431
-0.374510
0.021569
0.080392
0.049020
0.029412
0.025490
0.021569
0.001961
0.052941
0.052941
-0.049020
-0.080392
-0.088235
-0.115686
-0.123529
-0.123529
-0.139216
0.025490
0.049020
0.064706
0.033333
0.052941
0.056863
0.009804
0.060784
0.025490
-0.005882
-0.013725
0.049020
0.021569
0.001961
-0.021569
-0.013725
-0.201961
-0.268627
-0.143137
-0.025490
0.009804
0.029412
0.029412
0.009804
0.056863
0.064706
0.021569
0.029412
0.037255
0.021569
0.021569
0.033333
0.339216
-0.213725
-0.339216
-0.268627
0.331373
0.307843
0.084314
-0.225490
-0.201961
0.052941
0.021569
0.001961
-0.005882
0.041176
0.029412
0.001961
0.327451
0.315686
-0.190196
-0.366667
-0.237255
0.292157
0.319608
-0.174510
-0.374510
0.060784
0.307843
-0.021569
-0.358824
0.198039
0.225490
-0.284314
0.331373
0.284314
0.319608
-0.217647
-0.339216
-0.033333
0.339216
0.256863
-0.339216
-0.331373
0.256863
0.300000
-0.362745
0.076471
0.319608
-0.327451
-0.307843
0.198039
0.358824
0.358824
-0.194118
-0.347059
0.056863
0.303922
0.060784
-0.354902
0.013725
0.339216
-0.245098
-0.268627
-0.194118
-0.366667
-0.331373
-0.354902
0.025490
0.311765
0.339216
-0.264706
-0.374510
0.205882
0.315686
-0.213725
-0.350980
-0.284314
-0.390196
-0.350980
-0.350980
-0.378431
-0.029412
-0.323529
-0.374510
-0.080392
0.276471
0.300000
-0.170588
-0.366667
0.245098
-0.237255
-0.354902
-0.347059
-0.378431
-0.382353
-0.362745
-0.374510
0.178431
0.162745
-0.249020
-0.339216
-0.280392
0.229412
0.264706
-0.186275
-0.390196
-0.350980
-0.374510
-0.354902
-0.374510
-0.378431
-0.374510
-0.382353
0.119608
0.194118
0.209804
-0.021569
-0.331373
-0.362745
0.041176
-0.390196
-0.374510
-0.382353
-0.366667
-0.386275
-0.378431
-0.374510
-0.382353
-0.390196
-0.335294
-0.272549
0.033333
0.182353
0.174510
-0.190196
-0.386275
-0.350980
-0.358824
-0.390196
-0.386275
-0.378431
-0.374510
-0.374510
-0.386275
-0.390196
-0.237255
-0.339216
-0.390196
-0.241176
0.088235
-0.237255
-0.354902
-0.358824
-0.366667
-0.378431
-0.366667
-0.362745
-0.366667
-0.382353
-0.386275
-0.374510
0.272549
0.221569
-0.025490
-0.264706
-0.405882
-0.366667
-0.382353
-0.374510
-0.378431
-0.366667
-0.374510
-0.358824
-0.378431
-0.394118
-0.386275
-0.362745
0.056863
0.209804
0.307843
0.300000
-0.268627
-0.390196
-0.362745
-0.366667
-0.374510
-0.401961
-0.390196
-0.374510
-0.378431
-0.382353
-0.378431
-0.362745
-0.358824
-0.394118
-0.339216
-0.135294
-0.390196
-0.386275
-0.366667
-0.382353
-0.362745
-0.401961
-0.394118
-0.382353
-0.366667
-0.386275
-0.382353
-0.362745
0.052941
0.068627
0.056863
0.021569
0.013725
0.025490
0.005882
0.009804
0.013725
-0.005882
-0.072549
-0.100000
-0.135294
-0.139216
-0.123529
-0.107843
0.005882
0.021569
0.025490
0.009804
0.052941
0.037255
0.021569
0.013725
0.041176
-0.005882
0.009804
0.013725
0.005882
0.029412
0.025490
0.005882
0.115686
-0.249020
-0.150980
-0.060784
0.021569
0.005882
0.021569
0.025490
0.025490
0.049020
0.013725
0.009804
0.049020
0.021569
0.033333
0.025490
0.331373
0.068627
-0.362745
-0.366667
0.096078
0.319608
0.252941
-0.190196
-0.174510
-0.076471
0.005882
-0.001961
0.052941
0.025490
0.029412
-0.005882
0.303922
0.307843
0.064706
-0.362745
-0.374510
0.178431
0.335294
0.092157
-0.362745
-0.221569
0.311765
0.182353
-0.366667
0.037255
0.233333
-0.229412
0.064706
0.327451
0.300000
0.080392
-0.339216
-0.327451
0.292157
0.319608
-0.209804
-0.366667
0.205882
0.339216
-0.331373
-0.150980
0.311765
-0.245098
-0.350980
-0.029412
0.315686
0.374510
0.103922
-0.331373
-0.249020
0.311765
0.256863
-0.307843
-0.201961
0.339216
-0.170588
-0.350980
-0.186275
-0.358824
-0.362745
-0.303922
-0.209804
0.307843
0.311765
0.092157
-0.339216
-0.056863
0.311765
0.009804
-0.374510
-0.284314
-0.390196
-0.350980
-0.350980
-0.378431
0.162745
-0.237255
-0.323529
-0.272549
0.237255
0.311765
0.096078
-0.366667
0.103922
-0.249020
-0.409804
-0.347059
-0.378431
-0.382353
-0.362745
-0.374510
0.201961
0.201961
-0.021569
-0.331373
-0.339216
0.025490
0.272549
-0.029412
-0.382353
-0.323529
-0.350980
-0.354902
-0.374510
-0.378431
-0.374510
-0.382353
-0.139216
0.217647
0.201961
0.150980
-0.245098
-0.354902
-0.139216
-0.437255
-0.378431
-0.378431
-0.382353
-0.386275
-0.378431
-0.374510
-0.382353
-0.390196
-0.323529
-0.358824
-0.103922
0.143137
0.217647
-0.021569
-0.350980
-0.394118
-0.354902
-0.386275
-0.362745
-0.378431
-0.374510
-0.374510
-0.386275
-0.390196
-0.017647
-0.264706
-0.358824
-0.382353
-0.068627
-0.303922
-0.366667
-0.374510
-0.362745
-0.409804
-0.382353
-0.362745
-0.366667
-0.382353
-0.386275
-0.374510
0.272549
0.284314
0.119608
-0.135294
-0.350980
-0.386275
-0.394118
-0.382353
-0.386275
-0.366667
-0.378431
-0.358824
-0.378431
-0.394118
-0.386275
-0.362745
-0.225490
0.021569
0.201961
0.292157
-0.280392
-0.362745
-0.401961
-0.382353
-0.378431
-0.366667
-0.386275
-0.374510
-0.378431
-0.382353
-0.378431
-0.362745
-0.335294
-0.350980
-0.405882
-0.292157
-0.382353
-0.374510
-0.394118
-0.378431
-0.382353
-0.378431
-0.378431
-0.390196
-0.382353
-0.382353
-0.378431
-0.390196
0.049020
0.049020
0.064706
0.025490
0.021569
0.021569
-0.005882
0.001961
-0.025490
-0.013725
-0.076471
-0.096078
-0.115686
-0.103922
-0.135294
-0.111765
-0.001961
0.049020
0.064706
0.033333
0.033333
0.009804
0.029412
0.013725
0.001961
0.029412
0.005882
0.029412
0.013725
0.013725
0.041176
-0.025490
0.260784
-0.096078
-0.174510
-0.072549
0.001961
0.052941
0.025490
0.037255
0.021569
0.001961
0.052941
0.037255
0.001961
0.025490
0.037255
0.025490
0.315686
0.354902
-0.186275
-0.358824
-0.296078
0.256863
0.264706
0.005882
-0.170588
-0.103922
0.005882
0.005882
0.005882
0.005882
0.005882
0.013725
0.307843
0.311765
0.339216
-0.249020
-0.366667
-0.139216
0.331373
0.331373
-0.307843
-0.374510
0.245098
0.272549
-0.327451
-0.300000
0.229412
-0.001961
-0.296078
0.237255
0.303922
0.315686
-0.241176
-0.347059
0.049020
0.327451
0.143137
-0.347059
-0.135294
0.300000
-0.076471
-0.335294
0.303922
0.084314
-0.319608
-0.335294
0.252941
0.339216
0.315686
-0.249020
-0.350980
0.205882
0.311765
-0.221569
-0.366667
0.245098
0.225490
-0.362745
-0.143137
-0.300000
-0.162745
-0.362745
-0.378431
0.084314
0.315686
0.288235
-0.268627
-0.319608
0.284314
0.237255
-0.378431
-0.331373
-0.354902
-0.382353
-0.347059
-0.354902
0.237255
0.033333
-0.300000
-0.358824
-0.056863
0.256863
0.300000
-0.272549
-0.198039
-0.150980
-0.374510
-0.386275
-0.366667
-0.386275
-0.378431
-0.366667
0.237255
0.201961
0.190196
-0.194118
-0.366667
-0.182353
0.237255
0.245098
-0.331373
-0.350980
-0.358824
-0.366667
-0.362745
-0.374510
-0.386275
-0.382353
-0.374510
0.009804
0.233333
0.217647
0.001961
-0.323529
-0.300000
-0.409804
-0.358824
-0.386275
-0.382353
-0.394118
-0.382353
-0.378431
-0.382353
-0.390196
-0.347059
-0.339216
-0.319608
0.025490
0.201961
0.174510
-0.327451
-0.386275
-0.374510
-0.405882
-0.386275
-0.378431
-0.386275
-0.382353
-0.378431
-0.386275
0.182353
-0.072549
-0.296078
-0.386275
-0.252941
-0.303922
-0.366667
-0.390196
-0.382353
-0.390196
-0.374510
-0.374510
-0.382353
-0.386275
-0.382353
-0.374510
0.292157
0.252941
0.264706
0.025490
-0.272549
-0.362745
-0.374510
-0.362745
-0.386275
-0.390196
-0.366667
-0.374510
-0.378431
-0.390196
-0.390196
-0.374510
-0.378431
-0.225490
0.001961
0.182353
-0.186275
-0.366667
-0.362745
-0.378431
-0.390196
-0.358824
-0.382353
-0.394118
-0.378431
-0.382353
-0.390196
-0.378431
-0.245098
-0.347059
-0.382353
-0.409804
-0.358824
-0.401961
-0.394118
-0.401961
-0.390196
-0.366667
-0.362745
-0.382353
-0.394118
-0.394118
-0.382353
-0.366667
0.021569
0.021569
0.049020
0.041176
0.033333
0.001961
0.033333
-0.013725
0.013725
-0.033333
-0.080392
-0.107843
-0.123529
-0.139216
-0.170588
-0.150980
0.037255
0.056863
0.009804
-0.001961
0.009804
0.005882
-0.013725
0.009804
0.009804
0.021569
0.021569
0.021569
0.013725
0.041176
0.025490
-0.029412
0.303922
0.119608
-0.154902
-0.084314
-0.005882
-0.001961
0.001961
0.052941
0.049020
0.021569
0.041176
0.052941
0.041176
0.013725
0.041176
0.056863
0.303922
0.343137
0.107843
-0.362745
-0.354902
0.139216
0.225490
0.103922
-0.182353
-0.150980
-0.005882
-0.001961
-0.001961
-0.005882
0.041176
0.021569
0.143137
0.327451
0.343137
0.033333
-0.358824
-0.374510
0.233333
0.276471
-0.190196
-0.386275
0.096078
0.331373
-0.154902
-0.350980
0.205882
0.139216
-0.335294
0.029412
0.280392
0.300000
-0.045098
-0.358824
-0.201961
0.303922
0.260784
-0.300000
-0.272549
0.311765
0.147059
-0.390196
0.221569
0.288235
-0.366667
-0.358824
-0.041176
0.307843
0.292157
-0.123529
-0.319608
0.049020
0.319608
0.001961
-0.374510
0.170588
0.252941
-0.378431
-0.170588
-0.241176
0.049020
-0.323529
-0.331373
-0.154902
0.229412
0.256863
-0.166667
-0.350980
0.233333
0.272549
-0.339216
-0.331373
-0.354902
-0.382353
-0.347059
-0.354902
0.201961
0.194118
-0.229412
-0.319608
-0.249020
0.237255
0.311765
-0.186275
-0.284314
-0.150980
-0.374510
-0.386275
-0.366667
-0.386275
-0.378431
-0.366667
0.107843
0.190196
0.201961
-0.052941
-0.331373
-0.311765
0.170588
0.237255
-0.358824
-0.362745
-0.378431
-0.366667
-0.362745
-0.374510
-0.386275
-0.382353
-0.366667
-0.249020
0.150980
0.190196
0.123529
-0.280392
-0.386275
-0.409804
-0.354902
-0.382353
-0.382353
-0.394118
-0.382353
-0.378431
-0.382353
-0.390196
-0.292157
-0.358824
-0.366667
-0.100000
0.131373
0.217647
-0.374510
-0.374510
-0.382353
-0.378431
-0.354902
-0.378431
-0.386275
-0.382353
-0.378431
-0.386275
0.205882
0.107843
-0.198039
-0.347059
-0.350980
-0.323529
-0.390196
-0.366667
-0.366667
-0.386275
-0.382353
-0.374510
-0.382353
-0.386275
-0.382353
-0.374510
0.103922
0.229412
0.237255
0.147059
-0.182353
-0.362745
-0.386275
-0.362745
-0.401961
-0.374510
-0.362745
-0.374510
-0.378431
-0.390196
-0.390196
-0.374510
-0.386275
-0.354902
-0.166667
0.052941
-0.296078
-0.378431
-0.409804
-0.390196
-0.366667
-0.394118
-0.366667
-0.394118
-0.378431
-0.382353
-0.390196
-0.378431
-0.072549
-0.201961
-0.327451
-0.394118
-0.350980
-0.378431
-0.390196
-0.394118
-0.378431
-0.386275
-0.382353
-0.382353
-0.390196
-0.378431
-0.374510
-0.366667
