0.056863
-0.331373
-0.362745
-0.268627
-0.084314
0.237255
0.284314
0.343137
0.303922
-0.103922
-0.284314
-0.335294
-0.303922
-0.323529
-0.249020
-0.068627
-0.221569
-0.350980
-0.378431
-0.347059
-0.374510
-0.276471
0.217647
0.327451
0.264706
0.256863
-0.182353
-0.307843
-0.264706
-0.264706
-0.139216
-0.284314
-0.366667
-0.354902
-0.390196
-0.382353
-0.350980
-0.339216
-0.354902
-0.017647
0.284314
0.280392
0.300000
0.178431
0.029412
0.119608
-0.127451
-0.339216
-0.374510
-0.378431
-0.378431
-0.401961
-0.409804
-0.366667
-0.374510
0.143137
0.315686
0.288235
0.315686
0.276471
0.292157
0.272549
0.252941
0.092157
-0.401961
-0.378431
-0.386275
-0.401961
-0.390196
-0.382353
-0.327451
0.307843
0.292157
0.272549
0.335294
0.307843
0.307843
0.303922
0.256863
0.182353
-0.394118
-0.362745
-0.386275
-0.378431
-0.390196
-0.390196
-0.017647
0.335294
0.311765
0.303922
0.307843
0.311765
0.335294
0.264706
0.249020
0.237255
-0.366667
-0.382353
-0.378431
-0.358824
-0.386275
-0.374510
0.252941
0.307843
0.315686
0.319608
0.319608
0.311765
0.303922
0.311765
-0.131373
0.174510
-0.390196
-0.382353
-0.378431
-0.405882
-0.374510
-0.174510
0.335294
0.300000
0.292157
0.311765
0.331373
0.311765
0.343137
0.150980
-0.362745
-0.362745
-0.362745
-0.382353
-0.378431
-0.358824
-0.409804
0.170588
0.315686
0.315686
0.288235
0.307843
0.347059
0.307843
0.335294
-0.209804
-0.339216
-0.366667
-0.386275
-0.386275
-0.382353
-0.354902
-0.296078
0.311765
0.307843
0.303922
0.288235
0.307843
0.311765
0.327451
0.111765
-0.350980
-0.382353
-0.386275
-0.390196
-0.362745
-0.358824
-0.386275
0.001961
0.331373
0.331373
0.280392
0.276471
0.327451
0.303922
0.300000
-0.272549
-0.366667
-0.382353
-0.378431
-0.378431
-0.354902
-0.362745
-0.374510
0.252941
0.311765
0.315686
0.300000
0.292157
0.280392
0.327451
0.041176
-0.390196
-0.362745
-0.390196
-0.394118
-0.382353
-0.386275
-0.386275
-0.154902
0.331373
0.300000
0.292157
0.280392
0.300000
0.288235
0.303922
-0.311765
-0.394118
-0.378431
-0.382353
-0.386275
-0.358824
-0.374510
-0.382353
0.182353
0.315686
0.315686
0.307843
0.292157
0.280392
0.300000
-0.013725
-0.386275
-0.374510
-0.378431
-0.390196
-0.378431
-0.350980
-0.366667
-0.303922
0.335294
0.307843
0.327451
0.288235
0.252941
0.311765
0.272549
-0.354902
-0.366667
-0.382353
-0.378431
-0.382353
-0.378431
-0.362745
-0.401961
0.080392
0.300000
0.307843
0.339216
0.276471
0.272549
0.315686
-0.072549
-0.362745
-0.386275
-0.401961
-0.366667
-0.366667
-0.378431
0.280392
0.190196
-0.311765
-0.362745
-0.131373
0.092157
-0.041176
0.292157
0.307843
0.307843
-0.021569
-0.339216
-0.323529
-0.241176
-0.194118
-0.350980
0.272549
0.025490
-0.358824
-0.378431
-0.335294
-0.362745
-0.041176
0.284314
0.307843
0.362745
0.237255
-0.237255
-0.327451
-0.264706
-0.135294
-0.249020
0.276471
-0.221569
-0.390196
-0.390196
-0.366667
-0.378431
-0.374510
-0.311765
0.096078
0.343137
0.311765
0.252941
-0.115686
-0.237255
-0.088235
-0.170588
0.256863
-0.339216
-0.378431
-0.362745
-0.390196
-0.366667
-0.362745
-0.358824
-0.221569
0.335294
0.311765
0.249020
0.178431
0.229412
0.178431
0.147059
0.084314
-0.362745
-0.382353
-0.374510
-0.374510
-0.374510
-0.378431
-0.374510
0.150980
0.319608
0.343137
0.303922
0.201961
0.249020
0.198039
0.158824
-0.182353
-0.366667
-0.386275
-0.386275
-0.382353
-0.378431
-0.378431
-0.323529
0.292157
0.331373
0.339216
0.288235
0.229412
0.233333
0.201961
0.170588
-0.366667
-0.390196
-0.374510
-0.378431
-0.374510
-0.394118
-0.374510
0.021569
0.315686
0.292157
0.319608
0.292157
0.237255
0.249020
0.205882
0.096078
-0.374510
-0.374510
-0.382353
-0.401961
-0.382353
-0.382353
-0.366667
0.280392
0.315686
0.335294
0.315686
0.276471
0.264706
0.303922
0.229412
-0.127451
-0.382353
-0.394118
-0.374510
-0.382353
-0.390196
-0.386275
-0.103922
0.327451
0.331373
0.339216
0.303922
0.300000
0.288235
0.307843
0.021569
-0.213725
-0.374510
-0.350980
-0.378431
-0.366667
-0.358824
-0.374510
0.233333
0.335294
0.327451
0.327451
0.284314
0.292157
0.307843
0.260784
-0.252941
-0.241176
-0.386275
-0.386275
-0.413725
-0.378431
-0.374510
-0.174510
0.343137
0.292157
0.339216
0.327451
0.276471
0.252941
0.311765
-0.049020
-0.339216
-0.221569
-0.382353
-0.382353
-0.358824
-0.374510
-0.386275
0.162745
0.358824
0.311765
0.315686
0.303922
0.264706
0.264706
0.233333
-0.323529
-0.374510
-0.252941
-0.409804
-0.378431
-0.362745
-0.401961
-0.276471
0.303922
0.319608
0.319608
0.292157
0.335294
0.276471
0.300000
-0.123529
-0.366667
-0.366667
-0.245098
-0.378431
-0.382353
-0.390196
-0.382353
0.060784
0.327451
0.307843
0.339216
0.307843
0.284314
0.249020
0.166667
-0.354902
-0.374510
-0.390196
-0.272549
-0.362745
-0.386275
-0.382353
-0.366667
0.276471
0.335294
0.315686
0.335294
0.280392
0.280392
0.249020
-0.241176
-0.366667
-0.401961
-0.394118
-0.268627
-0.390196
-0.405882
-0.382353
-0.100000
0.354902
0.319608
0.288235
0.300000
0.319608
0.292157
0.064706
-0.378431
-0.339216
-0.386275
-0.366667
-0.331373
0.284314
0.292157
0.331373
-0.170588
-0.362745
0.001961
0.252941
-0.323529
0.162745
0.245098
0.139216
-0.025490
-0.339216
-0.307843
-0.311765
-0.339216
0.315686
0.300000
0.292157
-0.300000
-0.358824
-0.358824
-0.268627
0.092157
0.288235
0.272549
0.147059
0.119608
-0.292157
-0.327451
-0.307843
-0.284314
0.303922
0.303922
0.088235
-0.378431
-0.378431
-0.374510
-0.358824
-0.417647
-0.194118
0.182353
0.201961
0.182353
0.131373
-0.249020
-0.272549
-0.276471
0.276471
0.339216
-0.170588
-0.366667
-0.378431
-0.390196
-0.386275
-0.366667
-0.362745
-0.386275
0.143137
0.162745
0.292157
0.280392
0.080392
-0.017647
0.284314
0.264706
-0.331373
-0.350980
-0.386275
-0.366667
-0.374510
-0.374510
-0.374510
-0.276471
0.201961
0.143137
0.276471
0.260784
0.280392
0.276471
0.288235
0.131373
-0.386275
-0.350980
-0.362745
-0.378431
-0.401961
-0.386275
-0.394118
0.096078
0.190196
0.147059
0.264706
0.288235
0.303922
0.300000
0.300000
-0.170588
-0.358824
-0.390196
-0.354902
-0.366667
-0.374510
-0.358824
-0.303922
0.209804
0.233333
0.158824
0.245098
0.288235
0.311765
0.307843
0.260784
-0.339216
-0.382353
-0.378431
-0.394118
-0.386275
-0.378431
-0.386275
0.060784
0.252941
0.229412
0.182353
0.194118
0.300000
0.319608
0.319608
0.080392
-0.374510
-0.378431
-0.378431
-0.417647
-0.394118
-0.378431
-0.350980
0.252941
0.272549
0.252941
0.194118
0.221569
0.288235
0.327451
0.311765
-0.186275
-0.382353
-0.378431
-0.382353
-0.378431
-0.362745
-0.382353
0.033333
0.264706
0.288235
0.288235
0.139216
0.178431
0.284314
0.335294
0.013725
-0.358824
-0.362745
-0.390196
-0.409804
-0.374510
-0.358824
-0.350980
0.276471
0.245098
0.303922
0.276471
0.143137
0.166667
0.284314
0.260784
-0.331373
-0.382353
-0.362745
-0.405882
-0.394118
-0.386275
-0.386275
-0.072549
0.280392
0.260784
0.347059
0.280392
0.158824
0.170588
0.303922
-0.115686
-0.366667
-0.390196
-0.366667
-0.390196
-0.378431
-0.382353
-0.366667
0.245098
0.252941
0.276471
0.311765
0.311765
0.162745
0.182353
0.143137
-0.358824
-0.374510
-0.394118
-0.362745
-0.374510
-0.401961
-0.386275
-0.158824
0.303922
0.264706
0.335294
0.300000
0.288235
0.198039
0.158824
-0.241176
-0.386275
-0.390196
-0.405882
-0.382353
-0.358824
-0.390196
-0.382353
0.182353
0.272549
0.245098
0.272549
0.319608
0.280392
0.194118
-0.005882
-0.354902
-0.378431
-0.382353
-0.374510
-0.382353
-0.358824
-0.386275
-0.256863
0.311765
0.272549
0.272549
0.303922
0.303922
0.311765
0.135294
-0.201961
-0.307843
-0.390196
-0.362745
0.315686
0.335294
0.339216
0.354902
0.245098
-0.245098
0.158824
0.111765
-0.123529
-0.339216
0.260784
0.311765
0.021569
-0.300000
-0.335294
-0.311765
0.343137
0.327451
0.343137
0.339216
0.005882
-0.311765
-0.307843
-0.080392
-0.100000
0.190196
0.319608
0.319608
0.272549
-0.198039
-0.323529
-0.292157
0.315686
0.335294
0.335294
0.362745
-0.264706
-0.366667
-0.323529
-0.194118
-0.311765
0.049020
0.307843
0.327451
0.319608
0.064706
-0.296078
-0.307843
0.319608
0.327451
0.311765
0.225490
-0.358824
-0.382353
-0.323529
-0.201961
-0.350980
-0.394118
-0.194118
0.237255
0.331373
0.288235
0.056863
-0.264706
0.319608
0.327451
0.366667
-0.049020
-0.378431
-0.390196
-0.339216
-0.209804
-0.335294
-0.366667
-0.354902
0.147059
0.335294
0.292157
0.264706
0.311765
0.339216
0.331373
0.347059
-0.284314
-0.362745
-0.386275
-0.362745
-0.201961
-0.303922
-0.382353
-0.245098
0.319608
0.331373
0.300000
0.311765
0.272549
0.315686
0.354902
0.166667
-0.358824
-0.401961
-0.382353
-0.358824
-0.237255
-0.327451
-0.362745
0.111765
0.319608
0.311765
0.315686
0.327451
0.284314
0.339216
0.358824
-0.139216
-0.366667
-0.378431
-0.382353
-0.358824
-0.209804
-0.323529
-0.300000
0.311765
0.347059
0.315686
0.292157
0.292157
0.311765
0.335294
0.276471
-0.335294
-0.382353
-0.378431
-0.413725
-0.378431
-0.241176
-0.292157
0.056863
0.319608
0.315686
0.311765
0.307843
0.315686
0.327451
0.331373
0.084314
-0.362745
-0.358824
-0.354902
-0.386275
-0.378431
-0.229412
-0.252941
0.252941
0.343137
0.307843
0.292157
0.331373
0.347059
0.327451
0.339216
-0.198039
-0.354902
-0.378431
-0.366667
-0.390196
-0.374510
-0.237255
-0.088235
0.288235
0.339216
0.307843
0.288235
0.315686
0.319608
0.327451
0.284314
-0.362745
-0.378431
-0.394118
-0.374510
-0.405882
-0.374510
-0.166667
0.111765
0.288235
0.319608
0.307843
0.300000
0.311765
0.315686
0.256863
0.029412
-0.386275
-0.378431
-0.386275
-0.354902
-0.366667
-0.401961
0.064706
0.158824
0.284314
0.319608
0.319608
0.311765
0.292157
0.319608
-0.198039
-0.268627
-0.394118
-0.378431
-0.390196
-0.366667
-0.362745
-0.331373
0.237255
0.123529
0.280392
0.315686
0.335294
0.319608
0.307843
0.049020
-0.366667
-0.374510
-0.405882
-0.390196
-0.366667
-0.378431
-0.366667
-0.017647
0.229412
0.147059
0.237255
0.307843
0.331373
0.307843
0.280392
-0.319608
-0.386275
-0.401961
-0.394118
-0.378431
-0.366667
-0.374510
-0.339216
0.303922
0.252941
0.115686
0.249020
0.311765
0.311765
0.300000
-0.131373
-0.374510
-0.378431
0.327451
0.339216
0.319608
0.245098
0.162745
0.221569
-0.005882
0.260784
0.307843
0.264706
-0.319608
-0.131373
0.229412
-0.127451
-0.311765
-0.296078
0.327451
0.347059
0.319608
0.245098
0.139216
0.166667
-0.331373
-0.350980
0.096078
0.182353
-0.252941
0.300000
0.292157
0.300000
-0.143137
-0.296078
0.327451
0.343137
0.331373
0.225490
0.150980
-0.025490
-0.386275
-0.339216
-0.386275
-0.245098
0.217647
0.292157
0.347059
0.307843
0.092157
-0.319608
0.335294
0.315686
0.343137
0.217647
0.162745
-0.264706
-0.382353
-0.382353
-0.347059
-0.358824
-0.378431
0.033333
0.303922
0.331373
0.288235
-0.103922
0.335294
0.343137
0.339216
0.209804
0.080392
-0.354902
-0.378431
-0.358824
-0.386275
-0.382353
-0.358824
-0.358824
-0.123529
0.331373
0.339216
0.284314
0.327451
0.358824
0.331373
0.221569
-0.072549
-0.350980
-0.390196
-0.401961
-0.362745
-0.362745
-0.386275
-0.374510
0.209804
0.311765
0.300000
0.315686
0.335294
0.319608
0.335294
0.162745
-0.194118
-0.362745
-0.374510
-0.382353
-0.378431
-0.374510
-0.386275
-0.264706
0.303922
0.327451
0.335294
0.319608
0.331373
0.307843
0.307843
0.009804
-0.249020
-0.339216
-0.362745
-0.390196
-0.366667
-0.382353
-0.405882
0.190196
0.311765
0.327451
0.319608
0.315686
0.331373
0.315686
0.292157
-0.174510
-0.256863
-0.378431
-0.386275
-0.394118
-0.374510
-0.358824
-0.245098
0.311765
0.319608
0.335294
0.327451
0.327451
0.311765
0.311765
0.194118
-0.245098
-0.256863
-0.382353
-0.394118
-0.362745
-0.358824
-0.366667
0.158824
0.343137
0.327451
0.339216
0.303922
0.319608
0.303922
0.315686
-0.049020
-0.249020
-0.264706
-0.378431
-0.374510
-0.394118
-0.354902
-0.252941
0.292157
0.303922
0.331373
0.343137
0.327451
0.343137
0.315686
0.300000
-0.300000
-0.241176
-0.272549
-0.394118
-0.374510
-0.350980
-0.354902
0.139216
0.319608
0.311765
0.307843
0.339216
0.331373
0.366667
0.307843
0.162745
-0.382353
-0.241176
-0.268627
-0.378431
-0.378431
-0.386275
-0.237255
0.315686
0.319608
0.315686
0.315686
0.335294
0.303922
0.315686
0.300000
-0.107843
-0.374510
-0.245098
-0.272549
-0.358824
-0.374510
-0.394118
0.166667
0.307843
0.315686
0.307843
0.358824
0.335294
0.300000
0.307843
0.288235
-0.319608
-0.394118
-0.241176
-0.268627
-0.382353
-0.354902
-0.272549
0.311765
0.303922
0.339216
0.315686
0.311765
0.315686
0.303922
-0.049020
0.092157
-0.378431
-0.382353
-0.264706
-0.296078
-0.366667
-0.390196
0.174510
0.280392
0.319608
0.303922
0.288235
0.303922
0.303922
0.194118
-0.358824
0.182353
0.260784
0.252941
0.233333
0.303922
0.315686
0.319608
0.300000
0.288235
0.327451
0.307843
0.143137
-0.358824
-0.127451
-0.150980
-0.327451
0.205882
0.260784
0.233333
0.256863
0.327451
0.311765
0.347059
0.013725
-0.198039
0.233333
0.327451
-0.237255
-0.201961
0.288235
0.174510
-0.186275
0.178431
0.245098
0.256863
0.272549
0.319608
0.331373
0.319608
-0.272549
-0.347059
-0.362745
0.025490
-0.080392
0.256863
0.319608
0.178431
0.131373
0.174510
0.205882
0.256863
0.315686
0.300000
0.343137
0.135294
-0.374510
-0.386275
-0.354902
-0.382353
-0.217647
0.233333
0.319608
0.201961
0.233333
0.178431
0.198039
0.229412
0.315686
0.307843
0.343137
-0.174510
-0.382353
-0.374510
-0.354902
-0.354902
-0.354902
-0.366667
0.049020
0.260784
0.205882
0.147059
0.217647
0.245098
0.272549
0.327451
0.233333
-0.382353
-0.378431
-0.374510
-0.378431
-0.386275
-0.386275
-0.378431
-0.300000
0.288235
0.217647
0.158824
0.201961
0.237255
0.307843
0.335294
0.005882
-0.366667
-0.378431
-0.386275
-0.382353
-0.358824
-0.382353
-0.374510
0.111765
0.280392
0.229412
0.174510
0.249020
0.264706
0.300000
0.335294
-0.354902
-0.401961
-0.378431
-0.382353
-0.390196
-0.362745
-0.358824
-0.307843
0.315686
0.311765
0.198039
0.166667
0.264706
0.264706
0.280392
0.135294
-0.362745
-0.390196
-0.390196
-0.386275
-0.374510
-0.374510
-0.374510
0.139216
0.331373
0.315686
0.209804
0.170588
0.249020
0.252941
0.319608
-0.194118
-0.374510
-0.362745
-0.390196
-0.374510
-0.386275
-0.354902
-0.252941
0.319608
0.315686
0.315686
0.237255
0.182353
0.264706
0.245098
0.284314
-0.386275
-0.386275
-0.390196
-0.378431
-0.382353
-0.378431
-0.374510
0.182353
0.335294
0.331373
0.303922
0.198039
0.198039
0.288235
0.252941
-0.013725
-0.378431
-0.378431
-0.394118
-0.374510
-0.382353
-0.374510
-0.225490
0.331373
0.339216
0.331373
0.303922
0.256863
0.190196
0.245098
0.260784
-0.311765
-0.358824
-0.378431
-0.374510
-0.366667
-0.386275
-0.378431
0.229412
0.331373
0.327451
0.303922
0.339216
0.256863
0.182353
0.233333
0.084314
-0.386275
-0.374510
-0.390196
-0.390196
-0.394118
-0.378431
-0.170588
0.319608
0.319608
0.339216
0.339216
0.311765
0.284314
0.221569
0.288235
-0.252941
-0.390196
-0.386275
-0.366667
-0.386275
-0.366667
-0.378431
0.256863
0.331373
0.331373
0.339216
0.315686
0.315686
0.245098
0.217647
0.194118
-0.374510
-0.374510
-0.382353
-0.366667
-0.382353
-0.366667
-0.150980
0.319608
0.303922
0.335294
0.319608
0.303922
0.327451
0.276471
-0.378431
0.147059
0.327451
0.335294
0.315686
0.300000
0.319608
0.354902
0.300000
0.319608
0.237255
0.182353
0.225490
-0.256863
-0.319608
-0.311765
-0.292157
0.292157
0.339216
0.335294
0.319608
0.319608
0.315686
0.307843
0.256863
0.037255
0.209804
0.190196
0.092157
-0.323529
-0.029412
-0.041176
-0.084314
0.339216
0.331373
0.347059
0.327451
0.335294
0.335294
0.362745
0.033333
-0.374510
-0.131373
0.194118
-0.135294
-0.131373
0.315686
0.315686
0.139216
0.319608
0.319608
0.343137
0.343137
0.339216
0.335294
0.319608
-0.264706
-0.374510
-0.241176
-0.221569
0.009804
0.303922
0.284314
0.307843
0.264706
0.315686
0.331373
0.327451
0.354902
0.335294
0.331373
0.170588
-0.378431
-0.378431
-0.256863
-0.166667
-0.382353
-0.123529
0.256863
0.311765
0.284314
0.327451
0.347059
0.327451
0.343137
0.315686
0.319608
-0.190196
-0.358824
-0.378431
-0.292157
-0.182353
-0.366667
-0.347059
-0.339216
0.237255
0.276471
0.327451
0.354902
0.335294
0.339216
0.315686
0.264706
-0.358824
-0.366667
-0.378431
-0.331373
-0.229412
-0.319608
-0.382353
-0.303922
0.292157
0.327451
0.300000
0.303922
0.335294
0.319608
0.347059
-0.025490
-0.362745
-0.366667
-0.386275
-0.354902
-0.198039
-0.307843
-0.382353
0.166667
0.307843
0.300000
0.292157
0.354902
0.331373
0.331373
0.327451
-0.323529
-0.386275
-0.394118
-0.362745
-0.358824
-0.194118
-0.280392
-0.201961
0.307843
0.300000
0.327451
0.303922
0.331373
0.303922
0.343137
0.064706
-0.382353
-0.374510
-0.378431
-0.366667
-0.374510
-0.213725
-0.327451
0.198039
0.292157
0.327451
0.311765
0.315686
0.307843
0.303922
0.335294
-0.268627
-0.366667
-0.358824
-0.378431
-0.378431
-0.378431
-0.225490
-0.135294
0.303922
0.315686
0.335294
0.307843
0.347059
0.307843
0.280392
0.190196
-0.362745
-0.401961
-0.405882
-0.362745
-0.358824
-0.374510
-0.225490
0.170588
0.300000
0.307843
0.319608
0.303922
0.331373
0.354902
0.327451
-0.158824
-0.378431
-0.378431
-0.382353
-0.366667
-0.382353
-0.386275
0.041176
0.209804
0.284314
0.315686
0.276471
0.319608
0.315686
0.327451
0.233333
-0.358824
-0.374510
-0.382353
-0.378431
-0.354902
-0.358824
-0.350980
0.272549
0.221569
0.272549
0.331373
0.300000
0.307843
0.327451
0.315686
-0.045098
-0.366667
-0.354902
-0.394118
-0.386275
-0.374510
-0.374510
0.029412
0.276471
0.229412
0.292157
0.307843
0.327451
0.276471
0.276471
0.339216
-0.358824
-0.378431
-0.401961
-0.390196
-0.378431
-0.401961
-0.331373
0.284314
0.284314
0.217647
0.272549
0.300000
0.315686
-0.354902
-0.362745
0.052941
0.315686
0.339216
0.315686
0.311765
0.190196
0.307843
0.327451
0.300000
0.335294
0.288235
0.150980
-0.201961
-0.209804
-0.347059
-0.394118
0.249020
0.339216
0.347059
0.307843
0.327451
0.198039
0.252941
0.327451
0.237255
0.307843
0.292157
0.272549
-0.115686
-0.182353
-0.327451
-0.300000
0.335294
0.335294
0.354902
0.327451
0.315686
0.205882
0.272549
0.331373
-0.350980
-0.096078
0.292157
0.201961
-0.339216
0.119608
-0.350980
-0.013725
0.339216
0.315686
0.347059
0.343137
0.319608
0.217647
0.276471
0.052941
-0.362745
-0.323529
-0.245098
0.064706
0.064706
0.319608
-0.394118
0.252941
0.339216
0.335294
0.358824
0.347059
0.327451
0.178431
0.256863
-0.300000
-0.366667
-0.378431
-0.358824
-0.347059
0.052941
0.292157
-0.303922
0.335294
0.347059
0.358824
0.347059
0.339216
0.311765
0.233333
0.170588
-0.366667
-0.378431
-0.390196
-0.358824
-0.382353
-0.362745
-0.150980
-0.072549
0.311765
0.358824
0.358824
0.307843
0.335294
0.311765
0.182353
-0.103922
-0.378431
-0.401961
-0.374510
-0.358824
-0.390196
-0.374510
-0.358824
0.190196
0.354902
0.339216
0.343137
0.374510
0.315686
0.315686
0.096078
-0.241176
-0.390196
-0.374510
-0.374510
-0.378431
-0.362745
-0.409804
-0.229412
0.319608
0.347059
0.335294
0.335294
0.343137
0.315686
0.358824
-0.123529
-0.229412
-0.394118
-0.366667
-0.394118
-0.378431
-0.386275
-0.358824
0.198039
0.331373
0.339216
0.331373
0.331373
0.335294
0.331373
0.233333
-0.194118
-0.229412
-0.362745
-0.382353
-0.390196
-0.362745
-0.362745
-0.115686
0.252941
0.307843
0.335294
0.335294
0.303922
0.331373
0.347059
-0.088235
-0.217647
-0.237255
-0.362745
-0.394118
-0.405882
-0.374510
-0.354902
0.225490
0.280392
0.327451
0.307843
0.339216
0.307843
0.303922
0.284314
-0.339216
-0.237255
-0.209804
-0.378431
-0.382353
-0.362745
-0.374510
0.013725
0.300000
0.276471
0.343137
0.327451
0.331373
0.339216
0.315686
0.005882
-0.386275
-0.256863
-0.249020
-0.378431
-0.362745
-0.366667
-0.303922
0.272549
0.288235
0.303922
0.331373
0.343137
0.319608
0.339216
0.319608
-0.284314
-0.382353
-0.249020
-0.213725
-0.354902
-0.390196
-0.390196
0.119608
0.280392
0.284314
0.284314
0.315686
0.319608
0.339216
0.311765
0.147059
-0.366667
-0.382353
-0.280392
-0.217647
-0.378431
-0.390196
-0.209804
0.300000
0.300000
0.288235
0.260784
0.335294
0.315686
0.343137
0.335294
-0.252941
-0.401961
-0.366667
-0.284314
-0.245098
-0.335294
-0.358824
0.249020
0.303922
0.276471
0.272549
0.292157
-0.378431
-0.405882
-0.382353
-0.170588
0.135294
0.315686
0.327451
0.307843
0.303922
0.354902
0.327451
0.217647
0.170588
0.209804
0.064706
-0.327451
-0.366667
-0.401961
-0.390196
0.025490
0.209804
0.327451
0.315686
0.331373
0.315686
0.311765
0.311765
0.264706
0.174510
0.249020
0.276471
0.092157
-0.374510
-0.374510
-0.429412
0.198039
0.229412
0.331373
0.311765
0.303922
0.319608
0.319608
0.331373
0.021569
0.092157
0.201961
0.284314
-0.131373
-0.382353
-0.362745
-0.350980
0.252941
0.205882
0.327451
0.311765
0.343137
0.300000
0.319608
0.292157
-0.296078
-0.245098
0.013725
0.245098
-0.358824
-0.394118
-0.386275
-0.072549
0.280392
0.205882
0.319608
0.335294
0.331373
0.319608
0.307843
0.076471
-0.362745
-0.264706
-0.190196
-0.150980
0.217647
-0.390196
-0.394118
0.178431
0.288235
0.233333
0.327451
0.347059
0.343137
0.331373
0.339216
-0.276471
-0.382353
-0.350980
-0.229412
-0.264706
-0.339216
-0.374510
-0.347059
0.288235
0.245098
0.249020
0.335294
0.319608
0.315686
0.315686
0.088235
-0.350980
-0.350980
-0.386275
-0.237255
-0.245098
-0.350980
-0.362745
-0.013725
0.331373
0.284314
0.245098
0.311765
0.331373
0.307843
0.292157
-0.280392
-0.378431
-0.366667
-0.374510
-0.303922
-0.241176
-0.347059
-0.390196
0.221569
0.347059
0.264706
0.198039
0.307843
0.319608
0.327451
0.123529
-0.354902
-0.378431
-0.362745
-0.378431
-0.335294
-0.256863
-0.296078
-0.284314
0.315686
0.319608
0.256863
0.194118
0.300000
0.331373
0.331373
-0.249020
-0.374510
-0.358824
-0.390196
-0.366667
-0.378431
-0.272549
-0.241176
0.009804
0.315686
0.303922
0.249020
0.205882
0.280392
0.311765
0.190196
-0.366667
-0.382353
-0.374510
-0.386275
-0.378431
-0.386275
-0.303922
-0.013725
0.245098
0.292157
0.311765
0.256863
0.221569
0.280392
0.311765
-0.209804
-0.362745
-0.378431
-0.382353
-0.362745
-0.382353
-0.382353
-0.264706
0.209804
0.307843
0.292157
0.331373
0.272549
0.237255
0.292157
0.198039
-0.358824
-0.366667
-0.362745
-0.386275
-0.378431
-0.354902
-0.362745
0.131373
0.260784
0.327451
0.315686
0.339216
0.256863
0.229412
0.292157
-0.127451
-0.374510
-0.366667
-0.358824
-0.394118
-0.382353
-0.394118
-0.198039
0.311765
0.300000
0.303922
0.319608
0.303922
0.256863
0.217647
0.225490
-0.362745
-0.390196
-0.358824
-0.378431
-0.378431
-0.390196
-0.347059
0.225490
0.315686
0.284314
0.307843
0.300000
0.319608
0.284314
0.201961
-0.072549
-0.354902
-0.382353
-0.394118
-0.354902
-0.382353
-0.382353
0.041176
0.315686
0.292157
0.331373
-0.217647
-0.339216
-0.378431
-0.382353
-0.374510
0.052941
0.354902
0.276471
0.190196
0.229412
0.300000
0.315686
0.366667
0.319608
0.307843
-0.029412
-0.221569
-0.335294
-0.382353
-0.374510
-0.362745
0.252941
0.319608
0.292157
0.201961
0.221569
0.288235
0.343137
0.354902
0.288235
0.292157
0.280392
-0.217647
-0.327451
-0.378431
-0.354902
-0.190196
0.311765
0.327451
0.311765
0.209804
0.198039
0.303922
0.315686
0.288235
0.249020
0.307843
0.303922
-0.217647
-0.327451
-0.358824
-0.386275
0.103922
0.311765
0.343137
0.327451
0.233333
0.194118
0.300000
0.358824
0.060784
-0.319608
0.209804
0.319608
-0.221569
-0.323529
-0.350980
-0.366667
0.284314
0.303922
0.315686
0.311765
0.280392
0.194118
0.252941
0.311765
-0.284314
-0.350980
-0.362745
0.131373
-0.213725
-0.331373
-0.374510
-0.139216
0.311765
0.319608
0.303922
0.288235
0.264706
0.245098
0.245098
0.064706
-0.358824
-0.394118
-0.374510
-0.350980
-0.201961
-0.362745
-0.386275
0.178431
0.288235
0.354902
0.335294
0.303922
0.272549
0.252941
0.198039
-0.280392
-0.358824
-0.366667
-0.362745
-0.358824
-0.221569
-0.339216
-0.319608
0.303922
0.315686
0.307843
0.311765
0.315686
0.300000
0.331373
0.033333
-0.335294
-0.366667
-0.386275
-0.378431
-0.362745
-0.229412
-0.362745
0.029412
0.315686
0.331373
0.311765
0.288235
0.256863
0.303922
0.300000
-0.221569
-0.307843
-0.378431
-0.390196
-0.354902
-0.358824
-0.217647
-0.382353
0.237255
0.300000
0.311765
0.303922
0.264706
0.280392
0.347059
0.049020
-0.264706
-0.276471
-0.366667
-0.394118
-0.390196
-0.366667
-0.209804
-0.229412
0.307843
0.284314
0.307843
0.288235
0.272549
0.284314
0.300000
-0.280392
-0.280392
-0.252941
-0.311765
-0.366667
-0.378431
-0.405882
-0.221569
0.037255
0.327451
0.307843
0.307843
0.288235
0.280392
0.319608
0.052941
-0.366667
-0.327451
-0.245098
-0.276471
-0.390196
-0.362745
-0.374510
-0.256863
0.205882
0.311765
0.307843
0.288235
0.280392
0.276471
0.311765
-0.272549
-0.374510
-0.378431
-0.249020
-0.252941
-0.362745
-0.382353
-0.209804
-0.158824
0.272549
0.303922
0.315686
0.272549
0.276471
0.300000
0.096078
-0.366667
-0.362745
-0.374510
-0.300000
-0.264706
-0.350980
-0.347059
0.252941
0.056863
0.288235
0.303922
0.331373
0.280392
0.284314
0.315686
-0.303922
-0.390196
-0.382353
-0.362745
-0.335294
-0.264706
-0.319608
0.005882
0.307843
0.178431
0.292157
0.303922
0.315686
0.288235
0.276471
0.084314
-0.347059
-0.394118
-0.390196
-0.350980
-0.350980
-0.256863
-0.268627
0.280392
0.307843
-0.409804
-0.378431
-0.374510
-0.378431
-0.209804
-0.296078
-0.292157
0.284314
0.315686
0.303922
0.315686
0.331373
0.331373
0.343137
0.303922
0.319608
-0.378431
-0.374510
-0.382353
-0.390196
-0.252941
-0.221569
-0.025490
0.335294
0.327451
0.311765
0.335294
0.335294
0.339216
0.303922
0.319608
0.327451
-0.374510
-0.378431
-0.390196
-0.394118
-0.311765
-0.225490
0.162745
0.307843
0.343137
0.331373
0.331373
0.339216
0.315686
0.331373
0.311765
0.300000
-0.394118
-0.382353
-0.362745
-0.386275
-0.307843
-0.100000
0.237255
0.315686
0.335294
0.327451
0.327451
0.319608
0.319608
0.343137
-0.017647
0.339216
-0.382353
-0.366667
-0.350980
-0.378431
-0.358824
0.150980
0.245098
0.331373
0.315686
0.327451
0.327451
0.311765
0.354902
0.037255
-0.335294
-0.221569
-0.374510
-0.362745
-0.378431
-0.386275
-0.331373
0.245098
0.198039
0.307843
0.311765
0.327451
0.311765
0.331373
0.272549
-0.280392
-0.390196
-0.323529
-0.390196
-0.374510
-0.378431
-0.366667
-0.068627
0.264706
0.221569
0.292157
0.335294
0.331373
0.307843
0.339216
0.052941
-0.358824
-0.390196
-0.382353
-0.374510
-0.378431
-0.378431
-0.405882
0.233333
0.288235
0.174510
0.260784
0.347059
0.319608
0.331373
0.288235
-0.331373
-0.394118
-0.374510
-0.358824
-0.386275
-0.354902
-0.374510
-0.264706
0.315686
0.315686
0.209804
0.225490
0.303922
0.335294
0.339216
0.001961
-0.354902
-0.390196
-0.366667
-0.382353
-0.366667
-0.362745
-0.405882
0.049020
0.339216
0.331373
0.233333
0.209804
0.264706
0.311765
0.272549
-0.296078
-0.366667
-0.378431
-0.378431
-0.362745
-0.366667
-0.362745
-0.374510
0.260784
0.327451
0.315686
0.260784
0.205882
0.276471
0.331373
-0.033333
-0.382353
-0.374510
-0.390196
-0.378431
-0.386275
-0.378431
-0.354902
-0.158824
0.315686
0.311765
0.319608
0.319608
0.229412
0.233333
0.276471
-0.339216
-0.366667
-0.374510
-0.382353
-0.394118
-0.354902
-0.366667
-0.374510
0.131373
0.311765
0.319608
0.339216
0.307843
0.245098
0.221569
-0.041176
-0.390196
-0.366667
-0.366667
-0.378431
-0.382353
-0.378431
-0.358824
-0.307843
0.288235
0.311765
0.319608
0.331373
0.280392
0.249020
0.194118
-0.331373
-0.378431
-0.362745
-0.358824
-0.401961
-0.362745
-0.358824
-0.366667
-0.072549
0.300000
0.292157
0.311765
0.300000
0.331373
0.284314
-0.060784
-0.362745
-0.409804
-0.378431
-0.366667
-0.374510
-0.394118
-0.339216
-0.358824
0.205882
0.347059
0.303922
0.300000
0.300000
0.315686
0.252941
-0.264706
-0.358824
-0.366667
-0.394118
-0.390196
-0.350980
-0.327451
0.123529
-0.162745
-0.241176
-0.382353
-0.366667
-0.374510
-0.362745
-0.374510
-0.405882
0.158824
0.315686
0.315686
0.335294
0.335294
0.252941
0.221569
0.205882
-0.256863
-0.217647
-0.366667
-0.358824
-0.374510
-0.374510
-0.354902
-0.296078
0.311765
0.319608
0.335294
0.335294
0.343137
0.292157
0.276471
0.225490
-0.339216
-0.201961
-0.323529
-0.362745
-0.374510
-0.382353
-0.386275
0.005882
0.311765
0.339216
0.339216
0.335294
0.339216
0.311765
0.288235
0.233333
-0.374510
-0.225490
-0.284314
-0.378431
-0.374510
-0.354902
-0.378431
0.284314
0.311765
0.343137
0.315686
0.339216
0.319608
0.264706
0.331373
0.221569
-0.374510
-0.245098
-0.264706
-0.378431
-0.358824
-0.362745
-0.158824
0.319608
0.335294
0.339216
0.307843
0.327451
0.288235
0.288235
0.284314
-0.292157
-0.382353
-0.256863
-0.245098
-0.378431
-0.358824
-0.429412
0.131373
0.260784
0.335294
0.331373
0.315686
0.315686
0.292157
0.339216
-0.005882
-0.339216
-0.386275
-0.292157
-0.241176
-0.362745
-0.362745
-0.347059
0.303922
0.319608
0.331373
0.319608
0.315686
0.327451
0.327451
0.256863
-0.331373
-0.362745
-0.390196
-0.366667
-0.213725
-0.307843
-0.390196
-0.001961
0.335294
0.307843
0.347059
0.327451
0.339216
0.327451
0.315686
-0.103922
-0.358824
-0.366667
-0.386275
-0.374510
-0.221569
-0.256863
-0.386275
0.256863
0.315686
0.315686
0.307843
0.319608
0.331373
0.303922
0.217647
-0.362745
-0.362745
-0.382353
-0.362745
-0.390196
-0.249020
-0.237255
-0.174510
0.335294
0.327451
0.315686
0.307843
0.307843
0.319608
0.327451
-0.166667
-0.347059
-0.366667
-0.386275
-0.366667
-0.386275
-0.276471
-0.252941
0.119608
0.311765
0.327451
0.319608
0.311765
0.292157
0.292157
0.178431
-0.374510
-0.366667
-0.390196
-0.386275
-0.401961
-0.374510
-0.296078
-0.174510
0.256863
0.307843
0.311765
0.362745
0.331373
0.284314
0.307843
-0.241176
-0.354902
-0.378431
-0.390196
-0.378431
-0.390196
-0.358824
-0.339216
0.052941
0.249020
0.315686
0.319608
0.354902
0.292157
0.288235
0.174510
-0.374510
-0.386275
-0.394118
-0.382353
-0.382353
-0.378431
-0.362745
-0.331373
0.229412
0.221569
0.315686
0.335294
0.319608
0.331373
0.303922
-0.272549
-0.374510
-0.358824
-0.382353
-0.378431
-0.366667
-0.390196
-0.386275
-0.143137
0.233333
0.217647
0.311765
0.315686
0.307843
0.327451
0.147059
-0.350980
-0.390196
-0.366667
-0.394118
-0.374510
-0.358824
-0.362745
-0.382353
0.225490
0.288235
0.217647
0.280392
0.292157
0.319608
0.300000
-0.300000
-0.366667
-0.374510
-0.405882
-0.374510
-0.374510
-0.378431
0.319608
0.068627
-0.358824
-0.374510
-0.366667
-0.374510
-0.390196
-0.386275
-0.386275
-0.213725
0.237255
0.198039
0.311765
0.303922
0.221569
0.217647
0.362745
-0.166667
-0.358824
-0.378431
-0.374510
-0.386275
-0.386275
-0.362745
-0.401961
0.096078
0.272549
0.209804
0.292157
0.303922
0.252941
0.272549
0.311765
-0.323529
-0.354902
-0.374510
-0.386275
-0.386275
-0.394118
-0.358824
-0.331373
0.276471
0.307843
0.217647
0.225490
0.245098
0.245098
0.319608
0.135294
-0.401961
-0.362745
-0.374510
-0.394118
-0.382353
-0.378431
-0.386275
-0.017647
0.284314
0.292157
0.249020
0.182353
0.217647
0.229412
0.319608
-0.103922
-0.394118
-0.378431
-0.378431
-0.390196
-0.366667
-0.358824
-0.374510
0.260784
0.303922
0.300000
0.311765
0.205882
0.150980
0.237255
0.300000
-0.296078
-0.378431
-0.378431
-0.366667
-0.374510
-0.354902
-0.390196
-0.162745
0.288235
0.311765
0.311765
0.311765
0.217647
0.107843
0.260784
0.288235
-0.386275
-0.374510
-0.390196
-0.358824
-0.350980
-0.358824
-0.378431
0.190196
0.292157
0.292157
0.315686
0.280392
0.225490
0.178431
0.249020
-0.072549
-0.366667
-0.401961
-0.378431
-0.358824
-0.394118
-0.401961
-0.252941
0.272549
0.303922
0.292157
0.280392
0.264706
0.264706
0.198039
0.182353
-0.347059
-0.386275
-0.366667
-0.374510
-0.366667
-0.366667
-0.394118
0.111765
0.292157
0.252941
0.300000
0.245098
0.280392
0.280392
0.209804
-0.107843
-0.347059
-0.374510
-0.386275
-0.394118
-0.366667
-0.366667
-0.311765
0.276471
0.303922
0.276471
0.256863
0.237255
0.284314
0.284314
0.021569
-0.237255
-0.303922
-0.386275
-0.390196
-0.382353
-0.358824
-0.378431
0.009804
0.331373
0.307843
0.264706
0.229412
0.260784
0.276471
0.276471
-0.300000
-0.229412
-0.276471
-0.362745
-0.366667
-0.366667
-0.366667
-0.362745
0.256863
0.347059
0.276471
0.233333
0.221569
0.292157
0.303922
0.001961
-0.378431
-0.245098
-0.213725
-0.331373
-0.366667
-0.390196
-0.382353
-0.131373
0.303922
0.327451
0.264706
0.225490
0.233333
0.315686
0.260784
-0.327451
-0.358824
-0.311765
-0.245098
-0.323529
-0.374510
-0.374510
-0.382353
0.198039
0.347059
0.319608
0.260784
0.198039
0.280392
0.319608
-0.060784
-0.390196
-0.382353
-0.362745
-0.249020
-0.268627
-0.374510
-0.382353
-0.303922
0.300000
0.311765
0.307843
0.205882
0.217647
0.272549
0.252941
-0.358824
-0.382353
-0.366667
-0.366667
-0.256863
-0.284314
-0.378431
-0.374510
0.123529
0.311765
0.288235
0.249020
0.198039
0.245098
0.300000
-0.186275
-0.374510
-0.366667
-0.374510
-0.378431
-0.323529
0.292157
0.311765
0.327451
-0.272549
-0.390196
-0.374510
-0.335294
-0.194118
-0.335294
-0.382353
-0.405882
0.060784
0.221569
0.276471
0.300000
0.272549
0.300000
0.311765
0.209804
-0.378431
-0.362745
-0.366667
-0.362745
-0.225490
-0.252941
-0.358824
-0.327451
0.205882
0.260784
0.307843
0.339216
0.339216
0.327451
0.335294
-0.045098
-0.378431
-0.366667
-0.362745
-0.378431
-0.284314
-0.221569
-0.374510
-0.005882
0.237255
0.284314
0.327451
0.339216
0.347059
0.311765
0.339216
-0.276471
-0.354902
-0.382353
-0.366667
-0.386275
-0.323529
-0.190196
-0.323529
0.233333
0.276471
0.300000
0.343137
0.307843
0.319608
0.288235
0.229412
-0.374510
-0.366667
-0.386275
-0.386275
-0.386275
-0.350980
-0.198039
-0.100000
0.225490
0.260784
0.303922
0.339216
0.327451
0.303922
0.319608
-0.021569
-0.374510
-0.382353
-0.382353
-0.390196
-0.378431
-0.382353
-0.213725
0.084314
0.198039
0.272549
0.300000
0.303922
0.331373
0.311765
0.354902
-0.276471
-0.382353
-0.374510
-0.386275
-0.378431
-0.358824
-0.362745
-0.072549
0.166667
0.201961
0.260784
0.315686
0.343137
0.307843
0.335294
0.245098
-0.382353
-0.386275
-0.378431
-0.382353
-0.382353
-0.347059
-0.394118
0.194118
0.182353
0.162745
0.276471
0.307843
0.315686
0.319608
0.303922
-0.045098
-0.362745
-0.390196
-0.378431
-0.382353
-0.390196
-0.382353
-0.194118
0.272549
0.256863
0.178431
0.276471
0.319608
0.339216
0.311765
0.221569
-0.272549
-0.362745
-0.378431
-0.378431
-0.358824
-0.350980
-0.405882
0.158824
0.276471
0.249020
0.170588
0.233333
0.307843
0.300000
0.339216
-0.209804
-0.362745
-0.394118
-0.382353
-0.401961
-0.382353
-0.374510
-0.268627
0.256863
0.319608
0.272549
0.143137
0.225490
0.319608
0.303922
0.068627
-0.354902
-0.358824
-0.382353
-0.354902
-0.378431
-0.378431
-0.401961
0.060784
0.280392
0.311765
0.292157
0.190196
0.201961
0.311765
0.280392
-0.303922
-0.366667
-0.366667
-0.394118
-0.390196
-0.382353
-0.374510
-0.323529
0.252941
0.335294
0.331373
0.245098
0.209804
0.209804
0.303922
-0.068627
-0.374510
-0.362745
-0.350980
-0.405882
-0.390196
-0.378431
-0.374510
-0.005882
0.311765
0.327451
0.311765
0.233333
0.272549
0.221569
0.178431
-0.327451
-0.374510
-0.382353
-0.374510
-0.378431
-0.374510
-0.401961
-0.382353
0.249020
0.300000
0.280392
0.256863
0.249020
0.300000
0.229412
-0.103922
-0.358824
-0.366667
-0.378431
-0.382353
-0.401961
-0.382353
-0.386275
-0.123529
0.307843
0.315686
0.315686
0.260784
0.256863
0.292157
0.076471
-0.229412
-0.327451
-0.382353
-0.382353
0.303922
0.272549
0.272549
0.249020
0.037255
-0.362745
-0.386275
-0.382353
-0.358824
-0.374510
-0.374510
-0.358824
-0.303922
0.225490
0.276471
0.311765
0.303922
0.276471
0.284314
0.288235
-0.131373
-0.347059
-0.378431
-0.390196
-0.362745
-0.347059
-0.390196
-0.382353
0.049020
0.315686
0.319608
0.354902
0.307843
0.280392
0.284314
0.221569
-0.209804
-0.311765
-0.382353
-0.366667
-0.378431
-0.374510
-0.374510
-0.311765
0.256863
0.327451
0.354902
0.319608
0.307843
0.292157
0.327451
-0.017647
-0.225490
-0.276471
-0.378431
-0.386275
-0.382353
-0.374510
-0.382353
0.049020
0.307843
0.354902
0.300000
0.307843
0.303922
0.292157
0.339216
-0.268627
-0.256863
-0.229412
-0.366667
-0.378431
-0.366667
-0.339216
-0.323529
0.292157
0.311765
0.315686
0.319608
0.331373
0.288235
0.276471
0.198039
-0.362745
-0.300000
-0.198039
-0.358824
-0.382353
-0.401961
-0.378431
0.013725
0.327451
0.331373
0.315686
0.300000
0.319608
0.288235
0.311765
-0.029412
-0.378431
-0.366667
-0.209804
-0.300000
-0.374510
-0.366667
-0.362745
0.260784
0.319608
0.331373
0.331373
0.327451
0.327451
0.284314
0.327451
-0.323529
-0.382353
-0.374510
-0.256863
-0.217647
-0.374510
-0.386275
-0.033333
0.303922
0.327451
0.311765
0.307843
0.307843
0.315686
0.292157
0.147059
-0.366667
-0.382353
-0.405882
-0.280392
-0.229412
-0.339216
-0.390196
0.245098
0.335294
0.284314
0.335294
0.315686
0.319608
0.307843
0.292157
-0.150980
-0.374510
-0.366667
-0.366667
-0.292157
-0.217647
-0.347059
-0.115686
0.319608
0.343137
0.303922
0.327451
0.319608
0.303922
0.311765
0.256863
-0.335294
-0.382353
-0.378431
-0.362745
-0.339216
-0.241176
-0.296078
0.217647
0.307843
0.311765
0.300000
0.303922
0.311765
0.315686
0.260784
0.084314
-0.374510
-0.382353
-0.378431
-0.382353
-0.378431
-0.272549
-0.162745
0.311765
0.319608
0.362745
0.339216
0.292157
0.311765
0.311765
-0.052941
-0.186275
-0.382353
-0.401961
-0.366667
-0.378431
-0.362745
-0.272549
0.115686
0.280392
0.335294
0.292157
0.300000
0.319608
0.343137
0.178431
-0.354902
-0.339216
-0.378431
-0.409804
-0.390196
-0.382353
-0.374510
-0.131373
0.182353
0.272549
0.311765
0.335294
0.362745
0.311765
0.331373
-0.225490
-0.339216
-0.390196
-0.382353
-0.382353
-0.405882
-0.394118
-0.378431
0.170588
0.233333
0.233333
0.307843
0.331373
0.335294
0.315686
0.103922
-0.358824
-0.362745
-0.382353
-0.386275
-0.382353
-0.378431
-0.390196
-0.272549
0.276471
0.272549
0.209804
0.280392
0.315686
0.311765
0.272549
-0.323529
-0.374510
-0.386275
0.201961
0.221569
0.300000
0.307843
0.311765
0.252941
-0.339216
-0.401961
-0.382353
-0.366667
-0.382353
-0.401961
-0.390196
-0.354902
-0.245098
0.221569
0.221569
0.198039
0.307843
0.303922
0.307843
0.041176
-0.390196
-0.382353
-0.378431
-0.378431
-0.386275
-0.374510
-0.390196
-0.300000
0.233333
0.284314
0.252941
0.201961
0.284314
0.288235
0.307843
-0.198039
-0.394118
-0.382353
-0.382353
-0.354902
-0.378431
-0.382353
-0.339216
0.033333
0.307843
0.307843
0.284314
0.209804
0.260784
0.284314
0.174510
-0.350980
-0.386275
-0.358824
-0.386275
-0.374510
-0.382353
-0.382353
-0.311765
0.256863
0.307843
0.300000
0.288235
0.217647
0.237255
0.300000
-0.084314
-0.382353
-0.378431
-0.362745
-0.374510
-0.390196
-0.394118
-0.374510
0.037255
0.284314
0.276471
0.339216
0.311765
0.225490
0.194118
0.252941
-0.300000
-0.374510
-0.362745
-0.366667
-0.378431
-0.358824
-0.390196
-0.307843
0.272549
0.303922
0.319608
0.311765
0.331373
0.233333
0.166667
0.092157
-0.382353
-0.394118
-0.366667
-0.374510
-0.382353
-0.362745
-0.358824
0.029412
0.264706
0.288235
0.335294
0.327451
0.280392
0.209804
0.201961
-0.166667
-0.378431
-0.362745
-0.362745
-0.362745
-0.394118
-0.366667
-0.327451
0.276471
0.292157
0.288235
0.315686
0.300000
0.264706
0.217647
0.182353
-0.311765
-0.382353
-0.394118
-0.378431
-0.358824
-0.378431
-0.394118
0.033333
0.319608
0.288235
0.292157
0.292157
0.311765
0.264706
0.260784
0.025490
-0.303922
-0.374510
-0.401961
-0.362745
-0.374510
-0.366667
-0.335294
0.256863
0.300000
0.260784
0.276471
0.315686
0.303922
0.272549
0.303922
-0.166667
-0.284314
-0.374510
-0.362745
-0.362745
-0.374510
-0.386275
0.049020
0.315686
0.303922
0.284314
0.307843
0.284314
0.327451
0.284314
0.233333
-0.256863
-0.249020
-0.386275
-0.366667
-0.378431
-0.378431
-0.311765
0.292157
0.315686
0.284314
0.284314
0.280392
0.260784
0.315686
0.303922
0.001961
-0.284314
-0.221569
-0.378431
-0.378431
-0.362745
-0.374510
0.052941
0.311765
0.327451
0.284314
0.284314
0.292157
0.319608
0.303922
0.315686
-0.256863
-0.319608
-0.225490
-0.339216
-0.378431
-0.366667
-0.300000
0.303922
0.319608
0.284314
0.300000
0.272549
0.288235
0.307843
0.064706
0.221569
-0.386275
-0.350980
-0.225490
-0.307843
-0.378431
-0.390196
0.049020
0.300000
0.307843
0.319608
0.303922
0.272549
0.245098
0.252941
-0.292157
-0.123529
-0.374510
-0.362745
-0.221569
-0.256863
-0.350980
-0.347059
0.292157
0.311765
0.288235
0.311765
0.276471
0.280392
0.292157
-0.139216
-0.358824
