0.170588
0.256863
0.300000
0.311765
0.311765
0.311765
0.284314
0.292157
0.300000
0.284314
0.315686
0.311765
0.331373
0.307843
0.319608
0.307843
0.260784
0.276471
0.276471
0.292157
0.303922
0.303922
0.300000
0.315686
0.315686
0.307843
0.300000
0.339216
0.327451
0.311765
0.292157
0.331373
0.300000
0.272549
0.252941
0.260784
0.272549
0.307843
0.327451
0.331373
0.335294
0.315686
0.319608
0.311765
0.319608
0.315686
0.327451
0.288235
0.315686
0.280392
0.256863
0.245098
0.256863
0.284314
0.284314
0.303922
0.300000
0.288235
0.288235
0.307843
0.300000
0.292157
0.292157
0.272549
0.174510
0.107843
0.037255
0.001961
-0.029412
-0.060784
-0.111765
-0.111765
-0.154902
-0.213725
-0.272549
-0.303922
-0.327451
-0.354902
-0.378431
-0.382353
-0.390196
-0.382353
-0.362745
-0.350980
-0.335294
-0.331373
-0.339216
-0.327451
-0.335294
-0.319608
-0.303922
-0.327451
-0.335294
-0.327451
-0.347059
-0.335294
-0.374510
-0.378431
-0.374510
-0.374510
-0.374510
-0.378431
-0.382353
-0.362745
-0.378431
-0.358824
-0.350980
-0.366667
-0.366667
-0.347059
-0.347059
-0.362745
-0.374510
-0.378431
-0.374510
-0.366667
-0.374510
-0.378431
-0.386275
-0.401961
-0.378431
-0.394118
-0.409804
-0.386275
-0.366667
-0.378431
-0.382353
-0.366667
-0.311765
-0.327451
-0.335294
-0.350980
-0.350980
-0.347059
-0.347059
-0.386275
-0.382353
-0.378431
-0.374510
-0.350980
-0.362745
-0.374510
-0.347059
-0.327451
0.209804
0.217647
0.221569
0.205882
0.182353
0.150980
0.147059
0.119608
0.107843
0.084314
0.033333
-0.001961
-0.017647
-0.049020
-0.072549
-0.115686
0.198039
0.198039
0.182353
0.162745
0.158824
0.170588
0.174510
0.150980
0.158824
0.162745
0.147059
0.135294
0.158824
0.190196
0.190196
0.237255
0.194118
0.182353
0.190196
0.190196
0.162745
0.178431
0.182353
0.190196
0.174510
0.182353
0.166667
0.178431
0.209804
0.182353
0.217647
-0.021569
0.205882
0.217647
0.225490
0.182353
0.229412
0.217647
0.237255
0.225490
0.233333
0.205882
0.249020
0.237255
0.237255
0.056863
-0.174510
-0.088235
-0.221569
-0.103922
0.025490
0.150980
0.237255
0.300000
0.319608
0.307843
0.280392
0.260784
0.319608
0.252941
-0.076471
-0.127451
0.119608
0.249020
-0.335294
-0.350980
-0.366667
-0.358824
-0.382353
-0.331373
-0.245098
-0.135294
0.005882
0.166667
0.049020
-0.166667
0.060784
0.280392
0.249020
0.256863
-0.350980
-0.362745
-0.362745
-0.382353
-0.327451
-0.358824
-0.327451
-0.335294
-0.198039
-0.123529
-0.029412
0.201961
0.276471
0.280392
0.272549
0.280392
-0.350980
-0.284314
-0.209804
-0.103922
0.009804
0.131373
0.252941
0.256863
0.315686
0.331373
0.288235
0.284314
0.256863
0.288235
0.307843
0.292157
0.315686
0.339216
0.327451
0.327451
0.315686
0.288235
0.264706
0.284314
0.288235
0.280392
0.319608
0.315686
0.327451
0.292157
0.292157
0.311765
0.284314
0.284314
0.276471
0.284314
0.311765
0.315686
0.292157
0.272549
0.288235
0.303922
0.292157
0.327451
0.315686
0.319608
0.327451
0.311765
0.288235
0.292157
0.303922
0.315686
0.327451
0.319608
0.311765
0.300000
0.311765
0.284314
0.292157
0.307843
0.315686
0.300000
0.311765
0.307843
0.276471
0.272549
0.280392
0.303922
0.307843
0.307843
0.311765
0.319608
0.303922
0.284314
0.264706
0.245098
0.225490
0.229412
0.225490
0.147059
-0.123529
-0.158824
-0.166667
-0.186275
-0.213725
-0.237255
-0.252941
-0.268627
-0.296078
-0.311765
-0.339216
-0.362745
-0.362745
-0.362745
-0.386275
-0.378431
-0.335294
-0.327451
-0.323529
-0.323529
-0.339216
-0.347059
-0.354902
-0.331373
-0.339216
-0.335294
-0.323529
-0.323529
-0.331373
-0.331373
-0.339216
-0.347059
-0.382353
-0.382353
-0.378431
-0.374510
-0.366667
-0.354902
-0.347059
-0.350980
-0.362745
-0.366667
-0.362745
-0.366667
-0.374510
-0.362745
-0.358824
-0.366667
-0.366667
-0.366667
-0.366667
-0.366667
-0.366667
-0.362745
-0.354902
-0.390196
-0.366667
-0.362745
-0.374510
-0.378431
-0.362745
-0.366667
-0.382353
-0.374510
-0.123529
-0.166667
-0.217647
-0.249020
-0.272549
-0.303922
-0.327451
-0.366667
-0.374510
-0.366667
-0.374510
-0.378431
-0.390196
-0.382353
-0.354902
-0.350980
0.182353
0.182353
0.182353
0.178431
0.198039
0.205882
0.209804
0.178431
0.170588
0.135294
0.084314
0.064706
0.041176
-0.005882
-0.029412
-0.100000
0.190196
0.190196
0.198039
0.198039
0.209804
0.217647
0.190196
0.162745
0.178431
0.182353
0.123529
0.158824
0.150980
0.150980
0.158824
0.198039
0.209804
0.201961
0.201961
0.221569
0.221569
0.205882
0.217647
0.198039
0.190196
0.201961
0.209804
0.198039
0.237255
0.201961
0.209804
-0.021569
0.237255
0.272549
0.272549
0.249020
0.260784
0.280392
0.272549
0.264706
0.288235
0.319608
0.327451
0.280392
0.315686
0.111765
-0.131373
-0.049020
-0.350980
-0.300000
-0.166667
0.009804
0.158824
0.256863
0.327451
0.335294
0.343137
0.307843
0.343137
0.166667
-0.103922
-0.088235
0.150980
0.288235
-0.350980
-0.347059
-0.347059
-0.347059
-0.366667
-0.386275
-0.358824
-0.213725
-0.080392
0.170588
-0.029412
-0.139216
0.139216
0.264706
0.256863
0.280392
-0.358824
-0.358824
-0.339216
-0.339216
-0.366667
-0.386275
-0.350980
-0.335294
-0.276471
-0.217647
-0.107843
-0.021569
0.115686
0.209804
0.264706
0.307843
-0.221569
-0.143137
-0.045098
0.056863
0.162745
0.264706
0.260784
0.311765
0.339216
0.335294
0.307843
0.311765
0.264706
0.280392
0.292157
0.252941
0.327451
0.311765
0.307843
0.300000
0.272549
0.252941
0.276471
0.284314
0.300000
0.288235
0.311765
0.292157
0.303922
0.276471
0.276471
0.249020
0.300000
0.300000
0.300000
0.311765
0.311765
0.292157
0.280392
0.272549
0.276471
0.303922
0.292157
0.303922
0.284314
0.284314
0.264706
0.225490
0.288235
0.300000
0.311765
0.315686
0.311765
0.303922
0.292157
0.264706
0.272549
0.252941
0.256863
0.256863
0.256863
0.229412
0.229412
0.233333
0.233333
0.229412
0.245098
0.233333
0.225490
0.217647
0.217647
0.198039
0.194118
0.182353
0.178431
0.174510
0.162745
0.162745
0.166667
0.162745
-0.323529
-0.327451
-0.327451
-0.331373
-0.331373
-0.350980
-0.362745
-0.354902
-0.358824
-0.378431
-0.390196
-0.382353
-0.374510
-0.374510
-0.374510
-0.394118
-0.350980
-0.354902
-0.347059
-0.350980
-0.350980
-0.362745
-0.350980
-0.362745
-0.358824
-0.366667
-0.358824
-0.347059
-0.358824
-0.374510
-0.362745
-0.366667
-0.378431
-0.378431
-0.374510
-0.362745
-0.350980
-0.347059
-0.354902
-0.331373
-0.347059
-0.362745
-0.366667
-0.366667
-0.378431
-0.374510
-0.358824
-0.350980
-0.374510
-0.366667
-0.362745
-0.362745
-0.358824
-0.339216
-0.374510
-0.390196
-0.378431
-0.374510
-0.382353
-0.390196
-0.366667
-0.362745
-0.378431
-0.362745
0.060784
-0.001961
-0.060784
-0.127451
-0.186275
-0.221569
-0.264706
-0.319608
-0.347059
-0.339216
-0.354902
-0.382353
-0.386275
-0.362745
-0.350980
-0.354902
0.150980
0.166667
0.174510
0.174510
0.182353
0.194118
0.198039
0.229412
0.198039
0.190196
0.143137
0.088235
0.052941
-0.017647
-0.045098
-0.100000
0.201961
0.194118
0.198039
0.205882
0.221569
0.233333
0.229412
0.205882
0.178431
0.174510
0.178431
0.158824
0.201961
0.198039
0.217647
0.264706
0.264706
0.272549
0.264706
0.272549
0.280392
0.264706
0.260784
0.280392
0.288235
0.292157
0.280392
0.292157
0.288235
0.327451
0.292157
0.037255
0.205882
0.272549
0.327451
0.331373
0.319608
0.327451
0.315686
0.303922
0.292157
0.303922
0.319608
0.327451
0.319608
0.068627
-0.131373
0.001961
-0.394118
-0.366667
-0.280392
-0.127451
0.049020
0.182353
0.276471
0.300000
0.319608
0.327451
0.370588
0.150980
-0.131373
-0.056863
0.205882
0.284314
-0.350980
-0.350980
-0.366667
-0.382353
-0.366667
-0.366667
-0.374510
-0.350980
-0.350980
-0.350980
-0.362745
-0.382353
-0.382353
-0.366667
-0.347059
-0.366667
-0.386275
-0.358824
-0.335294
-0.350980
-0.378431
-0.374510
-0.358824
-0.307843
-0.245098
-0.170588
-0.111765
-0.017647
0.092157
0.182353
0.221569
0.288235
-0.100000
-0.005882
0.068627
0.158824
0.252941
0.260784
0.319608
0.331373
0.307843
0.276471
0.260784
0.288235
0.284314
0.272549
0.280392
0.307843
0.292157
0.288235
0.284314
0.260784
0.252941
0.288235
0.303922
0.288235
0.288235
0.272549
0.264706
0.272549
0.284314
0.300000
0.300000
0.260784
0.288235
0.280392
0.292157
0.292157
0.280392
0.272549
0.264706
0.260784
0.249020
0.245098
0.237255
0.233333
0.233333
0.233333
0.233333
0.198039
0.252941
0.256863
0.252941
0.245098
0.233333
0.225490
0.201961
0.201961
0.194118
0.182353
0.178431
0.190196
0.194118
0.190196
0.178431
0.201961
0.150980
0.170588
0.166667
0.170588
0.174510
0.190196
0.178431
0.150980
0.147059
0.150980
0.166667
0.170588
0.170588
0.166667
0.170588
0.147059
-0.374510
-0.374510
-0.378431
-0.378431
-0.386275
-0.390196
-0.378431
-0.382353
-0.366667
-0.374510
-0.378431
-0.382353
-0.378431
-0.382353
-0.390196
-0.382353
-0.358824
-0.354902
-0.362745
-0.362745
-0.374510
-0.350980
-0.358824
-0.374510
-0.366667
-0.362745
-0.350980
-0.335294
-0.339216
-0.358824
-0.374510
-0.347059
-0.378431
-0.382353
-0.378431
-0.366667
-0.362745
-0.374510
-0.347059
-0.382353
-0.366667
-0.374510
-0.366667
-0.362745
-0.366667
-0.374510
-0.362745
-0.347059
-0.374510
-0.366667
-0.362745
-0.350980
-0.323529
-0.339216
-0.354902
-0.366667
-0.366667
-0.354902
-0.358824
-0.374510
-0.374510
-0.366667
-0.378431
-0.362745
0.150980
0.103922
0.041176
-0.021569
-0.096078
-0.154902
-0.198039
-0.319608
-0.339216
-0.339216
-0.350980
-0.358824
-0.358824
-0.362745
-0.354902
-0.366667
0.178431
0.174510
0.174510
0.174510
0.182353
0.205882
0.221569
0.205882
0.225490
0.217647
0.166667
0.115686
0.080392
0.013725
-0.049020
-0.123529
0.276471
0.272549
0.272549
0.276471
0.280392
0.288235
0.288235
0.276471
0.280392
0.276471
0.264706
0.284314
0.260784
0.284314
0.284314
0.319608
0.311765
0.307843
0.303922
0.303922
0.311765
0.315686
0.311765
0.319608
0.280392
0.315686
0.311765
0.307843
0.315686
0.319608
0.272549
-0.001961
0.139216
0.237255
0.311765
0.343137
0.327451
0.307843
0.292157
0.300000
0.347059
0.315686
0.347059
0.362745
0.311765
0.021569
-0.127451
0.049020
-0.323529
-0.347059
-0.358824
-0.374510
-0.374510
-0.374510
-0.358824
-0.366667
-0.366667
-0.378431
-0.378431
-0.382353
-0.386275
-0.366667
-0.358824
-0.390196
-0.347059
-0.354902
-0.374510
-0.366667
-0.378431
-0.382353
-0.354902
-0.374510
-0.347059
-0.347059
-0.358824
-0.366667
-0.362745
-0.366667
-0.374510
-0.350980
-0.366667
-0.358824
-0.378431
-0.394118
-0.378431
-0.354902
-0.300000
-0.229412
-0.174510
-0.103922
-0.041176
0.029412
0.111765
0.201961
0.272549
0.260784
0.068627
0.166667
0.205882
0.272549
0.272549
0.292157
0.319608
0.331373
0.315686
0.288235
0.256863
0.260784
0.264706
0.252941
0.249020
0.264706
0.256863
0.256863
0.252941
0.233333
0.237255
0.256863
0.276471
0.288235
0.284314
0.272549
0.256863
0.252941
0.260784
0.272549
0.280392
0.190196
0.245098
0.252941
0.245098
0.205882
0.174510
0.166667
0.170588
0.194118
0.190196
0.178431
0.178431
0.174510
0.178431
0.178431
0.178431
0.198039
0.150980
0.190196
0.170588
0.166667
0.190196
0.158824
0.182353
0.178431
0.174510
0.170588
0.166667
0.178431
0.190196
0.194118
0.194118
0.205882
0.029412
0.064706
0.080392
0.084314
0.096078
0.076471
0.103922
0.119608
0.107843
0.111765
0.123529
0.139216
0.150980
0.150980
0.150980
0.182353
-0.386275
-0.386275
-0.378431
-0.390196
-0.413725
-0.394118
-0.378431
-0.390196
-0.386275
-0.382353
-0.382353
-0.386275
-0.382353
-0.382353
-0.382353
-0.366667
-0.378431
-0.378431
-0.378431
-0.390196
-0.362745
-0.362745
-0.374510
-0.366667
-0.374510
-0.374510
-0.362745
-0.354902
-0.350980
-0.362745
-0.382353
-0.350980
-0.378431
-0.347059
-0.350980
-0.362745
-0.386275
-0.386275
-0.382353
-0.339216
-0.358824
-0.354902
-0.362745
-0.362745
-0.366667
-0.378431
-0.378431
-0.358824
-0.319608
-0.339216
-0.366667
-0.378431
-0.354902
-0.347059
-0.358824
-0.358824
-0.362745
-0.347059
-0.350980
-0.366667
-0.382353
-0.386275
-0.394118
-0.362745
0.198039
0.198039
0.174510
0.131373
0.056863
-0.029412
-0.096078
-0.221569
-0.256863
-0.292157
-0.331373
-0.362745
-0.362745
-0.366667
-0.358824
-0.394118
0.252941
0.237255
0.233333
0.233333
0.245098
0.260784
0.284314
0.256863
0.284314
0.292157
0.256863
0.205882
0.162745
0.084314
0.013725
-0.115686
0.311765
0.300000
0.284314
0.284314
0.300000
0.319608
0.335294
0.288235
0.288235
0.288235
0.292157
0.307843
0.272549
0.288235
0.292157
0.339216
0.319608
0.307843
0.307843
0.307843
0.311765
0.315686
0.311765
0.335294
0.311765
0.343137
0.311765
0.307843
0.335294
0.343137
0.276471
-0.049020
-0.378431
-0.386275
-0.374510
-0.358824
-0.327451
-0.307843
-0.323529
-0.358824
-0.374510
-0.386275
-0.386275
-0.382353
-0.374510
-0.366667
-0.366667
-0.386275
-0.339216
-0.350980
-0.362745
-0.378431
-0.358824
-0.339216
-0.354902
-0.354902
-0.362745
-0.366667
-0.374510
-0.366667
-0.366667
-0.374510
-0.378431
-0.378431
-0.366667
-0.374510
-0.366667
-0.358824
-0.366667
-0.358824
-0.327451
-0.354902
-0.350980
-0.350980
-0.358824
-0.366667
-0.374510
-0.378431
-0.378431
-0.362745
-0.366667
-0.358824
-0.350980
-0.331373
-0.300000
-0.264706
-0.241176
-0.154902
-0.115686
-0.056863
0.005882
0.060784
0.115686
0.166667
0.198039
0.260784
0.209804
0.272549
0.303922
0.303922
0.303922
0.315686
0.335294
0.311765
0.300000
0.276471
0.249020
0.229412
0.209804
0.198039
0.190196
0.162745
0.182353
0.198039
0.221569
0.237255
0.233333
0.205882
0.182353
0.221569
0.201961
0.182353
0.178431
0.182353
0.190196
0.178431
0.170588
0.178431
0.158824
0.166667
0.158824
0.143137
0.147059
0.166667
0.190196
0.170588
0.166667
0.170588
0.182353
0.194118
0.198039
0.190196
0.178431
0.166667
0.178431
0.166667
0.166667
0.170588
0.166667
0.158824
0.147059
0.162745
0.170588
0.178431
0.182353
0.174510
0.170588
0.170588
0.170588
0.190196
-0.123529
-0.096078
-0.052941
-0.005882
0.021569
0.029412
0.029412
0.064706
0.080392
0.096078
0.107843
0.115686
0.135294
0.162745
0.182353
0.198039
-0.347059
-0.350980
-0.350980
-0.350980
-0.354902
-0.366667
-0.382353
-0.382353
-0.382353
-0.382353
-0.386275
-0.386275
-0.382353
-0.374510
-0.366667
-0.366667
-0.378431
-0.378431
-0.366667
-0.354902
-0.354902
-0.374510
-0.390196
-0.366667
-0.374510
-0.374510
-0.358824
-0.347059
-0.339216
-0.350980
-0.362745
-0.350980
-0.358824
-0.354902
-0.362745
-0.378431
-0.382353
-0.378431
-0.366667
-0.374510
-0.374510
-0.354902
-0.366667
-0.382353
-0.366667
-0.358824
-0.366667
-0.374510
-0.158824
-0.264706
-0.347059
-0.378431
-0.362745
-0.354902
-0.358824
-0.350980
-0.331373
-0.358824
-0.374510
-0.366667
-0.378431
-0.378431
-0.382353
-0.382353
0.276471
0.284314
0.276471
0.256863
0.201961
0.107843
0.021569
-0.084314
-0.194118
-0.280392
-0.335294
-0.350980
-0.366667
-0.386275
-0.354902
-0.335294
0.311765
0.300000
0.284314
0.292157
0.311765
0.300000
0.264706
0.311765
0.327451
0.311765
0.319608
0.284314
0.178431
0.060784
-0.060784
-0.162745
0.315686
0.339216
0.335294
0.319608
0.315686
0.311765
0.303922
0.315686
0.292157
0.303922
0.284314
0.280392
0.288235
0.280392
0.311765
0.307843
0.233333
0.092157
-0.060784
-0.198039
-0.292157
-0.335294
-0.390196
-0.390196
-0.386275
-0.347059
-0.319608
-0.323529
-0.347059
-0.366667
-0.366667
-0.366667
-0.386275
-0.362745
-0.339216
-0.323529
-0.311765
-0.323529
-0.350980
-0.347059
-0.366667
-0.374510
-0.366667
-0.366667
-0.358824
-0.354902
-0.354902
-0.354902
-0.354902
-0.374510
-0.382353
-0.358824
-0.354902
-0.366667
-0.362745
-0.378431
-0.378431
-0.378431
-0.374510
-0.366667
-0.362745
-0.374510
-0.378431
-0.374510
-0.374510
-0.362745
-0.350980
-0.362745
-0.358824
-0.331373
-0.358824
-0.354902
-0.366667
-0.362745
-0.362745
-0.366667
-0.366667
-0.366667
-0.362745
-0.374510
-0.339216
-0.311765
-0.292157
-0.256863
-0.221569
-0.213725
-0.143137
-0.174510
-0.115686
-0.080392
-0.029412
0.005882
0.033333
0.060784
0.088235
0.060784
0.260784
0.280392
0.276471
0.256863
0.237255
0.237255
0.217647
0.221569
0.201961
0.182353
0.166667
0.158824
0.150980
0.150980
0.150980
0.143137
0.170588
0.190196
0.194118
0.194118
0.182353
0.170588
0.198039
0.174510
0.182353
0.170588
0.158824
0.158824
0.162745
0.158824
0.143137
0.174510
0.182353
0.174510
0.174510
0.174510
0.174510
0.190196
0.178431
0.178431
0.166667
0.166667
0.170588
0.178431
0.174510
0.166667
0.150980
0.182353
0.190196
0.182353
0.174510
0.170588
0.174510
0.170588
0.174510
0.162745
0.174510
0.178431
0.182353
0.190196
0.194118
0.201961
0.209804
0.190196
-0.249020
-0.209804
-0.150980
-0.103922
-0.076471
-0.049020
0.009804
0.029412
0.060784
0.092157
0.115686
0.131373
0.143137
0.166667
0.182353
0.190196
-0.339216
-0.339216
-0.347059
-0.347059
-0.354902
-0.362745
-0.362745
-0.382353
-0.382353
-0.386275
-0.390196
-0.390196
-0.386275
-0.374510
-0.362745
-0.327451
-0.390196
-0.390196
-0.362745
-0.354902
-0.366667
-0.382353
-0.386275
-0.354902
-0.374510
-0.378431
-0.354902
-0.347059
-0.354902
-0.358824
-0.358824
-0.335294
-0.350980
-0.347059
-0.374510
-0.386275
-0.362745
-0.358824
-0.366667
-0.382353
-0.382353
-0.358824
-0.362745
-0.378431
-0.366667
-0.362745
-0.366667
-0.362745
-0.001961
-0.111765
-0.229412
-0.323529
-0.358824
-0.358824
-0.362745
-0.350980
-0.323529
-0.347059
-0.362745
-0.358824
-0.366667
-0.374510
-0.386275
-0.354902
0.300000
0.319608
0.335294
0.327451
0.284314
0.205882
0.115686
-0.049020
-0.158824
-0.268627
-0.354902
-0.378431
-0.382353
-0.390196
-0.366667
-0.358824
0.311765
0.307843
0.300000
0.300000
0.300000
0.292157
0.272549
0.300000
0.335294
0.331373
0.327451
0.280392
0.170588
0.029412
-0.123529
-0.237255
0.331373
0.331373
0.319608
0.315686
0.284314
0.217647
0.135294
0.037255
-0.076471
-0.217647
-0.323529
-0.366667
-0.378431
-0.374510
-0.362745
-0.354902
-0.068627
-0.190196
-0.296078
-0.339216
-0.362745
-0.382353
-0.382353
-0.358824
-0.350980
-0.327451
-0.319608
-0.327451
-0.350980
-0.362745
-0.362745
-0.374510
-0.350980
-0.339216
-0.323529
-0.327451
-0.358824
-0.374510
-0.374510
-0.374510
-0.382353
-0.378431
-0.378431
-0.378431
-0.358824
-0.347059
-0.331373
-0.350980
-0.386275
-0.374510
-0.354902
-0.354902
-0.354902
-0.358824
-0.366667
-0.382353
-0.378431
-0.366667
-0.358824
-0.358824
-0.366667
-0.378431
-0.382353
-0.374510
-0.354902
-0.354902
-0.354902
-0.347059
-0.347059
-0.358824
-0.366667
-0.350980
-0.358824
-0.366667
-0.374510
-0.382353
-0.382353
-0.378431
-0.378431
-0.362745
-0.166667
-0.154902
-0.135294
-0.115686
-0.076471
-0.056863
-0.041176
-0.049020
-0.013725
0.013725
0.037255
0.052941
0.068627
0.092157
0.088235
0.084314
0.201961
0.190196
0.174510
0.166667
0.162745
0.150980
0.143137
0.158824
0.147059
0.143137
0.139216
0.143137
0.143137
0.143137
0.139216
0.143137
0.194118
0.190196
0.178431
0.174510
0.178431
0.190196
0.182353
0.170588
0.174510
0.166667
0.162745
0.170588
0.166667
0.150980
0.158824
0.170588
0.194118
0.198039
0.201961
0.209804
0.205882
0.198039
0.190196
0.201961
0.190196
0.182353
0.178431
0.182353
0.174510
0.166667
0.178431
0.178431
0.170588
0.194118
0.217647
0.225490
0.217647
0.198039
0.182353
0.190196
0.190196
0.182353
0.174510
0.170588
0.170588
0.174510
0.170588
0.182353
-0.378431
-0.354902
-0.335294
-0.319608
-0.264706
-0.213725
-0.174510
-0.107843
-0.060784
-0.013725
0.033333
0.068627
0.111765
0.139216
0.162745
0.194118
-0.358824
-0.358824
-0.347059
-0.339216
-0.331373
-0.339216
-0.350980
-0.339216
-0.350980
-0.366667
-0.382353
-0.386275
-0.390196
-0.390196
-0.382353
-0.350980
-0.362745
-0.366667
-0.374510
-0.358824
-0.354902
-0.358824
-0.362745
-0.378431
-0.378431
-0.366667
-0.358824
-0.374510
-0.378431
-0.374510
-0.347059
-0.347059
-0.362745
-0.358824
-0.358824
-0.378431
-0.382353
-0.358824
-0.358824
-0.382353
-0.378431
-0.374510
-0.378431
-0.366667
-0.358824
-0.362745
-0.378431
-0.339216
0.249020
0.147059
0.025490
-0.127451
-0.256863
-0.331373
-0.350980
-0.366667
-0.350980
-0.350980
-0.347059
-0.347059
-0.354902
-0.374510
-0.362745
-0.386275
0.292157
0.307843
0.315686
0.327451
0.331373
0.311765
0.252941
0.131373
-0.013725
-0.158824
-0.272549
-0.335294
-0.366667
-0.362745
-0.347059
-0.339216
0.307843
0.315686
0.300000
0.272549
0.264706
0.280392
0.307843
0.303922
0.319608
0.319608
0.315686
0.303922
0.280392
0.229412
0.147059
0.064706
0.335294
0.343137
0.319608
0.252941
0.182353
0.131373
0.064706
-0.056863
-0.131373
-0.217647
-0.296078
-0.339216
-0.362745
-0.382353
-0.382353
-0.378431
-0.245098
-0.335294
-0.378431
-0.382353
-0.374510
-0.374510
-0.358824
-0.354902
-0.335294
-0.327451
-0.323529
-0.331373
-0.354902
-0.366667
-0.362745
-0.354902
-0.335294
-0.327451
-0.327451
-0.350980
-0.362745
-0.366667
-0.382353
-0.378431
-0.378431
-0.378431
-0.374510
-0.378431
-0.382353
-0.382353
-0.374510
-0.358824
-0.386275
-0.366667
-0.362745
-0.358824
-0.358824
-0.366667
-0.386275
-0.362745
-0.378431
-0.374510
-0.374510
-0.366667
-0.374510
-0.378431
-0.382353
-0.378431
-0.354902
-0.358824
-0.354902
-0.362745
-0.386275
-0.394118
-0.374510
-0.378431
-0.374510
-0.382353
-0.386275
-0.386275
-0.386275
-0.382353
-0.378431
-0.366667
-0.033333
-0.021569
-0.025490
-0.017647
-0.021569
-0.005882
-0.013725
-0.001961
-0.001961
0.009804
0.021569
0.029412
0.052941
0.076471
0.088235
0.084314
0.170588
0.166667
0.150980
0.143137
0.131373
0.131373
0.150980
0.123529
0.139216
0.139216
0.147059
0.147059
0.147059
0.135294
0.123529
0.111765
0.194118
0.182353
0.174510
0.174510
0.178431
0.178431
0.166667
0.178431
0.174510
0.178431
0.170588
0.178431
0.178431
0.170588
0.166667
0.178431
0.190196
0.194118
0.205882
0.209804
0.209804
0.201961
0.209804
0.166667
0.174510
0.174510
0.182353
0.194118
0.198039
0.190196
0.190196
0.182353
0.111765
0.139216
0.170588
0.190196
0.190196
0.182353
0.182353
0.201961
0.201961
0.190196
0.178431
0.170588
0.174510
0.182353
0.190196
0.201961
-0.409804
-0.390196
-0.378431
-0.362745
-0.327451
-0.276471
-0.229412
-0.166667
-0.123529
-0.060784
0.001961
0.068627
0.131373
0.170588
0.201961
0.198039
-0.354902
-0.366667
-0.366667
-0.358824
-0.347059
-0.331373
-0.335294
-0.354902
-0.354902
-0.358824
-0.366667
-0.386275
-0.394118
-0.390196
-0.366667
-0.327451
-0.374510
-0.350980
-0.350980
-0.358824
-0.362745
-0.366667
-0.366667
-0.354902
-0.358824
-0.362745
-0.374510
-0.386275
-0.382353
-0.358824
-0.347059
-0.339216
-0.323529
-0.366667
-0.358824
-0.347059
-0.350980
-0.358824
-0.374510
-0.374510
-0.378431
-0.382353
-0.374510
-0.358824
-0.358824
-0.378431
-0.378431
-0.358824
0.311765
0.252941
0.139216
-0.033333
-0.209804
-0.307843
-0.347059
-0.382353
-0.362745
-0.350980
-0.350980
-0.358824
-0.378431
-0.378431
-0.382353
-0.374510
0.307843
0.284314
0.284314
0.307843
0.331373
0.311765
0.292157
0.303922
0.331373
0.311765
0.300000
0.311765
0.315686
0.315686
0.327451
0.307843
0.292157
0.300000
0.303922
0.292157
0.292157
0.311765
0.335294
0.307843
0.319608
0.319608
0.311765
0.292157
0.252941
0.178431
0.096078
0.013725
0.272549
0.252941
0.209804
0.123529
0.029412
-0.056863
-0.123529
-0.174510
-0.252941
-0.303922
-0.339216
-0.366667
-0.378431
-0.366667
-0.374510
-0.347059
-0.390196
-0.386275
-0.366667
-0.358824
-0.354902
-0.358824
-0.362745
-0.327451
-0.311765
-0.307843
-0.319608
-0.339216
-0.362745
-0.374510
-0.366667
-0.358824
-0.350980
-0.354902
-0.366667
-0.374510
-0.374510
-0.366667
-0.362745
-0.358824
-0.358824
-0.354902
-0.354902
-0.358824
-0.362745
-0.358824
-0.347059
-0.366667
-0.358824
-0.358824
-0.358824
-0.366667
-0.382353
-0.378431
-0.374510
-0.366667
-0.374510
-0.374510
-0.374510
-0.374510
-0.378431
-0.382353
-0.382353
-0.382353
-0.362745
-0.362745
-0.374510
-0.390196
-0.382353
-0.378431
-0.378431
-0.362745
-0.366667
-0.374510
-0.378431
-0.378431
-0.374510
-0.366667
-0.362745
-0.362745
0.139216
0.131373
0.123529
0.119608
0.119608
0.115686
0.119608
0.092157
0.096078
0.096078
0.092157
0.092157
0.103922
0.111765
0.111765
0.096078
0.150980
0.143137
0.135294
0.123529
0.135294
0.131373
0.123529
0.131373
0.135294
0.143137
0.150980
0.158824
0.158824
0.143137
0.139216
0.139216
0.174510
0.170588
0.174510
0.170588
0.162745
0.150980
0.158824
0.166667
0.166667
0.166667
0.166667
0.174510
0.174510
0.170588
0.178431
0.166667
0.205882
0.198039
0.182353
0.178431
0.194118
0.194118
0.190196
0.201961
0.201961
0.201961
0.201961
0.201961
0.190196
0.178431
0.174510
0.170588
-0.100000
-0.041176
0.029412
0.107843
0.162745
0.182353
0.190196
0.194118
0.194118
0.190196
0.182353
0.182353
0.194118
0.209804
0.225490
0.217647
-0.358824
-0.382353
-0.382353
-0.390196
-0.394118
-0.374510
-0.327451
-0.272549
-0.201961
-0.123529
-0.029412
0.052941
0.123529
0.182353
0.209804
0.229412
-0.350980
-0.358824
-0.382353
-0.386275
-0.374510
-0.354902
-0.335294
-0.331373
-0.339216
-0.362745
-0.374510
-0.382353
-0.378431
-0.378431
-0.354902
-0.303922
-0.374510
-0.378431
-0.358824
-0.358824
-0.366667
-0.374510
-0.374510
-0.362745
-0.366667
-0.378431
-0.386275
-0.386275
-0.374510
-0.354902
-0.347059
-0.339216
-0.166667
-0.276471
-0.331373
-0.335294
-0.339216
-0.358824
-0.378431
-0.366667
-0.382353
-0.386275
-0.366667
-0.354902
-0.362745
-0.378431
-0.374510
-0.382353
0.303922
0.315686
0.311765
0.303922
0.307843
0.307843
0.315686
0.292157
0.319608
0.315686
0.311765
0.311765
0.303922
0.307843
0.315686
0.280392
0.300000
0.303922
0.315686
0.327451
0.327451
0.327451
0.331373
0.331373
0.327451
0.307843
0.280392
0.307843
0.327451
0.292157
0.292157
0.264706
0.292157
0.284314
0.288235
0.307843
0.327451
0.335294
0.335294
0.315686
0.331373
0.307843
0.300000
0.276471
0.221569
0.147059
0.052941
-0.001961
0.166667
0.111765
0.025490
-0.056863
-0.127451
-0.174510
-0.245098
-0.264706
-0.331373
-0.366667
-0.390196
-0.401961
-0.390196
-0.374510
-0.366667
-0.347059
-0.382353
-0.362745
-0.354902
-0.350980
-0.350980
-0.327451
-0.303922
-0.354902
-0.335294
-0.331373
-0.335294
-0.354902
-0.374510
-0.378431
-0.374510
-0.354902
-0.366667
-0.378431
-0.378431
-0.374510
-0.366667
-0.362745
-0.358824
-0.358824
-0.358824
-0.354902
-0.354902
-0.362745
-0.366667
-0.362745
-0.350980
-0.362745
-0.347059
-0.350980
-0.366667
-0.378431
-0.374510
-0.374510
-0.374510
-0.366667
-0.374510
-0.366667
-0.366667
-0.362745
-0.362745
-0.366667
-0.366667
-0.374510
-0.319608
-0.335294
-0.347059
-0.347059
-0.347059
-0.339216
-0.339216
-0.366667
-0.374510
-0.378431
-0.386275
-0.386275
-0.382353
-0.378431
-0.374510
-0.382353
0.205882
0.198039
0.198039
0.190196
0.182353
0.170588
0.158824
0.166667
0.166667
0.158824
0.139216
0.131373
0.131373
0.131373
0.123529
0.076471
0.174510
0.166667
0.162745
0.162745
0.150980
0.150980
0.158824
0.166667
0.166667
0.166667
0.166667
0.162745
0.147059
0.131373
0.119608
0.150980
0.182353
0.182353
0.178431
0.170588
0.166667
0.174510
0.178431
0.174510
0.174510
0.174510
0.174510
0.178431
0.178431
0.174510
0.182353
0.174510
0.205882
0.205882
0.182353
0.174510
0.190196
0.194118
0.170588
0.221569
0.221569
0.217647
0.217647
0.209804
0.205882
0.201961
0.201961
0.190196
-0.276471
-0.182353
-0.107843
-0.005882
0.096078
0.174510
0.217647
0.229412
0.229412
0.229412
0.233333
0.233333
0.237255
0.245098
0.245098
0.276471
-0.350980
-0.347059
-0.331373
-0.350980
-0.405882
-0.417647
-0.382353
-0.323529
-0.241176
-0.139216
-0.029412
0.076471
0.170588
0.245098
0.284314
0.300000
-0.354902
-0.366667
-0.374510
-0.374510
-0.366667
-0.354902
-0.339216
-0.319608
-0.335294
-0.350980
-0.362745
-0.378431
-0.382353
-0.378431
-0.347059
-0.296078
-0.347059
-0.362745
-0.362745
-0.362745
-0.366667
-0.378431
-0.382353
-0.374510
-0.374510
-0.378431
-0.382353
-0.378431
-0.358824
-0.347059
-0.347059
-0.331373
0.343137
0.362745
0.315686
0.256863
0.252941
0.276471
0.292157
0.300000
0.292157
0.280392
0.288235
0.307843
0.307843
0.315686
0.319608
0.315686
0.292157
0.303922
0.311765
0.307843
0.292157
0.311765
0.311765
0.300000
0.280392
0.280392
0.284314
0.303922
0.311765
0.311765
0.307843
0.307843
0.288235
0.292157
0.292157
0.303922
0.311765
0.311765
0.300000
0.284314
0.284314
0.272549
0.252941
0.256863
0.292157
0.300000
0.284314
0.303922
0.292157
0.292157
0.307843
0.315686
0.319608
0.315686
0.292157
0.319608
0.292157
0.260784
0.229412
0.225490
0.217647
0.182353
0.119608
0.025490
-0.017647
-0.096078
-0.162745
-0.217647
-0.252941
-0.311765
-0.327451
-0.339216
-0.354902
-0.378431
-0.386275
-0.401961
-0.405882
-0.386275
-0.366667
-0.378431
-0.339216
-0.335294
-0.335294
-0.339216
-0.327451
-0.307843
-0.358824
-0.339216
-0.362745
-0.350980
-0.350980
-0.358824
-0.378431
-0.386275
-0.386275
-0.374510
-0.390196
-0.386275
-0.378431
-0.366667
-0.358824
-0.350980
-0.350980
-0.331373
-0.350980
-0.362745
-0.374510
-0.374510
-0.378431
-0.382353
-0.382353
-0.366667
-0.350980
-0.366667
-0.382353
-0.382353
-0.382353
-0.386275
-0.382353
-0.390196
-0.378431
-0.358824
-0.354902
-0.358824
-0.366667
-0.374510
-0.374510
-0.362745
-0.221569
-0.245098
-0.256863
-0.280392
-0.296078
-0.303922
-0.339216
-0.362745
-0.366667
-0.362745
-0.366667
-0.378431
-0.386275
-0.394118
-0.394118
-0.374510
0.182353
0.194118
0.194118
0.201961
0.198039
0.194118
0.205882
0.174510
0.174510
0.166667
0.158824
0.143137
0.123529
0.096078
0.076471
0.049020
0.170588
0.170588
0.174510
0.170588
0.174510
0.178431
0.194118
0.158824
0.162745
0.162745
0.150980
0.147059
0.143137
0.135294
0.135294
0.158824
0.209804
0.201961
0.194118
0.178431
0.170588
0.166667
0.174510
0.178431
0.178431
0.178431
0.178431
0.178431
0.174510
0.174510
0.170588
0.198039
0.198039
0.221569
0.225490
0.209804
0.209804
0.209804
0.198039
0.221569
0.225490
0.225490
0.229412
0.233333
0.233333
0.237255
0.233333
0.252941
-0.331373
-0.245098
-0.166667
-0.072549
0.056863
0.166667
0.237255
0.311765
0.307843
0.307843
0.300000
0.292157
0.288235
0.280392
0.300000
0.307843
-0.350980
-0.335294
-0.327451
-0.327451
-0.362745
-0.394118
-0.386275
-0.331373
-0.241176
-0.127451
-0.013725
0.096078
0.190196
0.252941
0.284314
0.331373
-0.362745
-0.362745
-0.366667
-0.374510
-0.374510
-0.374510
-0.362745
-0.311765
-0.327451
-0.347059
-0.362745
-0.378431
-0.382353
-0.366667
-0.327451
-0.272549
-0.201961
-0.088235
0.029412
0.131373
0.217647
0.280392
0.307843
0.292157
0.284314
0.300000
0.292157
0.288235
0.311765
0.319608
0.311765
0.311765
0.354902
0.307843
0.260784
0.260784
0.260784
0.256863
0.280392
0.327451
0.327451
0.315686
0.319608
0.319608
0.300000
0.292157
0.292157
0.327451
0.284314
0.303922
0.307843
0.276471
0.252941
0.260784
0.276471
0.315686
0.303922
0.303922
0.307843
0.315686
0.311765
0.300000
0.280392
0.307843
0.292157
0.315686
0.307843
0.272549
0.245098
0.237255
0.256863
0.303922
0.303922
0.284314
0.264706
0.264706
0.300000
0.303922
0.288235
0.245098
0.288235
0.303922
0.280392
0.249020
0.217647
0.233333
0.256863
0.272549
0.245098
0.205882
0.170588
0.166667
0.150980
0.115686
0.052941
-0.005882
-0.276471
-0.303922
-0.323529
-0.354902
-0.378431
-0.366667
-0.366667
-0.350980
-0.362745
-0.382353
-0.386275
-0.394118
-0.394118
-0.374510
-0.354902
-0.386275
-0.331373
-0.335294
-0.335294
-0.311765
-0.327451
-0.339216
-0.339216
-0.327451
-0.350980
-0.335294
-0.335294
-0.347059
-0.366667
-0.378431
-0.378431
-0.374510
-0.382353
-0.382353
-0.374510
-0.362745
-0.354902
-0.350980
-0.350980
-0.354902
-0.366667
-0.378431
-0.382353
-0.374510
-0.366667
-0.366667
-0.366667
-0.378431
-0.382353
-0.374510
-0.358824
-0.350980
-0.347059
-0.347059
-0.350980
-0.386275
-0.374510
-0.354902
-0.350980
-0.358824
-0.366667
-0.374510
-0.378431
-0.358824
-0.056863
-0.096078
-0.143137
-0.182353
-0.221569
-0.264706
-0.276471
-0.347059
-0.350980
-0.347059
-0.350980
-0.358824
-0.362745
-0.374510
-0.374510
-0.354902
0.158824
0.178431
0.190196
0.182353
0.198039
0.198039
0.194118
0.201961
0.201961
0.190196
0.174510
0.158824
0.135294
0.103922
0.080392
0.009804
0.190196
0.178431
0.166667
0.162745
0.166667
0.182353
0.205882
0.182353
0.182353
0.178431
0.166667
0.162745
0.158824
0.150980
0.162745
0.178431
0.201961
0.201961
0.209804
0.221569
0.217647
0.190196
0.170588
0.217647
0.217647
0.221569
0.225490
0.221569
0.221569
0.209804
0.225490
0.217647
0.221569
0.284314
0.311765
0.300000
0.284314
0.284314
0.284314
0.307843
0.307843
0.300000
0.300000
0.303922
0.307843
0.311765
0.327451
0.327451
-0.378431
-0.350980
-0.272549
-0.158824
-0.013725
0.135294
0.233333
0.303922
0.311765
0.319608
0.327451
0.331373
0.327451
0.331373
0.339216
0.335294
-0.374510
-0.339216
-0.319608
-0.319608
-0.339216
-0.382353
-0.390196
-0.382353
-0.276471
-0.154902
-0.025490
0.096078
0.201961
0.272549
0.327451
0.331373
-0.323529
-0.331373
-0.366667
-0.366667
-0.335294
-0.335294
-0.245098
-0.201961
-0.080392
0.033333
0.162745
0.252941
0.292157
0.335294
0.354902
0.311765
-0.096078
0.025490
0.158824
0.256863
0.303922
0.319608
0.307843
0.327451
0.311765
0.292157
0.276471
0.276471
0.292157
0.303922
0.280392
0.311765
0.256863
0.245098
0.276471
0.288235
0.276471
0.272549
0.288235
0.315686
0.327451
0.311765
0.307843
0.307843
0.300000
0.300000
0.303922
0.311765
0.276471
0.307843
0.292157
0.280392
0.284314
0.284314
0.311765
0.300000
0.300000
0.284314
0.303922
0.307843
0.300000
0.288235
0.288235
0.280392
0.260784
0.288235
0.288235
0.280392
0.276471
0.280392
0.315686
0.272549
0.276471
0.260784
0.245098
0.221569
0.209804
0.217647
0.209804
0.209804
0.221569
0.225490
0.209804
0.174510
0.174510
0.170588
0.162745
0.178431
0.162745
0.135294
0.111765
0.107843
0.107843
0.092157
0.060784
0.068627
-0.374510
-0.366667
-0.378431
-0.386275
-0.382353
-0.390196
-0.378431
-0.382353
-0.374510
-0.382353
-0.378431
-0.386275
-0.394118
-0.386275
-0.374510
-0.378431
-0.362745
-0.362745
-0.339216
-0.354902
-0.366667
-0.374510
-0.358824
-0.354902
-0.358824
-0.366667
-0.366667
-0.366667
-0.374510
-0.378431
-0.378431
-0.366667
-0.374510
-0.378431
-0.378431
-0.378431
-0.366667
-0.362745
-0.362745
-0.374510
-0.366667
-0.374510
-0.378431
-0.374510
-0.354902
-0.358824
-0.366667
-0.374510
-0.358824
-0.354902
-0.350980
-0.347059
-0.339216
-0.339216
-0.374510
-0.366667
-0.374510
-0.362745
-0.366667
-0.374510
-0.374510
-0.374510
-0.386275
-0.382353
0.064706
0.005882
-0.041176
-0.088235
-0.135294
-0.154902
-0.221569
-0.292157
-0.311765
-0.319608
-0.335294
-0.354902
-0.350980
-0.366667
-0.390196
-0.358824
0.158824
0.166667
0.166667
0.162745
0.170588
0.194118
0.205882
0.198039
0.201961
0.194118
0.170588
0.147059
0.115686
0.092157
0.056863
-0.017647
0.201961
0.201961
0.209804
0.217647
0.217647
0.209804
0.217647
0.221569
0.201961
0.198039
0.198039
0.201961
0.205882
0.209804
0.205882
0.229412
0.280392
0.284314
0.292157
0.303922
0.303922
0.280392
0.252941
0.284314
0.303922
0.292157
0.284314
0.288235
0.276471
0.264706
0.280392
0.280392
0.166667
0.256863
0.311765
0.315686
0.303922
0.303922
0.307843
0.311765
0.300000
0.311765
0.315686
0.292157
0.303922
0.331373
0.327451
0.315686
-0.390196
-0.394118
-0.339216
-0.225490
-0.076471
0.084314
0.217647
0.311765
0.327451
0.311765
0.311765
0.335294
0.327451
0.307843
0.315686
0.331373
-0.374510
-0.382353
-0.354902
-0.378431
-0.358824
-0.331373
-0.358824
-0.366667
-0.335294
-0.358824
-0.390196
-0.382353
-0.350980
-0.339216
-0.296078
-0.221569
-0.374510
-0.366667
-0.362745
-0.339216
-0.327451
-0.256863
-0.194118
-0.123529
-0.013725
0.080392
0.174510
0.237255
0.256863
0.284314
0.292157
0.292157
0.123529
0.217647
0.276471
0.315686
0.307843
0.315686
0.319608
0.327451
0.311765
0.288235
0.272549
0.264706
0.276471
0.280392
0.256863
0.264706
0.249020
0.272549
0.284314
0.272549
0.276471
0.303922
0.335294
0.292157
0.307843
0.303922
0.303922
0.300000
0.276471
0.256863
0.249020
0.221569
0.303922
0.284314
0.264706
0.272549
0.276471
0.303922
0.292157
0.272549
0.276471
0.260784
0.276471
0.264706
0.233333
0.198039
0.182353
0.150980
0.237255
0.237255
0.225490
0.217647
0.209804
0.245098
0.194118
0.162745
0.174510
0.182353
0.190196
0.178431
0.174510
0.178431
0.174510
0.209804
0.135294
0.135294
0.107843
0.115686
0.111765
0.103922
0.115686
0.096078
0.088235
0.080392
0.076471
0.084314
0.092157
0.080392
0.049020
0.096078
-0.378431
-0.382353
-0.386275
-0.382353
-0.401961
-0.390196
-0.401961
-0.390196
-0.382353
-0.386275
-0.382353
-0.390196
-0.405882
-0.401961
-0.390196
-0.386275
-0.378431
-0.350980
-0.362745
-0.378431
-0.382353
-0.374510
-0.366667
-0.366667
-0.366667
-0.374510
-0.366667
-0.362745
-0.362745
-0.366667
-0.366667
-0.374510
-0.358824
-0.366667
-0.374510
-0.366667
-0.366667
-0.366667
-0.378431
-0.358824
-0.358824
-0.366667
-0.378431
-0.378431
-0.358824
-0.366667
-0.378431
-0.358824
-0.354902
-0.354902
-0.354902
-0.347059
-0.335294
-0.358824
-0.350980
-0.350980
-0.354902
-0.354902
-0.366667
-0.378431
-0.382353
-0.382353
-0.401961
-0.362745
0.190196
0.162745
0.119608
0.052941
-0.021569
-0.080392
-0.143137
-0.225490
-0.256863
-0.296078
-0.335294
-0.350980
-0.350980
-0.366667
-0.362745
-0.358824
0.182353
0.174510
0.174510
0.174510
0.190196
0.209804
0.229412
0.201961
0.225490
0.233333
0.221569
0.190196
0.143137
0.107843
0.049020
0.001961
0.292157
0.276471
0.276471
0.284314
0.292157
0.288235
0.284314
0.284314
0.276471
0.276471
0.264706
0.256863
0.252941
0.252941
0.264706
0.256863
0.292157
0.311765
0.319608
0.315686
0.315686
0.327451
0.327451
0.327451
0.311765
0.292157
0.300000
0.315686
0.315686
0.303922
0.292157
0.300000
0.009804
0.150980
0.264706
0.335294
0.343137
0.319608
0.292157
0.311765
0.319608
0.335294
0.311765
0.292157
0.303922
0.315686
0.319608
0.327451
-0.350980
-0.339216
-0.374510
-0.378431
-0.354902
-0.378431
-0.374510
-0.374510
-0.386275
-0.386275
-0.386275
-0.366667
-0.350980
-0.354902
-0.366667
-0.362745
-0.366667
-0.339216
-0.366667
-0.358824
-0.331373
-0.350980
-0.347059
-0.382353
-0.358824
-0.339216
-0.366667
-0.390196
-0.366667
-0.339216
-0.303922
-0.268627
-0.366667
-0.358824
-0.323529
-0.300000
-0.229412
-0.174510
-0.115686
-0.076471
0.001961
0.084314
0.166667
0.237255
0.276471
0.288235
0.307843
0.315686
0.256863
0.292157
0.335294
0.331373
0.331373
0.311765
0.300000
0.276471
0.252941
0.217647
0.198039
0.209804
0.249020
0.284314
0.284314
0.284314
0.252941
0.260784
0.284314
0.292157
0.288235
0.319608
0.311765
0.276471
0.245098
0.225490
0.205882
0.209804
0.217647
0.209804
0.205882
0.182353
0.245098
0.233333
0.209804
0.198039
0.229412
0.229412
0.201961
0.205882
0.194118
0.178431
0.170588
0.170588
0.170588
0.158824
0.150980
0.162745
0.174510
0.174510
0.182353
0.166667
0.174510
0.139216
0.147059
0.166667
0.158824
0.162745
0.158824
0.143137
0.143137
0.162745
0.178431
0.162745
-0.001961
-0.017647
-0.013725
-0.005882
0.001961
0.029412
0.005882
0.041176
0.037255
0.041176
0.041176
0.049020
0.076471
0.096078
0.096078
0.096078
-0.374510
-0.378431
-0.382353
-0.390196
-0.366667
-0.378431
-0.386275
-0.382353
-0.366667
-0.362745
-0.366667
-0.382353
-0.390196
-0.390196
-0.382353
-0.382353
-0.354902
-0.374510
-0.390196
-0.386275
-0.366667
-0.366667
-0.382353
-0.374510
-0.378431
-0.378431
-0.366667
-0.358824
-0.354902
-0.358824
-0.366667
-0.386275
-0.358824
-0.366667
-0.378431
-0.382353
-0.362745
-0.374510
-0.378431
-0.366667
-0.362745
-0.374510
-0.378431
-0.374510
-0.362745
-0.366667
-0.390196
-0.374510
-0.292157
-0.323529
-0.350980
-0.358824
-0.354902
-0.354902
-0.358824
-0.347059
-0.347059
-0.347059
-0.354902
-0.362745
-0.374510
-0.390196
-0.386275
-0.374510
0.229412
0.217647
0.201961
0.158824
0.088235
0.021569
-0.045098
-0.143137
-0.194118
-0.264706
-0.319608
-0.350980
-0.374510
-0.382353
-0.378431
-0.354902
0.280392
0.260784
0.256863
0.249020
0.245098
0.249020
0.256863
0.276471
0.292157
0.303922
0.284314
0.249020
0.209804
0.166667
0.115686
-0.013725
0.319608
0.307843
0.292157
0.292157
0.307843
0.311765
0.311765
0.284314
0.288235
0.292157
0.288235
0.280392
0.264706
0.260784
0.252941
0.280392
0.303922
0.319608
0.335294
0.331373
0.315686
0.307843
0.303922
0.339216
0.311765
0.292157
0.292157
0.303922
0.303922
0.300000
0.303922
0.284314
