0.280392
0.292157
0.292157
0.272549
-0.068627
-0.347059
-0.076471
0.315686
0.276471
0.272549
0.264706
0.029412
0.182353
0.260784
0.249020
0.194118
0.303922
0.264706
0.292157
-0.268627
-0.182353
0.037255
-0.292157
0.229412
0.300000
0.284314
0.245098
0.260784
-0.021569
0.205882
0.131373
-0.131373
0.288235
0.264706
0.252941
-0.001961
-0.225490
-0.158824
-0.264706
-0.115686
0.276471
0.252941
0.272549
0.252941
0.111765
-0.076471
-0.166667
-0.319608
0.217647
0.288235
0.288235
0.300000
0.276471
0.162745
-0.056863
-0.088235
0.284314
0.307843
0.276471
0.064706
-0.150980
-0.154902
-0.225490
-0.335294
0.013725
0.276471
0.280392
0.249020
0.252941
0.256863
0.300000
0.284314
0.315686
0.139216
-0.107843
-0.213725
-0.300000
-0.292157
-0.170588
-0.300000
0.068627
0.201961
0.292157
0.252941
0.252941
0.252941
0.315686
0.233333
-0.052941
-0.174510
-0.272549
-0.319608
-0.339216
-0.307843
-0.198039
-0.135294
0.280392
-0.001961
0.260784
0.276471
0.249020
0.272549
0.013725
-0.166667
-0.252941
-0.154902
-0.021569
-0.335294
-0.347059
-0.190196
-0.080392
0.111765
0.256863
0.194118
0.092157
0.300000
0.150980
-0.111765
-0.229412
-0.272549
0.033333
0.009804
-0.217647
-0.252941
-0.131373
0.037255
0.229412
0.237255
0.276471
0.280392
0.001961
-0.096078
-0.170588
-0.327451
-0.323529
-0.096078
-0.139216
-0.323529
-0.123529
-0.049020
0.166667
0.249020
0.245098
0.221569
0.284314
-0.001961
-0.143137
-0.100000
-0.284314
-0.323529
-0.327451
-0.311765
-0.174510
-0.041176
0.162745
0.256863
0.229412
0.217647
0.237255
0.237255
-0.111765
-0.225490
-0.303922
-0.198039
-0.150980
-0.327451
-0.213725
-0.107843
0.076471
0.292157
0.249020
0.245098
0.205882
0.272549
0.249020
0.229412
-0.296078
-0.307843
-0.331373
-0.311765
-0.154902
-0.139216
0.001961
0.252941
0.249020
0.260784
0.252941
0.111765
0.088235
0.209804
0.233333
0.260784
-0.072549
-0.311765
-0.307843
-0.158824
-0.056863
0.178431
0.264706
0.237255
0.284314
0.217647
0.260784
-0.056863
-0.060784
0.178431
0.280392
0.272549
-0.225490
-0.201961
-0.111765
0.084314
0.288235
0.201961
0.264706
0.217647
0.037255
-0.111765
0.166667
0.111765
-0.123529
0.005882
0.256863
0.264706
-0.115686
-0.013725
0.288235
0.252941
0.221569
0.260784
0.190196
0.178431
0.135294
-0.103922
0.025490
0.237255
-0.049020
-0.115686
0.139216
0.245098
0.194118
0.300000
0.256863
0.245098
0.162745
-0.123529
-0.166667
-0.103922
0.150980
0.001961
-0.111765
-0.127451
-0.115686
-0.060784
-0.111765
0.190196
0.311765
0.276471
0.303922
-0.123529
-0.123529
-0.033333
0.288235
0.272549
0.303922
0.178431
0.064706
0.256863
0.249020
0.225490
0.221569
0.229412
0.284314
0.284314
0.284314
-0.103922
-0.331373
-0.076471
0.303922
0.260784
0.284314
0.264706
0.033333
0.190196
0.264706
0.229412
0.205882
0.111765
0.288235
0.252941
-0.268627
-0.131373
-0.005882
-0.237255
0.249020
0.284314
0.276471
0.276471
0.245098
-0.060784
0.252941
0.174510
-0.088235
-0.225490
0.252941
0.264706
0.025490
-0.229412
-0.154902
-0.311765
-0.080392
0.280392
0.249020
0.272549
0.272549
0.107843
-0.045098
-0.186275
-0.252941
-0.331373
0.280392
0.303922
0.292157
0.288235
0.123529
-0.088235
-0.096078
0.288235
0.264706
0.245098
0.049020
-0.127451
-0.135294
-0.268627
-0.350980
-0.311765
0.245098
0.292157
0.217647
0.276471
0.249020
0.284314
0.303922
0.343137
0.139216
-0.084314
-0.201961
-0.303922
-0.237255
-0.170588
-0.319608
-0.284314
0.233333
0.280392
0.264706
0.252941
0.272549
0.311765
0.209804
-0.033333
-0.150980
-0.303922
-0.307843
-0.323529
-0.303922
-0.162745
-0.139216
-0.088235
0.009804
0.276471
0.264706
0.264706
0.280392
0.005882
-0.131373
-0.245098
-0.154902
-0.096078
-0.339216
-0.331373
-0.237255
-0.060784
0.103922
0.221569
0.111765
0.115686
0.260784
0.092157
-0.162745
-0.252941
-0.272549
0.029412
0.005882
-0.225490
-0.241176
-0.115686
0.021569
0.225490
0.249020
0.221569
0.284314
-0.060784
-0.096078
-0.201961
-0.311765
-0.323529
-0.025490
-0.186275
-0.292157
-0.107843
-0.045098
0.194118
0.245098
0.217647
0.225490
0.225490
-0.068627
-0.162745
-0.107843
-0.280392
-0.335294
-0.311765
-0.272549
-0.174510
-0.100000
0.147059
0.233333
0.245098
0.252941
0.252941
0.256863
0.209804
-0.292157
-0.296078
-0.143137
-0.174510
-0.303922
-0.221569
-0.100000
0.103922
0.272549
0.209804
0.252941
0.229412
0.276471
0.276471
0.233333
0.217647
-0.311765
-0.292157
-0.284314
-0.115686
-0.100000
0.033333
0.284314
0.272549
0.260784
0.245098
0.080392
0.143137
0.264706
0.264706
0.237255
0.276471
-0.307843
-0.252941
-0.115686
-0.013725
0.225490
0.260784
0.237255
0.300000
0.221569
0.178431
-0.127451
-0.025490
0.229412
0.303922
0.280392
0.260784
-0.154902
-0.068627
0.158824
0.288235
0.229412
0.272549
0.229412
-0.005882
0.001961
0.205882
0.049020
-0.088235
0.096078
0.276471
0.284314
0.237255
0.131373
0.272549
0.221569
0.249020
0.233333
0.158824
0.194118
-0.001961
-0.123529
0.178431
0.198039
-0.107843
-0.017647
0.225490
0.221569
0.233333
0.182353
0.327451
0.292157
0.260784
0.284314
0.264706
0.280392
0.209804
-0.001961
0.252941
0.292157
0.256863
0.249020
-0.135294
-0.249020
0.139216
0.256863
0.288235
-0.174510
-0.111765
-0.005882
0.288235
0.284314
0.256863
0.139216
0.111765
0.288235
0.256863
0.233333
0.174510
0.201961
0.249020
0.300000
0.272549
-0.162745
-0.327451
-0.045098
0.303922
0.260784
0.260784
0.252941
-0.021569
0.205882
0.292157
0.225490
0.249020
0.198039
-0.072549
0.252941
-0.311765
-0.072549
-0.068627
-0.213725
0.272549
0.252941
0.276471
0.256863
0.205882
-0.005882
0.288235
0.221569
0.013725
-0.162745
-0.272549
0.315686
-0.013725
-0.264706
-0.143137
-0.331373
0.049020
0.280392
0.276471
0.280392
0.245098
0.021569
0.033333
-0.127451
-0.249020
-0.307843
-0.100000
0.264706
0.280392
0.280392
0.068627
-0.150980
-0.076471
0.319608
0.256863
0.284314
0.115686
-0.115686
-0.111765
-0.303922
-0.307843
-0.300000
-0.103922
0.276471
0.233333
0.264706
0.260784
0.288235
0.288235
0.315686
0.170588
-0.103922
-0.217647
-0.311765
-0.174510
-0.201961
-0.323529
-0.296078
-0.209804
0.272549
0.256863
0.292157
0.272549
0.280392
0.217647
-0.045098
-0.182353
-0.296078
-0.323529
-0.347059
-0.300000
-0.143137
-0.213725
-0.115686
0.049020
0.292157
0.237255
0.256863
0.264706
0.013725
-0.158824
-0.241176
-0.143137
-0.186275
-0.323529
-0.323529
-0.245098
-0.096078
0.049020
0.205882
0.209804
0.150980
0.249020
0.013725
-0.174510
-0.276471
-0.252941
0.068627
-0.005882
-0.256863
-0.241176
-0.150980
-0.017647
0.221569
0.225490
0.205882
0.217647
-0.049020
-0.123529
-0.229412
-0.323529
-0.331373
0.033333
-0.186275
-0.272549
-0.158824
-0.041176
0.158824
0.249020
0.280392
0.237255
0.237255
0.225490
-0.166667
-0.194118
-0.307843
-0.331373
-0.327451
-0.307843
-0.162745
-0.045098
0.150980
0.256863
0.209804
0.245098
0.245098
0.252941
0.237255
0.221569
-0.300000
-0.135294
-0.245098
-0.292157
-0.209804
-0.080392
0.123529
0.264706
0.237255
0.233333
0.205882
0.221569
0.233333
0.229412
0.205882
0.209804
-0.319608
-0.221569
-0.131373
-0.103922
0.076471
0.252941
0.245098
0.225490
0.256863
0.080392
0.260784
0.233333
0.245098
0.221569
0.245098
0.256863
-0.221569
-0.107843
0.092157
0.276471
0.260784
0.233333
0.284314
0.260784
0.009804
-0.123529
0.158824
0.249020
0.280392
0.252941
0.249020
0.260784
0.001961
0.221569
0.249020
0.233333
0.237255
0.201961
-0.072549
0.166667
0.221569
-0.084314
-0.005882
0.249020
0.252941
0.245098
0.245098
0.245098
-0.060784
0.229412
0.272549
0.264706
0.303922
0.260784
0.001961
0.217647
0.264706
0.276471
0.245098
-0.107843
-0.245098
0.174510
-0.162745
-0.013725
0.339216
0.260784
0.260784
0.256863
0.288235
0.252941
0.166667
0.013725
0.288235
0.284314
0.237255
0.221569
-0.256863
-0.374510
0.041176
0.280392
0.292157
-0.217647
-0.001961
0.080392
0.260784
0.292157
0.284314
0.021569
0.190196
0.264706
0.237255
0.252941
0.131373
0.237255
0.225490
0.237255
0.229412
-0.209804
-0.335294
0.096078
0.284314
0.288235
0.284314
0.237255
-0.041176
0.264706
0.245098
0.249020
0.237255
0.229412
0.005882
-0.162745
-0.327451
0.009804
-0.150980
-0.068627
0.292157
0.272549
0.284314
0.276471
0.092157
0.135294
0.284314
0.237255
0.041176
-0.158824
-0.237255
-0.296078
-0.123529
-0.229412
-0.131373
-0.311765
0.201961
0.300000
0.288235
0.307843
0.237255
-0.049020
0.092157
-0.115686
-0.245098
-0.323529
-0.127451
0.064706
0.292157
0.245098
0.029412
-0.245098
0.049020
0.252941
0.276471
0.276471
0.088235
-0.166667
-0.127451
-0.319608
-0.331373
-0.272549
-0.076471
-0.319608
0.264706
0.252941
0.252941
0.272549
0.292157
0.335294
0.170588
-0.100000
-0.198039
-0.280392
-0.150980
-0.249020
-0.331373
-0.311765
-0.201961
-0.107843
0.252941
0.307843
0.280392
0.288235
0.198039
-0.068627
-0.174510
-0.292157
-0.335294
-0.339216
-0.252941
-0.158824
-0.213725
-0.135294
0.029412
0.217647
0.249020
0.300000
0.229412
-0.025490
-0.143137
-0.264706
-0.139216
-0.264706
-0.323529
-0.335294
-0.221569
-0.103922
0.033333
0.198039
0.205882
0.245098
0.205882
-0.025490
-0.186275
-0.280392
-0.245098
0.052941
-0.017647
-0.296078
-0.241176
-0.150980
-0.001961
0.217647
0.229412
0.217647
0.237255
0.245098
-0.158824
-0.280392
-0.319608
-0.241176
0.052941
-0.209804
-0.300000
-0.139216
-0.021569
0.190196
0.280392
0.252941
0.237255
0.225490
0.209804
0.198039
-0.268627
-0.323529
-0.319608
-0.311765
-0.280392
-0.131373
-0.025490
0.162745
0.272549
0.225490
0.245098
0.233333
0.245098
0.264706
0.225490
0.249020
-0.139216
-0.284314
-0.252941
-0.174510
-0.049020
0.162745
0.260784
0.221569
0.201961
0.217647
0.252941
0.225490
0.205882
0.245098
0.229412
0.252941
-0.150980
-0.154902
-0.056863
0.143137
0.303922
0.229412
0.272549
0.280392
0.150980
0.264706
0.225490
0.256863
0.233333
0.252941
0.264706
0.264706
-0.052941
0.190196
0.276471
0.229412
0.260784
0.280392
0.194118
-0.115686
-0.041176
0.249020
0.256863
0.252941
0.280392
0.256863
0.264706
0.276471
0.088235
0.001961
0.229412
0.288235
0.139216
0.088235
0.300000
0.288235
0.249020
0.060784
0.119608
0.025490
-0.331373
0.096078
0.276471
0.284314
0.233333
0.280392
0.245098
0.288235
0.252941
-0.045098
0.233333
0.300000
0.284314
0.249020
-0.198039
-0.268627
0.119608
-0.017647
0.037255
0.272549
0.264706
0.276471
0.260784
0.256863
0.260784
0.198039
0.029412
0.256863
0.292157
0.249020
0.174510
-0.229412
-0.350980
-0.158824
0.209804
0.292157
-0.256863
-0.021569
0.103922
0.284314
0.300000
0.252941
0.029412
0.217647
0.256863
0.280392
0.272549
0.029412
0.190196
0.245098
0.205882
0.123529
-0.225490
-0.319608
0.096078
0.280392
0.280392
0.272549
0.209804
0.013725
0.264706
0.245098
0.245098
0.256863
0.205882
0.096078
-0.100000
-0.198039
0.052941
-0.198039
-0.005882
0.327451
0.280392
0.288235
0.272549
0.041176
0.166667
0.264706
0.280392
0.150980
-0.100000
-0.221569
-0.252941
-0.174510
-0.209804
-0.123529
-0.311765
0.229412
0.300000
0.272549
0.280392
0.233333
-0.033333
0.139216
-0.084314
-0.237255
-0.311765
-0.264706
0.033333
-0.001961
0.229412
-0.041176
-0.245098
0.111765
0.284314
0.260784
0.288235
0.131373
-0.139216
-0.135294
-0.311765
-0.339216
-0.237255
-0.072549
-0.241176
-0.280392
0.280392
0.256863
0.272549
0.319608
0.303922
0.182353
-0.115686
-0.209804
-0.276471
-0.154902
-0.264706
-0.335294
-0.268627
-0.241176
-0.162745
-0.029412
0.272549
0.260784
0.264706
0.174510
-0.049020
-0.182353
-0.268627
-0.319608
-0.331373
-0.217647
-0.190196
-0.225490
-0.127451
-0.060784
0.135294
0.198039
0.300000
0.170588
-0.084314
-0.162745
-0.252941
-0.198039
-0.311765
-0.350980
-0.347059
-0.245098
-0.135294
-0.029412
0.166667
0.249020
0.225490
0.233333
-0.072549
-0.198039
-0.296078
-0.201961
0.013725
-0.021569
-0.323529
-0.252941
-0.158824
-0.029412
0.201961
0.237255
0.237255
0.280392
0.225490
0.233333
-0.307843
-0.300000
-0.123529
0.013725
-0.174510
-0.264706
-0.158824
-0.029412
0.198039
0.260784
0.205882
0.237255
0.217647
0.209804
0.198039
0.201961
-0.311765
-0.327451
-0.303922
-0.252941
-0.143137
-0.021569
0.205882
0.245098
0.209804
0.245098
0.237255
0.225490
0.249020
0.225490
0.233333
0.245098
-0.323529
-0.264706
-0.143137
-0.025490
0.182353
0.260784
0.225490
0.249020
0.221569
0.260784
0.252941
0.229412
0.256863
0.256863
0.233333
0.245098
-0.131373
-0.001961
0.233333
0.256863
0.209804
0.252941
0.221569
0.229412
0.245098
0.225490
0.233333
0.276471
0.260784
0.233333
0.260784
0.264706
0.260784
0.052941
-0.052941
-0.033333
0.311765
0.288235
0.300000
0.280392
-0.213725
-0.115686
0.225490
-0.241176
-0.045098
0.303922
0.280392
0.260784
-0.049020
0.229412
0.303922
0.139216
0.111765
0.264706
0.272549
0.280392
-0.056863
0.182353
0.158824
-0.323529
0.005882
0.280392
0.260784
0.292157
0.319608
0.237255
0.272549
0.237255
-0.076471
0.237255
0.249020
0.276471
0.264706
-0.284314
-0.327451
-0.025490
0.174510
0.123529
0.288235
0.272549
0.272549
0.280392
0.256863
0.300000
0.131373
0.080392
0.276471
0.252941
0.276471
0.096078
-0.264706
-0.268627
-0.311765
0.107843
0.249020
0.288235
0.033333
0.150980
0.264706
0.300000
0.276471
-0.052941
0.237255
0.237255
0.260784
0.245098
-0.096078
0.064706
0.225490
0.276471
0.237255
0.013725
-0.307843
0.201961
0.288235
0.284314
0.292157
0.162745
0.080392
0.276471
0.272549
0.272549
0.225490
0.245098
0.245098
-0.045098
-0.174510
-0.245098
-0.276471
0.084314
0.319608
0.245098
0.284314
0.245098
-0.005882
0.256863
0.252941
0.233333
0.174510
-0.072549
-0.198039
-0.264706
-0.276471
-0.029412
-0.174510
-0.249020
0.264706
0.280392
0.249020
0.292157
0.158824
0.005882
0.182353
-0.056863
-0.198039
-0.280392
-0.300000
-0.017647
0.080392
-0.166667
-0.096078
-0.284314
0.150980
0.288235
0.256863
0.307843
0.182353
-0.135294
-0.143137
-0.292157
-0.327451
-0.190196
0.033333
-0.170588
-0.307843
-0.194118
0.280392
0.307843
0.311765
0.307843
0.194118
-0.056863
-0.190196
-0.225490
-0.162745
-0.300000
-0.303922
-0.245098
-0.296078
-0.209804
-0.115686
0.064706
0.280392
0.276471
0.150980
-0.084314
-0.209804
-0.276471
-0.335294
-0.323529
-0.166667
-0.272549
-0.252941
-0.194118
-0.088235
0.107843
0.225490
0.205882
0.103922
-0.115686
-0.194118
-0.256863
-0.217647
-0.303922
-0.331373
-0.327451
-0.217647
-0.139216
-0.096078
0.143137
0.252941
0.233333
0.209804
0.237255
-0.221569
-0.300000
-0.154902
0.025490
-0.068627
-0.335294
-0.296078
-0.166667
-0.068627
0.150980
0.280392
0.190196
0.205882
0.237255
0.233333
0.221569
-0.347059
0.037255
-0.033333
-0.245098
-0.249020
-0.162745
-0.045098
0.162745
0.280392
0.205882
0.249020
0.264706
0.205882
0.198039
0.209804
0.233333
-0.327451
-0.296078
-0.229412
-0.143137
0.013725
0.221569
0.260784
0.221569
0.229412
0.229412
0.221569
0.225490
0.205882
0.201961
0.229412
0.225490
-0.217647
-0.088235
0.021569
0.201961
0.252941
0.217647
0.229412
0.237255
0.245098
0.217647
0.217647
0.252941
0.245098
0.256863
0.276471
0.233333
0.260784
0.076471
0.092157
-0.072549
0.111765
0.260784
0.233333
0.300000
-0.150980
-0.249020
-0.041176
0.256863
0.260784
0.252941
0.178431
-0.017647
0.064706
-0.029412
-0.076471
0.311765
0.256863
0.272549
0.311765
-0.237255
-0.150980
0.166667
-0.268627
0.084314
0.272549
0.260784
0.237255
0.005882
0.229412
0.264706
0.041176
0.170588
0.264706
0.245098
0.288235
-0.127451
0.182353
0.217647
-0.276471
-0.005882
0.300000
0.272549
0.249020
0.229412
0.205882
0.288235
0.233333
-0.025490
0.284314
0.233333
0.276471
0.288235
-0.307843
-0.327451
-0.182353
0.249020
0.249020
0.233333
0.252941
0.225490
0.280392
0.272549
0.288235
0.056863
0.166667
0.264706
0.249020
0.245098
0.041176
-0.174510
-0.103922
-0.323529
0.076471
0.252941
0.237255
0.233333
0.217647
0.280392
0.292157
0.272549
-0.033333
0.237255
0.252941
0.252941
0.229412
-0.241176
-0.052941
0.221569
0.303922
0.260784
0.147059
-0.060784
0.205882
0.245098
0.300000
0.288235
0.080392
0.150980
0.272549
0.272549
0.256863
0.201961
0.245098
0.217647
0.092157
-0.107843
-0.209804
-0.292157
0.135294
0.339216
0.256863
0.264706
0.245098
-0.001961
0.300000
0.245098
0.233333
0.170588
0.009804
-0.150980
-0.241176
-0.292157
-0.150980
-0.280392
-0.170588
0.307843
0.292157
0.292157
0.300000
0.076471
0.131373
0.194118
-0.068627
-0.217647
-0.272549
-0.307843
-0.111765
0.064706
-0.049020
-0.307843
-0.319608
0.205882
0.288235
0.252941
0.315686
0.147059
-0.076471
-0.166667
-0.268627
-0.307843
-0.182353
0.056863
-0.150980
-0.252941
-0.249020
-0.170588
0.307843
0.300000
0.303922
0.162745
-0.056863
-0.186275
-0.182353
-0.217647
-0.311765
-0.327451
-0.158824
-0.296078
-0.213725
-0.111765
0.005882
0.182353
0.264706
0.135294
-0.084314
-0.186275
-0.276471
-0.350980
-0.296078
-0.154902
-0.307843
-0.280392
-0.198039
-0.127451
0.029412
0.194118
0.221569
0.170588
-0.143137
-0.217647
-0.249020
-0.256863
-0.296078
-0.319608
-0.347059
-0.154902
-0.158824
-0.096078
0.076471
0.205882
0.229412
0.178431
0.249020
0.194118
-0.300000
-0.103922
0.052941
-0.154902
-0.335294
-0.272549
-0.143137
-0.045098
0.115686
0.237255
0.201961
0.217647
0.233333
0.209804
0.217647
0.205882
0.092157
-0.056863
-0.264706
-0.245098
-0.154902
-0.045098
0.150980
0.256863
0.178431
0.233333
0.229412
0.229412
0.237255
0.201961
0.205882
0.272549
-0.300000
-0.201961
-0.111765
0.033333
0.233333
0.249020
0.221569
0.205882
0.249020
0.256863
0.229412
0.233333
0.221569
0.201961
0.256863
0.233333
-0.029412
0.288235
0.264706
0.084314
-0.088235
0.107843
0.280392
0.284314
0.260784
0.300000
0.264706
0.292157
0.229412
-0.029412
0.225490
0.272549
0.029412
0.009804
-0.045098
0.150980
0.284314
0.256863
0.237255
-0.127451
-0.245098
0.009804
0.245098
0.249020
0.252941
0.162745
0.060784
0.260784
0.001961
-0.056863
0.303922
0.264706
0.256863
0.307843
-0.256863
-0.084314
0.143137
-0.311765
0.147059
0.280392
0.237255
0.256863
-0.029412
0.237255
0.284314
0.041176
0.182353
0.272549
0.272549
0.225490
-0.150980
0.217647
0.225490
-0.323529
0.111765
0.292157
0.264706
0.249020
0.119608
0.060784
0.280392
0.198039
-0.025490
0.276471
0.276471
0.276471
0.245098
-0.300000
-0.362745
-0.131373
0.233333
0.260784
0.276471
0.249020
0.233333
-0.049020
0.276471
0.276471
0.013725
0.225490
0.276471
0.237255
0.264706
-0.096078
-0.103922
-0.150980
-0.319608
0.143137
0.284314
0.249020
0.280392
0.037255
0.280392
0.272549
0.217647
-0.013725
0.284314
0.245098
0.249020
0.229412
-0.249020
-0.013725
0.256863
0.300000
0.288235
0.182353
-0.068627
-0.198039
0.249020
0.292157
0.264706
0.009804
0.190196
0.284314
0.280392
0.237255
0.237255
0.233333
0.209804
0.056863
-0.127451
-0.201961
-0.280392
-0.362745
0.303922
0.292157
0.284314
0.229412
0.021569
0.276471
0.233333
0.256863
0.170588
-0.029412
-0.170588
-0.225490
-0.280392
-0.150980
-0.296078
-0.331373
0.292157
0.252941
0.288235
0.284314
-0.029412
0.194118
0.166667
-0.080392
-0.249020
-0.284314
-0.296078
-0.111765
0.064706
-0.072549
-0.339216
-0.276471
0.292157
0.280392
0.272549
0.303922
0.009804
-0.080392
-0.190196
-0.284314
-0.323529
-0.150980
0.080392
-0.154902
-0.252941
-0.237255
-0.182353
-0.045098
0.307843
0.245098
0.084314
-0.107843
-0.217647
-0.154902
-0.300000
-0.311765
-0.323529
-0.115686
-0.300000
-0.213725
-0.115686
0.029412
0.162745
0.233333
0.001961
-0.170588
-0.252941
-0.311765
-0.358824
-0.229412
-0.166667
-0.339216
-0.245098
-0.217647
-0.100000
0.049020
0.225490
0.209804
0.162745
0.229412
-0.245098
-0.213725
-0.280392
-0.292157
-0.319608
-0.303922
-0.139216
-0.143137
-0.033333
0.107843
0.205882
0.221569
0.201961
0.205882
0.194118
0.225490
0.068627
0.021569
-0.296078
-0.335294
-0.217647
-0.123529
0.021569
0.174510
0.252941
0.201961
0.256863
0.221569
0.229412
0.233333
0.237255
0.229412
-0.217647
-0.284314
-0.162745
-0.100000
0.033333
0.217647
0.233333
0.225490
0.245098
0.252941
0.233333
0.237255
0.205882
0.217647
0.249020
0.245098
0.260784
0.260784
0.264706
0.272549
0.198039
-0.029412
-0.017647
0.256863
0.288235
0.256863
0.256863
0.143137
0.147059
0.245098
0.264706
0.256863
0.272549
0.260784
0.060784
-0.096078
0.060784
0.260784
0.288235
0.249020
0.284314
0.252941
0.252941
0.245098
-0.041176
0.252941
0.272549
0.264706
0.021569
-0.049020
0.158824
0.280392
0.237255
0.260784
-0.088235
-0.166667
0.092157
0.260784
0.221569
0.233333
0.084314
0.166667
0.252941
0.280392
-0.001961
0.300000
0.249020
0.264706
0.284314
-0.280392
-0.103922
-0.017647
-0.280392
0.205882
0.303922
0.237255
0.229412
-0.017647
0.252941
0.307843
-0.017647
0.233333
0.280392
0.264706
0.205882
-0.190196
0.276471
0.217647
-0.303922
0.190196
0.284314
0.280392
0.260784
0.013725
0.150980
0.252941
0.182353
0.013725
0.288235
0.229412
0.272549
0.190196
-0.276471
-0.339216
-0.162745
0.260784
0.272549
0.303922
0.276471
0.225490
0.013725
0.237255
0.264706
-0.029412
0.256863
0.303922
0.276471
0.249020
-0.198039
0.052941
-0.060784
-0.347059
0.198039
0.280392
0.276471
0.280392
-0.017647
0.111765
0.292157
0.182353
0.064706
0.272549
0.256863
0.229412
0.111765
-0.339216
-0.045098
0.249020
0.276471
0.303922
0.174510
0.005882
-0.170588
-0.170588
0.288235
0.288235
-0.056863
0.264706
0.233333
0.229412
0.233333
0.209804
0.237255
0.209804
0.107843
-0.080392
-0.182353
-0.276471
-0.300000
-0.201961
0.264706
0.264706
0.119608
0.123529
0.307843
0.229412
0.245098
0.194118
-0.005882
-0.143137
-0.217647
-0.284314
-0.221569
-0.311765
-0.331373
-0.249020
0.260784
0.288235
0.260784
-0.052941
0.249020
0.174510
-0.056863
-0.209804
-0.256863
-0.303922
-0.135294
0.025490
-0.084314
-0.354902
-0.303922
-0.186275
0.252941
0.264706
0.260784
-0.068627
-0.111765
-0.221569
-0.276471
-0.323529
-0.135294
0.084314
-0.107843
-0.221569
-0.241176
-0.221569
-0.111765
0.092157
0.217647
0.001961
-0.131373
-0.221569
-0.170588
-0.362745
-0.319608
-0.292157
-0.107843
-0.300000
-0.237255
-0.162745
-0.017647
0.143137
0.209804
0.225490
-0.209804
-0.221569
-0.327451
-0.292157
-0.150980
-0.252941
-0.339216
-0.229412
-0.213725
-0.115686
0.013725
0.194118
0.229412
0.190196
0.209804
0.209804
-0.198039
-0.292157
-0.300000
-0.347059
-0.225490
-0.135294
-0.143137
-0.045098
0.123529
0.229412
0.245098
0.209804
0.194118
0.229412
0.221569
0.201961
-0.052941
-0.319608
-0.303922
-0.209804
-0.088235
0.068627
0.201961
0.221569
0.221569
0.225490
0.217647
0.229412
0.225490
0.217647
0.201961
0.252941
0.052941
-0.150980
0.264706
0.292157
0.288235
0.225490
0.041176
-0.052941
0.107843
0.280392
-0.033333
0.252941
0.284314
0.284314
0.315686
-0.245098
0.229412
0.249020
0.260784
0.162745
-0.052941
-0.041176
0.233333
0.276471
0.276471
0.237255
0.150980
0.190196
0.288235
0.264706
0.260784
-0.201961
0.237255
0.041176
-0.096078
0.068627
0.256863
0.276471
0.233333
0.280392
0.303922
0.245098
0.221569
-0.029412
0.280392
0.284314
0.288235
0.076471
-0.005882
0.182353
0.260784
0.245098
0.229412
-0.100000
-0.154902
0.115686
0.260784
0.264706
0.249020
0.037255
0.170588
0.249020
0.292157
0.256863
0.315686
0.264706
0.272549
0.288235
-0.303922
-0.072549
-0.033333
-0.276471
0.225490
0.276471
0.252941
0.217647
-0.005882
0.280392
0.249020
0.233333
0.217647
0.272549
0.252941
0.221569
-0.139216
0.264706
0.190196
-0.300000
0.201961
0.292157
0.288235
0.260784
0.013725
0.190196
0.256863
0.260784
0.080392
0.276471
0.260784
0.260784
0.119608
-0.276471
-0.354902
-0.150980
0.264706
0.280392
0.288235
0.260784
0.174510
0.068627
0.260784
0.260784
-0.045098
0.264706
0.303922
0.256863
0.249020
-0.245098
0.119608
-0.111765
-0.292157
0.249020
0.303922
0.260784
0.264706
-0.013725
0.135294
-0.076471
0.123529
0.107843
0.276471
0.284314
0.245098
0.021569
-0.319608
-0.033333
0.229412
0.284314
0.300000
0.209804
0.009804
-0.162745
-0.190196
-0.292157
0.256863
-0.029412
0.272549
0.233333
0.237255
0.166667
0.217647
0.245098
0.194118
0.147059
-0.056863
-0.190196
-0.268627
-0.296078
-0.213725
-0.311765
0.264706
0.049020
0.205882
0.260784
0.237255
0.256863
0.166667
-0.005882
-0.158824
-0.209804
-0.241176
-0.252941
-0.319608
-0.307843
-0.209804
-0.256863
0.272549
0.217647
-0.025490
0.229412
0.123529
-0.103922
-0.198039
-0.272549
-0.284314
-0.131373
0.013725
-0.131373
-0.339216
-0.307843
-0.198039
-0.158824
0.260784
0.198039
-0.084314
-0.135294
-0.252941
-0.319608
-0.303922
-0.096078
0.068627
-0.084314
-0.225490
-0.237255
-0.190196
-0.100000
0.088235
0.205882
-0.068627
-0.198039
-0.190196
-0.209804
-0.323529
-0.327451
-0.162745
-0.174510
-0.300000
-0.241176
-0.131373
0.009804
0.103922
0.225490
0.245098
0.209804
-0.280392
-0.311765
-0.311765
-0.154902
-0.311765
-0.327451
-0.256863
-0.174510
-0.111765
0.052941
0.217647
0.221569
0.198039
0.209804
0.209804
0.252941
-0.300000
-0.335294
-0.319608
-0.170588
-0.139216
-0.107843
0.025490
0.166667
0.237255
0.245098
0.229412
0.194118
0.221569
0.198039
0.256863
0.252941
-0.150980
0.284314
0.280392
0.217647
0.237255
0.272549
0.327451
0.201961
-0.060784
-0.096078
0.123529
0.288235
0.292157
0.237255
0.249020
-0.162745
-0.143137
0.249020
0.245098
0.252941
0.256863
0.080392
-0.045098
0.049020
0.252941
-0.017647
0.280392
0.272549
0.280392
0.303922
-0.213725
-0.115686
0.280392
0.233333
0.174510
-0.056863
-0.001961
0.245098
0.300000
0.280392
0.233333
0.084314
0.178431
0.284314
0.249020
0.256863
-0.225490
-0.135294
0.001961
-0.088235
0.080392
0.260784
0.288235
0.229412
0.256863
0.315686
0.249020
0.209804
0.013725
0.256863
0.252941
0.288235
-0.017647
-0.327451
0.245098
0.303922
0.260784
0.209804
-0.052941
-0.084314
0.174510
0.272549
0.272549
0.245098
-0.005882
0.229412
0.249020
0.276471
0.217647
-0.249020
0.225490
0.272549
0.288235
-0.323529
-0.068627
-0.084314
-0.249020
0.260784
0.343137
0.280392
0.147059
0.096078
0.288235
0.292157
0.221569
0.182353
0.284314
0.292157
0.162745
-0.170588
0.249020
0.092157
-0.307843
0.256863
0.276471
0.276471
0.252941
-0.041176
0.233333
0.252941
0.276471
0.221569
0.280392
0.233333
0.284314
0.021569
-0.311765
-0.362745
-0.107843
0.276471
0.276471
0.276471
0.256863
0.060784
0.139216
0.280392
0.280392
0.256863
0.264706
0.252941
0.264706
0.209804
-0.296078
0.150980
-0.096078
-0.182353
0.276471
0.292157
0.225490
0.237255
0.009804
0.182353
0.009804
-0.150980
0.190196
0.256863
0.264706
0.280392
-0.107843
-0.327451
-0.029412
0.217647
0.307843
0.260784
0.249020
0.064706
-0.170588
-0.174510
-0.284314
-0.319608
0.013725
0.249020
0.249020
0.237255
0.170588
0.233333
0.233333
0.252941
0.123529
-0.072549
-0.162745
-0.249020
-0.217647
-0.225490
-0.323529
-0.296078
-0.025490
0.237255
0.264706
0.249020
0.245098
0.131373
-0.001961
-0.158824
-0.221569
-0.272549
-0.276471
-0.323529
-0.311765
-0.182353
-0.319608
-0.300000
0.123529
0.084314
0.237255
0.052941
-0.096078
-0.209804
-0.252941
-0.241176
-0.143137
0.052941
-0.249020
-0.350980
-0.331373
-0.162745
-0.174510
-0.084314
0.107843
-0.084314
-0.158824
-0.252941
-0.292157
-0.264706
-0.084314
0.025490
-0.068627
-0.264706
-0.280392
-0.213725
-0.111765
0.033333
0.162745
0.233333
-0.198039
-0.182353
-0.225490
-0.327451
-0.331373
-0.056863
-0.225490
-0.311765
-0.217647
-0.158824
-0.017647
0.111765
0.217647
0.233333
0.201961
0.233333
-0.323529
-0.245098
-0.174510
-0.350980
-0.319608
-0.221569
-0.150980
-0.068627
0.092157
0.201961
0.190196
0.205882
0.178431
0.245098
0.221569
0.221569
0.256863
-0.100000
-0.268627
-0.335294
-0.252941
0.300000
0.272549
-0.052941
0.264706
0.209804
0.005882
-0.056863
0.107843
0.245098
0.300000
0.217647
0.249020
0.272549
0.194118
0.190196
0.288235
0.280392
0.229412
-0.076471
-0.052941
0.068627
0.233333
0.327451
0.245098
0.233333
-0.017647
-0.080392
0.249020
0.221569
0.249020
0.201961
0.068627
-0.033333
0.037255
0.150980
0.060784
0.252941
0.256863
0.284314
0.319608
-0.252941
-0.139216
-0.029412
0.272549
0.166667
-0.052941
0.001961
0.217647
0.339216
0.272549
0.276471
-0.041176
0.249020
0.245098
0.237255
0.229412
-0.296078
0.131373
0.033333
-0.088235
0.103922
0.264706
0.280392
0.260784
0.276471
0.300000
0.256863
0.088235
0.150980
0.260784
0.260784
0.249020
-0.229412
-0.339216
-0.245098
0.292157
0.252941
0.182353
-0.021569
0.021569
0.256863
0.288235
0.264706
0.194118
-0.033333
0.311765
0.264706
0.264706
0.056863
-0.252941
0.143137
0.292157
0.135294
-0.319608
-0.045098
-0.245098
-0.056863
0.272549
0.280392
0.272549
-0.017647
0.225490
0.260784
0.260784
0.233333
-0.033333
-0.198039
0.288235
-0.068627
-0.013725
0.280392
-0.103922
-0.221569
0.276471
0.272549
0.284314
0.166667
0.092157
0.252941
0.260784
0.252941
0.209804
0.249020
0.264706
0.284314
-0.162745
-0.252941
-0.335294
0.080392
0.256863
0.272549
0.260784
0.256863
-0.041176
0.252941
0.249020
0.252941
0.276471
0.198039
0.272549
0.276471
-0.025490
-0.139216
0.158824
-0.123529
0.092157
0.260784
0.264706
0.217647
0.064706
0.190196
0.229412
0.068627
-0.115686
-0.221569
0.229412
0.233333
0.174510
-0.296078
-0.327451
-0.017647
0.264706
0.264706
0.303922
0.233333
0.025490
-0.127451
-0.201961
-0.249020
-0.300000
-0.339216
0.260784
0.249020
0.229412
0.150980
0.221569
0.252941
0.221569
0.162745
-0.029412
-0.158824
-0.252941
-0.150980
-0.327451
-0.350980
-0.300000
-0.327451
0.260784
0.233333
0.256863
0.233333
0.147059
-0.056863
-0.150980
-0.249020
-0.280392
-0.319608
-0.335294
-0.201961
-0.229412
-0.335294
-0.303922
-0.209804
0.237255
0.205882
0.013725
-0.143137
-0.245098
-0.252941
-0.264706
-0.143137
0.021569
-0.319608
-0.347059
-0.311765
-0.174510
-0.186275
-0.111765
0.013725
-0.080392
-0.201961
-0.268627
-0.311765
-0.249020
0.052941
0.001961
-0.056863
-0.249020
-0.264706
-0.198039
-0.143137
0.001961
0.143137
0.221569
0.194118
-0.162745
-0.292157
-0.319608
-0.209804
-0.096078
-0.280392
-0.296078
-0.198039
-0.150980
-0.021569
0.131373
0.221569
0.217647
0.182353
0.225490
0.249020
0.201961
0.201961
0.111765
-0.296078
0.300000
0.064706
0.178431
0.272549
0.221569
0.260784
0.276471
0.256863
0.096078
-0.096078
0.021569
0.198039
-0.170588
-0.252941
-0.358824
-0.158824
0.272549
0.225490
-0.017647
0.264706
0.205882
0.084314
-0.072549
-0.001961
0.194118
0.284314
0.264706
0.252941
0.256863
0.139216
0.174510
0.280392
0.300000
0.217647
-0.096078
-0.068627
0.025490
0.217647
0.311765
0.264706
0.237255
0.088235
0.092157
0.229412
0.233333
0.280392
0.201961
0.084314
-0.017647
0.025490
0.115686
0.111765
0.292157
0.252941
0.249020
0.303922
-0.276471
-0.201961
-0.186275
-0.154902
0.103922
-0.068627
0.025490
0.225490
0.311765
0.252941
0.217647
-0.033333
0.276471
0.252941
0.252941
0.174510
-0.319608
0.217647
-0.033333
-0.268627
0.158824
0.284314
0.292157
0.260784
0.292157
0.288235
0.264706
0.013725
0.233333
0.292157
0.280392
0.249020
-0.319608
-0.296078
-0.323529
-0.005882
0.229412
0.115686
-0.021569
0.111765
0.276471
0.276471
0.256863
0.139216
0.123529
0.284314
0.260784
0.303922
-0.194118
-0.107843
0.229412
-0.088235
-0.115686
-0.292157
-0.052941
-0.327451
0.119608
0.252941
0.284314
0.221569
-0.049020
0.260784
0.264706
0.249020
0.158824
-0.225490
-0.331373
-0.198039
-0.194118
0.131373
0.252941
-0.241176
0.033333
0.300000
0.256863
0.260784
0.001961
0.198039
0.272549
0.237255
0.249020
0.233333
0.205882
0.284314
0.280392
-0.225490
-0.252941
-0.347059
0.221569
0.260784
0.260784
0.256863
0.158824
0.052941
0.229412
0.292157
0.272549
0.260784
0.190196
0.068627
0.229412
-0.201961
-0.013725
0.139216
-0.143137
0.201961
0.288235
0.276471
0.276471
-0.052941
0.252941
0.229412
0.107843
-0.096078
-0.190196
-0.249020
0.209804
0.056863
-0.362745
-0.280392
0.037255
0.276471
0.245098
0.280392
0.249020
-0.025490
-0.068627
-0.190196
-0.264706
-0.272549
-0.307843
-0.139216
0.229412
0.221569
0.166667
0.260784
0.264706
0.225490
0.147059
-0.045098
-0.166667
-0.241176
-0.154902
-0.327451
-0.339216
-0.311765
-0.323529
-0.143137
0.205882
0.252941
0.221569
0.088235
-0.072549
-0.166667
-0.221569
-0.284314
-0.327451
-0.323529
-0.166667
-0.319608
-0.386275
-0.319608
-0.237255
-0.186275
0.123529
-0.080392
-0.182353
-0.245098
-0.272549
-0.272549
-0.084314
-0.150980
-0.331373
-0.339216
-0.245098
-0.221569
-0.170588
-0.123529
-0.001961
0.103922
-0.221569
-0.303922
-0.292157
-0.201961
-0.005882
0.041176
-0.123529
-0.300000
-0.264706
-0.198039
-0.111765
-0.052941
0.115686
0.225490
0.221569
0.198039
0.005882
-0.319608
-0.033333
0.280392
-0.029412
0.284314
-0.127451
-0.162745
-0.256863
0.245098
0.225490
0.237255
0.284314
0.284314
0.209804
0.060784
0.221569
0.064706
-0.311765
0.245098
0.049020
0.245098
0.260784
0.229412
0.217647
0.288235
0.252941
0.170588
-0.021569
-0.080392
0.033333
0.233333
-0.237255
-0.362745
-0.150980
0.252941
0.198039
0.056863
0.249020
0.225490
0.150980
0.013725
-0.068627
0.115686
0.256863
0.292157
0.245098
0.256863
0.131373
0.166667
0.307843
0.307843
0.260784
-0.096078
-0.021569
-0.033333
0.096078
0.276471
0.284314
0.256863
0.201961
0.209804
0.292157
0.264706
0.233333
0.225490
0.092157
-0.025490
-0.013725
0.021569
0.198039
0.292157
0.292157
0.256863
0.311765
-0.190196
-0.300000
-0.296078
0.005882
0.245098
-0.072549
0.033333
0.229412
0.307843
0.284314
0.182353
0.021569
0.331373
0.292157
0.272549
0.135294
-0.284314
0.280392
-0.056863
-0.221569
0.288235
0.292157
0.300000
0.245098
0.256863
0.249020
0.260784
-0.052941
0.272549
0.276471
0.280392
0.139216
-0.311765
-0.162745
-0.284314
-0.080392
0.229412
0.088235
0.013725
0.150980
0.264706
0.260784
0.256863
0.037255
0.205882
0.264706
0.284314
0.237255
-0.256863
-0.041176
0.135294
0.088235
0.119608
-0.284314
-0.115686
-0.272549
0.205882
0.237255
0.249020
0.166667
0.033333
0.272549
0.284314
0.256863
-0.005882
-0.276471
-0.209804
-0.327451
0.245098
0.229412
0.229412
-0.280392
0.119608
0.280392
0.256863
0.249020
-0.017647
0.284314
0.272549
0.260784
0.225490
0.174510
0.139216
0.237255
0.252941
-0.186275
-0.252941
-0.300000
0.300000
0.260784
0.280392
0.221569
0.068627
0.198039
0.272549
0.276471
0.272549
0.256863
0.229412
0.158824
0.021569
-0.272549
0.092157
0.103922
-0.080392
0.256863
0.288235
0.249020
0.205882
0.013725
0.303922
0.260784
0.150980
-0.001961
-0.107843
-0.213725
-0.256863
-0.103922
-0.378431
-0.264706
0.068627
0.260784
0.280392
0.288235
0.209804
-0.076471
-0.021569
-0.150980
-0.198039
-0.292157
-0.296078
-0.217647
-0.052941
0.166667
0.182353
0.217647
0.249020
0.249020
0.119608
-0.033333
-0.182353
-0.201961
-0.217647
-0.303922
-0.350980
-0.311765
-0.170588
-0.013725
-0.245098
0.252941
0.178431
0.068627
-0.060784
-0.150980
-0.229412
-0.300000
-0.303922
-0.284314
-0.174510
-0.311765
-0.327451
-0.319608
-0.296078
-0.237255
-0.162745
-0.123529
-0.186275
-0.241176
-0.280392
-0.280392
-0.084314
-0.284314
-0.323529
-0.331373
-0.198039
-0.292157
-0.225490
-0.131373
-0.060784
0.052941
0.174510
0.174510
0.237255
0.201961
0.060784
0.327451
0.158824
-0.296078
-0.096078
0.280392
0.174510
-0.245098
-0.319608
-0.166667
0.303922
0.276471
-0.013725
-0.284314
0.013725
0.276471
-0.013725
0.284314
-0.190196
-0.221569
-0.256863
0.256863
0.264706
0.264706
0.249020
0.245098
0.264706
0.139216
-0.068627
-0.005882
-0.292157
0.245098
0.013725
0.237255
0.280392
0.229412
0.198039
0.264706
0.237255
0.221569
0.076471
-0.049020
0.001961
0.174510
0.245098
-0.354902
-0.052941
0.292157
0.182353
0.088235
0.260784
0.229412
0.178431
0.056863
-0.076471
0.037255
0.166667
0.276471
0.276471
0.264706
0.264706
0.190196
0.300000
0.284314
0.260784
-0.049020
-0.013725
-0.049020
0.080392
0.233333
0.303922
0.284314
0.221569
0.209804
0.256863
0.245098
0.276471
0.190196
0.092157
-0.025490
-0.045098
-0.052941
0.245098
0.288235
0.300000
0.252941
0.272549
-0.115686
-0.284314
-0.249020
0.174510
0.288235
0.276471
0.041176
0.237255
0.311765
0.280392
0.119608
0.139216
0.292157
0.249020
0.264706
0.033333
-0.249020
0.292157
-0.139216
-0.111765
0.276471
0.264706
0.307843
0.221569
0.260784
0.284314
0.221569
-0.005882
0.264706
0.245098
0.292157
-0.041176
-0.276471
-0.033333
-0.323529
-0.001961
0.280392
0.252941
0.041176
0.217647
0.288235
0.276471
0.245098
-0.029412
0.229412
0.272549
0.292157
0.162745
-0.339216
-0.076471
0.080392
0.174510
0.221569
0.300000
-0.170588
-0.209804
0.252941
0.237255
0.249020
0.056863
0.131373
0.276471
0.292157
0.245098
-0.162745
-0.170588
-0.154902
-0.311765
0.264706
0.256863
0.147059
-0.296078
0.284314
0.307843
0.288235
0.217647
0.005882
0.284314
0.260784
0.225490
0.174510
0.064706
0.021569
0.245098
0.233333
0.288235
-0.335294
-0.154902
0.264706
0.260784
0.272549
0.280392
-0.005882
0.252941
0.256863
0.264706
0.252941
0.260784
0.249020
0.182353
0.115686
-0.033333
0.143137
0.052941
0.025490
0.264706
0.264706
0.221569
0.080392
0.147059
0.260784
0.245098
0.190196
0.064706
-0.072549
-0.174510
-0.229412
-0.292157
-0.382353
-0.154902
0.150980
0.245098
0.264706
0.252941
0.166667
0.009804
-0.025490
-0.131373
-0.217647
-0.245098
-0.292157
-0.272549
-0.143137
-0.292157
0.252941
0.237255
0.272549
0.280392
0.103922
-0.045098
-0.150980
-0.143137
-0.256863
-0.311765
-0.331373
-0.347059
-0.045098
0.037255
-0.217647
-0.327451
0.123529
0.037255
-0.115686
-0.166667
-0.225490
-0.296078
-0.327451
-0.225490
-0.292157
-0.339216
-0.319608
-0.331373
-0.296078
-0.252941
-0.166667
-0.100000
0.303922
0.037255
0.264706
0.292157
0.158824
-0.331373
0.182353
0.264706
0.264706
0.119608
0.237255
-0.327451
0.170588
0.205882
-0.143137
-0.213725
0.264706
0.170588
0.150980
0.272549
0.150980
-0.307843
-0.005882
0.252941
0.084314
-0.256863
-0.335294
-0.221569
0.272549
0.264706
-0.068627
-0.150980
0.068627
0.237255
0.001961
0.276471
-0.264706
-0.292157
-0.217647
0.249020
0.237255
0.225490
0.221569
0.249020
0.276471
0.237255
-0.033333
-0.154902
-0.217647
0.292157
-0.017647
0.260784
0.284314
0.209804
0.194118
0.264706
0.233333
0.229412
0.162745
0.021569
-0.029412
0.013725
0.103922
-0.131373
0.056863
0.260784
0.096078
0.198039
0.225490
0.245098
0.178431
0.068627
-0.049020
-0.017647
0.088235
0.201961
0.237255
0.280392
0.233333
-0.111765
0.288235
0.288235
0.201961
0.001961
-0.013725
-0.072549
0.056863
0.229412
0.284314
0.292157
0.256863
0.229412
0.300000
0.272549
0.284314
0.009804
0.060784
-0.060784
-0.021569
-0.080392
0.288235
0.303922
0.300000
0.249020
0.256863
-0.068627
-0.213725
-0.021569
0.201961
0.260784
0.264706
0.123529
0.249020
0.303922
0.237255
-0.001961
0.252941
0.256863
0.303922
0.292157
-0.154902
-0.162745
0.194118
-0.272549
0.076471
0.264706
0.303922
0.205882
0.288235
0.264706
0.264706
0.123529
0.096078
0.284314
0.237255
0.260784
-0.229412
-0.139216
0.068627
-0.307843
0.178431
0.276471
0.272549
0.280392
0.256863
0.272549
0.256863
0.233333
-0.021569
0.249020
0.276471
0.280392
-0.076471
-0.347059
-0.198039
0.025490
0.221569
0.237255
0.252941
0.272549
-0.052941
0.260784
0.245098
0.260784
-0.033333
0.256863
0.237255
0.256863
0.147059
-0.256863
0.049020
-0.190196
-0.198039
0.300000
0.300000
0.229412
-0.174510
0.272549
0.284314
0.252941
0.084314
0.162745
0.276471
0.249020
0.256863
0.096078
-0.080392
-0.025490
0.252941
0.256863
0.264706
0.288235
0.033333
0.276471
0.284314
0.256863
0.198039
0.037255
0.256863
0.252941
0.260784
0.229412
0.272549
0.237255
0.205882
0.162745
0.025490
-0.100000
-0.025490
0.170588
0.272549
0.260784
0.201961
-0.060784
0.233333
0.276471
0.272549
0.198039
0.084314
-0.076471
-0.123529
-0.201961
-0.245098
-0.284314
-0.056863
0.225490
0.284314
0.252941
0.221569
0.025490
0.131373
0.001961
-0.127451
-0.170588
-0.241176
-0.300000
-0.252941
-0.256863
-0.327451
-0.311765
0.249020
0.272549
0.190196
0.084314
-0.049020
-0.154902
-0.150980
-0.284314
-0.303922
-0.374510
-0.276471
-0.029412
0.033333
-0.319608
-0.347059
-0.268627
