-0.366667
-0.362745
-0.358824
-0.366667
-0.150980
0.150980
0.060784
0.009804
-0.327451
-0.382353
-0.307843
-0.221569
-0.166667
-0.249020
-0.264706
-0.252941
-0.366667
-0.362745
-0.358824
-0.362745
-0.209804
0.158824
0.064706
0.013725
-0.327451
-0.378431
-0.358824
-0.323529
-0.311765
-0.347059
-0.374510
-0.378431
-0.366667
-0.362745
-0.358824
-0.354902
-0.252941
0.162745
0.076471
0.025490
-0.300000
-0.354902
-0.366667
-0.374510
-0.378431
-0.362745
-0.386275
-0.374510
-0.378431
-0.354902
-0.354902
-0.354902
-0.284314
0.178431
0.092157
0.041176
-0.249020
-0.390196
-0.362745
-0.362745
-0.358824
-0.358824
-0.354902
-0.374510
-0.362745
-0.362745
-0.362745
-0.350980
-0.323529
0.174510
0.088235
0.029412
-0.190196
-0.382353
-0.386275
-0.374510
-0.327451
-0.339216
-0.366667
-0.362745
-0.358824
-0.362745
-0.362745
-0.347059
-0.362745
0.158824
0.088235
0.049020
-0.139216
-0.382353
-0.386275
-0.366667
-0.327451
-0.358824
-0.374510
-0.354902
-0.362745
-0.358824
-0.358824
-0.350980
-0.386275
0.111765
0.103922
0.084314
-0.080392
-0.378431
-0.374510
-0.354902
-0.362745
-0.401961
-0.374510
-0.358824
-0.366667
-0.350980
-0.354902
-0.358824
-0.382353
0.033333
0.119608
0.037255
-0.068627
-0.366667
-0.394118
-0.358824
-0.366667
-0.366667
-0.354902
-0.366667
-0.366667
-0.354902
-0.358824
-0.362745
-0.374510
-0.041176
0.143137
0.064706
-0.001961
-0.331373
-0.401961
-0.362745
-0.386275
-0.366667
-0.378431
-0.366667
-0.374510
-0.362745
-0.358824
-0.362745
-0.358824
-0.143137
0.178431
0.080392
0.005882
-0.296078
-0.382353
-0.350980
-0.382353
-0.347059
-0.358824
-0.366667
-0.374510
-0.362745
-0.350980
-0.374510
-0.339216
-0.268627
0.205882
0.064706
0.021569
-0.245098
-0.390196
-0.358824
-0.378431
-0.335294
-0.374510
-0.366667
-0.354902
-0.354902
-0.366667
-0.374510
-0.358824
-0.335294
0.205882
0.064706
0.052941
-0.162745
-0.386275
-0.366667
-0.354902
-0.382353
-0.366667
-0.362745
-0.358824
-0.358824
-0.362745
-0.358824
-0.366667
-0.350980
0.131373
0.088235
0.056863
-0.096078
-0.362745
-0.354902
-0.354902
-0.382353
-0.378431
-0.382353
-0.366667
-0.362745
-0.362745
-0.354902
-0.374510
-0.358824
0.013725
0.115686
0.060784
-0.029412
-0.339216
-0.366667
-0.374510
-0.374510
-0.362745
-0.354902
-0.358824
-0.354902
-0.366667
-0.354902
-0.366667
-0.358824
-0.123529
0.162745
0.068627
0.001961
-0.307843
-0.386275
-0.378431
-0.354902
-0.354902
-0.350980
-0.358824
-0.354902
-0.374510
-0.358824
-0.358824
-0.358824
-0.245098
0.190196
0.084314
0.029412
-0.237255
-0.390196
-0.382353
-0.350980
-0.362745
-0.362745
-0.378431
-0.358824
-0.362745
-0.366667
-0.049020
0.143137
0.064706
-0.021569
-0.331373
-0.382353
-0.358824
-0.378431
-0.358824
-0.382353
-0.358824
-0.358824
-0.374510
-0.362745
-0.358824
-0.366667
-0.111765
0.150980
0.068627
-0.005882
-0.323529
-0.394118
-0.374510
-0.366667
-0.350980
-0.382353
-0.354902
-0.401961
-0.374510
-0.366667
-0.358824
-0.362745
-0.170588
0.162745
0.076471
0.013725
-0.307843
-0.378431
-0.358824
-0.350980
-0.347059
-0.366667
-0.366667
-0.366667
-0.374510
-0.358824
-0.354902
-0.354902
-0.268627
0.170588
0.084314
0.029412
-0.276471
-0.378431
-0.366667
-0.374510
-0.374510
-0.362745
-0.374510
-0.362745
-0.366667
-0.358824
-0.358824
-0.350980
-0.303922
0.178431
0.092157
0.033333
-0.221569
-0.390196
-0.378431
-0.374510
-0.347059
-0.354902
-0.362745
-0.358824
-0.358824
-0.362745
-0.362745
-0.347059
-0.339216
0.166667
0.088235
0.033333
-0.166667
-0.386275
-0.390196
-0.374510
-0.331373
-0.354902
-0.374510
-0.362745
-0.358824
-0.358824
-0.358824
-0.347059
-0.374510
0.135294
0.096078
0.060784
-0.111765
-0.382353
-0.382353
-0.362745
-0.350980
-0.382353
-0.378431
-0.362745
-0.362745
-0.354902
-0.354902
-0.354902
-0.382353
0.076471
0.111765
0.056863
-0.076471
-0.378431
-0.386275
-0.358824
-0.366667
-0.386275
-0.366667
-0.378431
-0.366667
-0.350980
-0.354902
-0.358824
-0.378431
-0.001961
0.135294
0.049020
-0.041176
-0.354902
-0.401961
-0.362745
-0.382353
-0.374510
-0.366667
-0.362745
-0.366667
-0.358824
-0.358824
-0.362745
-0.362745
-0.088235
0.162745
0.068627
-0.001961
-0.319608
-0.394118
-0.358824
-0.386275
-0.358824
-0.374510
-0.354902
-0.374510
-0.362745
-0.354902
-0.366667
-0.350980
-0.201961
0.194118
0.068627
0.009804
-0.272549
-0.390196
-0.358824
-0.382353
-0.347059
-0.366667
-0.374510
-0.350980
-0.358824
-0.366667
-0.362745
-0.350980
-0.311765
0.205882
0.080392
0.049020
-0.201961
-0.390196
-0.366667
-0.362745
-0.358824
-0.374510
-0.378431
-0.339216
-0.350980
-0.366667
-0.358824
-0.366667
-0.354902
0.166667
0.092157
0.064706
-0.131373
-0.386275
-0.374510
-0.354902
-0.358824
-0.331373
-0.366667
-0.350980
-0.354902
-0.366667
-0.350980
-0.374510
-0.366667
0.068627
0.115686
0.068627
-0.068627
-0.366667
-0.382353
-0.358824
-0.327451
-0.284314
-0.300000
-0.354902
-0.354902
-0.362745
-0.354902
-0.374510
-0.366667
-0.056863
0.147059
0.080392
-0.005882
-0.335294
-0.394118
-0.366667
-0.311765
-0.268627
-0.264706
-0.354902
-0.350980
-0.362745
-0.358824
-0.366667
-0.362745
-0.190196
0.178431
0.092157
0.029412
-0.268627
-0.394118
-0.378431
-0.319608
-0.296078
-0.311765
-0.362745
-0.374510
-0.358824
-0.362745
-0.041176
0.147059
0.060784
-0.029412
-0.335294
-0.382353
-0.354902
-0.374510
-0.354902
-0.378431
-0.362745
-0.362745
-0.362745
-0.378431
-0.358824
-0.362745
-0.096078
0.162745
0.060784
-0.013725
-0.323529
-0.382353
-0.354902
-0.366667
-0.350980
-0.374510
-0.354902
-0.374510
-0.354902
-0.386275
-0.354902
-0.362745
-0.162745
0.174510
0.064706
-0.001961
-0.331373
-0.382353
-0.354902
-0.362745
-0.350980
-0.362745
-0.358824
-0.378431
-0.366667
-0.354902
-0.358824
-0.358824
-0.264706
0.174510
0.080392
-0.001961
-0.307843
-0.394118
-0.386275
-0.350980
-0.390196
-0.382353
-0.374510
-0.390196
-0.362745
-0.354902
-0.362745
-0.354902
-0.300000
0.182353
0.088235
0.041176
-0.221569
-0.382353
-0.374510
-0.350980
-0.358824
-0.374510
-0.374510
-0.366667
-0.354902
-0.358824
-0.366667
-0.350980
-0.335294
0.170588
0.084314
0.041176
-0.174510
-0.382353
-0.382353
-0.358824
-0.335294
-0.350980
-0.366667
-0.366667
-0.354902
-0.354902
-0.362745
-0.350980
-0.366667
0.139216
0.092157
0.052941
-0.139216
-0.390196
-0.382353
-0.366667
-0.347059
-0.354902
-0.358824
-0.366667
-0.358824
-0.350980
-0.358824
-0.358824
-0.378431
0.080392
0.107843
0.052941
-0.088235
-0.386275
-0.386275
-0.366667
-0.350980
-0.347059
-0.335294
-0.327451
-0.362745
-0.347059
-0.358824
-0.362745
-0.374510
0.001961
0.131373
0.041176
-0.045098
-0.362745
-0.394118
-0.358824
-0.331373
-0.303922
-0.292157
-0.268627
-0.362745
-0.354902
-0.362745
-0.366667
-0.358824
-0.084314
0.158824
0.056863
0.001961
-0.331373
-0.401961
-0.350980
-0.323529
-0.280392
-0.272549
-0.268627
-0.366667
-0.358824
-0.358824
-0.374510
-0.347059
-0.198039
0.190196
0.064706
0.037255
-0.280392
-0.405882
-0.362745
-0.335294
-0.300000
-0.296078
-0.339216
-0.350980
-0.358824
-0.366667
-0.362745
-0.350980
-0.311765
0.205882
0.076471
0.049020
-0.198039
-0.382353
-0.358824
-0.354902
-0.350980
-0.358824
-0.354902
-0.339216
-0.350980
-0.366667
-0.358824
-0.366667
-0.354902
0.166667
0.096078
0.068627
-0.127451
-0.378431
-0.362745
-0.354902
-0.374510
-0.354902
-0.362745
-0.350980
-0.354902
-0.366667
-0.350980
-0.374510
-0.366667
0.068627
0.123529
0.068627
-0.068627
-0.358824
-0.374510
-0.362745
-0.362745
-0.350980
-0.362745
-0.354902
-0.354902
-0.362745
-0.354902
-0.374510
-0.366667
-0.056863
0.147059
0.076471
-0.017647
-0.331373
-0.386275
-0.374510
-0.358824
-0.350980
-0.362745
-0.354902
-0.350980
-0.362745
-0.358824
-0.366667
-0.362745
-0.190196
0.174510
0.080392
0.013725
-0.272549
-0.386275
-0.378431
-0.354902
-0.358824
-0.362745
-0.362745
-0.362745
-0.362745
-0.358824
-0.076471
0.158824
0.052941
-0.013725
-0.327451
-0.378431
-0.347059
-0.378431
-0.354902
-0.374510
-0.366667
-0.378431
-0.358824
-0.374510
-0.358824
-0.358824
-0.135294
0.170588
0.056863
0.001961
-0.327451
-0.378431
-0.347059
-0.374510
-0.354902
-0.366667
-0.362745
-0.362745
-0.358824
-0.358824
-0.358824
-0.354902
-0.221569
0.174510
0.064706
0.005882
-0.319608
-0.382353
-0.358824
-0.362745
-0.374510
-0.374510
-0.374510
-0.327451
-0.362745
-0.358824
-0.350980
-0.358824
-0.292157
0.194118
0.080392
0.021569
-0.256863
-0.382353
-0.386275
-0.350980
-0.311765
-0.272549
-0.280392
-0.280392
-0.358824
-0.358824
-0.354902
-0.354902
-0.327451
0.194118
0.084314
0.037255
-0.194118
-0.374510
-0.378431
-0.350980
-0.284314
-0.268627
-0.292157
-0.264706
-0.354902
-0.358824
-0.354902
-0.354902
-0.358824
0.170588
0.084314
0.041176
-0.158824
-0.374510
-0.374510
-0.354902
-0.300000
-0.292157
-0.319608
-0.323529
-0.354902
-0.354902
-0.350980
-0.358824
-0.382353
0.123529
0.096078
0.052941
-0.115686
-0.378431
-0.366667
-0.366667
-0.339216
-0.339216
-0.354902
-0.350980
-0.358824
-0.350980
-0.350980
-0.362745
-0.382353
0.056863
0.115686
0.056863
-0.072549
-0.366667
-0.382353
-0.378431
-0.374510
-0.362745
-0.374510
-0.354902
-0.362745
-0.354902
-0.350980
-0.366667
-0.374510
-0.025490
0.139216
0.064706
-0.033333
-0.350980
-0.390196
-0.378431
-0.382353
-0.358824
-0.358824
-0.358824
-0.362745
-0.358824
-0.350980
-0.374510
-0.358824
-0.127451
0.170588
0.076471
0.001961
-0.319608
-0.390196
-0.374510
-0.378431
-0.350980
-0.339216
-0.350980
-0.358824
-0.362745
-0.354902
-0.374510
-0.354902
-0.241176
0.194118
0.080392
0.021569
-0.252941
-0.382353
-0.366667
-0.386275
-0.362745
-0.362745
-0.362745
-0.347059
-0.354902
-0.366667
-0.358824
-0.358824
-0.331373
0.190196
0.092157
0.064706
-0.186275
-0.390196
-0.362745
-0.362745
-0.350980
-0.362745
-0.374510
-0.347059
-0.350980
-0.366667
-0.354902
-0.366667
-0.358824
0.119608
0.115686
0.076471
-0.115686
-0.382353
-0.374510
-0.366667
-0.358824
-0.358824
-0.366667
-0.350980
-0.354902
-0.362745
-0.350980
-0.374510
-0.366667
0.005882
0.143137
0.076471
-0.056863
-0.358824
-0.382353
-0.374510
-0.354902
-0.354902
-0.354902
-0.354902
-0.350980
-0.362745
-0.354902
-0.366667
-0.362745
-0.123529
0.166667
0.080392
-0.017647
-0.311765
-0.394118
-0.378431
-0.354902
-0.358824
-0.354902
-0.354902
-0.350980
-0.362745
-0.354902
-0.362745
-0.362745
-0.245098
0.182353
0.080392
0.013725
-0.241176
-0.390196
-0.374510
-0.358824
-0.374510
-0.366667
-0.358824
-0.366667
-0.354902
-0.366667
-0.045098
0.143137
0.052941
-0.045098
-0.331373
-0.390196
-0.350980
-0.319608
-0.280392
-0.307843
-0.284314
-0.296078
-0.358824
-0.374510
-0.354902
-0.366667
-0.103922
0.158824
0.052941
-0.021569
-0.327451
-0.386275
-0.350980
-0.354902
-0.327451
-0.354902
-0.335294
-0.350980
-0.354902
-0.374510
-0.350980
-0.366667
-0.174510
0.166667
0.060784
-0.001961
-0.331373
-0.386275
-0.362745
-0.386275
-0.386275
-0.394118
-0.390196
-0.362745
-0.362745
-0.366667
-0.358824
-0.354902
-0.249020
0.182353
0.064706
0.033333
-0.292157
-0.382353
-0.354902
-0.358824
-0.386275
-0.382353
-0.378431
-0.358824
-0.362745
-0.366667
-0.358824
-0.354902
-0.300000
0.194118
0.076471
0.041176
-0.237255
-0.386275
-0.374510
-0.354902
-0.347059
-0.335294
-0.335294
-0.347059
-0.358824
-0.366667
-0.358824
-0.350980
-0.335294
0.178431
0.080392
0.037255
-0.190196
-0.386275
-0.374510
-0.362745
-0.335294
-0.339216
-0.354902
-0.362745
-0.354902
-0.366667
-0.358824
-0.354902
-0.362745
0.147059
0.084314
0.041176
-0.154902
-0.386275
-0.366667
-0.362745
-0.350980
-0.358824
-0.374510
-0.366667
-0.358824
-0.362745
-0.354902
-0.358824
-0.374510
0.088235
0.103922
0.049020
-0.100000
-0.366667
-0.362745
-0.362745
-0.362745
-0.374510
-0.382353
-0.362745
-0.362745
-0.362745
-0.354902
-0.362745
-0.366667
0.013725
0.119608
0.056863
-0.052941
-0.350980
-0.366667
-0.358824
-0.366667
-0.362745
-0.374510
-0.354902
-0.362745
-0.366667
-0.354902
-0.366667
-0.358824
-0.076471
0.147059
0.052941
-0.025490
-0.331373
-0.378431
-0.362745
-0.366667
-0.350980
-0.350980
-0.358824
-0.362745
-0.374510
-0.358824
-0.366667
-0.350980
-0.186275
0.174510
0.049020
-0.001961
-0.292157
-0.382353
-0.362745
-0.374510
-0.354902
-0.358824
-0.374510
-0.366667
-0.366667
-0.358824
-0.358824
-0.362745
-0.284314
0.201961
0.076471
0.033333
-0.229412
-0.390196
-0.374510
-0.386275
-0.366667
-0.374510
-0.362745
-0.358824
-0.362745
-0.362745
-0.350980
-0.362745
-0.347059
0.166667
0.092157
0.060784
-0.158824
-0.386275
-0.366667
-0.374510
-0.362745
-0.374510
-0.350980
-0.358824
-0.362745
-0.362745
-0.350980
-0.374510
-0.362745
0.068627
0.115686
0.064706
-0.088235
-0.366667
-0.374510
-0.374510
-0.366667
-0.374510
-0.339216
-0.362745
-0.358824
-0.362745
-0.350980
-0.366667
-0.362745
-0.049020
0.139216
0.068627
-0.033333
-0.327451
-0.382353
-0.374510
-0.358824
-0.374510
-0.358824
-0.358824
-0.354902
-0.366667
-0.354902
-0.362745
-0.354902
-0.182353
0.170588
0.080392
0.001961
-0.268627
-0.386275
-0.374510
-0.358824
-0.374510
-0.374510
-0.358824
-0.362745
-0.362745
-0.374510
-0.076471
0.143137
0.064706
-0.045098
-0.350980
-0.390196
-0.366667
-0.362745
-0.354902
-0.350980
-0.354902
-0.358824
-0.354902
-0.362745
-0.366667
-0.358824
-0.127451
0.162745
0.064706
-0.005882
-0.300000
-0.374510
-0.358824
-0.354902
-0.358824
-0.366667
-0.362745
-0.366667
-0.350980
-0.366667
-0.374510
-0.354902
-0.154902
0.174510
0.060784
-0.017647
-0.300000
-0.378431
-0.362745
-0.350980
-0.358824
-0.366667
-0.358824
-0.358824
-0.339216
-0.358824
-0.362745
-0.354902
-0.268627
0.162745
0.052941
0.021569
-0.252941
-0.386275
-0.358824
-0.358824
-0.366667
-0.366667
-0.350980
-0.366667
-0.350980
-0.362745
-0.354902
-0.350980
-0.296078
0.174510
0.060784
0.025490
-0.237255
-0.386275
-0.362745
-0.358824
-0.358824
-0.362745
-0.354902
-0.366667
-0.354902
-0.366667
-0.350980
-0.347059
-0.331373
0.182353
0.076471
0.033333
-0.194118
-0.386275
-0.366667
-0.354902
-0.354902
-0.362745
-0.362745
-0.366667
-0.354902
-0.358824
-0.354902
-0.354902
-0.354902
0.170588
0.084314
0.049020
-0.150980
-0.382353
-0.378431
-0.354902
-0.350980
-0.358824
-0.366667
-0.366667
-0.347059
-0.350980
-0.362745
-0.362745
-0.362745
0.111765
0.096078
0.052941
-0.088235
-0.366667
-0.382353
-0.354902
-0.350980
-0.358824
-0.366667
-0.366667
-0.347059
-0.347059
-0.366667
-0.366667
-0.362745
0.005882
0.115686
0.052941
-0.041176
-0.350980
-0.382353
-0.358824
-0.354902
-0.358824
-0.362745
-0.366667
-0.350980
-0.350980
-0.362745
-0.362745
-0.362745
-0.111765
0.139216
0.052941
0.001961
-0.335294
-0.378431
-0.362745
-0.362745
-0.358824
-0.358824
-0.366667
-0.358824
-0.358824
-0.354902
-0.358824
-0.362745
-0.190196
0.158824
0.049020
0.025490
-0.323529
-0.378431
-0.366667
-0.366667
-0.358824
-0.354902
-0.366667
-0.350980
-0.358824
-0.350980
-0.358824
-0.366667
-0.319608
0.178431
0.088235
0.029412
-0.209804
-0.362745
-0.362745
-0.354902
-0.347059
-0.366667
-0.354902
-0.362745
-0.362745
-0.358824
-0.347059
-0.358824
-0.347059
0.150980
0.096078
0.052941
-0.158824
-0.382353
-0.378431
-0.358824
-0.350980
-0.350980
-0.350980
-0.366667
-0.362745
-0.362745
-0.335294
-0.354902
-0.366667
0.084314
0.084314
0.056863
-0.080392
-0.366667
-0.386275
-0.354902
-0.331373
-0.280392
-0.296078
-0.358824
-0.358824
-0.358824
-0.347059
-0.358824
-0.374510
-0.045098
0.107843
0.049020
-0.029412
-0.331373
-0.378431
-0.296078
-0.194118
-0.076471
-0.256863
-0.339216
-0.354902
-0.350980
-0.362745
-0.366667
-0.362745
-0.194118
0.150980
0.056863
-0.001961
-0.268627
-0.382353
-0.303922
-0.194118
-0.100000
-0.252941
-0.362745
-0.362745
-0.362745
-0.378431
-0.049020
0.135294
0.064706
-0.056863
-0.362745
-0.390196
-0.366667
-0.378431
-0.366667
-0.358824
-0.358824
-0.366667
-0.358824
-0.362745
-0.366667
-0.366667
-0.103922
0.150980
0.064706
-0.041176
-0.331373
-0.382353
-0.362745
-0.366667
-0.366667
-0.362745
-0.354902
-0.366667
-0.354902
-0.366667
-0.374510
-0.358824
-0.139216
0.166667
0.060784
-0.021569
-0.300000
-0.374510
-0.362745
-0.358824
-0.366667
-0.374510
-0.358824
-0.366667
-0.339216
-0.358824
-0.362745
-0.354902
-0.268627
0.162745
0.052941
0.021569
-0.284314
-0.401961
-0.362745
-0.358824
-0.374510
-0.354902
-0.358824
-0.366667
-0.350980
-0.362745
-0.354902
-0.350980
-0.296078
0.174510
0.060784
0.009804
-0.264706
-0.394118
-0.378431
-0.366667
-0.374510
-0.354902
-0.362745
-0.358824
-0.354902
-0.366667
-0.350980
-0.347059
-0.331373
0.182353
0.076471
0.029412
-0.194118
-0.366667
-0.366667
-0.354902
-0.366667
-0.358824
-0.362745
-0.362745
-0.354902
-0.358824
-0.354902
-0.354902
-0.354902
0.170588
0.084314
0.029412
-0.162745
-0.374510
-0.378431
-0.350980
-0.362745
-0.347059
-0.347059
-0.366667
-0.347059
-0.350980
-0.362745
-0.362745
-0.362745
0.111765
0.096078
0.041176
-0.111765
-0.374510
-0.390196
-0.358824
-0.374510
-0.362745
-0.374510
-0.358824
-0.347059
-0.347059
-0.366667
-0.366667
-0.362745
0.005882
0.115686
0.056863
-0.056863
-0.347059
-0.382353
-0.347059
-0.323529
-0.300000
-0.350980
-0.319608
-0.350980
-0.350980
-0.362745
-0.362745
-0.362745
-0.111765
0.139216
0.029412
-0.029412
-0.323529
-0.362745
-0.307843
-0.209804
-0.158824
-0.268627
-0.225490
-0.358824
-0.358824
-0.354902
-0.358824
-0.362745
-0.190196
0.158824
0.033333
0.013725
-0.284314
-0.362745
-0.307843
-0.162745
-0.111765
-0.272549
-0.249020
-0.350980
-0.358824
-0.350980
-0.358824
-0.366667
-0.319608
0.178431
0.080392
0.025490
-0.217647
-0.382353
-0.362745
-0.323529
-0.311765
-0.354902
-0.311765
-0.362745
-0.362745
-0.358824
-0.347059
-0.358824
-0.347059
0.150980
0.084314
0.052941
-0.154902
-0.382353
-0.378431
-0.347059
-0.335294
-0.354902
-0.374510
-0.366667
-0.362745
-0.362745
-0.335294
-0.354902
-0.366667
0.084314
0.084314
0.060784
-0.076471
-0.366667
-0.386275
-0.358824
-0.358824
-0.335294
-0.362745
-0.358824
-0.358824
-0.358824
-0.347059
-0.358824
-0.374510
-0.045098
0.107843
0.041176
-0.029412
-0.323529
-0.378431
-0.354902
-0.358824
-0.331373
-0.366667
-0.339216
-0.354902
-0.350980
-0.362745
-0.366667
-0.362745
-0.194118
0.158824
0.052941
-0.001961
-0.252941
-0.378431
-0.366667
-0.366667
-0.354902
-0.366667
-0.362745
-0.358824
-0.366667
-0.378431
-0.072549
0.139216
0.068627
-0.049020
-0.350980
-0.382353
-0.362745
-0.374510
-0.362745
-0.362745
-0.354902
-0.358824
-0.358824
-0.358824
-0.374510
-0.366667
-0.115686
0.158824
0.068627
-0.025490
-0.323529
-0.366667
-0.366667
-0.366667
-0.358824
-0.378431
-0.350980
-0.362745
-0.350980
-0.358824
-0.374510
-0.358824
-0.198039
0.162745
0.060784
0.005882
-0.300000
-0.378431
-0.366667
-0.362745
-0.358824
-0.374510
-0.354902
-0.354902
-0.339216
-0.358824
-0.362745
-0.354902
-0.268627
0.162745
0.052941
0.009804
-0.280392
-0.401961
-0.378431
-0.350980
-0.300000
-0.335294
-0.331373
-0.319608
-0.350980
-0.362745
-0.354902
-0.350980
-0.296078
0.174510
0.060784
0.033333
-0.229412
-0.394118
-0.350980
-0.252941
-0.131373
-0.225490
-0.209804
-0.237255
-0.354902
-0.366667
-0.350980
-0.347059
-0.331373
0.182353
0.076471
0.052941
-0.182353
-0.378431
-0.354902
-0.245098
-0.127451
-0.241176
-0.217647
-0.225490
-0.354902
-0.358824
-0.354902
-0.354902
-0.354902
0.170588
0.084314
0.052941
-0.154902
-0.354902
-0.386275
-0.323529
-0.292157
-0.335294
-0.323529
-0.327451
-0.347059
-0.350980
-0.362745
-0.362745
-0.362745
0.111765
0.096078
0.029412
-0.115686
-0.362745
-0.390196
-0.347059
-0.366667
-0.362745
-0.335294
-0.378431
-0.347059
-0.347059
-0.366667
-0.366667
-0.362745
0.005882
0.115686
0.064706
-0.025490
-0.366667
-0.382353
-0.347059
-0.374510
-0.386275
-0.366667
-0.354902
-0.350980
-0.350980
-0.362745
-0.362745
-0.362745
-0.111765
0.139216
0.049020
-0.021569
-0.354902
-0.386275
-0.354902
-0.347059
-0.339216
-0.350980
-0.378431
-0.358824
-0.358824
-0.354902
-0.358824
-0.362745
-0.190196
0.158824
0.076471
0.009804
-0.268627
-0.374510
-0.378431
-0.362745
-0.331373
-0.374510
-0.354902
-0.350980
-0.366667
-0.354902
-0.354902
-0.358824
-0.319608
0.170588
0.092157
0.049020
-0.213725
-0.378431
-0.362745
-0.339216
-0.323529
-0.374510
-0.362745
-0.362745
-0.362745
-0.358824
-0.347059
-0.358824
-0.347059
0.150980
0.103922
0.056863
-0.139216
-0.382353
-0.382353
-0.347059
-0.354902
-0.366667
-0.362745
-0.366667
-0.354902
-0.358824
-0.339216
-0.362745
-0.366667
0.092157
0.096078
0.064706
-0.060784
-0.366667
-0.390196
-0.358824
-0.378431
-0.347059
-0.362745
-0.358824
-0.354902
-0.354902
-0.350980
-0.362745
-0.374510
-0.041176
0.111765
0.056863
-0.029412
-0.319608
-0.378431
-0.366667
-0.358824
-0.347059
-0.362745
-0.339216
-0.358824
-0.354902
-0.358824
-0.362745
-0.362745
-0.198039
0.162745
0.060784
-0.005882
-0.249020
-0.378431
-0.378431
-0.362745
-0.362745
-0.362745
-0.319608
-0.374510
-0.350980
-0.354902
-0.072549
0.147059
0.056863
-0.021569
-0.327451
-0.362745
-0.300000
-0.182353
-0.139216
-0.225490
-0.229412
-0.190196
-0.319608
-0.374510
-0.382353
-0.350980
-0.139216
0.158824
0.080392
-0.005882
-0.319608
-0.366667
-0.339216
-0.280392
-0.256863
-0.319608
-0.323529
-0.323529
-0.354902
-0.339216
-0.354902
-0.366667
-0.190196
0.150980
0.049020
0.025490
-0.300000
-0.382353
-0.347059
-0.354902
-0.347059
-0.339216
-0.366667
-0.358824
-0.347059
-0.362745
-0.358824
-0.354902
-0.280392
0.166667
0.056863
0.033333
-0.268627
-0.390196
-0.350980
-0.374510
-0.374510
-0.354902
-0.366667
-0.366667
-0.354902
-0.366667
-0.354902
-0.350980
-0.311765
0.178431
0.064706
0.021569
-0.237255
-0.394118
-0.374510
-0.354902
-0.311765
-0.339216
-0.335294
-0.374510
-0.354902
-0.362745
-0.354902
-0.350980
-0.347059
0.174510
0.080392
0.029412
-0.186275
-0.378431
-0.390196
-0.366667
-0.339216
-0.366667
-0.374510
-0.378431
-0.350980
-0.354902
-0.358824
-0.358824
-0.358824
0.139216
0.088235
0.041176
-0.135294
-0.366667
-0.390196
-0.354902
-0.362745
-0.354902
-0.374510
-0.362745
-0.347059
-0.350980
-0.366667
-0.366667
-0.362745
0.056863
0.107843
0.056863
-0.068627
-0.378431
-0.382353
-0.347059
-0.366667
-0.366667
-0.366667
-0.366667
-0.350980
-0.350980
-0.366667
-0.366667
-0.362745
-0.052941
0.123529
0.056863
-0.013725
-0.362745
-0.378431
-0.358824
-0.366667
-0.382353
-0.358824
-0.366667
-0.354902
-0.354902
-0.358824
-0.362745
-0.362745
-0.154902
0.147059
0.060784
-0.001961
-0.319608
-0.366667
-0.374510
-0.366667
-0.366667
-0.350980
-0.374510
-0.354902
-0.362745
-0.354902
-0.358824
-0.362745
-0.252941
0.162745
0.068627
0.009804
-0.276471
-0.378431
-0.374510
-0.358824
-0.358824
-0.358824
-0.362745
-0.358824
-0.366667
-0.358824
-0.350980
-0.358824
-0.331373
0.162745
0.088235
0.033333
-0.186275
-0.374510
-0.362745
-0.354902
-0.358824
-0.382353
-0.362745
-0.366667
-0.358824
-0.358824
-0.347059
-0.362745
-0.358824
0.119608
0.088235
0.049020
-0.107843
-0.374510
-0.382353
-0.358824
-0.382353
-0.366667
-0.358824
-0.362745
-0.354902
-0.358824
-0.347059
-0.362745
-0.374510
0.025490
0.088235
0.056863
-0.049020
-0.347059
-0.386275
-0.362745
-0.374510
-0.358824
-0.354902
-0.350980
-0.358824
-0.354902
-0.354902
-0.362745
-0.366667
-0.123529
0.123529
0.060784
-0.017647
-0.292157
-0.382353
-0.366667
-0.358824
-0.362745
-0.354902
-0.339216
-0.362745
-0.354902
-0.362745
-0.362745
-0.362745
-0.264706
0.170588
0.080392
0.021569
-0.225490
-0.390196
-0.374510
-0.366667
-0.378431
-0.362745
-0.350980
-0.358824
-0.362745
-0.358824
-0.100000
0.119608
0.033333
-0.021569
-0.331373
-0.378431
-0.366667
-0.366667
-0.347059
-0.378431
-0.362745
-0.362745
-0.350980
-0.354902
-0.362745
-0.350980
-0.162745
0.162745
0.052941
0.005882
-0.311765
-0.366667
-0.358824
-0.378431
-0.374510
-0.378431
-0.378431
-0.362745
-0.362745
-0.350980
-0.339216
-0.331373
-0.201961
0.178431
0.088235
0.025490
-0.276471
-0.366667
-0.339216
-0.358824
-0.374510
-0.358824
-0.350980
-0.358824
-0.347059
-0.362745
-0.358824
-0.354902
-0.280392
0.166667
0.056863
0.041176
-0.264706
-0.386275
-0.350980
-0.374510
-0.378431
-0.358824
-0.378431
-0.366667
-0.354902
-0.366667
-0.354902
-0.350980
-0.311765
0.178431
0.064706
0.029412
-0.229412
-0.390196
-0.374510
-0.354902
-0.319608
-0.347059
-0.347059
-0.366667
-0.354902
-0.362745
-0.354902
-0.350980
-0.347059
0.174510
0.080392
0.037255
-0.182353
-0.374510
-0.390196
-0.366667
-0.347059
-0.374510
-0.382353
-0.366667
-0.350980
-0.354902
-0.358824
-0.358824
-0.358824
0.139216
0.088235
0.052941
-0.131373
-0.362745
-0.390196
-0.354902
-0.366667
-0.358824
-0.382353
-0.362745
-0.347059
-0.350980
-0.366667
-0.366667
-0.362745
0.056863
0.107843
0.064706
-0.060784
-0.374510
-0.382353
-0.347059
-0.374510
-0.374510
-0.378431
-0.366667
-0.350980
-0.350980
-0.366667
-0.366667
-0.362745
-0.052941
0.123529
0.064706
-0.005882
-0.358824
-0.378431
-0.358824
-0.374510
-0.386275
-0.366667
-0.362745
-0.354902
-0.354902
-0.358824
-0.362745
-0.362745
-0.154902
0.147059
0.068627
0.001961
-0.311765
-0.366667
-0.374510
-0.374510
-0.374510
-0.358824
-0.358824
-0.354902
-0.362745
-0.354902
-0.358824
-0.362745
-0.252941
0.162745
0.080392
0.013725
-0.272549
-0.378431
-0.374510
-0.362745
-0.362745
-0.366667
-0.358824
-0.358824
-0.366667
-0.358824
-0.350980
-0.358824
-0.331373
0.162745
0.084314
0.041176
-0.170588
-0.378431
-0.378431
-0.354902
-0.354902
-0.386275
-0.366667
-0.366667
-0.358824
-0.358824
-0.347059
-0.362745
-0.358824
0.119608
0.103922
0.060784
-0.100000
-0.366667
-0.378431
-0.347059
-0.374510
-0.366667
-0.374510
-0.362745
-0.354902
-0.358824
-0.347059
-0.362745
-0.374510
0.025490
0.111765
0.068627
-0.045098
-0.339216
-0.382353
-0.350980
-0.335294
-0.303922
-0.311765
-0.350980
-0.358824
-0.354902
-0.354902
-0.362745
-0.366667
-0.123529
0.139216
0.064706
-0.017647
-0.296078
-0.394118
-0.366667
-0.292157
-0.225490
-0.252941
-0.339216
-0.362745
-0.354902
-0.362745
-0.362745
-0.362745
-0.264706
0.182353
0.084314
0.021569
-0.237255
-0.409804
-0.374510
-0.303922
-0.245098
-0.292157
-0.354902
-0.354902
-0.347059
-0.382353
-0.049020
0.139216
0.076471
-0.029412
-0.335294
-0.394118
-0.374510
-0.354902
-0.358824
-0.366667
-0.366667
-0.366667
-0.362745
-0.350980
-0.382353
-0.366667
-0.123529
0.170588
0.064706
-0.005882
-0.319608
-0.401961
-0.366667
-0.354902
-0.358824
-0.358824
-0.354902
-0.374510
-0.358824
-0.362745
-0.358824
-0.358824
-0.166667
0.158824
0.060784
0.021569
-0.296078
-0.401961
-0.366667
-0.358824
-0.362745
-0.358824
-0.347059
-0.374510
-0.350980
-0.366667
-0.358824
-0.354902
-0.276471
0.170588
0.064706
0.001961
-0.276471
-0.394118
-0.354902
-0.362745
-0.382353
-0.374510
-0.366667
-0.382353
-0.358824
-0.374510
-0.354902
-0.350980
-0.307843
0.182353
0.076471
0.021569
-0.229412
-0.394118
-0.374510
-0.354902
-0.350980
-0.390196
-0.358824
-0.366667
-0.358824
-0.366667
-0.354902
-0.350980
-0.339216
0.178431
0.088235
0.029412
-0.190196
-0.382353
-0.378431
-0.350980
-0.354902
-0.382353
-0.350980
-0.358824
-0.354902
-0.358824
-0.358824
-0.358824
-0.354902
0.143137
0.096078
0.060784
-0.127451
-0.358824
-0.378431
-0.347059
-0.374510
-0.358824
-0.354902
-0.366667
-0.350980
-0.354902
-0.366667
-0.366667
-0.358824
0.060784
0.115686
0.041176
-0.076471
-0.378431
-0.401961
-0.366667
-0.374510
-0.350980
-0.354902
-0.378431
-0.354902
-0.354902
-0.366667
-0.366667
-0.358824
-0.049020
0.135294
0.049020
-0.013725
-0.354902
-0.390196
-0.378431
-0.350980
-0.331373
-0.323529
-0.331373
-0.358824
-0.358824
-0.358824
-0.362745
-0.358824
-0.150980
0.158824
0.037255
-0.021569
-0.311765
-0.362745
-0.358824
-0.303922
-0.249020
-0.229412
-0.256863
-0.358824
-0.366667
-0.354902
-0.358824
-0.358824
-0.249020
0.170588
0.068627
-0.001961
-0.272549
-0.362745
-0.354902
-0.303922
-0.245098
-0.237255
-0.272549
-0.358824
-0.366667
-0.358824
-0.350980
-0.358824
-0.331373
0.162745
0.064706
0.025490
-0.186275
-0.382353
-0.366667
-0.335294
-0.331373
-0.358824
-0.339216
-0.366667
-0.358824
-0.358824
-0.347059
-0.362745
-0.358824
0.119608
0.111765
0.060784
-0.111765
-0.382353
-0.382353
-0.347059
-0.374510
-0.378431
-0.366667
-0.362745
-0.354902
-0.358824
-0.347059
-0.362745
-0.374510
0.025490
0.139216
0.080392
-0.052941
-0.350980
-0.386275
-0.362745
-0.378431
-0.366667
-0.366667
-0.350980
-0.358824
-0.354902
-0.354902
-0.362745
-0.366667
-0.123529
0.150980
0.068627
-0.021569
-0.292157
-0.386275
-0.382353
-0.354902
-0.335294
-0.354902
-0.339216
-0.362745
-0.354902
-0.362745
-0.362745
-0.362745
-0.264706
0.190196
0.080392
0.009804
-0.229412
-0.394118
-0.378431
-0.358824
-0.347059
-0.374510
-0.354902
-0.354902
-0.378431
-0.358824
-0.076471
0.147059
0.068627
-0.029412
-0.331373
-0.394118
-0.362745
-0.366667
-0.378431
-0.378431
-0.386275
-0.358824
-0.354902
-0.354902
-0.366667
-0.362745
-0.150980
0.143137
0.056863
-0.005882
-0.311765
-0.405882
-0.374510
-0.378431
-0.378431
-0.382353
-0.390196
-0.362745
-0.358824
-0.358824
-0.354902
-0.358824
-0.213725
0.123529
0.056863
0.005882
-0.292157
-0.382353
-0.362745
-0.358824
-0.347059
-0.335294
-0.347059
-0.374510
-0.358824
-0.366667
-0.350980
-0.362745
-0.276471
0.178431
0.060784
0.021569
-0.276471
-0.394118
-0.374510
-0.401961
-0.347059
-0.331373
-0.339216
-0.350980
-0.358824
-0.374510
-0.354902
-0.350980
-0.307843
0.182353
0.076471
0.033333
-0.217647
-0.382353
-0.374510
-0.307843
-0.241176
-0.237255
-0.256863
-0.245098
-0.350980
-0.366667
-0.362745
-0.339216
-0.339216
0.170588
0.092157
0.029412
-0.170588
-0.374510
-0.378431
-0.296078
-0.245098
-0.221569
-0.256863
-0.217647
-0.350980
-0.358824
-0.362745
-0.354902
-0.354902
0.139216
0.103922
0.037255
-0.115686
-0.366667
-0.378431
-0.347059
-0.327451
-0.303922
-0.327451
-0.331373
-0.354902
-0.354902
-0.362745
-0.374510
-0.358824
0.064706
0.111765
0.037255
-0.084314
-0.386275
-0.401961
-0.374510
-0.358824
-0.366667
-0.358824
-0.366667
-0.362745
-0.354902
-0.358824
-0.378431
-0.358824
-0.041176
0.131373
0.084314
-0.021569
-0.354902
-0.401961
-0.354902
-0.358824
-0.390196
-0.382353
-0.362745
-0.358824
-0.358824
-0.358824
-0.362745
-0.358824
-0.150980
0.158824
0.076471
-0.013725
-0.319608
-0.382353
-0.354902
-0.354902
-0.354902
-0.354902
-0.350980
-0.350980
-0.366667
-0.362745
-0.350980
-0.358824
-0.256863
0.174510
0.068627
0.025490
-0.292157
-0.374510
-0.382353
-0.378431
-0.362745
-0.374510
-0.362745
-0.362745
-0.374510
-0.358824
-0.347059
-0.354902
-0.327451
0.166667
0.064706
0.029412
-0.194118
-0.382353
-0.354902
-0.339216
-0.350980
-0.347059
-0.362745
-0.374510
-0.366667
-0.366667
-0.354902
-0.362745
-0.350980
0.135294
0.111765
0.064706
-0.115686
-0.386275
-0.374510
-0.347059
-0.382353
-0.366667
-0.366667
-0.362745
-0.362745
-0.378431
-0.358824
-0.366667
-0.358824
0.049020
0.135294
0.088235
-0.052941
-0.358824
-0.386275
-0.358824
-0.382353
-0.366667
-0.362745
-0.350980
-0.366667
-0.366667
-0.362745
-0.362745
-0.358824
-0.103922
0.143137
0.080392
-0.017647
-0.300000
-0.390196
-0.374510
-0.350980
-0.339216
-0.358824
-0.347059
-0.366667
-0.358824
-0.362745
-0.358824
-0.358824
-0.252941
0.182353
0.084314
0.021569
-0.237255
-0.405882
-0.374510
-0.350980
-0.354902
-0.366667
-0.378431
-0.378431
-0.358824
-0.362745
-0.084314
0.147059
0.041176
-0.005882
-0.327451
-0.390196
-0.362745
-0.272549
-0.209804
-0.280392
-0.229412
-0.241176
-0.362745
-0.366667
-0.358824
-0.350980
-0.143137
0.158824
0.049020
-0.021569
-0.319608
-0.394118
-0.401961
-0.311765
-0.272549
-0.331373
-0.296078
-0.307843
-0.354902
-0.350980
-0.358824
-0.358824
-0.186275
0.147059
0.052941
-0.005882
-0.276471
-0.366667
-0.378431
-0.358824
-0.347059
-0.378431
-0.350980
-0.350980
-0.366667
-0.366667
-0.347059
-0.366667
-0.276471
0.190196
0.056863
0.041176
-0.264706
-0.378431
-0.350980
-0.401961
-0.374510
-0.366667
-0.366667
-0.374510
-0.366667
-0.374510
-0.350980
-0.354902
-0.307843
0.194118
0.068627
0.041176
-0.229412
-0.401961
-0.382353
-0.350980
-0.335294
-0.347059
-0.350980
-0.354902
-0.358824
-0.366667
-0.358824
-0.347059
-0.339216
0.178431
0.088235
0.037255
-0.194118
-0.401961
-0.394118
-0.347059
-0.358824
-0.354902
-0.362745
-0.366667
-0.358824
-0.358824
-0.358824
-0.358824
-0.354902
0.147059
0.096078
0.049020
-0.123529
-0.374510
-0.366667
-0.358824
-0.378431
-0.362745
-0.362745
-0.354902
-0.362745
-0.354902
-0.358824
-0.378431
-0.358824
0.076471
0.107843
0.037255
-0.076471
-0.362745
-0.378431
-0.358824
-0.350980
-0.358824
-0.347059
-0.366667
-0.374510
-0.354902
-0.354902
-0.382353
-0.358824
-0.029412
0.123529
0.064706
-0.017647
-0.335294
-0.390196
-0.354902
-0.350980
-0.382353
-0.382353
-0.366667
-0.366667
-0.358824
-0.354902
-0.366667
-0.358824
-0.139216
0.150980
0.052941
-0.021569
-0.311765
-0.382353
-0.362745
-0.362745
-0.362745
-0.366667
-0.350980
-0.358824
-0.366667
-0.358824
-0.354902
-0.358824
-0.249020
0.170588
0.056863
0.009804
-0.292157
-0.362745
-0.382353
-0.390196
-0.378431
-0.374510
-0.362745
-0.362745
-0.374510
-0.358824
-0.347059
-0.354902
-0.327451
0.166667
0.080392
0.049020
-0.194118
-0.374510
-0.374510
-0.350980
-0.382353
-0.374510
-0.358824
-0.374510
-0.366667
-0.366667
-0.354902
-0.362745
-0.350980
0.135294
0.084314
0.049020
-0.135294
-0.386275
-0.366667
-0.335294
-0.382353
-0.378431
-0.362745
-0.362745
-0.362745
-0.378431
-0.358824
-0.366667
-0.358824
0.049020
0.111765
0.056863
-0.076471
-0.374510
-0.378431
-0.350980
-0.378431
-0.378431
-0.366667
-0.350980
-0.366667
-0.366667
-0.362745
-0.362745
-0.358824
-0.103922
0.139216
0.056863
-0.033333
-0.327451
-0.386275
-0.378431
-0.347059
-0.354902
-0.374510
-0.347059
-0.366667
-0.358824
-0.362745
-0.358824
-0.358824
-0.252941
0.174510
0.064706
0.013725
-0.249020
-0.386275
-0.374510
-0.339216
-0.362745
-0.386275
-0.374510
-0.362745
-0.358824
-0.378431
-0.021569
0.143137
0.037255
-0.052941
-0.354902
-0.390196
-0.362745
-0.374510
-0.378431
-0.362745
-0.358824
-0.354902
-0.358824
-0.358824
-0.374510
-0.358824
-0.072549
0.158824
0.049020
-0.049020
-0.354902
-0.386275
-0.382353
-0.362745
-0.378431
-0.374510
-0.354902
-0.374510
-0.350980
-0.350980
-0.378431
-0.354902
-0.111765
0.143137
0.060784
-0.029412
-0.319608
-0.362745
-0.362745
-0.362745
-0.378431
-0.354902
-0.347059
-0.366667
-0.358824
-0.358824
-0.350980
-0.362745
-0.229412
0.170588
0.056863
0.021569
-0.268627
-0.374510
-0.362745
-0.378431
-0.358824
-0.374510
-0.358824
-0.374510
-0.366667
-0.366667
-0.347059
-0.358824
-0.292157
0.194118
0.064706
0.041176
-0.245098
-0.386275
-0.362745
-0.374510
-0.354902
-0.354902
-0.358824
-0.358824
-0.362745
-0.366667
-0.354902
-0.350980
-0.323529
0.190196
0.080392
0.041176
-0.213725
-0.401961
-0.386275
-0.347059
-0.347059
-0.350980
-0.354902
-0.366667
-0.358824
-0.362745
-0.358824
-0.350980
-0.347059
0.166667
0.092157
0.041176
-0.158824
-0.386275
-0.382353
-0.350980
-0.366667
-0.358824
-0.362745
-0.362745
-0.358824
-0.354902
-0.358824
-0.366667
-0.354902
0.111765
0.103922
0.041176
-0.100000
-0.366667
-0.374510
-0.358824
-0.362745
-0.358824
-0.354902
-0.366667
-0.366667
-0.354902
-0.354902
-0.378431
-0.358824
0.025490
0.115686
0.052941
-0.045098
-0.350980
-0.382353
-0.354902
-0.350980
-0.366667
-0.362745
-0.374510
-0.366667
-0.354902
-0.354902
-0.374510
-0.358824
-0.084314
0.139216
0.060784
-0.017647
-0.323529
-0.386275
-0.358824
-0.354902
-0.374510
-0.374510
-0.362745
-0.362745
-0.362745
-0.354902
-0.358824
-0.358824
-0.194118
0.162745
0.056863
-0.001961
-0.300000
-0.374510
-0.374510
-0.378431
-0.366667
-0.366667
-0.374510
-0.362745
-0.378431
-0.358824
-0.350980
-0.362745
-0.292157
0.182353
0.060784
0.037255
-0.241176
-0.374510
-0.378431
-0.382353
-0.401961
-0.382353
-0.378431
-0.374510
-0.378431
-0.358824
-0.347059
-0.366667
-0.339216
0.162745
0.076471
0.049020
-0.150980
-0.366667
-0.378431
-0.339216
-0.350980
-0.311765
-0.319608
-0.374510
-0.366667
-0.362745
-0.347059
-0.366667
-0.358824
0.092157
0.096078
0.052941
-0.080392
-0.358824
-0.366667
-0.276471
-0.201961
-0.143137
-0.217647
-0.358824
-0.362745
-0.362745
-0.350980
-0.362745
-0.362745
-0.033333
0.131373
0.060784
-0.033333
-0.335294
-0.366667
-0.280392
-0.162745
-0.096078
-0.229412
-0.347059
-0.362745
-0.354902
-0.354902
-0.354902
-0.358824
-0.186275
0.147059
0.068627
-0.001961
-0.284314
-0.378431
-0.347059
-0.276471
-0.252941
-0.319608
-0.362745
-0.374510
-0.366667
-0.358824
-0.080392
0.135294
0.049020
-0.041176
-0.354902
-0.382353
-0.366667
-0.374510
-0.366667
-0.366667
-0.362745
-0.358824
-0.354902
-0.366667
-0.382353
-0.350980
-0.131373
0.150980
0.049020
-0.029412
-0.331373
-0.390196
-0.382353
-0.358824
-0.374510
-0.366667
-0.366667
-0.362745
-0.354902
-0.350980
-0.378431
-0.358824
-0.166667
0.139216
0.052941
-0.021569
-0.284314
-0.382353
-0.382353
-0.358824
-0.378431
-0.374510
-0.378431
-0.362745
-0.362745
-0.362745
-0.354902
-0.366667
-0.237255
0.166667
0.052941
-0.013725
-0.292157
-0.386275
-0.374510
-0.358824
-0.378431
-0.374510
-0.366667
-0.358824
-0.374510
-0.374510
-0.350980
-0.362745
-0.296078
0.190196
0.060784
0.052941
-0.237255
-0.390196
-0.366667
-0.378431
-0.386275
-0.362745
-0.366667
-0.354902
-0.366667
-0.374510
-0.358824
-0.354902
-0.327451
0.182353
0.076471
0.064706
-0.186275
-0.394118
-0.374510
-0.354902
-0.362745
-0.350980
-0.350980
-0.358824
-0.362745
-0.366667
-0.362745
-0.354902
-0.350980
0.162745
0.088235
0.056863
-0.131373
-0.382353
-0.358824
-0.366667
-0.382353
-0.374510
-0.386275
-0.374510
-0.362745
-0.358824
-0.362745
-0.374510
-0.358824
0.107843
0.096078
0.041176
-0.080392
-0.366667
-0.358824
-0.382353
-0.350980
-0.335294
-0.366667
-0.319608
-0.374510
-0.358824
-0.358824
-0.382353
-0.362745
0.021569
0.111765
0.029412
-0.045098
-0.354902
-0.382353
-0.335294
-0.237255
-0.201961
-0.256863
-0.198039
-0.374510
-0.358824
-0.358824
-0.378431
-0.362745
-0.088235
0.135294
0.037255
-0.013725
-0.311765
-0.386275
-0.303922
-0.174510
-0.127451
-0.225490
-0.194118
-0.366667
-0.366667
-0.358824
-0.362745
-0.362745
-0.198039
0.158824
0.068627
0.037255
-0.256863
-0.382353
-0.335294
-0.237255
-0.186275
-0.327451
-0.327451
-0.366667
-0.382353
-0.362745
-0.354902
-0.366667
-0.296078
0.178431
0.068627
0.064706
-0.213725
-0.362745
-0.378431
-0.362745
-0.362745
-0.347059
-0.362745
-0.378431
-0.382353
-0.362745
-0.350980
-0.374510
-0.347059
0.158824
0.080392
0.056863
-0.135294
-0.358824
-0.374510
-0.350980
-0.390196
-0.382353
-0.362745
-0.378431
-0.374510
-0.366667
-0.350980
-0.374510
-0.362745
0.088235
0.107843
0.049020
-0.084314
-0.358824
-0.386275
-0.354902
-0.366667
-0.366667
-0.366667
-0.362745
-0.366667
-0.366667
-0.354902
-0.366667
-0.366667
-0.041176
0.139216
0.056863
-0.041176
-0.331373
-0.386275
-0.382353
-0.350980
-0.335294
-0.354902
-0.350980
-0.366667
-0.358824
-0.358824
-0.358824
-0.362745
-0.190196
0.147059
0.064706
0.005882
-0.256863
-0.366667
-0.390196
-0.366667
-0.362745
-0.350980
-0.354902
-0.358824
-0.378431
-0.358824
-0.041176
0.123529
0.056863
-0.052941
-0.335294
-0.390196
-0.386275
-0.358824
-0.358824
-0.366667
-0.362745
-0.358824
-0.354902
-0.358824
-0.362745
-0.358824
-0.096078
0.143137
0.052941
-0.045098
-0.319608
-0.390196
-0.382353
-0.354902
-0.362745
-0.366667
-0.362745
-0.347059
-0.362745
-0.374510
-0.354902
-0.350980
-0.162745
0.174510
0.052941
-0.013725
-0.296078
-0.394118
-0.374510
-0.362745
-0.362745
-0.362745
-0.354902
-0.339216
-0.362745
-0.362745
-0.354902
-0.366667
-0.237255
0.166667
0.052941
0.001961
-0.276471
-0.374510
-0.374510
-0.307843
-0.194118
-0.296078
-0.249020
-0.256863
-0.374510
-0.374510
-0.350980
-0.362745
-0.296078
0.190196
0.060784
0.049020
-0.256863
-0.394118
-0.339216
-0.229412
-0.115686
-0.225490
-0.237255
-0.225490
-0.366667
-0.374510
-0.358824
-0.354902
-0.327451
0.182353
0.076471
0.052941
-0.217647
-0.394118
-0.354902
-0.229412
-0.174510
-0.276471
-0.276471
-0.327451
-0.362745
-0.366667
-0.362745
-0.354902
-0.350980
0.162745
0.088235
0.056863
-0.150980
-0.366667
-0.378431
-0.331373
-0.347059
-0.390196
-0.354902
-0.347059
-0.362745
-0.358824
-0.362745
-0.374510
-0.358824
0.107843
0.096078
0.056863
-0.088235
-0.358824
-0.386275
-0.366667
-0.382353
-0.390196
-0.354902
-0.382353
-0.374510
-0.358824
-0.358824
-0.382353
-0.362745
0.021569
0.111765
0.037255
-0.052941
-0.350980
-0.405882
-0.358824
-0.358824
-0.366667
-0.350980
-0.366667
-0.374510
-0.358824
-0.358824
-0.378431
-0.362745
-0.088235
0.135294
0.033333
-0.021569
-0.319608
-0.405882
-0.362745
-0.374510
-0.362745
-0.378431
-0.335294
-0.366667
-0.366667
-0.358824
-0.362745
-0.362745
-0.198039
0.158824
0.060784
0.021569
-0.280392
-0.386275
-0.374510
-0.382353
-0.354902
-0.390196
-0.362745
-0.350980
-0.362745
-0.358824
-0.354902
-0.362745
-0.300000
0.158824
0.064706
0.060784
-0.209804
-0.358824
-0.374510
-0.358824
-0.366667
-0.350980
-0.382353
-0.366667
-0.366667
-0.362745
-0.354902
-0.374510
-0.354902
0.131373
0.084314
0.060784
-0.139216
-0.362745
-0.378431
-0.354902
-0.386275
-0.378431
-0.378431
-0.374510
-0.366667
-0.374510
-0.358824
-0.382353
-0.382353
0.056863
0.111765
0.052941
-0.088235
-0.362745
-0.390196
-0.358824
-0.362745
-0.362745
-0.358824
-0.366667
-0.366667
-0.374510
-0.362745
-0.382353
-0.390196
-0.072549
0.135294
0.052941
-0.033333
-0.327451
-0.382353
-0.378431
-0.354902
-0.339216
-0.374510
-0.354902
-0.374510
-0.358824
-0.362745
-0.378431
-0.390196
-0.217647
0.143137
0.060784
0.009804
-0.252941
-0.362745
-0.386275
-0.374510
-0.366667
-0.362745
