   -0.279051
   -0.277698
   -0.279087
   -0.277723
   -0.278999
   -0.277865
   -0.278803
   -0.278099
   -0.278587
   -0.278279
   -0.278457
   -0.281209
   -0.281334
   -0.281208
   -0.281307
   -0.281180
   -0.277527
   -0.278499
   -0.277498
   -0.278473
   -0.277575
   -0.278351
   -0.277744
   -0.278141
   -0.277943
   -0.277974
   -0.278068
   -0.280766
   -0.280926
   -0.280757
   -0.280956
   -0.280782
   -0.278931
   -0.277827
   -0.278962
   -0.277843
   -0.278903
   -0.277939
   -0.278758
   -0.278116
   -0.278588
   -0.278264
   -0.278473
   -0.281201
   -0.281335
   -0.281213
   -0.281305
   -0.281189
   -0.277675
   -0.278340
   -0.277647
   -0.278331
   -0.277695
   -0.278249
   -0.277809
   -0.278100
   -0.277956
   -0.277970
   -0.278058
   -0.280765
   -0.280931
   -0.280750
   -0.280959
   -0.280773
   -0.278832
   -0.277937
   -0.278852
   -0.277952
   -0.278809
   -0.278023
   -0.278706
   -0.278148
   -0.278579
   -0.278265
   -0.278485
   -0.281197
   -0.281333
   -0.281216
   -0.281305
   -0.281195
   -0.277715
   -0.278284
   -0.277704
   -0.278268
   -0.277746
   -0.278199
   -0.277836
   -0.278087
   -0.277952
   -0.277981
   -0.278045
   -0.280773
   -0.280929
   -0.280751
   -0.280956
   -0.280769
   -0.278789
   -0.277995
   -0.278790
   -0.278016
   -0.278750
   -0.278076
   -0.278671
   -0.278172
   -0.278571
   -0.278268
   -0.278491
   -0.281197
   -0.281331
   -0.281217
   -0.281309
   -0.281198
   -0.277761
   -0.278180
   -0.277770
   -0.278155
   -0.277807
   -0.278101
   -0.277875
   -0.278023
   -0.277957
   -0.277945
   -0.278026
   -0.280771
   -0.280931
   -0.280752
   -0.280949
   -0.280768
   -0.278723
   -0.278041
   -0.278703
   -0.278072
   -0.278665
   -0.278123
   -0.278604
   -0.278190
   -0.278534
   -0.278258
   -0.278475
   -0.281194
   -0.281335
   -0.281211
   -0.281319
   -0.281199
   -0.277790
   -0.278136
   -0.277816
   -0.278102
   -0.277853
   -0.278055
   -0.277907
   -0.277998
   -0.277967
   -0.277939
   -0.278019
   -0.280779
   -0.280920
   -0.280762
   -0.280936
   -0.280769
   -0.278658
   -0.278116
   -0.278630
   -0.278148
   -0.278598
   -0.278185
   -0.278558
   -0.278228
   -0.278512
   -0.278273
   -0.278475
   -0.281190
   -0.281343
   -0.281203
   -0.281332
   -0.281196
   -0.277909
   -0.278013
   -0.277929
   -0.277991
   -0.277950
   -0.277967
   -0.277975
   -0.277940
   -0.278005
   -0.277912
   -0.278029
   -0.280774
   -0.280918
   -0.280766
   -0.280925
   -0.280773
   -0.278535
   -0.278239
   -0.278520
   -0.278255
   -0.278506
   -0.278269
   -0.278494
   -0.278283
   -0.278475
   -0.278300
   -0.278463
   -0.281197
   -0.281344
   -0.281199
   -0.281344
   -0.281189
   -0.277994
   -0.277926
   -0.278005
   -0.277916
   -0.278012
   -0.277910
   -0.278017
   -0.277904
   -0.278026
   -0.277896
   -0.278031
   -0.280774
   -0.280911
   -0.280775
   -0.280910
   -0.280782
   -0.278488
   -0.278290
   -0.278478
   -0.278298
   -0.278474
   -0.278299
   -0.278475
   -0.278300
   -0.278470
   -0.278303
   -0.278471
   -0.281189
   -0.281357
   -0.281187
   -0.281360
   -0.281181
   -0.278032
   -0.277888
   -0.278035
   -0.277885
   -0.278033
   -0.277889
   -0.278030
   -0.277890
   -0.278031
   -0.277890
   -0.278028
   -0.280776
   -0.280903
   -0.280782
   -0.280898
   -0.280789
   -0.344427
   -0.346259
   -0.344465
   -0.346178
   -0.344606
   -0.345964
   -0.344893
   -0.345652
   -0.345162
   -0.345433
   -0.345324
   -0.348204
   -0.348206
   -0.348181
   -0.348257
   -0.348191
   -0.346101
   -0.344359
   -0.346068
   -0.344430
   -0.345947
   -0.344613
   -0.345699
   -0.344889
   -0.345456
   -0.345087
   -0.345306
   -0.348041
   -0.348151
   -0.348067
   -0.348103
   -0.348056
   -0.344635
   -0.346064
   -0.344659
   -0.346007
   -0.344759
   -0.345855
   -0.344975
   -0.345617
   -0.345185
   -0.345441
   -0.345323
   -0.348214
   -0.348210
   -0.348187
   -0.348256
   -0.348198
   -0.345885
   -0.344566
   -0.345865
   -0.344610
   -0.345780
   -0.344742
   -0.345605
   -0.344942
   -0.345424
   -0.345095
   -0.345303
   -0.348039
   -0.348139
   -0.348066
   -0.348099
   -0.348052
   -0.344794
   -0.345912
   -0.344819
   -0.345862
   -0.344897
   -0.345746
   -0.345055
   -0.345573
   -0.345214
   -0.345434
   -0.345326
   -0.348219
   -0.348220
   -0.348189
   -0.348260
   -0.348200
   -0.345786
   -0.344662
   -0.345761
   -0.344707
   -0.345687
   -0.344814
   -0.345550
   -0.344965
   -0.345409
   -0.345090
   -0.345302
   -0.348031
   -0.348133
   -0.348061
   -0.348097
   -0.348050
   -0.344889
   -0.345821
   -0.344919
   -0.345773
   -0.344989
   -0.345677
   -0.345111
   -0.345546
   -0.345236
   -0.345430
   -0.345331
   -0.348221
   -0.348231
   -0.348192
   -0.348262
   -0.348202
   -0.344977
   -0.344091
   -0.344945
   -0.344136
   -0.344883
   -0.344220
   -0.344781
   -0.344325
   -0.344680
   -0.344419
   -0.344600
   -0.348032
   -0.348121
   -0.348057
   -0.348096
   -0.348049
   -0.344295
   -0.345001
   -0.344334
   -0.344954
   -0.344394
   -0.344877
   -0.344483
   -0.344789
   -0.344568
   -0.344707
   -0.344658
   -0.348225
   -0.348235
   -0.348203
   -0.348257
   -0.348208
   -0.344866
   -0.344161
   -0.344829
   -0.344205
   -0.344774
   -0.344271
   -0.344701
   -0.344343
   -0.344632
   -0.344411
   -0.344592
   -0.348024
   -0.348121
   -0.348045
   -0.348099
   -0.348045
   -0.344426
   -0.344880
   -0.344457
   -0.344843
   -0.344501
   -0.344793
   -0.344555
   -0.344739
   -0.344608
   -0.344687
   -0.344675
   -0.348224
   -0.348244
   -0.348206
   -0.348264
   -0.348202
   -0.344689
   -0.344322
   -0.344673
   -0.344342
   -0.344645
   -0.344373
   -0.344613
   -0.344406
   -0.344580
   -0.344440
   -0.344568
   -0.348033
   -0.348105
   -0.348048
   -0.348088
   -0.348054
   -0.344585
   -0.344737
   -0.344595
   -0.344725
   -0.344613
   -0.344705
   -0.344632
   -0.344686
   -0.344652
   -0.344663
   -0.344696
   -0.348215
   -0.348260
   -0.348202
   -0.348275
   -0.348194
   -0.344585
   -0.344414
   -0.344582
   -0.344418
   -0.344573
   -0.344428
   -0.344563
   -0.344437
   -0.344553
   -0.344451
   -0.344555
   -0.348035
   -0.348095
   -0.348048
   -0.348080
   -0.348061
   -0.344642
   -0.344689
   -0.344645
   -0.344686
   -0.344653
   -0.344678
   -0.344659
   -0.344672
   -0.344665
   -0.344661
   -0.344702
   -0.348218
   -0.348267
   -0.348203
   -0.348284
   -0.348186
   -0.344523
   -0.344463
   -0.344532
   -0.344457
   -0.344531
   -0.344457
   -0.344532
   -0.344457
   -0.344532
   -0.344463
   -0.344539
   -0.348042
   -0.348081
   -0.348053
   -0.348066
   -0.348071
   -0.350323
   -0.348284
   -0.350222
   -0.348427
   -0.350020
   -0.348682
   -0.349716
   -0.348987
   -0.349463
   -0.349192
   -0.349319
   -0.349976
   -0.350006
   -0.350003
   -0.349968
   -0.349977
   -0.348353
   -0.350189
   -0.348444
   -0.350062
   -0.348619
   -0.349843
   -0.348882
   -0.349574
   -0.349111
   -0.349388
   -0.349246
   -0.350012
   -0.349981
   -0.349978
   -0.350020
   -0.350001
   -0.350094
   -0.348508
   -0.350021
   -0.348611
   -0.349879
   -0.348789
   -0.349654
   -0.349015
   -0.349462
   -0.349177
   -0.349340
   -0.349963
   -0.350019
   -0.349996
   -0.349983
   -0.349974
   -0.348592
   -0.349953
   -0.348654
   -0.349868
   -0.348776
   -0.349715
   -0.348958
   -0.349526
   -0.349122
   -0.349384
   -0.349231
   -0.350015
   -0.349975
   -0.349981
   -0.350009
   -0.350001
   -0.349924
   -0.348679
   -0.349864
   -0.348761
   -0.349757
   -0.348893
   -0.349596
   -0.349053
   -0.349454
   -0.349179
   -0.349355
   -0.349957
   -0.350027
   -0.349993
   -0.349993
   -0.349975
   -0.348693
   -0.349845
   -0.348751
   -0.349770
   -0.348850
   -0.349649
   -0.348989
   -0.349508
   -0.349117
   -0.349394
   -0.349213
   -0.350028
   -0.349959
   -0.349991
   -0.349992
   -0.350005
   -0.349833
   -0.348777
   -0.349775
   -0.348848
   -0.349686
   -0.348953
   -0.349565
   -0.349072
   -0.349455
   -0.349175
   -0.349373
   -0.349946
   -0.350043
   -0.349978
   -0.350017
   -0.349963
   -0.346636
   -0.347540
   -0.346692
   -0.347475
   -0.346771
   -0.347385
   -0.346871
   -0.347288
   -0.346960
   -0.347205
   -0.347031
   -0.350032
   -0.349948
   -0.350002
   -0.349971
   -0.350013
   -0.346835
   -0.346013
   -0.346778
   -0.346077
   -0.346707
   -0.346155
   -0.346624
   -0.346233
   -0.346552
   -0.346302
   -0.347203
   -0.349939
   -0.350058
   -0.349965
   -0.350039
   -0.349956
   -0.346020
   -0.346739
   -0.346074
   -0.346681
   -0.346139
   -0.346615
   -0.346206
   -0.346552
   -0.346264
   -0.346495
   -0.347020
   -0.350044
   -0.349928
   -0.350019
   -0.349948
   -0.350022
   -0.346705
   -0.346145
   -0.346662
   -0.346191
   -0.346614
   -0.346238
   -0.346569
   -0.346281
   -0.346530
   -0.346318
   -0.347206
   -0.349932
   -0.350075
   -0.349951
   -0.350061
   -0.349946
   -0.346202
   -0.346562
   -0.346228
   -0.346536
   -0.346258
   -0.346510
   -0.346280
   -0.346488
   -0.346300
   -0.346470
   -0.347022
   -0.350046
   -0.349914
   -0.350034
   -0.349921
   -0.350040
   -0.346527
   -0.346317
   -0.346515
   -0.346329
   -0.346501
   -0.346337
   -0.346499
   -0.346341
   -0.346496
   -0.346342
   -0.347205
   -0.349930
   -0.350090
   -0.349934
   -0.350092
   -0.349922
   -0.346320
   -0.346444
   -0.346326
   -0.346441
   -0.346332
   -0.346443
   -0.346324
   -0.346449
   -0.346316
   -0.346459
   -0.347014
   -0.350056
   -0.349892
   -0.350057
   -0.349885
   -0.350068
   -0.346477
   -0.346373
   -0.346473
   -0.346373
   -0.346473
   -0.346366
   -0.346487
   -0.346353
   -0.346504
   -0.346333
   -0.347230
   -0.349906
   -0.350124
   -0.349899
   -0.350138
   -0.349884
   -0.346376
   -0.346386
   -0.346368
   -0.346398
   -0.346360
   -0.346414
   -0.346337
   -0.346437
   -0.346310
   -0.346466
   -0.346990
   -0.350080
   -0.349854
   -0.350096
   -0.349832
   -0.350117
   -0.349559
   -0.350525
   -0.349564
   -0.350492
   -0.349659
   -0.350340
   -0.349859
   -0.350140
   -0.350013
   -0.350020
   -0.350090
   -0.350011
   -0.350099
   -0.350015
   -0.350108
   -0.350062
   -0.350512
   -0.349625
   -0.350506
   -0.349655
   -0.350426
   -0.349782
   -0.350258
   -0.349955
   -0.350121
   -0.350061
   -0.350049
   -0.350114
   -0.350077
   -0.350115
   -0.350068
   -0.350071
   -0.349657
   -0.350438
   -0.349661
   -0.350415
   -0.349725
   -0.350313
   -0.349868
   -0.350172
   -0.349981
   -0.350079
   -0.350046
   -0.350063
   -0.350064
   -0.350060
   -0.350072
   -0.350103
   -0.350421
   -0.349710
   -0.350415
   -0.349727
   -0.350359
   -0.349818
   -0.350245
   -0.349934
   -0.350150
   -0.350016
   -0.350090
   -0.350071
   -0.350105
   -0.350076
   -0.350098
   -0.350034
   -0.349678
   -0.350421
   -0.349695
   -0.350391
   -0.349753
   -0.350307
   -0.349860
   -0.350204
   -0.349948
   -0.350125
   -0.350009
   -0.350102
   -0.350043
   -0.350090
   -0.350055
   -0.350124
   -0.350442
   -0.349688
   -0.350421
   -0.349718
   -0.350363
   -0.349799
   -0.350270
   -0.349890
   -0.350189
   -0.349963
   -0.350126
   -0.350029
   -0.350129
   -0.350043
   -0.350117
   -0.350012
   -0.349673
   -0.350429
   -0.349704
   -0.350391
   -0.349764
   -0.350314
   -0.349851
   -0.350233
   -0.349925
   -0.350161
   -0.349983
   -0.350135
   -0.350024
   -0.350122
   -0.350032
   -0.350151
   -0.349699
   -0.349016
   -0.349664
   -0.349076
   -0.349628
   -0.349146
   -0.349555
   -0.349210
   -0.349494
   -0.349269
   -0.349443
   -0.350013
   -0.350134
   -0.350021
   -0.350132
   -0.349993
   -0.346159
   -0.346800
   -0.346200
   -0.346777
   -0.346275
   -0.346710
   -0.346341
   -0.346656
   -0.346393
   -0.346603
   -0.349304
   -0.350140
   -0.350029
   -0.350133
   -0.350030
   -0.350155
   -0.346783
   -0.346202
   -0.346743
   -0.346264
   -0.346709
   -0.346324
   -0.346653
   -0.346369
   -0.346610
   -0.346413
   -0.349433
   -0.350008
   -0.350130
   -0.350011
   -0.350131
   -0.349993
   -0.346248
   -0.346722
   -0.346284
   -0.346707
   -0.346348
   -0.346657
   -0.346390
   -0.346625
   -0.346422
   -0.346592
   -0.349317
   -0.350145
   -0.350031
   -0.350147
   -0.350025
   -0.350164
   -0.346640
   -0.346327
   -0.346620
   -0.346365
   -0.346612
   -0.346397
   -0.346588
   -0.346410
   -0.346574
   -0.346427
   -0.349421
   -0.350001
   -0.350131
   -0.349992
   -0.350144
   -0.349974
   -0.346409
   -0.346582
   -0.346419
   -0.346595
   -0.346454
   -0.346576
   -0.346464
   -0.346576
   -0.346466
   -0.346572
   -0.349335
   -0.350146
   -0.350035
   -0.350163
   -0.350014
   -0.350183
   -0.346521
   -0.346429
   -0.346519
   -0.346446
   -0.346532
   -0.346457
   -0.346530
   -0.346447
   -0.346540
   -0.346441
   -0.349408
   -0.349997
   -0.350131
   -0.349971
   -0.350160
   -0.349949
   -0.346454
   -0.346546
   -0.346460
   -0.346566
   -0.346489
   -0.346553
   -0.346492
   -0.346563
   -0.346479
   -0.346574
   -0.349335
   -0.350162
   -0.350024
   -0.350193
   -0.349990
   -0.350217
   -0.346473
   -0.346464
   -0.346479
   -0.346475
   -0.346496
   -0.346483
   -0.346500
   -0.346464
   -0.346522
   -0.346443
   -0.349404
   -0.349984
   -0.350143
   -0.349939
   -0.350190
   -0.349906
   -0.349844
   -0.350155
   -0.349975
   -0.350070
   -0.350001
   -0.350098
   -0.349933
   -0.350169
   -0.349897
   -0.350181
   -0.349918
   -0.350128
   -0.349996
   -0.350082
   -0.350003
   -0.350033
   -0.350213
   -0.349966
   -0.350099
   -0.350039
   -0.350072
   -0.350022
   -0.350125
   -0.349961
   -0.350159
   -0.349947
   -0.350148
   -0.349983
   -0.350085
   -0.350015
   -0.350084
   -0.350059
   -0.349897
   -0.350125
   -0.350000
   -0.350055
   -0.350033
   -0.350059
   -0.349991
   -0.350103
   -0.349969
   -0.350114
   -0.349976
   -0.350089
   -0.350028
   -0.350062
   -0.350031
   -0.350017
   -0.350154
   -0.349997
   -0.350070
   -0.350057
   -0.350043
   -0.350050
   -0.350071
   -0.350015
   -0.350092
   -0.350001
   -0.350091
   -0.350016
   -0.350057
   -0.350035
   -0.350055
   -0.350078
   -0.350019
   -0.350031
   -0.350082
   -0.349993
   -0.350097
   -0.350004
   -0.350064
   -0.350039
   -0.350038
   -0.350060
   -0.350029
   -0.350060
   -0.350050
   -0.350051
   -0.350048
   -0.350013
   -0.350000
   -0.350121
   -0.349956
   -0.350145
   -0.349954
   -0.350123
   -0.349988
   -0.350084
   -0.350023
   -0.350056
   -0.350046
   -0.350042
   -0.350039
   -0.350041
   -0.350046
   -0.350072
   -0.350153
   -0.349925
   -0.350176
   -0.349918
   -0.350168
   -0.349946
   -0.350128
   -0.349987
   -0.350090
   -0.350023
   -0.350064
   -0.350044
   -0.350062
   -0.350047
   -0.350058
   -0.350019
   -0.349181
   -0.349455
   -0.349176
   -0.350157
   -0.349902
   -0.350123
   -0.349942
   -0.350084
   -0.349980
   -0.350051
   -0.350008
   -0.350048
   -0.350033
   -0.350044
   -0.350034
   -0.350068
   -0.346625
   -0.346304
   -0.346617
   -0.347027
   -0.347297
   -0.347066
   -0.347257
   -0.347103
   -0.347220
   -0.347137
   -0.350052
   -0.350044
   -0.350064
   -0.350050
   -0.350062
   -0.350031
   -0.346277
   -0.346610
   -0.346293
   -0.347296
   -0.347032
   -0.347252
   -0.347074
   -0.347213
   -0.347113
   -0.347179
   -0.350008
   -0.350039
   -0.350040
   -0.350029
   -0.350045
   -0.350040
   -0.346614
   -0.346329
   -0.346598
   -0.347056
   -0.347277
   -0.347093
   -0.347243
   -0.347125
   -0.347209
   -0.347153
   -0.350047
   -0.350054
   -0.350060
   -0.350059
   -0.350061
   -0.350047
   -0.346351
   -0.346530
   -0.346360
   -0.347227
   -0.347085
   -0.347198
   -0.347110
   -0.347174
   -0.347137
   -0.347154
   -0.350020
   -0.350023
   -0.350048
   -0.350019
   -0.350044
   -0.350027
   -0.346515
   -0.346430
   -0.346513
   -0.347141
   -0.347208
   -0.347162
   -0.347191
   -0.347180
   -0.347171
   -0.347193
   -0.350020
   -0.350086
   -0.350035
   -0.350086
   -0.350045
   -0.350077
   -0.346415
   -0.346458
   -0.346417
   -0.347165
   -0.347135
   -0.347143
   -0.347153
   -0.347126
   -0.347171
   -0.347116
   -0.350045
   -0.349994
   -0.350069
   -0.349995
   -0.350057
   -0.350001
   -0.346510
   -0.346446
   -0.346506
   -0.347159
   -0.347195
   -0.347187
   -0.347174
   -0.347207
   -0.347156
   -0.347213
   -0.350012
   -0.350098
   -0.350032
   -0.350092
   -0.350051
   -0.350083
   -0.346430
   -0.346436
   -0.346429
   -0.347142
   -0.347153
   -0.347114
   -0.347174
   -0.347095
   -0.347190
   -0.347092
   -0.350055
   -0.349979
   -0.350071
   -0.349992
   -0.350046
   -0.350004
   -0.350398
   -0.349790
   -0.350256
   -0.349914
   -0.350197
   -0.349939
   -0.350214
   -0.349898
   -0.350232
   -0.349904
   -0.350199
   -0.349968
   -0.350120
   -0.350021
   -0.350098
   -0.350066
   -0.349795
   -0.350331
   -0.349923
   -0.350218
   -0.349981
   -0.350184
   -0.349977
   -0.350215
   -0.349961
   -0.350210
   -0.349987
   -0.350161
   -0.350055
   -0.350120
   -0.350072
   -0.350077
   -0.350337
   -0.349846
   -0.350223
   -0.349951
   -0.350164
   -0.349992
   -0.350163
   -0.349974
   -0.350170
   -0.349980
   -0.350150
   -0.350015
   -0.350096
   -0.350049
   -0.350080
   -0.350091
   -0.349854
   -0.350280
   -0.349953
   -0.350184
   -0.350005
   -0.350146
   -0.350019
   -0.350157
   -0.350015
   -0.350152
   -0.350030
   -0.350126
   -0.350068
   -0.350100
   -0.350082
   -0.350058
   -0.350230
   -0.349946
   -0.350153
   -0.350019
   -0.350114
   -0.350047
   -0.350111
   -0.350036
   -0.350121
   -0.350030
   -0.350118
   -0.350040
   -0.350097
   -0.350052
   -0.350091
   -0.350086
   -0.349993
   -0.350150
   -0.350054
   -0.350090
   -0.350080
   -0.350075
   -0.350079
   -0.350091
   -0.350062
   -0.350103
   -0.350052
   -0.350105
   -0.350064
   -0.350100
   -0.350068
   -0.350069
   -0.350095
   -0.350074
   -0.350057
   -0.350111
   -0.350048
   -0.350114
   -0.350061
   -0.350090
   -0.350085
   -0.350068
   -0.350101
   -0.350058
   -0.350100
   -0.350058
   -0.350096
   -0.350086
   -0.347239
   -0.347186
   -0.347257
   -0.350031
   -0.350118
   -0.350038
   -0.350102
   -0.350060
   -0.350079
   -0.350080
   -0.350061
   -0.350090
   -0.350062
   -0.350089
   -0.350069
   -0.350062
   -0.346448
   -0.346577
   -0.346447
   -0.349444
   -0.349323
   -0.349427
   -0.349345
   -0.349404
   -0.349369
   -0.349381
   -0.350095
   -0.350074
   -0.350098
   -0.350072
   -0.350093
   -0.350095
   -0.346593
   -0.346414
   -0.346587
   -0.349283
   -0.349429
   -0.349305
   -0.349404
   -0.349328
   -0.349382
   -0.349350
   -0.350071
   -0.350070
   -0.350070
   -0.350070
   -0.350077
   -0.350048
   -0.346428
   -0.346602
   -0.346439
   -0.349456
   -0.349325
   -0.349434
   -0.349347
   -0.349413
   -0.349367
   -0.349394
   -0.350088
   -0.350094
   -0.350087
   -0.350097
   -0.350077
   -0.350120
   -0.346551
   -0.346445
   -0.346547
   -0.349311
   -0.349393
   -0.349327
   -0.349379
   -0.349338
   -0.349368
   -0.349349
   -0.350066
   -0.350060
   -0.350072
   -0.350054
   -0.350086
   -0.350028
   -0.346474
   -0.346528
   -0.346497
   -0.349409
   -0.349378
   -0.349393
   -0.349391
   -0.349384
   -0.349399
   -0.349376
   -0.350112
   -0.350085
   -0.350105
   -0.350094
   -0.350086
   -0.350121
   -0.346494
   -0.346453
   -0.346513
   -0.349339
   -0.349353
   -0.349360
   -0.349337
   -0.349369
   -0.349332
   -0.349373
   -0.350036
   -0.350075
   -0.350048
   -0.350062
   -0.350071
   -0.350032
   -0.346471
   -0.346538
   -0.346497
   -0.349411
   -0.349394
   -0.349379
   -0.349419
   -0.349364
   -0.349427
   -0.349359
   -0.350136
   -0.350075
   -0.350122
   -0.350093
   -0.350094
   -0.350125
   -0.346479
   -0.346457
   -0.346500
   -0.349348
   -0.349329
   -0.349382
   -0.349303
   -0.349396
   -0.349297
   -0.349398
   -0.350005
   -0.350092
   -0.350028
   -0.350064
   -0.350066
   -0.350024
   -0.349718
   -0.350288
   -0.349858
   -0.350173
   -0.349917
   -0.350149
   -0.349899
   -0.350205
   -0.349865
   -0.350209
   -0.349884
   -0.350164
   -0.349956
   -0.350100
   -0.350011
   -0.350030
   -0.350339
   -0.349836
   -0.350215
   -0.349938
   -0.350155
   -0.349970
   -0.350161
   -0.349924
   -0.350192
   -0.349920
   -0.350180
   -0.349951
   -0.350121
   -0.350001
   -0.350075
   -0.350064
   -0.349777
   -0.350249
   -0.349891
   -0.350153
   -0.349954
   -0.350111
   -0.349955
   -0.350141
   -0.349936
   -0.350142
   -0.349946
   -0.350121
   -0.349994
   -0.350079
   -0.350036
   -0.350017
   -0.350276
   -0.349875
   -0.350178
   -0.349962
   -0.350123
   -0.349997
   -0.350112
   -0.349974
   -0.350129
   -0.349970
   -0.350125
   -0.349981
   -0.350097
   -0.350010
   -0.350062
   -0.350066
   -0.349881
   -0.350168
   -0.349962
   -0.350101
   -0.350009
   -0.350069
   -0.350012
   -0.350091
   -0.349993
   -0.350101
   -0.349989
   -0.350103
   -0.350001
   -0.350090
   -0.350024
   -0.350044
   -0.350151
   -0.349975
   -0.350087
   -0.350029
   -0.350052
   -0.350048
   -0.350052
   -0.350023
   -0.350077
   -0.350008
   -0.350091
   -0.349995
   -0.350091
   -0.349999
   -0.350076
   -0.350036
   -0.350007
   -0.350067
   -0.350052
   -0.350030
   -0.350075
   -0.350019
   -0.350068
   -0.350044
   -0.350042
   -0.350065
   -0.350029
   -0.350079
   -0.350022
   -0.350079
   -0.350037
   -0.350045
   -0.347182
   -0.347192
   -0.347156
   -0.350074
   -0.350005
   -0.350077
   -0.350015
   -0.350055
   -0.350037
   -0.350038
   -0.350051
   -0.350026
   -0.350058
   -0.350025
   -0.350043
   -0.350056
   -0.347206
   -0.347125
   -0.347219
   -0.349979
   -0.350091
   -0.349981
   -0.350081
   -0.349998
   -0.350062
   -0.350013
   -0.350071
   -0.350042
   -0.350063
   -0.350044
   -0.350078
   -0.350015
   -0.347095
   -0.347219
   -0.347092
   -0.350081
   -0.349955
   -0.350073
   -0.349967
   -0.350058
   -0.349983
   -0.350046
   -0.350011
   -0.350061
   -0.350017
   -0.350060
   -0.350002
   -0.350087
   -0.347243
   -0.347102
   -0.347244
   -0.349968
   -0.350108
   -0.349974
   -0.350100
   -0.349984
   -0.350089
   -0.349991
   -0.350107
   -0.350008
   -0.350108
   -0.350003
   -0.350128
   -0.349972
   -0.347111
   -0.347195
   -0.347106
   -0.350060
   -0.349964
   -0.350059
   -0.349965
   -0.350057
   -0.349970
   -0.350056
   -0.349986
   -0.350084
   -0.349983
   -0.350091
   -0.349961
   -0.350122
   -0.346491
   -0.346442
   -0.347209
   -0.350007
   -0.350082
   -0.350004
   -0.350085
   -0.350000
   -0.350086
   -0.349998
   -0.350113
   -0.350006
   -0.350120
   -0.349994
   -0.350149
   -0.349958
   -0.346422
   -0.346465
   -0.347120
   -0.350038
   -0.349979
   -0.350036
   -0.349977
   -0.350040
   -0.349976
   -0.350044
   -0.349985
   -0.350079
   -0.349976
   -0.350096
   -0.349943
   -0.350133
   -0.346502
   -0.346441
   -0.347217
   -0.350012
   -0.350080
   -0.350020
   -0.350077
   -0.350017
   -0.350079
   -0.350010
   -0.350115
   -0.350008
   -0.350133
   -0.349981
   -0.350176
   -0.349936
   -0.346428
   -0.346451
   -0.347123
   -0.350023
   -0.349990
   -0.350012
   -0.349994
   -0.350013
   -0.349994
   -0.350020
   -0.349995
   -0.350066
   -0.349973
   -0.350100
   -0.349922
   -0.350151
   -0.350746
   -0.349503
   -0.350499
   -0.349724
   -0.350366
   -0.349798
   -0.350339
   -0.349797
   -0.350310
   -0.349855
   -0.350238
   -0.349924
   -0.350160
   -0.349995
   -0.350092
   -0.350073
   -0.349483
   -0.350586
   -0.349704
   -0.350389
   -0.349828
   -0.350314
   -0.349862
   -0.350311
   -0.349887
   -0.350258
   -0.349949
   -0.350204
   -0.350016
   -0.350146
   -0.350076
   -0.350074
   -0.350603
   -0.349632
   -0.350408
   -0.349808
   -0.350293
   -0.349882
   -0.350262
   -0.349891
   -0.350234
   -0.349938
   -0.350183
   -0.349978
   -0.350131
   -0.350026
   -0.350078
   -0.350093
   -0.349636
   -0.350453
   -0.349803
   -0.350298
   -0.349902
   -0.350236
   -0.349937
   -0.350226
   -0.349960
   -0.350188
   -0.350002
   -0.350158
   -0.350036
   -0.350122
   -0.350081
   -0.350061
   -0.350420
   -0.349797
   -0.350282
   -0.349921
   -0.350202
   -0.349972
   -0.350180
   -0.349976
   -0.350166
   -0.350002
   -0.350138
   -0.350017
   -0.350121
   -0.350036
   -0.350089
   -0.350085
   -0.349833
   -0.350274
   -0.349946
   -0.350171
   -0.350008
   -0.350136
   -0.350024
   -0.350138
   -0.350029
   -0.350120
   -0.350044
   -0.350115
   -0.350052
   -0.350105
   -0.350077
   -0.350064
   -0.350224
   -0.349977
   -0.350141
   -0.350052
   -0.350097
   -0.350075
   -0.350094
   -0.350065
   -0.350097
   -0.350071
   -0.350087
   -0.350071
   -0.350090
   -0.350074
   -0.350070
   -0.350109
   -0.349289
   -0.349425
   -0.349350
   -0.350073
   -0.350088
   -0.350057
   -0.350089
   -0.350065
   -0.350088
   -0.350056
   -0.350098
   -0.350052
   -0.350099
   -0.350047
   -0.350122
   -0.350010
   -0.349400
   -0.349371
   -0.349358
   -0.350120
   -0.350046
   -0.350127
   -0.350049
   -0.350120
   -0.350050
   -0.350126
   -0.350041
   -0.350132
   -0.350040
   -0.350136
   -0.350019
   -0.350170
   -0.349370
   -0.349347
   -0.349402
   -0.350021
   -0.350123
   -0.350016
   -0.350120
   -0.350021
   -0.350122
   -0.350012
   -0.350136
   -0.349999
   -0.350141
   -0.349992
   -0.350164
   -0.349958
   -0.349364
   -0.349407
   -0.349340
   -0.350140
   -0.350037
   -0.350144
   -0.350039
   -0.350142
   -0.350034
   -0.350154
   -0.350018
   -0.350173
   -0.350007
   -0.350183
   -0.349982
   -0.350219
   -0.349359
   -0.349352
   -0.349386
   -0.350029
   -0.350107
   -0.350019
   -0.350112
   -0.350014
   -0.350124
   -0.349996
   -0.350146
   -0.349972
   -0.350161
   -0.349958
   -0.350188
   -0.349922
   -0.346533
   -0.346517
   -0.349373
   -0.350116
   -0.350069
   -0.350126
   -0.350062
   -0.350133
   -0.350050
   -0.350150
   -0.350030
   -0.350174
   -0.350015
   -0.350187
   -0.349989
   -0.350220
   -0.346488
   -0.346493
   -0.349373
   -0.350036
   -0.350088
   -0.350032
   -0.350091
   -0.350025
   -0.350104
   -0.350007
   -0.350126
   -0.349981
   -0.350142
   -0.349967
   -0.350169
   -0.349934
   -0.346484
   -0.346527
   -0.349355
   -0.350135
   -0.350068
   -0.350129
   -0.350072
   -0.350130
   -0.350061
   -0.350149
   -0.350039
   -0.350177
   -0.350022
   -0.350192
   -0.349992
   -0.350228
   -0.346476
   -0.346460
   -0.349378
   -0.350027
   -0.350080
   -0.350036
   -0.350074
   -0.350035
   -0.350085
   -0.350016
   -0.350109
   -0.349987
   -0.350127
   -0.349969
   -0.350161
   -0.349930
   -0.349626
   -0.350381
   -0.349779
   -0.350256
   -0.349816
   -0.350260
   -0.349797
   -0.350288
   -0.349798
   -0.350260
   -0.349850
   -0.350199
   -0.349922
   -0.350118
   -0.350011
   -0.350030
   -0.350407
   -0.349767
   -0.350273
   -0.349876
   -0.350238
   -0.349877
   -0.350249
   -0.349852
   -0.350253
   -0.349874
   -0.350212
   -0.349918
   -0.350153
   -0.349985
   -0.350075
   -0.350064
   -0.349740
   -0.350288
   -0.349860
   -0.350189
   -0.349896
   -0.350180
   -0.349887
   -0.350197
   -0.349887
   -0.350180
   -0.349920
   -0.350147
   -0.349968
   -0.350088
   -0.350040
   -0.350011
   -0.350281
   -0.349865
   -0.350183
   -0.349949
   -0.350156
   -0.349951
   -0.350160
   -0.349932
   -0.350166
   -0.349942
   -0.350142
   -0.349964
   -0.350112
   -0.350011
   -0.350047
   -0.350083
   -0.349881
   -0.350173
   -0.349963
   -0.350106
   -0.349985
   -0.350105
   -0.349974
   -0.350124
   -0.349965
   -0.350120
   -0.349981
   -0.350108
   -0.350000
   -0.350074
   -0.350053
   -0.350010
   -0.350137
   -0.349983
   -0.350073
   -0.350038
   -0.350060
   -0.350029
   -0.350074
   -0.350006
   -0.350090
   -0.350005
   -0.350084
   -0.350008
   -0.350072
   -0.350035
   -0.350025
   -0.350093
   -0.350042
   -0.350038
   -0.350086
   -0.350001
   -0.350089
   -0.350014
   -0.350069
   -0.350040
   -0.350050
   -0.350047
   -0.350056
   -0.350045
   -0.350062
   -0.350022
   -0.350109
   -0.349964
   -0.349982
   -0.350073
   -0.349954
   -0.350116
   -0.349975
   -0.350100
   -0.349997
   -0.350076
   -0.350012
   -0.350074
   -0.350004
   -0.350081
   -0.349994
   -0.350108
   -0.349944
   -0.350169
   -0.350104
   -0.349956
   -0.350122
   -0.349958
   -0.350142
   -0.349972
   -0.350124
   -0.349990
   -0.350115
   -0.349985
   -0.350129
   -0.349972
   -0.350145
   -0.349941
   -0.350199
   -0.349877
   -0.349934
   -0.350105
   -0.349923
   -0.350137
   -0.349944
   -0.350124
   -0.349961
   -0.350110
   -0.349963
   -0.350123
   -0.349940
   -0.350147
   -0.349916
   -0.350185
   -0.349856
   -0.350255
   -0.350122
   -0.349952
   -0.350131
   -0.349959
   -0.350154
   -0.349965
   -0.350144
   -0.349972
   -0.350149
   -0.349950
   -0.350182
   -0.349914
   -0.350219
   -0.349865
   -0.350291
   -0.349784
   -0.349960
   -0.350070
   -0.349946
   -0.350110
   -0.349954
   -0.350114
   -0.349954
   -0.350117
   -0.349938
   -0.350150
   -0.349895
   -0.350197
   -0.349849
   -0.350256
   -0.349767
   -0.350345
   -0.347209
   -0.347148
   -0.350088
   -0.350004
   -0.350126
   -0.349993
   -0.350132
   -0.349983
   -0.350156
   -0.349941
   -0.350208
   -0.349885
   -0.350265
   -0.349816
   -0.350357
   -0.349718
   -0.347126
   -0.347165
   -0.349973
   -0.350077
   -0.349975
   -0.350088
   -0.349968
   -0.350101
   -0.349939
   -0.350150
   -0.349879
   -0.350215
   -0.349814
   -0.350293
   -0.349712
   -0.350400
   -0.346500
   -0.346449
   -0.350087
   -0.350014
   -0.350122
   -0.350007
   -0.350128
   -0.349993
   -0.350161
   -0.349936
   -0.350231
   -0.349859
   -0.350310
   -0.349768
   -0.350426
   -0.349646
   -0.346424
   -0.346448
   -0.349976
   -0.350064
   -0.349981
   -0.350069
   -0.349978
   -0.350082
   -0.349945
   -0.350142
   -0.349871
   -0.350225
   -0.349784
   -0.350327
   -0.349657
   -0.350460
   -0.350802
   -0.349525
   -0.350561
   -0.349711
   -0.350428
   -0.349767
   -0.350401
   -0.349787
   -0.350356
   -0.349850
   -0.350276
   -0.349901
   -0.350177
   -0.349988
   -0.350100
   -0.350067
   -0.349471
   -0.350599
   -0.349686
   -0.350418
   -0.349792
   -0.350361
   -0.349823
   -0.350340
   -0.349862
   -0.350282
   -0.349932
   -0.350224
   -0.350002
   -0.350150
   -0.350071
   -0.350077
   -0.350608
   -0.349630
   -0.350420
   -0.349789
   -0.350323
   -0.349844
   -0.350298
   -0.349865
   -0.350261
   -0.349914
   -0.350203
   -0.349956
   -0.350148
   -0.350018
   -0.350088
   -0.350083
   -0.349637
   -0.350450
   -0.349798
   -0.350312
   -0.349878
   -0.350271
   -0.349904
   -0.350253
   -0.349932
   -0.350216
   -0.349979
   -0.350183
   -0.350016
   -0.350133
   -0.350068
   -0.350076
   -0.350417
   -0.349803
   -0.350285
   -0.349909
   -0.350224
   -0.349939
   -0.350213
   -0.349948
   -0.350197
   -0.349971
   -0.350165
   -0.349987
   -0.350147
   -0.350018
   -0.350111
   -0.350060
   -0.349827
   -0.350278
   -0.349936
   -0.350189
   -0.349981
   -0.350173
   -0.349986
   -0.350172
   -0.349993
   -0.350156
   -0.350012
   -0.350150
   -0.350021
   -0.350130
   -0.350048
   -0.350096
   -0.350226
   -0.349977
   -0.350147
   -0.350039
   -0.350122
   -0.350040
   -0.350132
   -0.350031
   -0.350136
   -0.350031
   -0.350126
   -0.350027
   -0.350132
   -0.350035
   -0.350113
   -0.350060
   -0.349999
   -0.350122
   -0.350056
   -0.350080
   -0.350070
   -0.350087
   -0.350055
   -0.350100
   -0.350047
   -0.350102
   -0.350050
   -0.350108
   -0.350042
   -0.350103
   -0.350060
   -0.350079
   -0.350097
   -0.350093
   -0.350060
   -0.350119
   -0.350059
   -0.350105
   -0.350079
   -0.350089
   -0.350091
   -0.350082
   -0.350092
   -0.350072
   -0.350104
   -0.350072
   -0.350090
   -0.350091
   -0.350088
   -0.350040
   -0.350113
   -0.350025
   -0.350110
   -0.350041
   -0.350089
   -0.350056
   -0.350079
   -0.350060
   -0.350081
   -0.350063
   -0.350074
   -0.350060
   -0.350092
   -0.350037
   -0.350055
   -0.350133
   -0.350039
   -0.350144
   -0.350045
   -0.350129
   -0.350063
   -0.350115
   -0.350074
   -0.350111
   -0.350071
   -0.350112
   -0.350071
   -0.350120
   -0.350048
   -0.350147
   -0.350082
   -0.350041
   -0.350100
   -0.350027
   -0.350102
   -0.350033
   -0.350094
   -0.350038
   -0.350090
   -0.350036
   -0.350098
   -0.350028
   -0.350104
   -0.350014
   -0.350133
   -0.349982
   -0.349388
   -0.349398
   -0.350075
   -0.350120
   -0.350073
   -0.350117
   -0.350078
   -0.350114
   -0.350081
   -0.350118
   -0.350070
   -0.350129
   -0.350061
   -0.350145
   -0.350027
   -0.350179
   -0.349349
   -0.349350
   -0.350074
   -0.350045
   -0.350074
   -0.350050
   -0.350068
   -0.350053
   -0.350067
   -0.350046
   -0.350082
   -0.350028
   -0.350096
   -0.350007
   -0.350135
   -0.349969
   -0.346492
   -0.346528
   -0.350072
   -0.350127
   -0.350082
   -0.350112
   -0.350095
   -0.350105
   -0.350098
   -0.350113
   -0.350082
   -0.350132
   -0.350064
   -0.350158
   -0.350019
   -0.350199
   -0.346473
   -0.346457
   -0.350077
   -0.350037
   -0.350065
   -0.350056
   -0.350049
   -0.350064
   -0.350045
   -0.350056
   -0.350063
   -0.350033
   -0.350086
   -0.350001
   -0.350138
   -0.349952
   -0.350571
   -0.352165
   -0.350813
   -0.351286
   -0.350319
   -0.351174
   -0.350372
   -0.351098
   -0.350419
   -0.351005
   -0.350493
   -0.350227
   -0.349909
   -0.350118
   -0.350010
   -0.350032
   -0.350840
   -0.349461
   -0.350629
   -0.349625
   -0.350474
   -0.349726
   -0.350406
   -0.349772
   -0.350352
   -0.349835
   -0.350273
   -0.349889
   -0.350168
   -0.349981
   -0.350080
   -0.350056
   -0.349404
   -0.350618
   -0.349593
   -0.350456
   -0.349719
   -0.350359
   -0.349776
   -0.350314
   -0.349826
   -0.350260
   -0.349890
   -0.350186
   -0.349940
   -0.350107
   -0.350016
   -0.350041
   -0.350604
   -0.349583
   -0.350444
   -0.349723
   -0.350339
   -0.349799
   -0.350287
   -0.349833
   -0.350252
   -0.349871
   -0.350204
   -0.349908
   -0.350160
   -0.349968
   -0.350100
   -0.350021
   -0.349594
   -0.350424
   -0.349730
   -0.350309
   -0.349821
   -0.350243
   -0.349857
   -0.350217
   -0.349883
   -0.350192
   -0.349915
   -0.350171
   -0.349939
   -0.350131
   -0.349985
   -0.350091
   -0.350396
   -0.349757
   -0.350282
   -0.349853
   -0.350211
   -0.349900
   -0.350187
   -0.349912
   -0.350176
   -0.349924
   -0.350162
   -0.349929
   -0.350153
   -0.349953
   -0.350120
   -0.349983
   -0.349814
   -0.350237
   -0.349900
   -0.350166
   -0.349953
   -0.350134
   -0.349962
   -0.350133
   -0.349961
   -0.350135
   -0.349966
   -0.350140
   -0.349961
   -0.350129
   -0.349984
   -0.350107
   -0.350188
   -0.349928
   -0.350127
   -0.349977
   -0.350092
   -0.349994
   -0.350095
   -0.349985
   -0.350104
   -0.349977
   -0.350110
   -0.349965
   -0.350122
   -0.349969
   -0.350104
   -0.349987
   -0.349978
   -0.350104
   -0.350020
   -0.350071
   -0.350046
   -0.350062
   -0.350036
   -0.350075
   -0.350023
   -0.350087
   -0.350014
   -0.350103
   -0.349998
   -0.350104
   -0.350013
   -0.350087
   -0.350070
   -0.350022
   -0.350040
   -0.350046
   -0.350022
   -0.350049
   -0.350036
   -0.350033
   -0.350052
   -0.350020
   -0.350062
   -0.350005
   -0.350077
   -0.350003
   -0.350064
   -0.350020
   -0.350046
   -0.350056
   -0.350070
   -0.350034
   -0.350089
   -0.350029
   -0.350078
   -0.350043
   -0.350063
   -0.350054
   -0.350055
   -0.350065
   -0.350045
   -0.350063
   -0.350065
   -0.350038
   -0.350042
   -0.350034
   -0.350021
   -0.350058
   -0.350000
   -0.350067
   -0.350006
   -0.350057
   -0.350018
   -0.350047
   -0.350025
   -0.350039
   -0.350032
   -0.350045
   -0.350008
   -0.350074
   -0.350027
   -0.350051
   -0.350066
   -0.350043
   -0.350091
   -0.350030
   -0.350089
   -0.350037
   -0.350079
   -0.350044
   -0.350074
   -0.350049
   -0.350073
   -0.350037
   -0.350104
   -0.350002
   -0.350016
   -0.350005
   -0.350019
   -0.350051
   -0.349998
   -0.350061
   -0.350002
   -0.350052
   -0.350012
   -0.350046
   -0.350016
   -0.350046
   -0.350012
   -0.350061
   -0.349977
   -0.350101
   -0.346502
   -0.346487
   -0.350087
   -0.350033
   -0.350106
   -0.350026
   -0.350101
   -0.350034
   -0.350093
   -0.350036
   -0.350095
   -0.350030
   -0.350107
   -0.350005
   -0.350153
   -0.349954
   -0.346447
   -0.346461
   -0.350002
   -0.350059
   -0.349984
   -0.350064
   -0.349990
   -0.350055
   -0.350000
   -0.350053
   -0.349998
   -0.350061
   -0.349981
   -0.350092
   -0.349928
   -0.350152
   -0.355760
   -0.354559
   -0.355609
   -0.353241
   -0.354741
   -0.353275
   -0.353998
   -0.352559
   -0.353195
   -0.351963
   -0.352407
   -0.349920
   -0.350152
   -0.350015
   -0.350079
   -0.350071
   -0.350908
   -0.351996
   -0.351041
   -0.351231
   -0.350472
   -0.351158
   -0.350495
   -0.351073
   -0.350524
   -0.350968
   -0.350578
   -0.350217
   -0.350015
   -0.350134
   -0.350080
   -0.350084
   -0.351301
   -0.350311
   -0.351178
   -0.350419
   -0.351122
   -0.350472
   -0.351070
   -0.350515
   -0.351006
   -0.350568
   -0.350911
   -0.349944
   -0.350155
   -0.350012
   -0.350102
   -0.350053
   -0.349642
   -0.350517
   -0.349749
   -0.350420
   -0.349815
   -0.350378
   -0.349849
   -0.350341
   -0.349899
   -0.350283
   -0.349958
   -0.350216
   -0.349986
   -0.350165
   -0.350026
   -0.350135
   -0.350460
   -0.349734
   -0.350369
   -0.349812
   -0.350313
   -0.349848
   -0.350293
   -0.349874
   -0.350257
   -0.349913
   -0.350218
   -0.349939
   -0.350194
   -0.349968
   -0.350171
   -0.349985
   -0.349773
   -0.350356
   -0.349849
   -0.350288
   -0.349892
   -0.350268
   -0.349902
   -0.350256
   -0.349922
   -0.350231
   -0.349941
   -0.350219
   -0.349951
   -0.350204
   -0.349965
   -0.350193
   -0.350288
   -0.349896
   -0.350234
   -0.349943
   -0.350208
   -0.349948
   -0.350216
   -0.349945
   -0.350212
   -0.349950
   -0.350206
   -0.349947
   -0.350213
   -0.349950
   -0.350207
   -0.349955
   -0.349946
   -0.350195
   -0.349981
   -0.350165
   -0.349993
   -0.350173
   -0.349974
   -0.350187
   -0.349965
   -0.350193
   -0.349958
   -0.350202
   -0.349945
   -0.350205
   -0.349950
   -0.350199
   -0.350147
   -0.350028
   -0.350128
   -0.350044
   -0.350128
   -0.350024
   -0.350157
   -0.350000
   -0.350177
   -0.349983
   -0.350195
   -0.349965
   -0.350216
   -0.349954
   -0.350216
   -0.349956
   -0.350051
   -0.350094
   -0.350060
   -0.350085
   -0.350055
   -0.350111
   -0.350019
   -0.350139
   -0.349994
   -0.350163
   -0.349970
   -0.350181
   -0.349950
   -0.350192
   -0.349951
   -0.350185
   -0.350086
   -0.350089
   -0.350082
   -0.350096
   -0.350089
   -0.350068
   -0.350125
   -0.350037
   -0.350156
   -0.350008
   -0.350185
   -0.349989
   -0.350203
   -0.349979
   -0.350195
   -0.349995
   -0.350065
   -0.350073
   -0.350072
   -0.350062
   -0.350070
   -0.350084
   -0.350039
   -0.350111
   -0.350010
   -0.350139
   -0.349983
   -0.350153
   -0.349971
   -0.350155
   -0.349988
   -0.350130
   -0.350099
   -0.350084
   -0.350093
   -0.350097
   -0.350094
   -0.350076
   -0.350124
   -0.350049
   -0.350157
   -0.350014
   -0.350188
   -0.350001
   -0.350198
   -0.350001
   -0.350176
   -0.350030
   -0.350060
   -0.350069
   -0.350070
   -0.350054
   -0.350068
   -0.350077
   -0.350036
   -0.350106
   -0.350000
   -0.350144
   -0.349967
   -0.350155
   -0.349959
   -0.350152
   -0.349986
   -0.350118
   -0.347200
   -0.347228
   -0.350074
   -0.350124
   -0.350081
   -0.350095
   -0.350117
   -0.350062
   -0.350157
   -0.350021
   -0.350192
   -0.350011
   -0.350194
   -0.350021
   -0.350158
   -0.350065
   -0.347182
   -0.347168
   -0.350078
   -0.350037
   -0.350071
   -0.350068
   -0.350034
   -0.350101
   -0.349993
   -0.350143
   -0.349958
   -0.350149
   -0.349961
   -0.350132
   -0.350007
   -0.350077
   -0.353714
   -0.354742
   -0.353814
   -0.357565
   -0.358272
   -0.356831
   -0.355490
   -0.351810
   -0.351952
   -0.349584
   -0.349939
   -0.350135
   -0.349973
   -0.350074
   -0.350022
   -0.350031
   -0.355640
   -0.354652
   -0.355517
   -0.353977
   -0.354650
   -0.353332
   -0.353963
   -0.351950
   -0.352429
   -0.351337
   -0.350997
   -0.349959
   -0.350113
   -0.350012
   -0.350069
   -0.350049
   -0.352417
   -0.353359
   -0.352532
   -0.353300
   -0.353320
   -0.353237
   -0.352653
   -0.353130
   -0.352694
   -0.352356
   -0.352073
   -0.350137
   -0.349970
   -0.350091
   -0.350008
   -0.350059
   -0.351203
   -0.350368
   -0.351102
   -0.350474
   -0.351086
   -0.350510
   -0.351037
   -0.350529
   -0.350953
   -0.350578
   -0.350847
   -0.349935
   -0.350140
   -0.349969
   -0.350114
   -0.349990
   -0.349666
   -0.350401
   -0.349758
   -0.350322
   -0.349824
   -0.350292
   -0.349829
   -0.350264
   -0.349881
   -0.350211
   -0.349933
   -0.350161
   -0.349938
   -0.350141
   -0.349953
   -0.350131
   -0.350406
   -0.349775
   -0.350324
   -0.349842
   -0.350287
   -0.349862
   -0.350274
   -0.349879
   -0.350236
   -0.349917
   -0.350199
   -0.349916
   -0.350165
   -0.349927
   -0.350157
   -0.349931
   -0.349766
   -0.350280
   -0.349836
   -0.350224
   -0.349864
   -0.350212
   -0.349870
   -0.350205
   -0.349895
   -0.350178
   -0.349921
   -0.350167
   -0.349931
   -0.350161
   -0.349937
   -0.350158
   -0.350262
   -0.349857
   -0.350208
   -0.349900
   -0.350191
   -0.349902
   -0.350195
   -0.349898
   -0.350182
   -0.349912
   -0.350168
   -0.349916
   -0.350164
   -0.349918
   -0.350159
   -0.349920
   -0.349877
   -0.350191
   -0.349920
   -0.350156
   -0.349933
   -0.350158
   -0.349925
   -0.350168
   -0.349929
   -0.350162
   -0.349936
   -0.350161
   -0.349940
   -0.350160
   -0.349947
   -0.350155
   -0.350161
   -0.349938
   -0.350129
   -0.349964
   -0.350124
   -0.349955
   -0.350139
   -0.349936
   -0.350144
   -0.349934
   -0.350145
   -0.349933
   -0.350140
   -0.349936
   -0.350131
   -0.349943
   -0.349961
   -0.350126
   -0.349987
   -0.350102
   -0.349993
   -0.350109
   -0.349979
   -0.350129
   -0.349970
   -0.350134
   -0.349969
   -0.350131
   -0.349982
   -0.350120
   -0.350002
   -0.350102
   -0.350108
   -0.349975
   -0.350084
   -0.350001
   -0.350076
   -0.349997
   -0.350086
   -0.349979
   -0.350097
   -0.349971
   -0.350100
   -0.349978
   -0.350082
   -0.349996
   -0.350053
   -0.350021
   -0.349996
   -0.350104
   -0.350019
   -0.350076
   -0.350030
   -0.350078
   -0.350022
   -0.350097
   -0.350007
   -0.350108
   -0.350002
   -0.350099
   -0.350027
   -0.350074
   -0.350063
   -0.350043
   -0.350063
   -0.350006
   -0.350044
   -0.350032
   -0.350037
   -0.350026
   -0.350049
   -0.350002
   -0.350070
   -0.349985
   -0.350078
   -0.349997
   -0.350050
   -0.350026
   -0.350008
   -0.350061
   -0.349349
   -0.349356
   -0.350070
   -0.350037
   -0.350075
   -0.350045
   -0.350061
   -0.350070
   -0.350040
   -0.350084
   -0.350036
   -0.350065
   -0.350078
   -0.350020
   -0.350136
   -0.349971
   -0.349314
   -0.349324
   -0.350006
   -0.350059
   -0.350003
   -0.350049
   -0.350018
   -0.350024
   -0.350039
   -0.350011
   -0.350040
   -0.350037
   -0.349989
   -0.350093
   -0.349919
   -0.350154
   -0.353773
   -0.351246
   -0.352272
   -0.359149
   -0.357202
   -0.356924
   -0.355789
   -0.346228
   -0.347825
   -0.347658
   -0.349194
   -0.349978
   -0.349992
   -0.349993
   -0.349989
   -0.349998
   -0.354053
   -0.354358
   -0.354078
   -0.358700
   -0.357741
   -0.356506
   -0.357060
   -0.350094
   -0.349879
   -0.347197
   -0.346977
   -0.350039
   -0.350012
   -0.350025
   -0.350016
   -0.350020
   -0.353730
   -0.353392
   -0.353659
   -0.354784
   -0.357157
   -0.354191
   -0.354430
   -0.352153
   -0.352955
   -0.350026
   -0.350079
   -0.349979
   -0.350004
   -0.349989
   -0.350003
   -0.349992
   -0.352720
   -0.352976
   -0.352763
   -0.353575
   -0.354144
   -0.353664
   -0.353548
   -0.352957
   -0.352864
   -0.352245
   -0.351530
   -0.350044
   -0.349992
   -0.350039
   -0.349991
   -0.350038
   -0.350804
   -0.350633
   -0.350767
   -0.350555
   -0.351397
   -0.350633
   -0.350779
   -0.350666
   -0.350749
   -0.350660
   -0.350700
   -0.349967
   -0.350034
   -0.349964
   -0.350042
   -0.349958
   -0.350639
   -0.350777
   -0.350672
   -0.350723
   -0.350690
   -0.350783
   -0.350716
   -0.350793
   -0.350701
   -0.350725
   -0.350646
   -0.350046
   -0.349974
   -0.350050
   -0.349967
   -0.350057
   -0.350058
   -0.350004
   -0.350033
   -0.350012
   -0.350022
   -0.350022
   -0.350061
   -0.350024
   -0.350043
   -0.349968
   -0.349988
   -0.349979
   -0.350035
   -0.349972
   -0.350043
   -0.349964
   -0.350013
   -0.350031
   -0.350031
   -0.350028
   -0.350037
   -0.350042
   -0.350012
   -0.350046
   -0.350006
   -0.350028
   -0.349983
   -0.350036
   -0.349974
   -0.350040
   -0.349971
   -0.350044
   -0.349997
   -0.350027
   -0.349985
   -0.350026
   -0.349981
   -0.350007
   -0.350012
   -0.349997
   -0.350024
   -0.349993
   -0.350032
   -0.349983
   -0.350041
   -0.349977
   -0.350044
   -0.349973
   -0.350025
   -0.349978
   -0.350033
   -0.349981
   -0.350035
   -0.350004
   -0.350000
   -0.350016
   -0.349985
   -0.350022
   -0.349978
   -0.350028
   -0.349973
   -0.350028
   -0.349975
   -0.350028
   -0.349981
   -0.350046
   -0.349976
   -0.350044
   -0.349972
   -0.350023
   -0.350006
   -0.350010
   -0.350022
   -0.350005
   -0.350026
   -0.350004
   -0.350023
   -0.350013
   -0.350010
   -0.350022
   -0.350019
   -0.349977
   -0.350028
   -0.349973
   -0.350037
   -0.349990
   -0.350008
   -0.349998
   -0.349995
   -0.349999
   -0.349996
   -0.349991
   -0.350010
   -0.349970
   -0.350034
   -0.349952
   -0.350004
   -0.350032
   -0.349993
   -0.350041
   -0.349980
   -0.350026
   -0.350009
   -0.350018
   -0.350022
   -0.350018
   -0.350018
   -0.350031
   -0.349998
   -0.350058
   -0.349967
   -0.350079
   -0.349995
   -0.349991
   -0.350011
   -0.349977
   -0.350026
   -0.349991
   -0.349999
   -0.349998
   -0.349988
   -0.349994
   -0.349997
   -0.349972
   -0.350027
   -0.349935
   -0.350068
   -0.349906
   -0.349995
   -0.350013
   -0.349997
   -0.350048
   -0.349982
   -0.350032
   -0.350011
   -0.350025
   -0.350020
   -0.350035
   -0.350003
   -0.350066
   -0.349960
   -0.350117
   -0.349906
   -0.350158
   -0.349973
   -0.349962
   -0.350014
   -0.349964
   -0.350030
   -0.349981
   -0.350001
   -0.349987
   -0.349993
   -0.349973
   -0.350016
   -0.349934
   -0.350068
   -0.349872
   -0.350133
   -0.349821
   -0.348899
   -0.340931
   -0.342532
   -0.353739
   -0.350302
   -0.350362
   -0.356648
   -0.344631
   -0.341786
   -0.351814
   -0.349640
   -0.347360
   -0.347333
   -0.347370
   -0.347323
   -0.347375
   -0.350370
   -0.347824
   -0.348989
   -0.352724
   -0.349005
   -0.352013
   -0.356775
   -0.345438
   -0.342612
   -0.342589
   -0.346958
   -0.347593
   -0.347504
   -0.347584
   -0.347514
   -0.347578
   -0.350908
   -0.349545
   -0.350252
   -0.353201
   -0.354592
   -0.353776
   -0.356475
   -0.347271
   -0.349407
   -0.347257
   -0.347210
   -0.347383
   -0.347316
   -0.347392
   -0.347307
   -0.347398
   -0.349663
   -0.349801
   -0.349643
   -0.349941
   -0.353336
   -0.353319
   -0.354578
   -0.351117
   -0.351726
   -0.348943
   -0.348074
   -0.347557
   -0.347538
   -0.347542
   -0.347552
   -0.347530
   -0.350194
   -0.350224
   -0.350214
   -0.346805
   -0.351011
   -0.349550
   -0.350864
   -0.350256
   -0.350178
   -0.349576
   -0.348791
   -0.347422
   -0.347275
   -0.347443
   -0.347256
   -0.347461
   -0.350344
   -0.350452
   -0.350326
   -0.349104
   -0.350352
   -0.351119
   -0.351728
   -0.351771
   -0.351056
   -0.349721
   -0.349043
   -0.347522
   -0.347574
   -0.347496
   -0.347595
   -0.347475
   -0.348041
   -0.348037
   -0.348055
   -0.348027
   -0.348028
   -0.348734
   -0.348690
   -0.348763
   -0.347998
   -0.346731
   -0.345925
   -0.347440
   -0.347259
   -0.347466
   -0.347239
   -0.347487
   -0.348150
   -0.348282
   -0.348140
   -0.348288
   -0.348171
   -0.348257
   -0.348191
   -0.348225
   -0.348207
   -0.347533
   -0.347561
   -0.347505
   -0.347585
   -0.347482
   -0.347601
   -0.347464
   -0.347368
   -0.347355
   -0.347377
   -0.347348
   -0.347346
   -0.347380
   -0.347326
   -0.347412
   -0.347310
   -0.347423
   -0.347277
   -0.347451
   -0.347255
   -0.347471
   -0.347243
   -0.347487
   -0.347463
   -0.347600
   -0.347457
   -0.347606
   -0.347489
   -0.347573
   -0.347509
   -0.347540
   -0.347526
   -0.347530
   -0.347558
   -0.347505
   -0.347578
   -0.347489
   -0.347585
   -0.347477
   -0.347371
   -0.347362
   -0.347379
   -0.347352
   -0.347349
   -0.347382
   -0.347333
   -0.347410
   -0.347319
   -0.347417
   -0.347292
   -0.347437
   -0.347281
   -0.347442
   -0.347286
   -0.347443
   -0.347468
   -0.347589
   -0.347456
   -0.347604
   -0.347483
   -0.347576
   -0.347495
   -0.347552
   -0.347507
   -0.347547
   -0.347530
   -0.347534
   -0.347534
   -0.347538
   -0.347520
   -0.347544
   -0.347357
   -0.347381
   -0.347373
   -0.347359
   -0.347351
   -0.347382
   -0.347344
   -0.347401
   -0.347336
   -0.347401
   -0.347320
   -0.347407
   -0.347324
   -0.347395
   -0.347347
   -0.347382
   -0.347482
   -0.347569
   -0.347462
   -0.347595
   -0.347483
   -0.347573
   -0.347489
   -0.347555
   -0.347495
   -0.347558
   -0.347507
   -0.347558
   -0.347498
   -0.347578
   -0.347468
   -0.347595
   -0.347350
   -0.347391
   -0.347375
   -0.347361
   -0.347356
   -0.347380
   -0.347356
   -0.347392
   -0.347356
   -0.347379
   -0.347357
   -0.347366
   -0.347381
   -0.347330
   -0.347427
   -0.347299
   -0.347485
   -0.347561
   -0.347458
   -0.347594
   -0.347478
   -0.347573
   -0.347478
   -0.347564
   -0.347474
   -0.347583
   -0.347466
   -0.347604
   -0.347434
   -0.347650
   -0.347378
   -0.347691
   -0.253610
   -0.247838
   -0.246435
   -0.258345
   -0.255545
   -0.250588
   -0.264625
   -0.253029
   -0.248324
   -0.256995
   -0.254241
   -0.256925
   -0.256775
   -0.256922
   -0.256779
   -0.256918
   -0.257856
   -0.250234
   -0.253985
   -0.254827
   -0.250172
   -0.254798
   -0.263136
   -0.256584
   -0.248741
   -0.255900
   -0.253935
   -0.257280
   -0.257158
   -0.257284
   -0.257153
   -0.257291
   -0.259420
   -0.255690
   -0.257486
   -0.255110
   -0.256912
   -0.262182
   -0.269763
   -0.260144
   -0.260671
   -0.262040
   -0.261913
   -0.256911
   -0.256796
   -0.256904
   -0.256804
   -0.256896
   -0.255912
   -0.256046
   -0.255909
   -0.250926
   -0.255352
   -0.260603
   -0.264344
   -0.259925
   -0.261703
   -0.259275
   -0.262263
   -0.257329
   -0.257098
   -0.257344
   -0.257084
   -0.257359
   -0.259408
   -0.259542
   -0.259410
   -0.249854
   -0.256204
   -0.257599
   -0.261344
   -0.259523
   -0.259442
   -0.257544
   -0.255595
   -0.256842
   -0.256882
   -0.256815
   -0.256907
   -0.256789
   -0.259762
   -0.259896
   -0.259760
   -0.256031
   -0.259773
   -0.261842
   -0.263628
   -0.263796
   -0.261651
   -0.258037
   -0.255810
   -0.257383
   -0.257028
   -0.257416
   -0.257000
   -0.257445
   -0.258732
   -0.258862
   -0.258735
   -0.258854
   -0.258724
   -0.260783
   -0.260681
   -0.260760
   -0.258792
   -0.254899
   -0.253019
   -0.256807
   -0.256928
   -0.256774
   -0.256952
   -0.256748
   -0.259082
   -0.259210
   -0.259077
   -0.259221
   -0.259085
   -0.259232
   -0.259057
   -0.259262
   -0.259005
   -0.257382
   -0.257031
   -0.257411
   -0.256994
   -0.257441
   -0.256976
   -0.257461
   -0.256794
   -0.256931
   -0.256800
   -0.256920
   -0.256793
   -0.256906
   -0.256825
   -0.256871
   -0.256881
   -0.256814
   -0.256920
   -0.256785
   -0.256954
   -0.256758
   -0.256967
   -0.256744
   -0.257148
   -0.257269
   -0.257141
   -0.257280
   -0.257147
   -0.257298
   -0.257110
   -0.257338
   -0.257050
   -0.257397
   -0.257009
   -0.257424
   -0.256977
   -0.257445
   -0.256974
   -0.257450
   -0.256790
   -0.256938
   -0.256798
   -0.256927
   -0.256792
   -0.256908
   -0.256830
   -0.256867
   -0.256893
   -0.256807
   -0.256932
   -0.256783
   -0.256956
   -0.256774
   -0.256943
   -0.256783
   -0.257152
   -0.257262
   -0.257147
   -0.257268
   -0.257156
   -0.257285
   -0.257119
   -0.257326
   -0.257055
   -0.257385
   -0.257019
   -0.257401
   -0.257004
   -0.257398
   -0.257032
   -0.257376
   -0.256792
   -0.256940
   -0.256795
   -0.256937
   -0.256783
   -0.256921
   -0.256821
   -0.256877
   -0.256888
   -0.256818
   -0.256923
   -0.256803
   -0.256933
   -0.256814
   -0.256895
   -0.256845
   -0.257148
   -0.257261
   -0.257148
   -0.257261
   -0.257161
   -0.257278
   -0.257122
   -0.257323
   -0.257052
   -0.257381
   -0.257021
   -0.257388
   -0.257020
   -0.257365
   -0.257073
   -0.257320
   -0.256791
   -0.256945
   -0.256790
   -0.256947
   -0.256777
   -0.256929
   -0.256817
   -0.256882
   -0.256886
   -0.256831
   -0.256907
   -0.256836
   -0.256891
   -0.256880
   -0.256815
   -0.256947
   -0.257146
   -0.257256
   -0.257152
   -0.257254
   -0.257164
   -0.257272
   -0.257122
   -0.257321
   -0.257052
   -0.257369
   -0.257036
   -0.257357
   -0.257062
   -0.257297
   -0.257155
   -0.257212
