    0.099359
    0.244453
    0.164521
    0.063046
   -0.145163
   -0.083065
    0.178275
    0.221583
    0.155880
   -0.040681
   -0.101856
    0.175001
    0.193253
    0.140846
    0.032961
    0.171702
    0.032358
    0.170068
   -0.016618
   -0.195675
   -0.100669
    0.116810
    0.167603
    0.231727
    0.157604
   -0.074012
   -0.167836
   -0.024020
    0.214133
    0.181030
    0.126939
    0.111864
   -0.065012
    0.134827
    0.231804
    0.029714
   -0.036311
   -0.140998
   -0.157481
   -0.015970
    0.145855
   -0.016642
    0.041751
    0.054258
    0.204913
    0.203431
    0.142358
   -0.034440
   -0.179796
   -0.014570
    0.185101
    0.208306
    0.213737
    0.186691
    0.070044
   -0.094033
    0.191394
    0.192888
    0.171237
    0.182765
    0.180625
    0.049061
   -0.007872
    0.138338
    0.008882
   -0.127560
    0.035437
    0.121322
   -0.070240
   -0.214715
   -0.153785
   -0.033354
    0.219377
    0.212412
    0.195956
    0.087519
    0.003584
    0.161695
    0.219822
    0.160333
   -0.022780
   -0.139176
   -0.065599
    0.109676
    0.194211
    0.111109
    0.131126
    0.233413
    0.206336
    0.151795
    0.018424
    0.111917
    0.226265
    0.208822
    0.157962
    0.206500
    0.019618
    0.100904
   -0.161875
   -0.018498
    0.213401
    0.199162
    0.168382
    0.164636
    0.067133
    0.056687
    0.236969
    0.235564
    0.188132
    0.093268
   -0.145888
   -0.044354
    0.129779
   -0.080096
   -0.204043
   -0.122050
    0.006478
    0.139784
    0.060286
    0.040604
    0.194904
    0.198993
    0.203169
    0.202267
    0.174717
    0.024403
   -0.180939
   -0.090247
   -0.243221
   -0.219414
   -0.212387
   -0.171912
   -0.084802
    0.007693
    0.164668
    0.239942
    0.161248
    0.105951
    0.149834
    0.166877
    0.012521
   -0.119649
    0.058651
   -0.019890
   -0.211395
   -0.197324
   -0.125600
   -0.092981
   -0.087467
    0.002752
    0.188414
    0.201909
    0.135176
   -0.050474
   -0.039604
    0.214862
    0.184327
   -0.023008
   -0.155680
   -0.160414
   -0.185111
   -0.110286
   -0.123674
   -0.216636
   -0.205646
   -0.117879
    0.035109
    0.245192
    0.214616
    0.110319
   -0.082172
    0.063249
    0.252608
    0.228123
    0.178437
    0.095735
   -0.113107
   -0.186214
   -0.215169
   -0.217802
   -0.212494
   -0.189730
   -0.044153
    0.149845
    0.238471
    0.150672
    0.066806
   -0.099949
    0.154830
    0.225312
    0.223881
    0.235676
   -0.222005
   -0.222668
   -0.237499
   -0.201882
   -0.211733
   -0.151310
   -0.162951
   -0.004874
    0.140004
    0.118949
   -0.155380
   -0.148928
   -0.035357
    0.213311
    0.248021
    0.216244
   -0.246679
   -0.242234
   -0.248010
   -0.149544
   -0.018334
    0.094109
   -0.150247
   -0.110976
    0.053102
    0.199754
    0.146491
    0.203579
    0.197074
    0.227826
    0.203586
    0.064494
   -0.199550
   -0.129268
    0.060097
   -0.169243
   -0.141519
    0.015038
    0.016911
   -0.177162
   -0.063467
    0.119188
    0.207564
    0.195403
    0.181424
    0.110705
    0.041810
    0.187750
   -0.212620
   -0.148667
    0.009028
    0.042126
   -0.128826
    0.076800
    0.021752
   -0.167674
   -0.154597
    0.005223
    0.156456
    0.118221
    0.037109
    0.137254
    0.260595
    0.197882
    0.259880
    0.240633
    0.064654
   -0.126160
   -0.074245
    0.173154
    0.249936
    0.204576
   -0.021473
   -0.090876
    0.171258
    0.219048
    0.188722
    0.091057
    0.181239
    0.227550
    0.173238
   -0.004533
   -0.168934
   -0.156896
    0.059102
    0.215204
    0.257644
    0.191538
   -0.024544
   -0.163791
   -0.008745
    0.184978
    0.226222
    0.119744
    0.191162
    0.185382
    0.135768
    0.234693
    0.120927
   -0.008111
   -0.133281
   -0.192577
   -0.029859
    0.145664
    0.015439
    0.018363
    0.079683
    0.211990
    0.241375
    0.211497
    0.003328
    0.014372
   -0.046577
    0.159065
    0.222476
    0.259979
    0.227584
    0.067747
   -0.052770
    0.169826
    0.251793
    0.227883
    0.218641
    0.221020
    0.108571
   -0.011230
    0.094889
    0.170174
   -0.101526
    0.027156
    0.099253
   -0.103912
   -0.194903
   -0.203138
    0.005042
    0.186443
    0.260147
    0.243813
    0.126000
    0.039250
    0.146379
    0.252934
    0.215932
    0.126953
   -0.128623
   -0.071722
    0.130426
    0.224705
    0.153070
    0.181995
    0.249134
    0.261029
    0.156154
    0.069727
    0.120580
    0.236615
    0.267204
    0.229689
    0.233422
    0.223467
    0.032795
   -0.114348
   -0.028116
    0.161814
    0.261180
    0.231592
    0.173896
    0.074983
    0.144357
    0.229356
    0.276241
    0.239162
    0.108636
   -0.119978
   -0.035031
    0.112837
   -0.108053
   -0.201923
   -0.153088
    0.027518
    0.107836
    0.065114
    0.113955
    0.217315
    0.257391
    0.218511
    0.240267
    0.209376
    0.050079
   -0.176154
   -0.134055
    0.131829
   -0.286639
   -0.263100
   -0.221717
   -0.088277
    0.012438
    0.201927
    0.254689
    0.221248
    0.105408
    0.217669
    0.177440
   -0.032171
   -0.078082
    0.026457
   -0.052890
    0.030699
   -0.223856
   -0.158240
   -0.109392
   -0.106445
    0.027120
    0.214954
    0.230605
    0.144580
   -0.013842
    0.056643
    0.191100
    0.184150
   -0.036886
   -0.189515
   -0.168194
   -0.127308
   -0.149578
   -0.195060
   -0.236869
   -0.221550
   -0.112327
    0.070699
    0.224488
    0.233295
    0.121511
   -0.057405
    0.133495
    0.239388
    0.268079
    0.211357
    0.045684
   -0.015775
   -0.241826
   -0.252501
   -0.268883
   -0.270396
   -0.211818
   -0.049706
    0.183827
    0.250685
    0.191695
   -0.005750
   -0.006172
    0.158966
    0.268058
    0.262688
    0.275254
    0.278686
   -0.285265
   -0.280745
   -0.265834
   -0.208469
   -0.225541
   -0.142437
    0.004294
    0.143119
    0.078646
   -0.138878
   -0.149044
    0.029028
    0.202014
    0.281078
    0.266364
    0.207260
   -0.301394
   -0.288869
   -0.207397
    0.017095
    0.011429
   -0.132439
   -0.089703
    0.072825
    0.206315
    0.205592
    0.187971
    0.261040
    0.275546
    0.234112
    0.122049
    0.066738
   -0.107129
   -0.010892
   -0.150078
   -0.143349
    0.009038
   -0.109816
   -0.140972
   -0.045913
    0.159305
    0.226850
    0.257792
    0.217129
    0.134788
    0.087203
    0.204989
    0.282566
   -0.175612
    0.014516
   -0.024417
   -0.032272
   -0.009604
   -0.038088
   -0.163061
   -0.115226
    0.001056
    0.154641
    0.115401
    0.079756
    0.187337
    0.277071
    0.302312
    0.276424
    0.224989
    0.009030
   -0.144168
   -0.039523
    0.202987
    0.254806
    0.172364
   -0.040502
   -0.080256
    0.139350
    0.226970
    0.174401
    0.140408
    0.202184
    0.257712
    0.238364
    0.000423
   -0.170002
   -0.120294
    0.042401
    0.192729
    0.264705
    0.196188
   -0.051758
   -0.142153
    0.016862
    0.205680
    0.229154
    0.107081
    0.192905
    0.225085
    0.087489
    0.242451
    0.149770
    0.005920
   -0.119657
   -0.153843
   -0.006573
    0.111668
    0.033475
   -0.015308
    0.072641
    0.219830
    0.228747
    0.190186
    0.042697
   -0.027211
    0.166092
    0.172807
    0.210899
    0.241788
    0.197623
    0.009685
   -0.027596
    0.159954
    0.267362
    0.245659
    0.217034
    0.226235
    0.104941
   -0.012263
    0.064978
    0.194980
    0.254711
    0.043614
    0.083012
   -0.131574
   -0.233668
   -0.191820
    0.051758
    0.217135
    0.257298
    0.240600
    0.118744
    0.027630
    0.160014
    0.256750
    0.225040
    0.101445
    0.192767
   -0.042216
    0.150443
    0.225682
    0.178231
    0.208709
    0.242569
    0.267729
    0.149160
    0.023237
    0.163223
    0.249504
    0.258582
    0.245312
    0.229314
    0.212718
    0.167727
   -0.106140
    0.000709
    0.193311
    0.221220
    0.256597
    0.156002
    0.065989
    0.142972
    0.272490
    0.269097
    0.227792
    0.075210
   -0.083878
    0.004401
    0.146971
    0.136319
   -0.208668
   -0.103125
    0.047790
    0.095945
    0.047703
    0.132219
    0.248866
    0.252035
    0.263644
    0.236533
    0.212155
    0.023667
   -0.179804
   -0.119236
    0.139620
    0.210363
   -0.272668
   -0.206072
   -0.077621
    0.086093
    0.233984
    0.269289
    0.223711
    0.112253
    0.219710
    0.176953
   -0.079153
   -0.134472
   -0.007865
   -0.072204
    0.116804
    0.166427
   -0.126054
   -0.115998
   -0.088217
    0.073907
    0.224957
    0.233541
    0.110795
   -0.040126
    0.134851
    0.192377
    0.117518
   -0.059769
   -0.179046
   -0.162139
   -0.072987
    0.142245
   -0.223069
   -0.252334
   -0.221312
   -0.051861
    0.146138
    0.258386
    0.194856
    0.032879
   -0.009340
    0.160058
    0.253797
    0.238018
    0.119557
   -0.041727
   -0.058565
    0.147697
   -0.292250
   -0.267290
   -0.251540
   -0.188621
    0.000434
    0.227405
    0.249708
    0.155423
   -0.048002
    0.042707
    0.198309
    0.267345
    0.266934
    0.264408
    0.283232
    0.275131
   -0.276404
   -0.254518
   -0.177461
   -0.217694
   -0.109656
    0.088351
    0.146785
   -0.014184
   -0.146961
   -0.135505
    0.124724
    0.237189
    0.277296
    0.268955
    0.210419
    0.061405
   -0.257366
   -0.173540
    0.044565
   -0.066820
   -0.137270
   -0.050817
    0.130009
    0.172124
    0.206605
    0.166361
    0.259141
    0.265937
    0.224330
    0.069206
    0.072420
    0.216551
   -0.082570
   -0.133349
   -0.103428
    0.010007
   -0.151404
   -0.116740
    0.000129
    0.194974
    0.249272
    0.261148
    0.213355
    0.093788
    0.091909
    0.231848
    0.279996
    0.288737
    0.025299
   -0.076964
    0.042332
   -0.009012
   -0.131597
   -0.166553
   -0.071922
    0.110896
    0.159277
    0.093060
    0.096842
    0.219705
    0.255565
    0.307367
    0.309328
    0.298994
   -0.009406
   -0.172724
   -0.051967
    0.200348
    0.281188
    0.171940
   -0.076864
   -0.032370
    0.165576
    0.192400
    0.141233
    0.173467
    0.219288
    0.260632
    0.258775
    0.256573
   -0.152889
   -0.108880
    0.083707
    0.207443
    0.253231
    0.194981
   -0.042670
   -0.127786
    0.064557
    0.214791
    0.215684
    0.105285
    0.196852
    0.226030
    0.144626
    0.006773
    0.150230
    0.005170
   -0.139751
   -0.140942
    0.045006
    0.101991
   -0.032513
   -0.054745
    0.043794
    0.207301
    0.199763
    0.141801
    0.069643
    0.005811
    0.110876
    0.260374
    0.216422
    0.238492
    0.198548
   -0.023922
   -0.034415
    0.192927
    0.263908
    0.252564
    0.222368
    0.222664
    0.148095
   -0.004946
    0.037971
    0.204079
    0.254283
    0.252205
    0.079744
   -0.174625
   -0.211998
   -0.180059
    0.064647
    0.235314
    0.257172
    0.229978
    0.137184
    0.021133
    0.123298
    0.249448
    0.219915
    0.121952
    0.206996
    0.231673
    0.193642
    0.211852
    0.172695
    0.218343
    0.251558
    0.270601
    0.153740
    0.051880
    0.120168
    0.275117
    0.269948
    0.259519
    0.199571
    0.174556
    0.232874
    0.247105
    0.021143
    0.195751
    0.242019
    0.216874
    0.172788
    0.055704
    0.149721
    0.246980
    0.266702
    0.199462
    0.056034
   -0.017784
    0.087063
    0.184339
    0.117048
    0.227738
   -0.082817
    0.108772
    0.096335
    0.053235
    0.131831
    0.271745
    0.258112
    0.255477
    0.272474
    0.191174
    0.032136
   -0.165275
   -0.101289
    0.132749
    0.179356
    0.165880
   -0.184465
   -0.073270
    0.140689
    0.265467
    0.247389
    0.233610
    0.179029
    0.204849
    0.165141
   -0.087716
   -0.157810
   -0.082173
   -0.042449
    0.140978
    0.202958
    0.130335
   -0.102702
   -0.050989
    0.128084
    0.239824
    0.189873
    0.030426
   -0.036796
    0.170658
    0.196215
    0.006355
   -0.086393
   -0.065060
   -0.131598
    0.025868
    0.156350
    0.215319
   -0.257352
   -0.204817
   -0.012153
    0.217327
    0.269192
    0.170603
   -0.023732
    0.041691
    0.215743
    0.269920
    0.170630
   -0.012197
   -0.130647
   -0.107421
    0.162407
    0.208686
   -0.292436
   -0.227274
   -0.114987
    0.070414
    0.250614
    0.227442
    0.085959
   -0.046585
    0.117711
    0.233268
    0.270695
    0.252416
    0.262718
    0.274158
    0.258178
    0.218834
   -0.240667
   -0.162603
   -0.193058
   -0.054600
    0.124134
    0.150268
   -0.040660
   -0.143900
   -0.067390
    0.185358
    0.248849
    0.283012
    0.244211
    0.189614
    0.090101
    0.057959
   -0.112577
    0.044839
   -0.119311
   -0.126283
   -0.020312
    0.173407
    0.119823
    0.146497
    0.134035
    0.238185
    0.286231
    0.229120
    0.089732
    0.045801
    0.219994
    0.300311
   -0.134548
   -0.027498
   -0.053034
   -0.150266
   -0.079842
    0.111274
    0.208309
    0.271824
    0.242640
    0.239314
    0.080016
    0.087541
    0.232661
    0.298372
    0.299396
    0.279850
   -0.115339
    0.024012
    0.004728
   -0.168366
   -0.150768
   -0.028442
    0.163020
    0.194138
    0.115979
    0.089881
    0.227096
    0.286069
    0.269149
    0.292482
    0.303547
    0.290341
   -0.175813
   -0.021343
    0.196214
    0.264515
    0.164510
   -0.078520
   -0.034960
    0.194844
    0.206140
    0.104699
    0.182588
    0.231610
    0.250937
    0.248357
    0.265786
    0.216718
   -0.103406
    0.063791
    0.226454
    0.266541
    0.172204
   -0.069372
   -0.117867
    0.103855
    0.215030
    0.202446
    0.111708
    0.205476
    0.238499
    0.155517
    0.019667
    0.076547
    0.026050
   -0.139399
   -0.169437
    0.074683
    0.071679
   -0.029929
   -0.085286
    0.069074
    0.199467
    0.195855
    0.113576
    0.076938
   -0.027494
    0.095775
    0.266900
    0.263502
    0.203673
    0.197683
   -0.035700
    0.011931
    0.185078
    0.272679
    0.253041
    0.246684
    0.214585
    0.129548
    0.005607
    0.010599
    0.236031
    0.256151
    0.256850
    0.154787
   -0.178007
   -0.232533
   -0.139456
    0.135323
    0.251562
    0.256592
    0.236894
    0.123188
    0.019976
    0.132033
    0.186993
    0.189161
    0.161002
    0.226463
    0.205616
    0.157047
    0.226155
    0.185260
    0.239452
    0.271769
    0.244532
    0.143224
    0.043822
    0.165359
    0.244272
    0.279176
    0.263694
    0.239104
    0.097620
    0.250625
    0.276781
    0.207194
    0.198302
    0.226423
    0.233286
    0.108222
    0.064874
    0.183533
    0.263793
    0.256464
    0.210195
    0.015317
    0.075573
    0.126430
    0.198695
    0.163304
    0.223578
    0.216737
    0.104004
    0.084981
    0.060538
    0.198584
    0.256249
    0.263408
    0.269157
    0.259378
    0.181110
   -0.043001
   -0.150184
   -0.068239
    0.144581
    0.119127
    0.187746
    0.142581
   -0.031332
    0.141539
    0.272758
    0.245587
    0.186208
    0.240686
    0.210072
    0.109359
   -0.108974
   -0.150022
   -0.120315
    0.009113
    0.162238
    0.207823
    0.124120
    0.221761
   -0.024841
    0.181271
    0.244557
    0.187029
   -0.036263
   -0.007370
    0.152904
    0.182558
   -0.021747
   -0.102563
   -0.021692
   -0.096058
    0.127406
    0.174742
    0.146848
    0.207407
   -0.154474
    0.021358
    0.226647
    0.260851
    0.131264
   -0.040787
    0.122262
    0.225956
    0.244163
    0.124082
   -0.109935
   -0.141221
   -0.047059
    0.160085
    0.240866
    0.125814
   -0.237160
   -0.067175
    0.163212
    0.249159
    0.208158
    0.019566
   -0.031814
    0.181557
    0.255603
    0.278038
    0.233456
    0.224318
    0.272920
    0.270321
    0.199271
    0.053401
   -0.218059
   -0.134933
   -0.024810
    0.159469
    0.112536
   -0.100069
   -0.115484
    0.050941
    0.205820
    0.292042
    0.266209
    0.233470
    0.203350
    0.043231
    0.055095
    0.184767
    0.013431
   -0.147123
   -0.093681
    0.068544
    0.137792
    0.124240
    0.108579
    0.193238
    0.237125
    0.278352
    0.216958
    0.071824
    0.059657
    0.222347
    0.295161
    0.240380
    0.032538
   -0.129151
   -0.146977
   -0.043436
    0.179027
    0.229735
    0.266770
    0.256744
    0.192725
    0.071365
    0.080371
    0.241055
    0.307805
    0.285373
    0.299397
    0.262273
   -0.057484
   -0.057525
   -0.164158
   -0.110187
    0.070837
    0.178136
    0.158664
    0.094242
    0.134300
    0.237443
    0.268753
    0.298043
    0.285813
    0.280453
    0.296789
    0.287362
    0.006222
    0.222101
    0.266053
    0.164606
   -0.076993
    0.001414
    0.195879
    0.197189
    0.111177
    0.187920
    0.234779
    0.232325
    0.241518
    0.256840
    0.271992
    0.116581
    0.062575
    0.212122
    0.261533
    0.172556
   -0.072046
   -0.125066
    0.138876
    0.228438
    0.199118
    0.125729
    0.192189
    0.251864
    0.220798
    0.060319
   -0.012143
    0.191052
   -0.126139
   -0.135502
    0.076632
    0.053806
   -0.067746
   -0.109454
    0.085737
    0.230823
    0.200199
    0.096775
    0.123222
    0.002451
   -0.006425
    0.195113
    0.292588
    0.247639
    0.175268
   -0.046235
    0.080106
    0.202232
    0.256889
    0.264782
    0.256782
    0.251702
    0.134795
    0.001762
    0.017466
    0.206834
    0.283914
    0.247244
    0.223998
    0.197168
   -0.232442
   -0.124230
    0.173671
    0.253591
    0.258640
    0.232432
    0.133395
    0.016503
    0.103427
    0.196607
    0.116784
    0.202927
    0.226843
    0.203709
    0.085165
    0.107024
    0.193648
    0.256606
    0.269696
    0.248094
    0.123167
    0.022780
    0.141633
    0.274841
    0.266595
    0.250262
    0.237708
    0.155043
    0.227589
    0.275783
    0.207255
    0.066306
    0.226172
    0.212240
    0.100009
    0.051365
    0.183624
    0.279392
    0.272757
    0.215036
    0.062766
    0.153336
    0.194618
    0.146815
    0.238995
    0.247038
    0.197047
    0.085559
    0.070402
    0.071404
    0.203565
    0.272694
    0.262786
    0.261436
    0.263970
    0.165895
   -0.088905
   -0.151333
   -0.003257
    0.145520
    0.106913
    0.201373
    0.142214
   -0.014293
    0.201938
    0.275601
    0.242466
    0.183216
    0.244268
    0.229097
    0.067433
   -0.145238
   -0.169801
   -0.113794
    0.101051
    0.167873
    0.177483
    0.163257
    0.157842
    0.180661
    0.181381
    0.248048
    0.132320
   -0.044624
    0.055845
    0.147835
    0.105280
   -0.034737
   -0.029421
   -0.057858
   -0.013666
    0.150751
    0.221629
    0.115309
    0.223961
    0.227265
    0.085503
    0.243593
    0.215783
    0.063087
   -0.037894
    0.175012
    0.253948
    0.193389
   -0.006740
   -0.156909
   -0.146466
    0.073991
    0.162299
    0.220474
    0.201230
    0.216353
   -0.038873
    0.203861
    0.285626
    0.165305
   -0.029577
    0.050324
    0.195945
    0.286644
    0.250979
    0.216703
    0.162016
    0.250876
    0.259199
    0.228575
    0.024853
    0.001284
   -0.128715
    0.059414
    0.157149
    0.082409
   -0.118843
   -0.111327
    0.145916
    0.236686
    0.281236
    0.283543
    0.263941
    0.195454
    0.093823
   -0.015494
    0.143206
    0.223199
   -0.143083
   -0.048624
    0.133682
    0.109769
    0.093460
    0.047466
    0.198827
    0.267370
    0.266350
    0.209714
    0.053192
    0.046928
    0.186618
    0.314337
    0.258741
    0.130375
   -0.134659
   -0.114831
    0.030387
    0.208260
    0.265353
    0.280413
    0.286017
    0.158377
    0.055218
    0.092928
    0.240345
    0.298258
    0.276683
    0.286239
    0.236924
    0.233328
   -0.147829
   -0.164941
   -0.048489
    0.143627
    0.204441
    0.140462
    0.065974
    0.149755
    0.254662
    0.284619
    0.282384
    0.300252
    0.285379
    0.282029
    0.289399
    0.249652
    0.230543
    0.269670
    0.156627
   -0.065904
    0.032190
    0.220651
    0.211196
    0.084089
    0.193772
    0.215310
    0.210945
    0.230178
    0.250652
    0.273505
    0.185344
    0.036535
    0.230852
    0.242752
    0.142428
   -0.079602
   -0.131640
    0.158202
    0.234189
    0.186386
    0.144413
    0.208321
    0.233354
    0.215027
    0.131302
   -0.003119
    0.097379
    0.286468
   -0.125988
    0.107592
    0.066870
   -0.081510
   -0.106310
    0.078387
    0.237445
    0.206799
    0.082705
    0.162766
    0.049103
   -0.007319
    0.139489
    0.263642
    0.266908
    0.238042
   -0.044539
    0.106382
    0.223668
    0.263825
    0.257431
    0.261561
    0.240872
    0.160655
   -0.010792
    0.002437
    0.176811
    0.284534
    0.255761
    0.229761
    0.258323
    0.230577
   -0.109827
    0.169965
    0.267518
    0.242472
    0.203755
    0.134034
    0.023213
    0.073435
    0.177755
    0.106165
    0.205263
    0.246796
    0.192682
    0.056929
    0.133063
    0.226514
    0.263974
    0.261800
    0.227358
    0.117452
    0.044508
    0.114083
    0.262135
    0.288199
    0.239028
    0.201331
    0.186538
    0.257590
    0.252562
    0.167037
    0.078628
    0.207758
    0.192148
    0.103025
    0.055255
    0.182413
    0.274177
    0.256888
    0.204326
    0.086876
    0.210745
    0.227242
    0.122710
    0.237387
    0.269827
    0.195410
    0.057791
    0.107312
    0.116281
    0.216387
    0.273855
    0.251287
    0.257021
    0.249866
    0.164584
   -0.116732
   -0.129334
    0.025810
    0.173563
    0.148954
    0.185178
    0.144523
    0.010380
    0.009534
    0.261253
    0.245313
    0.177121
    0.252770
    0.214339
    0.031788
   -0.150226
   -0.185009
   -0.124266
    0.155086
    0.184526
    0.117236
    0.186111
    0.126162
    0.100580
    0.091406
    0.223507
    0.115549
   -0.061241
    0.118249
    0.169566
    0.031694
   -0.063330
    0.019738
   -0.071927
    0.039358
    0.174478
    0.199576
    0.153376
    0.201776
    0.267147
    0.269340
    0.247886
    0.198763
    0.005661
   -0.003043
    0.210801
    0.259682
    0.133650
   -0.088005
   -0.187316
   -0.122258
    0.137136
    0.204568
    0.123602
    0.261895
    0.251706
    0.184137
    0.239119
    0.256280
    0.151692
   -0.060618
    0.127094
    0.226867
    0.270429
    0.256880
    0.156740
    0.107584
    0.232808
    0.232332
    0.205879
    0.067362
   -0.015897
    0.100170
    0.101579
    0.138612
    0.033417
   -0.112643
   -0.044759
    0.182523
    0.249261
    0.259667
    0.242886
    0.276904
    0.209673
    0.115425
    0.016626
    0.069645
    0.256045
    0.264781
   -0.026687
    0.191482
    0.095334
    0.097322
    0.032001
    0.215067
    0.273500
    0.258058
    0.174233
    0.079089
    0.042360
    0.179422
    0.247766
    0.269108
    0.156560
    0.236158
   -0.074113
    0.101839
    0.214399
    0.267370
    0.277950
    0.258787
    0.180063
    0.059457
    0.104565
    0.249607
    0.306380
    0.279713
    0.272587
    0.244144
    0.147524
    0.232395
   -0.144082
    0.007555
    0.180011
    0.198148
    0.148878
    0.081869
    0.158809
    0.279892
    0.278832
    0.290222
    0.290504
    0.290710
    0.258784
    0.248436
    0.241535
    0.163256
    0.264399
    0.145417
   -0.076361
    0.077585
    0.228427
    0.222621
    0.072618
    0.197920
    0.203759
    0.210112
    0.229817
    0.245064
    0.275590
    0.205964
    0.038988
    0.031667
    0.247318
    0.104657
   -0.126154
   -0.101769
    0.153919
    0.237143
    0.163588
    0.165577
    0.195449
    0.237790
    0.227491
    0.120557
   -0.009643
    0.079028
    0.265444
    0.312710
    0.107655
    0.051544
   -0.027250
   -0.104225
    0.129338
    0.219427
    0.209463
    0.067228
    0.134329
    0.062273
   -0.006857
    0.146850
    0.264126
    0.274966
    0.268393
    0.199352
    0.144371
    0.247048
    0.255390
    0.263387
    0.255229
    0.229986
    0.132085
   -0.020652
    0.008363
    0.187606
    0.254199
    0.267804
    0.224047
    0.257114
    0.229978
    0.095501
    0.198673
    0.262683
    0.241139
    0.184278
    0.082589
    0.030143
    0.121255
    0.168826
    0.091657
    0.224963
    0.243840
    0.188114
    0.054423
    0.153430
    0.223711
    0.239933
    0.259111
    0.176011
    0.063947
    0.064602
    0.178926
    0.249437
    0.275568
    0.249643
    0.183118
    0.196236
    0.271434
    0.239620
    0.127149
    0.087821
    0.220132
    0.194815
    0.051064
    0.148838
    0.216673
    0.262484
    0.250098
    0.179694
    0.058125
    0.212205
    0.251888
    0.119269
    0.221277
    0.259079
    0.172384
    0.053877
    0.156911
    0.217122
    0.264577
    0.260181
    0.273274
    0.267616
    0.228936
    0.117267
   -0.135892
   -0.143746
    0.077817
    0.113283
    0.199913
    0.210350
    0.133770
    0.019315
    0.034824
    0.204449
    0.191470
    0.143763
    0.240061
    0.190038
   -0.044913
   -0.201970
   -0.147538
   -0.073002
    0.149702
    0.235553
    0.100136
    0.156227
    0.076622
    0.072571
    0.068890
    0.194462
    0.066752
   -0.044232
    0.151889
    0.173188
   -0.010300
   -0.052619
    0.007085
   -0.074434
    0.110612
    0.166169
    0.179525
    0.199709
    0.216832
    0.262482
    0.281316
    0.281998
    0.183990
   -0.036206
    0.090244
    0.219920
    0.256563
    0.095313
   -0.136866
   -0.184930
   -0.072903
    0.156757
    0.246432
    0.131436
    0.212499
    0.274575
    0.181915
    0.023619
    0.219820
    0.082938
   -0.023466
    0.152675
    0.258936
    0.260881
    0.218930
    0.131394
    0.151921
    0.209444
    0.225006
    0.136159
    0.083804
    0.000263
    0.109029
    0.268185
    0.103765
   -0.106495
   -0.092421
    0.049313
    0.205550
    0.278846
    0.252609
    0.234866
    0.245872
    0.205668
    0.056314
    0.067964
    0.095321
    0.249933
    0.282161
    0.275993
    0.190790
    0.155061
    0.089275
    0.154470
    0.216975
    0.290754
    0.260658
    0.135477
    0.031509
    0.100696
    0.239331
    0.228811
    0.179439
    0.241655
    0.259159
    0.275990
    0.167192
    0.244086
    0.262894
    0.267509
    0.212241
    0.105499
    0.087676
    0.170891
    0.278159
    0.305350
    0.303340
    0.269404
    0.260515
    0.133983
    0.243522
    0.273354
    0.065752
    0.187928
    0.183188
    0.093604
    0.141103
    0.215019
    0.272511
    0.292274
    0.292242
    0.297609
    0.288362
    0.277709
    0.237676
    0.185848
    0.220866
    0.247731
    0.137902
   -0.091089
    0.077767
    0.237335
    0.222589
    0.095825
    0.183701
    0.206116
    0.183295
    0.232240
    0.257518
    0.268059
    0.240852
    0.076726
   -0.012498
    0.122433
    0.083493
   -0.156091
   -0.086858
    0.171811
    0.216880
    0.141294
    0.179842
    0.217590
    0.231208
    0.235335
    0.138850
    0.010913
    0.033105
    0.237440
    0.333072
    0.297199
    0.042896
   -0.027180
   -0.075812
    0.128357
    0.231571
    0.174851
    0.084040
    0.122402
    0.055224
   -0.008589
    0.119057
    0.256154
    0.290513
    0.261629
    0.198961
    0.022126
    0.251734
    0.256545
    0.256563
    0.248835
    0.227469
    0.117815
   -0.005401
    0.031962
    0.176028
    0.264466
    0.247047
    0.268474
    0.252802
    0.221971
    0.061795
    0.138873
    0.274575
    0.247514
    0.181179
    0.084962
    0.043502
    0.123561
    0.178197
    0.118542
    0.206122
    0.249590
    0.149285
    0.052088
    0.196182
    0.228576
    0.188882
    0.244824
    0.152004
    0.047922
    0.080079
    0.211334
    0.265643
    0.275605
    0.222284
    0.142528
    0.240667
    0.273392
    0.247097
    0.072285
    0.139904
    0.241915
    0.196615
   -0.007782
    0.138971
    0.266850
    0.264716
    0.221999
    0.162883
    0.092522
    0.205779
    0.210500
    0.170151
    0.237622
    0.242951
    0.128758
    0.061149
    0.203472
    0.225112
    0.168630
    0.277755
    0.276914
    0.291027
    0.216770
    0.033151
   -0.120758
   -0.139546
    0.102750
    0.084813
    0.220641
    0.210875
    0.142712
    0.035512
    0.118938
    0.191248
    0.183138
    0.184171
    0.210894
    0.147439
   -0.088099
   -0.208109
   -0.172385
    0.031588
    0.154913
    0.209886
    0.167188
    0.131873
    0.011999
    0.011123
    0.054729
    0.230354
    0.256540
   -0.006622
    0.172514
    0.153903
   -0.046307
   -0.037642
   -0.001984
   -0.075083
    0.154556
    0.205202
    0.123404
    0.251716
    0.253039
    0.279489
    0.286394
    0.295512
    0.260899
   -0.043318
    0.138909
    0.263709
    0.230401
    0.015806
   -0.184510
   -0.177563
    0.026979
    0.154772
    0.196457
    0.207985
    0.224348
    0.239999
    0.194067
    0.055312
    0.001506
   -0.026777
    0.037503
    0.205687
    0.280951
    0.249341
    0.212721
    0.081307
    0.167498
    0.225294
    0.222259
    0.083810
    0.088750
    0.004622
    0.091460
    0.264196
    0.324643
   -0.165362
   -0.131247
    0.129081
    0.238524
    0.277072
    0.249149
    0.259326
    0.235563
    0.192948
    0.052760
    0.046007
    0.143793
    0.274922
    0.301743
    0.285250
    0.255712
    0.189142
    0.077475
    0.204222
    0.243472
    0.275985
    0.250284
    0.106225
    0.048735
    0.109395
    0.237858
    0.262588
    0.133420
    0.260193
    0.283771
    0.273400
    0.214387
    0.251307
    0.279897
    0.244534
    0.200575
    0.076672
    0.067098
    0.200829
    0.295746
    0.312587
    0.302660
    0.252976
    0.190361
    0.226291
    0.220508
    0.267943
    0.230442
    0.191185
    0.116724
    0.104379
    0.158184
    0.260774
    0.271847
    0.276655
    0.283336
    0.291966
    0.293369
    0.266254
    0.263703
    0.159972
    0.262778
    0.252612
    0.278654
   -0.096661
    0.047659
    0.237810
    0.227096
    0.106034
    0.198349
    0.198976
    0.184122
    0.234833
    0.260909
    0.268284
    0.247864
    0.127586
    0.003341
    0.064802
    0.240574
   -0.148273
   -0.122794
    0.189201
    0.224457
    0.139247
    0.182862
    0.235957
    0.235199
    0.239483
    0.161734
    0.021775
    0.030589
    0.200167
    0.328206
    0.310028
    0.292596
    0.016795
   -0.037535
    0.159911
    0.221837
    0.187501
    0.059801
    0.131714
    0.036293
   -0.010766
    0.124752
    0.248230
    0.284410
    0.272967
    0.213962
    0.057834
   -0.017812
    0.252201
    0.246104
    0.249747
    0.196825
    0.093158
   -0.005051
    0.049214
    0.206265
    0.262251
    0.261673
    0.245750
    0.295806
    0.220164
    0.058907
    0.087568
    0.187073
    0.247399
    0.157833
    0.056038
    0.076093
    0.148697
    0.185388
    0.131486
    0.217505
    0.233848
    0.154910
    0.037685
    0.213388
    0.233138
    0.188072
    0.242245
    0.208656
    0.059443
    0.110984
    0.244597
    0.278604
    0.283254
    0.219725
    0.119128
    0.234473
    0.277484
    0.236280
    0.067585
    0.144969
    0.255739
    0.200666
    0.002403
   -0.040339
    0.278487
    0.283643
    0.200943
    0.124954
    0.126342
    0.187013
    0.214975
    0.174526
    0.251672
    0.231612
    0.129854
    0.054225
    0.227936
    0.237881
    0.153971
    0.106484
    0.282333
    0.266149
    0.220276
   -0.021026
   -0.129516
   -0.088977
    0.123729
    0.114927
    0.202378
    0.215042
    0.128109
    0.029381
    0.157118
    0.221599
    0.169696
    0.045467
    0.193157
    0.093715
   -0.119576
   -0.187336
   -0.140021
    0.086629
    0.177011
    0.171529
    0.165329
    0.142792
   -0.008184
   -0.011681
    0.065726
    0.218948
    0.279182
    0.256518
    0.184602
    0.167559
   -0.062864
   -0.039826
   -0.030190
   -0.031812
    0.145771
    0.235784
    0.133209
    0.233690
    0.280523
    0.280055
    0.286390
    0.298567
    0.273366
    0.170866
    0.162563
    0.259874
    0.222266
   -0.027473
   -0.202942
   -0.167567
    0.074483
    0.180767
    0.154209
    0.229567
    0.250284
    0.267046
    0.173887
    0.067831
    0.020482
    0.137244
    0.028718
    0.213684
    0.285741
    0.262919
    0.185826
    0.099909
    0.179682
    0.232197
    0.231626
    0.104999
    0.035103
    0.012575
    0.078295
    0.252792
    0.302596
    0.310760
   -0.130673
    0.165461
    0.256458
    0.278059
    0.252186
    0.253711
    0.245620
    0.148557
    0.035453
    0.033179
    0.199298
    0.296211
    0.309764
    0.292225
    0.253390
    0.099043
    0.140162
    0.219764
    0.272197
    0.260151
    0.187609
    0.096048
    0.041291
    0.158321
    0.233931
    0.258140
    0.176044
    0.258674
    0.293401
    0.249904
    0.191015
    0.091181
    0.249510
    0.233747
    0.132644
    0.093567
    0.136668
    0.235839
    0.280745
    0.290992
    0.301109
    0.262217
    0.138295
    0.243719
    0.270431
    0.251593
    0.192552
    0.053153
    0.102181
    0.110720
    0.218118
    0.272686
    0.289281
    0.263118
    0.297236
    0.288220
    0.284886
    0.233240
    0.228920
    0.239832
    0.262668
    0.306438
    0.242374
    0.218392
    0.054007
    0.227489
    0.204878
    0.105836
    0.195970
    0.207187
    0.174030
    0.223350
    0.244579
    0.279197
    0.273020
    0.172327
    0.018067
    0.023548
    0.187267
    0.239632
   -0.100765
    0.186333
    0.230582
    0.140805
    0.190285
    0.217301
    0.272482
    0.237927
    0.182479
    0.038192
    0.017688
    0.149675
    0.304343
    0.328057
    0.267037
    0.257363
    0.023006
    0.177543
    0.221838
    0.189405
    0.113867
    0.115931
    0.024155
   -0.017154
    0.101554
    0.264491
    0.300597
    0.284345
    0.249236
    0.117194
    0.051001
    0.115826
    0.248326
    0.235036
    0.183449
    0.059387
   -0.013329
    0.065039
    0.213052
    0.260365
    0.256714
    0.270374
    0.269384
    0.243342
    0.024607
    0.067805
    0.135778
    0.074336
    0.128226
    0.028550
    0.076220
    0.153848
    0.157125
    0.167342
    0.224976
    0.228198
    0.136712
    0.066248
    0.197029
    0.234052
    0.151971
    0.248238
    0.223486
    0.074374
    0.169120
    0.261489
    0.283413
    0.277333
    0.244069
    0.111148
    0.220717
    0.248632
    0.219951
    0.074423
    0.183160
    0.248642
    0.189101
   -0.003202
   -0.055410
    0.055558
    0.296082
    0.203553
    0.067708
    0.172712
    0.204234
    0.154440
    0.220955
    0.254824
    0.229809
    0.097210
    0.119310
    0.201713
    0.231632
    0.109315
    0.164917
    0.095135
    0.266837
    0.166156
   -0.068005
   -0.139516
   -0.019561
    0.133481
    0.127879
    0.217563
    0.207575
    0.089410
    0.042476
    0.178854
    0.207078
    0.143370
    0.016928
    0.094527
   -0.013912
   -0.153529
   -0.152835
   -0.130093
    0.146786
    0.193793
    0.109883
    0.160853
    0.092265
    0.002870
    0.001025
    0.123638
    0.233990
    0.258328
    0.268907
    0.256517
    0.118047
   -0.039644
   -0.032133
   -0.049437
    0.037763
    0.155996
    0.208872
    0.191384
    0.222502
    0.256199
    0.271884
    0.291176
    0.282420
    0.293902
    0.206513
    0.049746
    0.280174
    0.159614
   -0.067384
   -0.198544
   -0.121014
    0.134660
    0.198376
    0.113713
    0.237868
    0.253904
    0.271596
    0.216874
    0.062929
    0.003030
    0.109806
    0.252135
    0.222026
    0.257227
    0.234490
    0.170691
    0.106751
    0.183791
    0.215976
    0.190272
    0.153856
    0.046591
   -0.007130
    0.088730
    0.238264
    0.330200
    0.281934
    0.300979
    0.193593
    0.271782
    0.278879
    0.251172
    0.251595
    0.226319
    0.111000
    0.021539
    0.015524
    0.226755
    0.327008
    0.305155
    0.269326
    0.264259
    0.101166
    0.005342
    0.249814
    0.274517
    0.255154
    0.150403
    0.052121
    0.066327
    0.175323
    0.235481
    0.169814
    0.261486
    0.251105
    0.316474
    0.233949
    0.123501
    0.095825
    0.149417
    0.176575
    0.081967
    0.075592
    0.196468
    0.266232
    0.294248
    0.295970
    0.245970
    0.265952
    0.162538
    0.254215
    0.278997
    0.230571
    0.141772
    0.099525
    0.051212
    0.155910
    0.238951
    0.286429
    0.277002
    0.296596
    0.288480
    0.285243
    0.272446
    0.257291
    0.139287
    0.282161
    0.284906
    0.285603
    0.226744
    0.121380
    0.076183
    0.222669
    0.223956
    0.104069
    0.179859
    0.159457
    0.167784
    0.209861
    0.250417
    0.237769
    0.283811
    0.212381
    0.062669
   -0.022054
    0.089269
    0.211577
    0.126973
    0.175540
    0.230581
    0.117332
    0.220000
    0.231789
    0.254777
    0.259291
    0.188966
    0.071777
    0.005109
    0.113220
    0.257217
    0.318794
    0.284313
    0.220349
    0.204257
    0.196529
    0.198255
    0.184224
    0.152282
    0.142441
    0.050243
   -0.020772
    0.072722
    0.236612
    0.309211
    0.296414
    0.263298
    0.198796
    0.150474
    0.186632
    0.205213
    0.247735
    0.185230
    0.045361
   -0.026765
    0.060851
    0.200930
    0.298628
    0.247749
    0.268081
    0.285192
    0.231086
    0.016977
    0.000646
    0.069001
    0.076275
    0.167261
    0.043497
    0.089242
    0.170650
    0.132935
    0.202002
    0.223626
    0.225446
    0.104988
    0.120430
    0.207679
    0.176749
    0.118752
    0.230112
    0.202033
    0.080746
    0.160164
    0.283891
    0.291083
    0.234379
    0.239554
    0.165889
    0.232538
    0.228540
    0.150725
    0.103871
    0.212264
    0.255464
    0.193508
    0.035566
   -0.041968
    0.013261
    0.217333
    0.197383
    0.043801
    0.183102
    0.232554
    0.138346
    0.220629
    0.247838
    0.229869
    0.090696
    0.170793
    0.206734
    0.199525
    0.077945
    0.193039
    0.168770
    0.090956
    0.153530
   -0.118313
   -0.134331
    0.034823
    0.140033
    0.185974
    0.201308
    0.191556
    0.075013
    0.066263
    0.198418
    0.178482
    0.050079
   -0.036283
    0.032986
    0.155603
   -0.197182
   -0.130394
   -0.082870
    0.160874
    0.222469
    0.080279
    0.146681
    0.007433
   -0.008394
    0.010352
    0.180942
    0.218090
    0.262990
    0.247734
    0.251365
    0.264172
   -0.046170
    0.007814
   -0.100474
    0.126652
    0.171490
    0.161741
    0.232923
    0.234568
    0.267860
    0.227313
    0.275064
    0.288409
    0.293919
    0.247734
    0.106906
   -0.012176
    0.126037
   -0.128409
   -0.161166
   -0.048825
    0.162538
    0.223632
    0.167897
    0.228143
    0.275508
    0.258712
    0.226641
    0.116235
   -0.011500
    0.060059
    0.224421
    0.299326
    0.254626
    0.225032
    0.116657
    0.150576
    0.212501
    0.216572
    0.108604
    0.178570
    0.059588
    0.008871
    0.064663
    0.227577
    0.314390
    0.315777
    0.293643
    0.298068
    0.291560
    0.267960
    0.263265
    0.239229
    0.222391
    0.097811
    0.021996
    0.043485
    0.212086
    0.324886
    0.314226
    0.263629
    0.244563
    0.140751
    0.048125
    0.099478
    0.290854
    0.213014
    0.136131
    0.064465
    0.089054
    0.176704
    0.260786
    0.143715
    0.260354
    0.274410
    0.265913
    0.255715
    0.050641
    0.072684
    0.108505
    0.078242
    0.075455
    0.103662
    0.203076
    0.293383
    0.279576
    0.281943
    0.251666
    0.154576
    0.259033
    0.242821
    0.266808
    0.228068
    0.082394
    0.135834
    0.138850
    0.044523
    0.277219
    0.282471
    0.280580
    0.286586
    0.296115
    0.279981
    0.243362
    0.240831
    0.189973
    0.266923
    0.290612
    0.248374
    0.162333
    0.049296
    0.037090
    0.093997
    0.197327
    0.143994
    0.190031
    0.144079
    0.130740
    0.219601
    0.240179
    0.260482
    0.270905
    0.239678
    0.095819
   -0.016996
    0.023544
    0.169760
    0.151522
    0.258171
    0.216760
    0.095990
    0.215316
    0.244186
    0.260149
    0.246569
    0.201879
    0.085262
    0.029711
    0.085468
    0.248294
    0.324592
    0.295458
    0.215686
    0.154184
    0.273439
    0.206608
    0.120871
    0.190057
    0.133905
    0.039962
    0.003450
    0.095687
    0.213193
    0.285594
    0.286072
    0.265885
    0.216964
    0.210251
    0.234507
    0.200673
    0.190926
    0.139821
    0.031369
   -0.008429
    0.090295
    0.197678
    0.263088
    0.274121
    0.261631
    0.259206
    0.202552
    0.015355
   -0.022853
    0.031082
    0.086631
    0.196771
    0.132749
    0.142545
    0.173579
    0.107729
    0.210358
    0.233068
    0.209951
    0.109079
    0.180547
    0.194576
    0.169680
    0.094789
    0.204713
    0.170231
    0.066091
    0.162997
    0.141211
    0.287918
    0.242623
    0.166344
    0.223599
    0.252598
    0.241557
    0.103291
    0.122707
    0.249309
    0.256728
    0.184802
    0.075503
   -0.016359
    0.034129
    0.172909
    0.245750
    0.027505
    0.209196
    0.232768
    0.141962
    0.249595
    0.229322
    0.148022
    0.095273
    0.188062
    0.219782
    0.142089
    0.068624
    0.180577
    0.225444
    0.153979
    0.196490
   -0.108396
   -0.116876
    0.125584
    0.090956
    0.236292
    0.216032
    0.173698
    0.044354
    0.143441
    0.193010
    0.186682
   -0.001130
   -0.074608
   -0.007813
    0.135958
    0.191610
   -0.132838
    0.041655
    0.162869
    0.201516
    0.129762
    0.112958
   -0.012978
   -0.028152
    0.041156
    0.193171
    0.230172
    0.209573
    0.270776
    0.252835
    0.260769
    0.246166
   -0.003635
   -0.041110
    0.147674
    0.221730
    0.119507
    0.241098
    0.236168
    0.254235
    0.247530
    0.273386
    0.270375
    0.298047
    0.267894
    0.132854
   -0.006293
   -0.003052
   -0.172775
   -0.134287
    0.099986
    0.158564
    0.162640
    0.250981
    0.246036
    0.274662
    0.277490
    0.226107
    0.104193
    0.002194
    0.049148
    0.183386
    0.298464
    0.297313
    0.212008
    0.104586
    0.203349
    0.214026
    0.242813
    0.146278
    0.127318
    0.077390
    0.017299
    0.077814
    0.227475
    0.309167
    0.294525
    0.284498
    0.294696
    0.289348
    0.264513
    0.264062
    0.233234
    0.157171
    0.065889
    0.010429
    0.123537
    0.234348
    0.309538
    0.308205
    0.280550
    0.242644
    0.173740
    0.126085
    0.175257
    0.229574
    0.176024
    0.060021
    0.068988
    0.157674
    0.205820
    0.189114
    0.234347
    0.256321
    0.305021
    0.237475
    0.163700
    0.047571
    0.039413
    0.082093
    0.087745
    0.243543
    0.167037
    0.262324
    0.282454
    0.285393
    0.236794
    0.269811
    0.165115
    0.233135
    0.275666
    0.233545
    0.161213
    0.102191
    0.124160
    0.144023
    0.121971
    0.210522
    0.279992
    0.290089
    0.295169
    0.300632
    0.281342
    0.243536
    0.147929
    0.274977
    0.262363
    0.274192
    0.216778
    0.056339
   -0.015082
    0.035368
    0.050644
    0.195542
    0.180481
    0.194072
    0.153920
    0.126527
    0.212761
    0.252736
    0.259180
    0.287448
    0.253002
    0.127863
    0.002853
    0.000594
    0.083396
    0.196732
    0.289107
    0.297487
    0.120355
    0.209911
    0.260101
    0.238883
    0.245500
    0.194655
    0.085868
    0.012148
    0.078013
    0.196569
    0.322963
    0.318199
    0.244842
    0.109979
    0.263106
    0.271220
    0.101472
    0.172311
    0.127432
    0.022389
   -0.003986
    0.099204
    0.235541
    0.292536
    0.289237
    0.267852
    0.234116
    0.246244
    0.210701
    0.151249
    0.235430
    0.267032
    0.000202
   -0.008528
    0.130108
    0.228981
    0.256491
    0.254467
    0.251974
    0.265705
    0.169938
   -0.007520
   -0.044423
    0.016208
    0.148557
    0.199784
    0.168804
    0.250356
    0.193068
    0.091832
    0.204682
    0.253666
    0.187195
    0.105293
    0.197835
    0.210402
    0.094429
    0.135710
    0.199494
    0.130884
    0.090016
    0.165916
    0.108311
    0.224238
    0.221777
    0.150657
    0.224617
    0.263117
    0.230980
    0.078536
    0.177166
    0.245423
    0.272676
    0.197732
    0.128749
   -0.004330
    0.097938
    0.184438
    0.173486
    0.217379
    0.170986
    0.218100
    0.202925
    0.244722
    0.250776
    0.091797
    0.072932
    0.209656
    0.195683
    0.065734
    0.081369
    0.152444
    0.240688
    0.210235
    0.207341
    0.160488
   -0.062356
    0.144857
    0.121284
    0.224722
    0.227325
    0.143928
    0.051734
    0.189795
    0.214281
    0.134789
    0.019279
   -0.080386
   -0.044641
    0.121901
    0.194141
    0.117127
    0.141601
    0.177236
    0.134286
    0.188327
    0.076001
   -0.024929
   -0.015850
    0.113055
    0.215163
    0.224358
    0.175579
    0.240954
    0.277799
    0.263115
    0.236564
    0.139481
    0.038511
    0.167287
    0.225363
    0.172076
    0.222341
    0.234131
    0.192202
    0.245717
    0.278222
    0.286786
    0.275301
    0.271614
    0.177927
    0.045323
   -0.021226
    0.052037
   -0.148173
    0.165135
    0.214034
    0.118501
    0.228163
    0.262086
    0.273215
    0.271997
    0.243305
    0.101962
    0.007701
    0.012928
    0.153429
    0.283565
    0.296531
    0.234342
    0.160063
    0.210805
    0.228402
    0.153796
    0.219394
    0.127235
    0.056962
    0.025720
    0.095949
    0.233944
    0.311355
    0.307425
    0.266037
    0.277908
    0.297819
    0.241468
    0.270056
    0.234466
    0.123095
    0.017429
   -0.000106
    0.131025
    0.278474
    0.315050
    0.296515
    0.271692
    0.247938
    0.210079
    0.207967
    0.234742
    0.259142
    0.271037
    0.046372
    0.082977
    0.194060
    0.243496
    0.148982
    0.238440
    0.267514
    0.306677
    0.260015
    0.077463
   -0.007036
    0.020655
    0.049980
    0.188162
    0.235402
    0.277889
    0.296809
    0.302343
    0.279088
    0.231187
    0.173509
    0.257340
    0.243901
    0.255791
    0.234207
    0.096691
    0.181199
    0.163578
    0.080610
    0.195539
    0.224144
    0.257635
    0.285136
    0.303849
    0.303568
    0.252685
    0.227262
    0.186266
    0.248870
    0.293085
    0.247616
    0.130826
    0.006038
   -0.026599
    0.010316
    0.111339
    0.222370
    0.262194
    0.222562
    0.150074
    0.134394
    0.193099
    0.255565
    0.254286
    0.278553
    0.267965
    0.186428
    0.058861
   -0.027336
    0.039036
    0.115503
    0.276605
    0.331670
    0.280318
    0.213520
    0.243972
    0.253481
    0.235836
    0.191560
    0.103352
    0.004816
    0.042112
    0.153421
    0.262087
    0.319651
    0.263203
    0.116072
    0.245237
    0.280683
    0.133360
    0.165165
    0.115138
    0.009351
   -0.006597
    0.090522
    0.218411
    0.309668
    0.310206
    0.276204
    0.250307
    0.265748
    0.231385
    0.128107
    0.207967
    0.266376
    0.191601
   -0.003672
    0.138847
    0.246795
    0.272756
    0.248685
    0.240891
    0.237804
    0.183796
    0.002817
   -0.071245
    0.019421
    0.152482
    0.216194
    0.205631
    0.254446
    0.203688
    0.100904
    0.203903
    0.230866
    0.207836
    0.101038
    0.196285
    0.211308
    0.072396
    0.109854
    0.184398
    0.101889
    0.086408
    0.191814
    0.130253
    0.224094
    0.212829
    0.127008
    0.244247
    0.257303
    0.230911
    0.080987
    0.184228
    0.243245
    0.259563
    0.220679
    0.159078
    0.051741
    0.089866
    0.200762
    0.144138
    0.195128
    0.059734
    0.195892
    0.195860
    0.266589
    0.234779
    0.115793
    0.088123
    0.196212
    0.188130
    0.027440
    0.031527
    0.136897
    0.235433
    0.233043
    0.203778
    0.196322
    0.239170
    0.175829
    0.125364
    0.225068
    0.208565
    0.118644
    0.045797
    0.188636
    0.208222
    0.116432
    0.021561
   -0.047111
   -0.020567
    0.089664
    0.195510
    0.114771
    0.216268
    0.231830
    0.115783
    0.151183
    0.097228
   -0.035854
    0.005592
    0.150557
    0.224749
    0.231214
    0.165020
    0.212236
    0.260799
    0.271858
    0.244188
    0.125167
    0.121769
    0.175023
    0.203714
    0.217201
    0.210176
    0.227642
    0.169556
    0.237773
    0.268612
    0.278693
    0.269980
    0.262059
    0.203198
    0.089823
   -0.027617
    0.008105
    0.099005
    0.134874
    0.246564
    0.139443
    0.226994
    0.259459
    0.267503
    0.284407
    0.236792
    0.147297
    0.020905
    0.004443
    0.092443
    0.232326
    0.296891
    0.268010
    0.126574
    0.220503
    0.241284
    0.129318
    0.186067
    0.142653
    0.059298
    0.026246
    0.089048
    0.214474
    0.317002
    0.326413
    0.281331
    0.269362
    0.272042
    0.261580
    0.145102
    0.218960
    0.106283
    0.011432
    0.010044
    0.134559
    0.265968
    0.330300
    0.308463
    0.280078
    0.256932
    0.244454
    0.265202
    0.280076
    0.271065
    0.240586
    0.228506
    0.109314
    0.206342
    0.264044
    0.162743
    0.239516
    0.277046
    0.281547
    0.251488
    0.082120
   -0.036345
    0.010356
    0.058869
    0.225701
    0.276628
    0.245336
    0.254080
    0.319543
    0.262887
    0.264796
    0.147331
    0.251114
    0.269121
    0.250379
    0.203484
    0.107994
    0.184249
    0.206846
    0.083418
    0.209022
    0.265267
    0.248423
    0.233925
    0.283125
    0.282535
    0.253565
    0.182091
    0.217537
    0.278877
    0.277776
    0.218994
    0.072080
   -0.006759
   -0.020854
    0.029110
    0.177069
    0.241225
    0.260803
    0.229410
    0.122205
    0.113138
    0.145137
    0.181554
    0.193194
    0.198620
    0.207763
    0.164257
    0.080524
    0.016575
   -0.014019
    0.042393
    0.153427
    0.236556
    0.240346
    0.211094
    0.161055
    0.189469
    0.184239
    0.168158
    0.085025
    0.020039
   -0.000038
    0.089044
    0.170507
    0.227739
    0.212747
    0.088029
    0.166334
    0.223961
    0.158042
   -0.092109
    0.089550
    0.009209
   -0.018382
    0.040573
    0.134724
    0.208328
    0.240184
    0.218573
    0.192991
    0.194880
    0.208594
    0.069691
    0.144984
    0.188989
    0.184397
   -0.064947
    0.111671
    0.190693
    0.204310
    0.194113
    0.185906
    0.182859
    0.130971
    0.020617
   -0.049087
   -0.021666
    0.154096
    0.107761
    0.171044
    0.195562
    0.226994
   -0.033001
    0.138049
    0.196179
    0.132212
    0.080376
    0.167731
    0.162913
    0.029992
    0.093100
    0.164981
    0.031388
    0.085738
    0.130093
    0.112409
    0.164296
    0.197917
    0.028907
    0.165824
    0.212797
    0.169386
    0.047215
    0.143722
    0.200437
    0.173400
    0.174388
    0.164577
    0.013855
    0.080234
    0.162997
    0.060933
    0.176503
    0.031608
   -0.131834
    0.169902
    0.184924
    0.210211
    0.027849
    0.116103
    0.170080
    0.140079
    0.006773
   -0.003895
    0.073441
    0.166602
    0.192407
    0.086685
    0.178271
    0.196090
    0.194381
    0.139102
    0.151460
    0.203634
    0.038559
    0.037294
    0.138073
    0.177551
    0.049025
    0.047790
   -0.018965
   -0.059099
    0.098405
    0.122739
    0.118863
    0.137557
    0.179628
    0.078011
    0.159979
    0.031440
   -0.018253
   -0.026060
    0.145269
    0.175143
    0.153961
    0.111396
    0.141691
    0.185172
    0.199291
    0.197287
    0.088857
    0.137041
    0.065937
    0.080440
    0.188748
    0.186566
    0.169595
    0.110251
    0.175564
    0.203226
    0.203173
    0.216244
    0.200092
    0.163841
    0.109253
    0.007394
   -0.044828
    0.037719
    0.147509
    0.125509
    0.162191
    0.149901
    0.189990
    0.195287
    0.205897
    0.193643
    0.112822
    0.035591
   -0.000960
    0.039113
    0.117443
    0.212483
    0.161082
    0.157489
    0.150251
    0.172431
    0.115708
    0.136908
    0.124244
    0.037514
    0.012549
    0.055826
    0.128969
    0.211542
    0.244091
    0.216123
    0.205910
    0.217428
    0.196527
    0.111032
    0.178908
    0.077314
   -0.013247
    0.019638
    0.103492
    0.201324
    0.233051
    0.219244
    0.216641
    0.194372
    0.200827
    0.210095
    0.217376
    0.211484
    0.218410
    0.072826
    0.197730
    0.180573
    0.135136
    0.191053
    0.172786
    0.215160
    0.223803
    0.196341
    0.055760
   -0.011470
   -0.022933
    0.066765
    0.171968
    0.221822
    0.228497
    0.113400
    0.162097
    0.230201
    0.179556
    0.134840
    0.177177
    0.212738
    0.196921
    0.097618
    0.075606
    0.167407
    0.123212
    0.065884
    0.149546
    0.212676
    0.209298
    0.158210
    0.106167
    0.204263
    0.185214
    0.086486
    0.196712
    0.196408
    0.224941
    0.160347
    0.040410
    0.018404
   -0.036126
    0.042802
    0.150070
    0.192906
    0.192952
    0.162317
    0.071386
