   -0.329593
   -0.329997
   -0.329634
   -0.329843
   -0.329831
   -0.330048
   -0.330026
   -0.329890
   -0.330253
   -0.330230
   -0.330520
   -0.329852
   -0.330096
   -0.329863
   -0.330043
   -0.329691
   -0.330735
   -0.329926
   -0.330694
   -0.330078
   -0.330502
   -0.329870
   -0.330308
   -0.330031
   -0.330070
   -0.329696
   -0.329793
   -0.330086
   -0.330211
   -0.330085
   -0.330257
   -0.330263
   -0.329509
   -0.330076
   -0.329555
   -0.329921
   -0.329748
   -0.330127
   -0.329947
   -0.329956
   -0.330202
   -0.330280
   -0.330490
   -0.329878
   -0.330078
   -0.329872
   -0.330039
   -0.329686
   -0.330762
   -0.329898
   -0.330723
   -0.340104
   -0.338446
   -0.338614
   -0.340496
   -0.317833
   -0.344458
   -0.323227
   -0.324663
   -0.342177
   -0.322352
   -0.325777
   -0.323061
   -0.329640
   -0.335392
   -0.335736
   -0.335419
   -0.326337
   -0.320445
   -0.332938
   -0.329249
   -0.339950
   -0.326046
   -0.329440
   -0.316141
   -0.332634
   -0.309761
   -0.324118
   -0.321446
   -0.326806
   -0.336394
   -0.335788
   -0.336371
   -0.325030
   -0.334921
   -0.339995
   -0.322384
   -0.332967
   -0.335731
   -0.339843
   -0.315408
   -0.200199
   -0.229098
   -0.250778
   -0.310854
   -0.330840
   -0.237480
   -0.237486
   -0.237497
   -0.239527
   -0.241201
   -0.239743
   -0.232042
   -0.243290
   -0.240333
   -0.223356
    0.070392
    0.036495
    0.020977
   -0.057331
   -0.223435
   -0.299307
   -0.209445
   -0.209162
   -0.209445
   -0.188430
   -0.208629
   -0.206080
   -0.208411
   -0.206858
   -0.203955
   -0.012627
    0.065464
    0.022251
   -0.001718
   -0.172613
   -0.282756
   -0.238197
   -0.188401
   -0.188575
   -0.188392
   -0.200777
   -0.185566
   -0.175162
   -0.192938
   -0.195966
   -0.125899
    0.083898
    0.040206
    0.018283
   -0.118782
   -0.278669
   -0.274452
   -0.192944
   -0.125823
   -0.125521
   -0.125839
   -0.121968
   -0.109135
   -0.121759
   -0.123510
   -0.118170
    0.090717
    0.050081
    0.018093
   -0.046369
   -0.228660
   -0.288923
   -0.200509
   -0.139849
   -0.053011
   -0.052989
   -0.052990
   -0.032762
   -0.036620
   -0.039470
   -0.048234
    0.034064
    0.060353
    0.040853
   -0.000170
   -0.172820
   -0.266356
   -0.225736
   -0.107441
   -0.056994
    0.001212
    0.009691
   -0.004630
   -0.001050
    0.007111
    0.003281
    0.012859
    0.108702
    0.045541
    0.003843
   -0.092014
   -0.252439
   -0.272153
   -0.105927
   -0.020135
   -0.007419
    0.070990
    0.076667
    0.065227
    0.062510
    0.088322
    0.074360
    0.119219
    0.075845
    0.035071
   -0.012707
   -0.206196
   -0.266300
   -0.097389
    0.074835
    0.099388
    0.075076
    0.133646
    0.130983
    0.130760
    0.126724
    0.140233
    0.126127
    0.114570
    0.031669
    0.005651
   -0.138997
   -0.264636
   -0.214844
    0.088433
    0.143148
    0.130290
    0.121497
    0.151725
    0.145867
    0.160431
    0.151644
    0.169622
    0.122721
    0.044988
    0.018790
   -0.056278
   -0.237522
   -0.287659
   -0.049848
    0.092054
    0.104373
    0.128370
    0.143615
    0.154041
    0.150998
    0.174224
    0.180437
    0.152528
    0.085495
    0.038274
   -0.004611
   -0.161257
   -0.282935
   -0.176487
    0.044371
    0.069743
    0.104133
    0.115626
    0.139341
   -0.408791
   -0.408056
   -0.408698
   -0.408098
   -0.408646
   -0.408578
   -0.408661
   -0.408551
   -0.408835
   -0.408919
   -0.409047
   -0.408448
   -0.408646
   -0.408514
   -0.408508
   -0.408295
   -0.408948
   -0.409631
   -0.409039
   -0.409593
   -0.409085
   -0.409113
   -0.409071
   -0.409137
   -0.408905
   -0.408761
   -0.408699
   -0.409225
   -0.409111
   -0.409149
   -0.409256
   -0.409362
   -0.408835
   -0.408009
   -0.408747
   -0.408042
   -0.408708
   -0.408521
   -0.408723
   -0.408499
   -0.408883
   -0.408880
   -0.409088
   -0.408415
   -0.408674
   -0.408493
   -0.408527
   -0.408280
   -0.408933
   -0.409654
   -0.409012
   -0.415996
   -0.415409
   -0.414744
   -0.408825
   -0.394840
   -0.424574
   -0.400165
   -0.410910
   -0.421415
   -0.404038
   -0.409256
   -0.396361
   -0.389952
   -0.415927
   -0.415189
   -0.415866
   -0.405180
   -0.395189
   -0.401964
   -0.404524
   -0.413458
   -0.403864
   -0.411856
   -0.392739
   -0.418444
   -0.388157
   -0.402679
   -0.398604
   -0.414054
   -0.416161
   -0.416711
   -0.416220
   -0.403155
   -0.403848
   -0.425704
   -0.402569
   -0.404797
   -0.412455
   -0.417982
   -0.383499
   -0.255125
   -0.288446
   -0.315651
   -0.399877
   -0.427447
   -0.294471
   -0.293767
   -0.294421
   -0.293710
   -0.300198
   -0.294036
   -0.297469
   -0.301211
   -0.290982
   -0.274431
    0.105325
    0.040787
    0.023349
   -0.084809
   -0.297970
   -0.373785
   -0.259217
   -0.259477
   -0.259253
   -0.234454
   -0.256365
   -0.263584
   -0.254113
   -0.257867
   -0.255365
   -0.000074
    0.089831
    0.022723
   -0.011996
   -0.229284
   -0.356136
   -0.291400
   -0.233451
   -0.233375
   -0.233424
   -0.241183
   -0.237841
   -0.214297
   -0.232866
   -0.248671
   -0.143794
    0.107484
    0.053194
    0.012141
   -0.162311
   -0.347620
   -0.330401
   -0.238186
   -0.155822
   -0.155750
   -0.155845
   -0.149283
   -0.127816
   -0.148234
   -0.148390
   -0.143271
    0.107499
    0.069861
    0.022516
   -0.073025
   -0.297896
   -0.357978
   -0.247112
   -0.178173
   -0.065609
   -0.065547
   -0.065592
   -0.040537
   -0.040634
   -0.042208
   -0.054337
    0.053634
    0.079653
    0.040129
   -0.006285
   -0.229981
   -0.335274
   -0.290875
   -0.147686
   -0.074221
    0.000726
    0.010493
   -0.007852
    0.003927
    0.000649
    0.007159
    0.022485
    0.129185
    0.058247
    0.001861
   -0.141141
   -0.320286
   -0.352956
   -0.154489
   -0.060685
   -0.033254
    0.087973
    0.093696
    0.080154
    0.082921
    0.103439
    0.102801
    0.139686
    0.085475
    0.055580
   -0.026192
   -0.274964
   -0.325575
   -0.117378
    0.084900
    0.103740
    0.072718
    0.165502
    0.162783
    0.162615
    0.156842
    0.176996
    0.152105
    0.132535
    0.044426
    0.007496
   -0.185003
   -0.325869
   -0.226793
    0.130977
    0.179954
    0.162149
    0.148254
    0.188672
    0.182190
    0.200120
    0.188048
    0.201464
    0.136828
    0.059838
    0.024118
   -0.088266
   -0.293162
   -0.324506
    0.025532
    0.183558
    0.174376
    0.182310
    0.186956
    0.192044
    0.189058
    0.217723
    0.216119
    0.180821
    0.099279
    0.039239
   -0.007826
   -0.213158
   -0.353862
   -0.163701
    0.171940
    0.181488
    0.192924
    0.192992
    0.199804
   -0.410165
   -0.410783
   -0.410190
   -0.410669
   -0.410345
   -0.410980
   -0.410547
   -0.410779
   -0.410816
   -0.411005
   -0.411015
   -0.410555
   -0.410715
   -0.410584
   -0.410563
   -0.410375
   -0.411884
   -0.411237
   -0.411862
   -0.411349
   -0.411711
   -0.411034
   -0.411511
   -0.411235
   -0.411238
   -0.411009
   -0.411034
   -0.411465
   -0.411332
   -0.411440
   -0.411484
   -0.411652
   -0.410141
   -0.410810
   -0.410164
   -0.410698
   -0.410312
   -0.411016
   -0.410512
   -0.410812
   -0.410793
   -0.411036
   -0.411000
   -0.410576
   -0.410701
   -0.410599
   -0.410549
   -0.410384
   -0.411842
   -0.411232
   -0.411826
   -0.409229
   -0.411744
   -0.422683
   -0.404481
   -0.404178
   -0.420559
   -0.404637
   -0.411640
   -0.407121
   -0.414315
   -0.417920
   -0.399351
   -0.386688
   -0.417392
   -0.417847
   -0.417400
   -0.418627
   -0.398203
   -0.395209
   -0.402720
   -0.405023
   -0.417455
   -0.412314
   -0.399615
   -0.417696
   -0.381902
   -0.409169
   -0.402711
   -0.423233
   -0.418890
   -0.418503
   -0.418880
   -0.399168
   -0.405313
   -0.430499
   -0.409315
   -0.403512
   -0.405345
   -0.419048
   -0.385243
   -0.255565
   -0.281236
   -0.318158
   -0.417247
   -0.431619
   -0.295514
   -0.295667
   -0.295519
   -0.290677
   -0.299275
   -0.290919
   -0.307272
   -0.302212
   -0.298465
   -0.268055
    0.119229
    0.049160
    0.022779
   -0.090974
   -0.316637
   -0.370762
   -0.260861
   -0.260673
   -0.260872
   -0.244318
   -0.259320
   -0.268243
   -0.249774
   -0.259731
   -0.260995
    0.003785
    0.088538
    0.027186
   -0.017256
   -0.245749
   -0.359211
   -0.300649
   -0.234475
   -0.234670
   -0.234460
   -0.237566
   -0.239552
   -0.225682
   -0.225995
   -0.257760
   -0.124270
    0.102845
    0.052004
    0.009324
   -0.168737
   -0.348290
   -0.326759
   -0.247612
   -0.156774
   -0.156554
   -0.156795
   -0.148074
   -0.122300
   -0.143333
   -0.150833
   -0.144108
    0.095557
    0.078668
    0.029733
   -0.087595
   -0.305751
   -0.342360
   -0.244273
   -0.171684
   -0.065854
   -0.065865
   -0.065829
   -0.041476
   -0.043046
   -0.039598
   -0.055939
    0.061041
    0.082380
    0.034915
   -0.014818
   -0.248930
   -0.332329
   -0.286060
   -0.128704
   -0.053954
   -0.001509
    0.006140
   -0.014478
    0.011963
   -0.004221
   -0.003415
    0.021457
    0.131287
    0.058462
    0.001558
   -0.145715
   -0.323162
   -0.337577
   -0.102048
   -0.019931
    0.011719
    0.088515
    0.089868
    0.078487
    0.099406
    0.107136
    0.106154
    0.142296
    0.086933
    0.053411
   -0.041476
   -0.293922
   -0.315826
   -0.096195
    0.100694
    0.118082
    0.094079
    0.166271
    0.165790
    0.165540
    0.166064
    0.181370
    0.154808
    0.140934
    0.049005
   -0.000161
   -0.203746
   -0.340759
   -0.194902
    0.147686
    0.184493
    0.171501
    0.149180
    0.191922
    0.187544
    0.205596
    0.191869
    0.195252
    0.136347
    0.071907
    0.025099
   -0.100057
   -0.295656
   -0.316483
    0.067211
    0.210792
    0.186788
    0.189936
    0.187667
    0.197328
    0.196514
    0.225318
    0.212290
    0.170648
    0.097717
    0.041083
   -0.013773
   -0.218106
   -0.345740
   -0.133609
    0.217751
    0.208928
    0.192408
    0.220576
    0.220369
   -0.410516
   -0.410636
   -0.410511
   -0.410575
   -0.410552
   -0.410960
   -0.410676
   -0.410891
   -0.410899
   -0.411122
   -0.411123
   -0.410672
   -0.410812
   -0.410727
   -0.410621
   -0.410500
   -0.411670
   -0.411643
   -0.411681
   -0.411697
   -0.411645
   -0.411304
   -0.411526
   -0.411367
   -0.411314
   -0.411126
   -0.411097
   -0.411569
   -0.411418
   -0.411503
   -0.411618
   -0.411724
   -0.410593
   -0.410564
   -0.410580
   -0.410512
   -0.410615
   -0.410908
   -0.410733
   -0.410850
   -0.410937
   -0.411096
   -0.411151
   -0.410654
   -0.410828
   -0.410723
   -0.410626
   -0.410503
   -0.410932
   -0.411002
   -0.410946
   -0.406159
   -0.406551
   -0.426974
   -0.402802
   -0.406215
   -0.419946
   -0.402491
   -0.408834
   -0.397315
   -0.414872
   -0.422841
   -0.407960
   -0.396098
   -0.416427
   -0.416342
   -0.416419
   -0.424727
   -0.405711
   -0.393731
   -0.407893
   -0.407978
   -0.422270
   -0.419685
   -0.404060
   -0.413402
   -0.379484
   -0.412010
   -0.404081
   -0.425292
   -0.417332
   -0.417461
   -0.417348
   -0.398233
   -0.402918
   -0.436415
   -0.409172
   -0.402113
   -0.407086
   -0.414699
   -0.387283
   -0.256413
   -0.275637
   -0.310349
   -0.411367
   -0.424700
   -0.295083
   -0.294874
   -0.295071
   -0.284004
   -0.297288
   -0.283632
   -0.306736
   -0.299431
   -0.297471
   -0.263087
    0.125038
    0.052518
    0.028515
   -0.078160
   -0.304883
   -0.357232
   -0.260164
   -0.260114
   -0.260170
   -0.250734
   -0.265813
   -0.269912
   -0.250725
   -0.263579
   -0.264783
   -0.000368
    0.083791
    0.033794
   -0.008526
   -0.235222
   -0.341686
   -0.297409
   -0.233955
   -0.234128
   -0.233951
   -0.241861
   -0.233173
   -0.232121
   -0.220633
   -0.257216
   -0.121055
    0.104566
    0.047184
    0.014484
   -0.162184
   -0.338814
   -0.317097
   -0.248821
   -0.156165
   -0.155928
   -0.156170
   -0.145056
   -0.120930
   -0.132050
   -0.146033
   -0.138458
    0.101638
    0.080775
    0.034863
   -0.089601
   -0.305019
   -0.337636
   -0.243889
   -0.171017
   -0.065163
   -0.065252
   -0.065158
   -0.044984
   -0.044378
   -0.040535
   -0.056790
    0.064403
    0.080717
    0.034197
   -0.020415
   -0.255449
   -0.333900
   -0.292431
   -0.128007
   -0.050375
   -0.002426
    0.004603
   -0.016529
    0.003884
   -0.011400
   -0.012917
    0.018955
    0.134262
    0.055515
    0.006130
   -0.135960
   -0.323407
   -0.332535
   -0.078674
    0.000485
    0.030717
    0.088496
    0.088529
    0.077933
    0.101879
    0.103606
    0.101594
    0.139214
    0.088067
    0.047209
   -0.043387
   -0.300255
   -0.321028
   -0.093639
    0.106594
    0.125367
    0.104819
    0.166325
    0.166477
    0.166307
    0.165336
    0.176527
    0.150771
    0.138870
    0.047239
   -0.002481
   -0.197788
   -0.352111
   -0.197567
    0.146446
    0.185594
    0.175492
    0.154400
    0.192657
    0.188983
    0.206994
    0.201979
    0.198612
    0.142154
    0.071664
    0.022125
   -0.098870
   -0.291766
   -0.335858
    0.057811
    0.202209
    0.182577
    0.190184
    0.190304
    0.198748
    0.198667
    0.227431
    0.217194
    0.174713
    0.103005
    0.037434
   -0.016208
   -0.210540
   -0.334983
   -0.138145
    0.194912
    0.185568
    0.173407
    0.218282
    0.222513
   -0.410968
   -0.410191
   -0.410836
   -0.410211
   -0.410804
   -0.410575
   -0.410929
   -0.410582
   -0.411093
   -0.410898
   -0.411217
   -0.410524
   -0.410710
   -0.410699
   -0.410589
   -0.410475
   -0.411277
   -0.411895
   -0.411394
   -0.411890
   -0.411413
   -0.411536
   -0.411278
   -0.411540
   -0.411098
   -0.411237
   -0.410960
   -0.411622
   -0.411461
   -0.411458
   -0.411575
   -0.411687
   -0.410808
   -0.410339
   -0.410705
   -0.410329
   -0.410699
   -0.410672
   -0.410845
   -0.410653
   -0.411045
   -0.410943
   -0.411197
   -0.410546
   -0.410701
   -0.410702
   -0.410593
   -0.410465
   -0.409222
   -0.409607
   -0.409318
   -0.411763
   -0.406601
   -0.428673
   -0.405005
   -0.407942
   -0.424797
   -0.404078
   -0.407451
   -0.399469
   -0.420764
   -0.423674
   -0.414435
   -0.406493
   -0.413586
   -0.413215
   -0.413496
   -0.426853
   -0.411340
   -0.397784
   -0.413711
   -0.414341
   -0.421807
   -0.421743
   -0.409016
   -0.413542
   -0.385510
   -0.415119
   -0.403555
   -0.421980
   -0.412119
   -0.412472
   -0.412196
   -0.402522
   -0.406399
   -0.438093
   -0.409904
   -0.404372
   -0.412515
   -0.417041
   -0.392272
   -0.252237
   -0.272133
   -0.311640
   -0.407352
   -0.422548
   -0.293064
   -0.292551
   -0.292991
   -0.283973
   -0.298687
   -0.280851
   -0.305293
   -0.297158
   -0.295526
   -0.266586
    0.122161
    0.052062
    0.028639
   -0.078949
   -0.298864
   -0.354416
   -0.257716
   -0.258106
   -0.257793
   -0.254646
   -0.266376
   -0.268519
   -0.248269
   -0.259814
   -0.261141
   -0.000363
    0.079443
    0.035533
   -0.015993
   -0.232185
   -0.337945
   -0.299743
   -0.235420
   -0.235217
   -0.235348
   -0.247385
   -0.231845
   -0.230503
   -0.213914
   -0.249131
   -0.120080
    0.106652
    0.043307
    0.008390
   -0.168199
   -0.341425
   -0.323018
   -0.253179
   -0.155132
   -0.155256
   -0.155203
   -0.144709
   -0.121541
   -0.127608
   -0.137787
   -0.124768
    0.114925
    0.080082
    0.034726
   -0.090396
   -0.301071
   -0.343824
   -0.250750
   -0.169806
   -0.063872
   -0.063632
   -0.063804
   -0.048530
   -0.045843
   -0.035863
   -0.045129
    0.076058
    0.081111
    0.036195
   -0.024139
   -0.254892
   -0.329727
   -0.292957
   -0.133968
   -0.052140
   -0.009140
   -0.002378
   -0.015812
    0.000341
   -0.011571
    0.004431
    0.011464
    0.128472
    0.049289
   -0.001330
   -0.140244
   -0.322440
   -0.333108
   -0.091625
   -0.005418
    0.022696
    0.087003
    0.088634
    0.082594
    0.100932
    0.094799
    0.106200
    0.134233
    0.083331
    0.037999
   -0.057026
   -0.289162
   -0.335377
   -0.106990
    0.097040
    0.107535
    0.088359
    0.165632
    0.166543
    0.166255
    0.177557
    0.171942
    0.152670
    0.137907
    0.042122
   -0.015878
   -0.205957
   -0.352295
   -0.220669
    0.141926
    0.180906
    0.174222
    0.161509
    0.192710
    0.189720
    0.206335
    0.207554
    0.188908
    0.143273
    0.069102
    0.023568
   -0.104540
   -0.296471
   -0.342591
    0.028942
    0.182072
    0.174870
    0.190248
    0.199937
    0.198792
    0.200094
    0.227444
    0.220987
    0.171349
    0.108405
    0.035829
   -0.018748
   -0.220496
   -0.341523
   -0.159225
    0.144852
    0.140860
    0.142247
    0.202087
    0.206445
   -0.410263
   -0.410899
   -0.410309
   -0.410759
   -0.410376
   -0.411003
   -0.410557
   -0.410951
   -0.410822
   -0.411189
   -0.411082
   -0.410648
   -0.410553
   -0.410744
   -0.410570
   -0.410528
   -0.411876
   -0.411426
   -0.411851
   -0.411546
   -0.411801
   -0.411286
   -0.411632
   -0.411324
   -0.411383
   -0.411070
   -0.411136
   -0.411602
   -0.411678
   -0.411493
   -0.411670
   -0.411703
   -0.410432
   -0.410750
   -0.410443
   -0.410641
   -0.410483
   -0.410913
   -0.410643
   -0.410886
   -0.410880
   -0.411151
   -0.411120
   -0.410621
   -0.410573
   -0.410736
   -0.410577
   -0.410529
   -0.411075
   -0.410921
   -0.411079
   -0.424616
   -0.407993
   -0.418500
   -0.404257
   -0.401920
   -0.428497
   -0.407482
   -0.399532
   -0.400162
   -0.421753
   -0.410678
   -0.409348
   -0.416065
   -0.416358
   -0.416484
   -0.416350
   -0.425612
   -0.416948
   -0.405083
   -0.409135
   -0.413618
   -0.413047
   -0.415278
   -0.416153
   -0.406964
   -0.398450
   -0.414223
   -0.398351
   -0.405281
   -0.408786
   -0.408786
   -0.408812
   -0.410946
   -0.413822
   -0.428512
   -0.407171
   -0.409188
   -0.419111
   -0.418279
   -0.395910
   -0.236520
   -0.261557
   -0.324049
   -0.405107
   -0.420525
   -0.292189
   -0.292011
   -0.292163
   -0.286124
   -0.296496
   -0.281402
   -0.307450
   -0.298696
   -0.293971
   -0.269438
    0.114390
    0.054021
    0.024191
   -0.096234
   -0.297998
   -0.358806
   -0.257231
   -0.257198
   -0.257253
   -0.252247
   -0.261537
   -0.268427
   -0.249195
   -0.258561
   -0.260455
    0.006766
    0.079578
    0.043836
   -0.036537
   -0.230337
   -0.329640
   -0.301229
   -0.245318
   -0.245573
   -0.245293
   -0.248910
   -0.233820
   -0.232972
   -0.224819
   -0.247209
   -0.127896
    0.110942
    0.051405
    0.001052
   -0.177690
   -0.339522
   -0.327972
   -0.249051
   -0.158934
   -0.158704
   -0.158959
   -0.135107
   -0.124470
   -0.139895
   -0.151773
   -0.120616
    0.130086
    0.077261
    0.042168
   -0.085582
   -0.284571
   -0.351799
   -0.266655
   -0.160192
   -0.065101
   -0.065175
   -0.065078
   -0.045622
   -0.050796
   -0.041883
   -0.040273
    0.075310
    0.070728
    0.039980
   -0.020503
   -0.252079
   -0.316494
   -0.285137
   -0.144207
   -0.056426
   -0.029613
   -0.023249
   -0.014364
    0.005477
   -0.001397
    0.014309
    0.016676
    0.125690
    0.039771
   -0.001833
   -0.151024
   -0.329010
   -0.326689
   -0.137415
   -0.027630
    0.009725
    0.083486
    0.089979
    0.097236
    0.089284
    0.099439
    0.095300
    0.125849
    0.069529
    0.034915
   -0.072761
   -0.264470
   -0.333591
   -0.124654
    0.084015
    0.068253
    0.039359
    0.164166
    0.167988
    0.165581
    0.172015
    0.178707
    0.140291
    0.125360
    0.019454
   -0.014706
   -0.188819
   -0.338544
   -0.241602
    0.151573
    0.182776
    0.171417
    0.159460
    0.194117
    0.193263
    0.203496
    0.202611
    0.192085
    0.154241
    0.064712
    0.025693
   -0.088932
   -0.288288
   -0.341466
    0.053226
    0.200301
    0.194991
    0.207455
    0.212388
    0.199502
    0.205163
    0.226781
    0.210687
    0.175908
    0.124377
    0.046821
   -0.004139
   -0.209985
   -0.347888
   -0.157341
    0.201462
    0.194763
    0.172493
    0.220585
    0.194004
   -0.411130
   -0.410099
   -0.410961
   -0.410115
   -0.410906
   -0.410464
   -0.410978
   -0.410509
   -0.411089
   -0.410927
   -0.411199
   -0.410501
   -0.410567
   -0.410680
   -0.410565
   -0.410508
   -0.411117
   -0.411983
   -0.411270
   -0.411985
   -0.411309
   -0.411651
   -0.411223
   -0.411620
   -0.411095
   -0.411212
   -0.410973
   -0.411650
   -0.411602
   -0.411478
   -0.411598
   -0.411655
   -0.410973
   -0.410244
   -0.410835
   -0.410226
   -0.410812
   -0.410547
   -0.410913
   -0.410562
   -0.411057
   -0.410958
   -0.411192
   -0.410510
   -0.410567
   -0.410675
   -0.410577
   -0.410491
   -0.412649
   -0.413265
   -0.412770
   -0.425449
   -0.414385
   -0.407317
   -0.408516
   -0.395881
   -0.427663
   -0.409765
   -0.396719
   -0.399400
   -0.413585
   -0.401563
   -0.403147
   -0.410131
   -0.418711
   -0.418177
   -0.418601
   -0.425403
   -0.418682
   -0.404866
   -0.405933
   -0.416446
   -0.408978
   -0.415451
   -0.415487
   -0.409085
   -0.398913
   -0.419413
   -0.404943
   -0.398503
   -0.407782
   -0.408209
   -0.407875
   -0.414720
   -0.409213
   -0.431808
   -0.402005
   -0.414460
   -0.416140
   -0.416250
   -0.397335
   -0.233541
   -0.255779
   -0.327226
   -0.405030
   -0.415914
   -0.291024
   -0.290377
   -0.290936
   -0.290360
   -0.287299
   -0.287149
   -0.303203
   -0.298547
   -0.295581
   -0.266612
    0.112171
    0.064375
    0.024643
   -0.103747
   -0.302225
   -0.364339
   -0.255540
   -0.256013
   -0.255630
   -0.253220
   -0.257113
   -0.268731
   -0.248336
   -0.254267
   -0.268307
    0.017495
    0.079351
    0.039799
   -0.047498
   -0.237067
   -0.329785
   -0.297353
   -0.246176
   -0.246026
   -0.246092
   -0.246121
   -0.233948
   -0.232685
   -0.233302
   -0.241323
   -0.135947
    0.119472
    0.051958
   -0.011512
   -0.190773
   -0.341991
   -0.322867
   -0.238190
   -0.158038
   -0.158153
   -0.158120
   -0.133181
   -0.125849
   -0.139854
   -0.157881
   -0.120595
    0.133599
    0.075076
    0.046876
   -0.076012
   -0.283154
   -0.354501
   -0.269428
   -0.165463
   -0.062499
   -0.062234
   -0.062421
   -0.042838
   -0.053777
   -0.044470
   -0.036734
    0.068155
    0.075996
    0.033990
   -0.016984
   -0.260298
   -0.326634
   -0.286457
   -0.145477
   -0.060230
   -0.029926
   -0.026010
   -0.013023
    0.005298
   -0.003816
    0.008380
    0.018027
    0.129885
    0.043569
    0.000198
   -0.149282
   -0.324918
   -0.320460
   -0.129661
   -0.010474
    0.017057
    0.086256
    0.095737
    0.101206
    0.087970
    0.101284
    0.081856
    0.117666
    0.070555
    0.050027
   -0.064069
   -0.263551
   -0.327589
   -0.131411
    0.089173
    0.081070
    0.051928
    0.167038
    0.173015
    0.164075
    0.173705
    0.176839
    0.133178
    0.122152
    0.019791
   -0.009360
   -0.183531
   -0.326609
   -0.266731
    0.150140
    0.185716
    0.168313
    0.164884
    0.198426
    0.198274
    0.200625
    0.193865
    0.197051
    0.161344
    0.063367
    0.023607
   -0.087766
   -0.282105
   -0.339318
    0.055988
    0.203798
    0.201646
    0.213651
    0.227725
    0.201683
    0.208698
    0.224585
    0.208078
    0.179334
    0.126293
    0.048788
    0.000014
   -0.202239
   -0.347158
   -0.160694
    0.225903
    0.221557
    0.184629
    0.226201
    0.199791
   -0.410190
   -0.411008
   -0.410272
   -0.410786
   -0.410407
   -0.410985
   -0.410587
   -0.410915
   -0.410813
   -0.411210
   -0.411091
   -0.410679
   -0.410628
   -0.410811
   -0.410664
   -0.410591
   -0.411973
   -0.411295
   -0.411909
   -0.411498
   -0.411791
   -0.411284
   -0.411623
   -0.411340
   -0.411410
   -0.411033
   -0.411142
   -0.411556
   -0.411615
   -0.411414
   -0.411588
   -0.411627
   -0.410309
   -0.410904
   -0.410365
   -0.410710
   -0.410473
   -0.410934
   -0.410633
   -0.410887
   -0.410838
   -0.411201
   -0.411103
   -0.410678
   -0.410626
   -0.410825
   -0.410649
   -0.410616
   -0.417615
   -0.417181
   -0.417573
   -0.420908
   -0.414460
   -0.404957
   -0.409323
   -0.389810
   -0.424252
   -0.408875
   -0.397446
   -0.402978
   -0.414591
   -0.399247
   -0.399332
   -0.406700
   -0.420474
   -0.420866
   -0.420508
   -0.428595
   -0.414057
   -0.399332
   -0.402044
   -0.418691
   -0.411636
   -0.413941
   -0.407508
   -0.416408
   -0.392720
   -0.421482
   -0.409901
   -0.394748
   -0.408166
   -0.407899
   -0.408152
   -0.407943
   -0.405948
   -0.437204
   -0.401489
   -0.410598
   -0.407660
   -0.410346
   -0.400295
   -0.243052
   -0.264478
   -0.328951
   -0.404384
   -0.420398
   -0.286346
   -0.286367
   -0.286357
   -0.292674
   -0.282935
   -0.284179
   -0.298103
   -0.297217
   -0.296872
   -0.263057
    0.116599
    0.063934
    0.014142
   -0.107707
   -0.303166
   -0.376782
   -0.251575
   -0.251355
   -0.251565
   -0.254353
   -0.255077
   -0.264178
   -0.244850
   -0.251333
   -0.271839
    0.021836
    0.082351
    0.045198
   -0.034341
   -0.233266
   -0.333961
   -0.301196
   -0.237280
   -0.237719
   -0.237286
   -0.239004
   -0.232384
   -0.235691
   -0.236077
   -0.234244
   -0.130670
    0.125170
    0.048534
   -0.007551
   -0.184166
   -0.336806
   -0.322275
   -0.242812
   -0.151825
   -0.151454
   -0.151823
   -0.137999
   -0.122969
   -0.131257
   -0.155140
   -0.121237
    0.130815
    0.075902
    0.052796
   -0.075522
   -0.292528
   -0.355348
   -0.264466
   -0.171654
   -0.051415
   -0.051574
   -0.051415
   -0.039247
   -0.052973
   -0.045261
   -0.033025
    0.071201
    0.082332
    0.032756
   -0.016946
   -0.272111
   -0.335946
   -0.290383
   -0.143720
   -0.054499
   -0.022396
   -0.018800
   -0.005142
    0.005447
   -0.007836
    0.005827
    0.013713
    0.132708
    0.048296
   -0.003291
   -0.140970
   -0.314420
   -0.317483
   -0.105350
    0.002663
    0.024361
    0.093574
    0.101334
    0.105100
    0.096561
    0.105738
    0.081222
    0.127224
    0.078202
    0.050683
   -0.044159
   -0.261743
   -0.320738
   -0.124705
    0.099527
    0.102370
    0.081353
    0.171962
    0.176579
    0.165635
    0.176620
    0.177928
    0.143798
    0.123245
    0.027419
    0.001618
   -0.189810
   -0.316364
   -0.270158
    0.148641
    0.190190
    0.172064
    0.174411
    0.199750
    0.199663
    0.199885
    0.184288
    0.195403
    0.162124
    0.064572
    0.022896
   -0.087122
   -0.283272
   -0.346536
    0.030138
    0.178758
    0.207253
    0.213949
    0.225395
    0.202416
    0.209477
    0.223916
    0.205040
    0.178040
    0.122011
    0.049618
    0.001202
   -0.203784
   -0.344431
   -0.178115
    0.189456
    0.187998
    0.170826
    0.215748
    0.207042
   -0.410873
   -0.410351
   -0.410759
   -0.410312
   -0.410766
   -0.410622
   -0.410834
   -0.410640
   -0.410997
   -0.410984
   -0.411157
   -0.410510
   -0.410649
   -0.410761
   -0.410665
   -0.410594
   -0.411351
   -0.411754
   -0.411451
   -0.411807
   -0.411431
   -0.411508
   -0.411353
   -0.411500
   -0.411178
   -0.411163
   -0.411010
   -0.411645
   -0.411515
   -0.411401
   -0.411490
   -0.411576
   -0.410774
   -0.410442
   -0.410682
   -0.410381
   -0.410710
   -0.410672
   -0.410797
   -0.410670
   -0.410982
   -0.411003
   -0.411156
   -0.410514
   -0.410652
   -0.410754
   -0.410684
   -0.410570
   -0.418539
   -0.418855
   -0.418623
   -0.421883
   -0.417216
   -0.407218
   -0.410634
   -0.392234
   -0.424845
   -0.410516
   -0.399523
   -0.403091
   -0.409368
   -0.402922
   -0.409385
   -0.411499
   -0.421501
   -0.421203
   -0.421422
   -0.431204
   -0.416547
   -0.399238
   -0.402987
   -0.420675
   -0.416752
   -0.416779
   -0.406921
   -0.411946
   -0.386302
   -0.420870
   -0.410679
   -0.395604
   -0.407862
   -0.408081
   -0.407925
   -0.407523
   -0.407225
   -0.442303
   -0.403539
   -0.410776
   -0.406994
   -0.410450
   -0.403140
   -0.239829
   -0.268509
   -0.323558
   -0.396280
   -0.422229
   -0.285220
   -0.284740
   -0.285159
   -0.294697
   -0.284446
   -0.284300
   -0.298892
   -0.298634
   -0.299072
   -0.265967
    0.114290
    0.065658
    0.010945
   -0.102424
   -0.295720
   -0.379572
   -0.249910
   -0.250175
   -0.249975
   -0.256670
   -0.256381
   -0.266533
   -0.245502
   -0.252845
   -0.274027
    0.020364
    0.081480
    0.047883
   -0.025318
   -0.228983
   -0.333302
   -0.301062
   -0.234746
   -0.234762
   -0.234684
   -0.240469
   -0.233985
   -0.240611
   -0.240529
   -0.234227
   -0.130209
    0.124435
    0.045702
   -0.001490
   -0.169975
   -0.331221
   -0.325795
   -0.244821
   -0.149533
   -0.149545
   -0.149593
   -0.141624
   -0.123724
   -0.130658
   -0.155982
   -0.123370
    0.127920
    0.074411
    0.052620
   -0.062534
   -0.283775
   -0.351590
   -0.268712
   -0.179374
   -0.048178
   -0.047983
   -0.048120
   -0.039974
   -0.054518
   -0.047435
   -0.035933
    0.070938
    0.081615
    0.031171
   -0.019052
   -0.253070
   -0.327848
   -0.285596
   -0.145424
   -0.065804
   -0.019469
   -0.016150
   -0.003034
    0.007646
   -0.013758
    0.000615
    0.012315
    0.129137
    0.049777
   -0.010379
   -0.122288
   -0.320843
   -0.331654
   -0.122238
   -0.024310
    0.007000
    0.095495
    0.102781
    0.106364
    0.100697
    0.109932
    0.083275
    0.129955
    0.085412
    0.035609
   -0.032090
   -0.259796
   -0.335978
   -0.137040
    0.097129
    0.105481
    0.084760
    0.171299
    0.175207
    0.168347
    0.172058
    0.174722
    0.151712
    0.129192
    0.027446
    0.006447
   -0.190380
   -0.319421
   -0.283029
    0.130936
    0.171485
    0.159710
    0.160227
    0.198347
    0.198293
    0.200507
    0.168865
    0.198483
    0.164362
    0.066891
    0.027930
   -0.067562
   -0.294966
   -0.355033
   -0.052621
    0.122999
    0.181049
    0.192324
    0.207465
    0.203136
    0.210128
    0.222511
    0.200080
    0.178029
    0.123549
    0.053189
    0.015189
   -0.202171
   -0.337862
   -0.207898
    0.080851
    0.097279
    0.120404
    0.186209
    0.194013
   -0.410412
   -0.410820
   -0.410446
   -0.410678
   -0.410548
   -0.410897
   -0.410661
   -0.410889
   -0.410854
   -0.411166
   -0.411048
   -0.410606
   -0.410556
   -0.410804
   -0.410624
   -0.410628
   -0.411778
   -0.411461
   -0.411754
   -0.411590
   -0.411664
   -0.411359
   -0.411562
   -0.411355
   -0.411379
   -0.411068
   -0.411194
   -0.411622
   -0.411696
   -0.411412
   -0.411640
   -0.411577
   -0.410481
   -0.410760
   -0.410501
   -0.410634
   -0.410586
   -0.410872
   -0.410684
   -0.410881
   -0.410861
   -0.411175
   -0.411043
   -0.410621
   -0.410537
   -0.410835
   -0.410588
   -0.410676
   -0.418898
   -0.418695
   -0.418883
   -0.422389
   -0.417343
   -0.408494
   -0.410080
   -0.394817
   -0.424973
   -0.412498
   -0.400364
   -0.401436
   -0.408714
   -0.407010
   -0.415938
   -0.413122
   -0.421272
   -0.421515
   -0.421289
   -0.432141
   -0.418466
   -0.399348
   -0.404935
   -0.419466
   -0.418754
   -0.416853
   -0.407483
   -0.410563
   -0.384686
   -0.420062
   -0.412725
   -0.397642
   -0.408074
   -0.407968
   -0.408069
   -0.408067
   -0.408665
   -0.442294
   -0.405689
   -0.409997
   -0.408404
   -0.410402
   -0.403927
   -0.242202
   -0.268778
   -0.317543
   -0.389481
   -0.421609
   -0.285033
   -0.284880
   -0.285040
   -0.295508
   -0.284404
   -0.286398
   -0.298153
   -0.300761
   -0.299038
   -0.268013
    0.113005
    0.055663
    0.007870
   -0.100639
   -0.292502
   -0.383929
   -0.250133
   -0.249944
   -0.250122
   -0.257230
   -0.256478
   -0.268454
   -0.244185
   -0.254835
   -0.274129
    0.018339
    0.080812
    0.047938
   -0.022505
   -0.227000
   -0.335443
   -0.306576
   -0.234480
   -0.234900
   -0.234489
   -0.241915
   -0.235987
   -0.240732
   -0.243260
   -0.233557
   -0.132158
    0.124499
    0.045028
    0.010868
   -0.157078
   -0.323413
   -0.324333
   -0.243448
   -0.149650
   -0.149356
   -0.149643
   -0.142275
   -0.125090
   -0.130561
   -0.158727
   -0.122667
    0.126520
    0.074417
    0.051976
   -0.048840
   -0.275379
   -0.349689
   -0.273321
   -0.186123
   -0.047937
   -0.048024
   -0.047944
   -0.040697
   -0.054498
   -0.048831
   -0.035197
    0.068233
    0.081675
    0.029838
   -0.019713
   -0.236984
   -0.323088
   -0.292601
   -0.158794
   -0.082021
   -0.018059
   -0.014489
   -0.006582
    0.010405
   -0.014935
   -0.000038
    0.012330
    0.119194
    0.044746
   -0.009699
   -0.108140
   -0.307987
   -0.338429
   -0.162781
   -0.081223
   -0.037245
    0.094308
    0.102026
    0.105804
    0.106381
    0.112126
    0.083144
    0.127785
    0.085396
    0.030136
   -0.027686
   -0.261630
   -0.337297
   -0.149133
    0.086625
    0.083784
    0.058244
    0.164112
    0.168060
    0.174225
    0.175257
    0.170031
    0.147246
    0.126799
    0.027515
    0.012891
   -0.184648
   -0.321450
   -0.274877
    0.137690
    0.174293
    0.155444
    0.135086
    0.193347
    0.193246
    0.202003
    0.174169
    0.200474
    0.161425
    0.061046
    0.026410
   -0.058410
   -0.296942
   -0.357123
   -0.000710
    0.171514
    0.201435
    0.188086
    0.201922
    0.204653
    0.211636
    0.217524
    0.199985
    0.181665
    0.126246
    0.051093
    0.013380
   -0.205826
   -0.337221
   -0.208167
    0.167855
    0.158576
    0.175037
    0.212874
    0.198480
   -0.410648
   -0.410544
   -0.410609
   -0.410490
   -0.410646
   -0.410761
   -0.410742
   -0.410740
   -0.410933
   -0.411025
   -0.411055
   -0.410526
   -0.410518
   -0.410735
   -0.410568
   -0.410588
   -0.411537
   -0.411595
   -0.411571
   -0.411655
   -0.411528
   -0.411388
   -0.411428
   -0.411414
   -0.411229
   -0.411133
   -0.411101
   -0.411638
   -0.411639
   -0.411432
   -0.411584
   -0.411585
   -0.410622
   -0.410569
   -0.410590
   -0.410507
   -0.410635
   -0.410773
   -0.410739
   -0.410741
   -0.410944
   -0.411019
   -0.411076
   -0.410511
   -0.410538
   -0.410713
   -0.410599
   -0.410551
   -0.418709
   -0.418781
   -0.418741
   -0.422433
   -0.412928
   -0.410695
   -0.405642
   -0.399251
   -0.422678
   -0.416924
   -0.400296
   -0.405353
   -0.415994
   -0.414381
   -0.415088
   -0.403666
   -0.421403
   -0.421328
   -0.421371
   -0.432039
   -0.420716
   -0.397109
   -0.409346
   -0.412844
   -0.421024
   -0.412419
   -0.407496
   -0.417776
   -0.389070
   -0.422968
   -0.418498
   -0.400519
   -0.407913
   -0.408038
   -0.407940
   -0.408101
   -0.410770
   -0.437969
   -0.409960
   -0.405693
   -0.410477
   -0.408284
   -0.403882
   -0.242887
   -0.262976
   -0.305834
   -0.376922
   -0.418013
   -0.285153
   -0.284725
   -0.285124
   -0.295435
   -0.282287
   -0.290711
   -0.293860
   -0.305037
   -0.296940
   -0.270130
    0.112925
    0.045566
    0.008660
   -0.093082
   -0.286418
   -0.392424
   -0.249932
   -0.250075
   -0.249968
   -0.257307
   -0.254225
   -0.270677
   -0.237583
   -0.259242
   -0.271868
    0.013891
    0.080809
    0.047881
   -0.019468
   -0.224720
   -0.344095
   -0.323506
   -0.234627
   -0.234728
   -0.234590
   -0.241858
   -0.240402
   -0.236362
   -0.247697
   -0.229135
   -0.136602
    0.126725
    0.044953
    0.018658
   -0.151274
   -0.315925
   -0.323032
   -0.244814
   -0.149468
   -0.149485
   -0.149506
   -0.142354
   -0.127211
   -0.128426
   -0.165179
   -0.118398
    0.124408
    0.076461
    0.052026
   -0.051341
   -0.277438
   -0.349661
   -0.268480
   -0.182415
   -0.048092
   -0.047884
   -0.048053
   -0.040654
   -0.052393
   -0.050991
   -0.028780
    0.061751
    0.083721
    0.027760
   -0.019831
   -0.232398
   -0.319476
   -0.289755
   -0.151933
   -0.071055
   -0.019427
   -0.016063
   -0.011543
    0.014819
   -0.015880
   -0.005032
    0.014492
    0.107691
    0.039152
   -0.000473
   -0.102976
   -0.305208
   -0.314454
   -0.124437
   -0.036860
   -0.004655
    0.089892
    0.099886
    0.103587
    0.109998
    0.109913
    0.085490
    0.132237
    0.087553
    0.026424
   -0.024145
   -0.273388
   -0.322128
   -0.145556
    0.105106
    0.107273
    0.093672
    0.159901
    0.163783
    0.174106
    0.167819
    0.158410
    0.143840
    0.128557
    0.031083
    0.018801
   -0.176927
   -0.320664
   -0.263773
    0.151999
    0.174335
    0.163823
    0.143628
    0.189757
    0.189686
    0.200500
    0.183180
    0.203993
    0.158701
    0.058221
    0.020126
   -0.059900
   -0.296883
   -0.357338
    0.037985
    0.194904
    0.215849
    0.179907
    0.192901
    0.203134
    0.210144
    0.213929
    0.203679
    0.185980
    0.125663
    0.046843
    0.008590
   -0.207825
   -0.341738
   -0.202010
    0.211946
    0.200551
    0.200906
    0.229506
    0.197330
   -0.410569
   -0.410685
   -0.410571
   -0.410603
   -0.410611
   -0.410886
   -0.410709
   -0.410828
   -0.410934
   -0.411087
   -0.411060
   -0.410676
   -0.410542
   -0.410834
   -0.410612
   -0.410648
   -0.411654
   -0.411567
   -0.411653
   -0.411646
   -0.411615
   -0.411359
   -0.411521
   -0.411412
   -0.411302
   -0.411145
   -0.411182
   -0.411553
   -0.411707
   -0.411388
   -0.411643
   -0.411567
   -0.410579
   -0.410676
   -0.410583
   -0.410594
   -0.410623
   -0.410879
   -0.410719
   -0.410828
   -0.410935
   -0.411098
   -0.411056
   -0.410688
   -0.410529
   -0.410855
   -0.410590
   -0.410681
   -0.418810
   -0.418773
   -0.418808
   -0.422440
   -0.411667
   -0.411339
   -0.404390
   -0.400575
   -0.422092
   -0.418256
   -0.400391
   -0.397796
   -0.409414
   -0.412017
   -0.421727
   -0.408784
   -0.421373
   -0.421428
   -0.421377
   -0.432118
   -0.421377
   -0.396536
   -0.410661
   -0.410928
   -0.421691
   -0.411159
   -0.407494
   -0.418443
   -0.386799
   -0.422283
   -0.417047
   -0.396964
   -0.407966
   -0.408065
   -0.407971
   -0.408139
   -0.411484
   -0.436653
   -0.411353
   -0.404383
   -0.411177
   -0.407660
   -0.403912
   -0.234140
   -0.262988
   -0.306770
   -0.372327
   -0.410275
   -0.285131
   -0.284791
   -0.285128
   -0.295485
   -0.281616
   -0.292103
   -0.292523
   -0.306418
   -0.296290
   -0.270824
    0.112951
    0.053542
    0.008616
   -0.096958
   -0.288129
   -0.391028
   -0.250029
   -0.250034
   -0.250030
   -0.257294
   -0.253620
   -0.271328
   -0.235653
   -0.260569
   -0.271254
    0.012591
    0.080781
    0.047222
   -0.021803
   -0.229070
   -0.348268
   -0.322224
   -0.234571
   -0.234815
   -0.234571
   -0.241915
   -0.241713
   -0.235106
   -0.248989
   -0.227874
   -0.137904
    0.127358
    0.045019
    0.018533
   -0.152768
   -0.321268
   -0.329211
   -0.248332
   -0.149576
   -0.149418
   -0.149574
   -0.142316
   -0.127948
   -0.127705
   -0.167274
   -0.117021
    0.123710
    0.077188
    0.051971
   -0.047401
   -0.278884
   -0.355341
   -0.278949
   -0.192505
   -0.047992
   -0.047971
   -0.047996
   -0.040707
   -0.051672
   -0.051732
   -0.026709
    0.059707
    0.084449
    0.027029
   -0.019744
   -0.233391
   -0.321580
   -0.294582
   -0.152210
   -0.071906
   -0.020172
   -0.016680
   -0.013006
    0.009033
   -0.008529
   -0.016506
    0.022173
    0.104262
    0.037700
    0.005250
   -0.103136
   -0.308071
   -0.309129
   -0.110360
   -0.014473
    0.011574
    0.088630
    0.099138
    0.102918
    0.104209
    0.105246
    0.085203
    0.132858
    0.096720
    0.023640
   -0.017730
   -0.275938
   -0.320398
   -0.147008
    0.115200
    0.109783
    0.105635
    0.159160
    0.163052
    0.173454
    0.158835
    0.152974
    0.138133
    0.129017
    0.038881
    0.013524
   -0.166931
   -0.319480
   -0.270593
    0.153241
    0.164801
    0.166118
    0.152186
    0.189079
    0.188948
    0.199797
    0.183436
    0.206925
    0.155021
    0.063241
    0.015742
   -0.055639
   -0.299314
   -0.357034
    0.022159
    0.174766
    0.209131
    0.175777
    0.190963
    0.202475
    0.209500
    0.213199
    0.203633
    0.185791
    0.123364
    0.048930
    0.006473
   -0.204513
   -0.345675
   -0.199730
    0.187946
    0.183177
    0.189751
    0.218600
    0.190542
   -0.410661
   -0.410527
   -0.410634
   -0.410489
   -0.410647
   -0.410792
   -0.410758
   -0.410687
   -0.410978
   -0.410958
   -0.411058
   -0.410590
   -0.410520
   -0.410742
   -0.410599
   -0.410590
   -0.411513
   -0.411611
   -0.411537
   -0.411655
   -0.411521
   -0.411351
   -0.411408
   -0.411459
   -0.411183
   -0.411192
   -0.411097
   -0.411566
   -0.411633
   -0.411419
   -0.411549
   -0.411577
   -0.410633
   -0.410556
   -0.410610
   -0.410509
   -0.410629
   -0.410813
   -0.410745
   -0.410700
   -0.410978
   -0.410962
   -0.411071
   -0.410579
   -0.410540
   -0.410719
   -0.410632
   -0.410550
   -0.418700
   -0.418781
   -0.418722
   -0.422421
   -0.412946
   -0.410633
   -0.405655
   -0.399262
   -0.422664
   -0.416946
   -0.400321
   -0.397412
   -0.402349
   -0.408533
   -0.427191
   -0.418738
   -0.421387
   -0.421342
   -0.421368
   -0.432060
   -0.420671
   -0.397184
   -0.409307
   -0.412858
   -0.421022
   -0.412412
   -0.407469
   -0.416422
   -0.385554
   -0.421644
   -0.413567
   -0.394070
   -0.407941
   -0.408002
   -0.407955
   -0.408060
   -0.410825
   -0.437889
   -0.409992
   -0.405689
   -0.410448
   -0.408319
   -0.403865
   -0.227865
   -0.268738
   -0.311649
   -0.366153
   -0.401595
   -0.285080
   -0.284796
   -0.285069
   -0.295504
   -0.282209
   -0.290797
   -0.293820
   -0.305041
   -0.296956
   -0.270102
    0.112925
    0.059184
    0.006542
   -0.100931
   -0.283570
   -0.383668
   -0.249987
   -0.250019
   -0.249999
   -0.257262
   -0.254275
   -0.270613
   -0.237616
   -0.259233
   -0.271860
    0.013885
    0.080783
    0.042301
   -0.021586
   -0.228312
   -0.350515
   -0.321296
   -0.234571
   -0.234779
   -0.234559
   -0.241895
   -0.240342
   -0.236436
   -0.247643
   -0.229157
   -0.136596
    0.126713
    0.044981
    0.010914
   -0.151188
   -0.319653
   -0.335314
   -0.253318
   -0.149550
   -0.149403
   -0.149562
   -0.142290
   -0.127296
   -0.128333
   -0.165231
   -0.118384
    0.124413
    0.076448
    0.052019
   -0.048876
   -0.279457
   -0.356824
   -0.282153
   -0.195414
   -0.048011
   -0.047961
   -0.047999
   -0.040715
   -0.052321
   -0.051073
   -0.028756
    0.061759
    0.083703
    0.027778
   -0.019820
   -0.233719
   -0.327303
   -0.297736
   -0.148576
   -0.065612
   -0.019451
   -0.017413
   -0.013701
    0.003333
   -0.004394
   -0.019292
    0.023155
    0.111196
    0.039137
    0.008739
   -0.107916
   -0.327045
   -0.331108
   -0.124239
   -0.015589
    0.009773
    0.089904
    0.098459
    0.102157
    0.100735
    0.104806
    0.092605
    0.134325
    0.097584
    0.032033
   -0.025433
   -0.281082
   -0.329378
   -0.149736
    0.107053
    0.090636
    0.099593
    0.159822
    0.162325
    0.172048
    0.154284
    0.157671
    0.133825
    0.132711
    0.046253
    0.007366
   -0.163276
   -0.322827
   -0.275893
    0.149772
    0.158680
    0.165832
    0.151352
    0.189743
    0.188201
    0.198404
    0.182412
    0.200393
    0.157148
    0.067561
    0.021475
   -0.059020
   -0.303214
   -0.354439
   -0.014012
    0.136044
    0.194324
    0.180009
    0.198536
    0.203128
    0.208769
    0.212480
    0.206525
    0.183193
    0.125036
    0.055455
    0.007092
   -0.207058
   -0.354589
   -0.198572
    0.110646
    0.136469
    0.157858
    0.192204
    0.185963
   -0.410482
   -0.410601
   -0.410495
   -0.410529
   -0.410491
   -0.410851
   -0.410634
   -0.410725
   -0.410844
   -0.410993
   -0.410938
   -0.410548
   -0.410459
   -0.410657
   -0.410534
   -0.410494
   -0.411588
   -0.411463
   -0.411575
   -0.411535
   -0.411578
   -0.411216
   -0.411432
   -0.411341
   -0.411224
   -0.411067
   -0.411136
   -0.411509
   -0.411623
   -0.411393
   -0.411554
   -0.411550
   -0.410470
   -0.410614
   -0.410487
   -0.410538
   -0.410488
   -0.410855
   -0.410635
   -0.410730
   -0.410842
   -0.411010
   -0.410927
   -0.410569
   -0.410433
   -0.410692
   -0.410496
   -0.410542
   -0.418741
   -0.418668
   -0.418727
   -0.422332
   -0.417313
   -0.408356
   -0.409988
   -0.394822
   -0.424854
   -0.412484
   -0.400355
   -0.403567
   -0.401677
   -0.405727
   -0.423019
   -0.417195
   -0.421270
   -0.421357
   -0.421285
   -0.432048
   -0.418398
   -0.399352
   -0.404892
   -0.419363
   -0.418751
   -0.416771
   -0.407357
   -0.414048
   -0.388859
   -0.425680
   -0.419106
   -0.396887
   -0.407944
   -0.407919
   -0.407934
   -0.407994
   -0.408644
   -0.442162
   -0.405607
   -0.409972
   -0.408273
   -0.410394
   -0.403892
   -0.222121
   -0.269340
   -0.317995
   -0.370593
   -0.402976
   -0.285004
   -0.284804
   -0.285014
   -0.295496
   -0.284308
   -0.286449
   -0.298122
   -0.300688
   -0.299039
   -0.267965
    0.112999
    0.062608
    0.009394
   -0.098909
   -0.278622
   -0.378983
   -0.249986
   -0.249967
   -0.249979
   -0.257220
   -0.256455
   -0.268384
   -0.244125
   -0.254839
   -0.274054
    0.018294
    0.080703
    0.035755
   -0.021693
   -0.225288
   -0.346174
   -0.311781
   -0.234513
   -0.234784
   -0.234518
   -0.241891
   -0.235920
   -0.240805
   -0.243237
   -0.233522
   -0.132161
    0.124443
    0.045090
    0.000739
   -0.154665
   -0.315975
   -0.326931
   -0.242104
   -0.149559
   -0.149364
   -0.149558
   -0.142250
   -0.125153
   -0.130448
   -0.158730
   -0.122674
    0.126493
    0.074370
    0.051885
   -0.056887
   -0.281124
   -0.354537
   -0.273806
   -0.182323
   -0.047970
   -0.047987
   -0.047969
   -0.040743
   -0.054426
   -0.048956
   -0.035217
    0.068213
    0.081628
    0.029818
   -0.019651
   -0.237641
   -0.328615
   -0.293816
   -0.140506
   -0.057408
   -0.017288
   -0.019580
   -0.015877
    0.003449
    0.001460
   -0.017848
    0.007837
    0.122784
    0.043976
    0.010338
   -0.116841
   -0.332397
   -0.342653
   -0.132801
   -0.021861
    0.007784
    0.094257
    0.096257
    0.099981
    0.102771
    0.122373
    0.096656
    0.135043
    0.085230
    0.043075
   -0.037910
   -0.293064
   -0.332437
   -0.150336
    0.099559
    0.082887
    0.088759
    0.161973
    0.160141
    0.167677
    0.162401
    0.175657
    0.138218
    0.131942
    0.043159
   -0.000778
   -0.176856
   -0.329639
   -0.265996
    0.156696
    0.161258
    0.162516
    0.144499
    0.191900
    0.185992
    0.194037
    0.197620
    0.194036
    0.161258
    0.066787
    0.030017
   -0.085011
   -0.314138
   -0.345324
    0.027356
    0.170733
    0.215635
    0.197241
    0.197909
    0.205289
    0.206574
    0.210281
    0.211532
    0.170775
    0.115551
    0.062977
    0.004336
   -0.219467
   -0.357113
   -0.175246
    0.168659
    0.191621
    0.202655
    0.214901
    0.203619
   -0.407656
   -0.407472
   -0.407642
   -0.407425
   -0.407608
   -0.407676
   -0.407738
   -0.407600
   -0.407860
   -0.407857
   -0.407875
   -0.407527
   -0.407506
   -0.407635
   -0.407509
   -0.407529
   -0.408341
   -0.408645
   -0.408355
   -0.408693
   -0.408391
   -0.408440
   -0.408260
   -0.408518
   -0.408133
   -0.408265
   -0.408113
   -0.408602
   -0.408477
   -0.408499
   -0.408469
   -0.408612
   -0.407635
   -0.407497
   -0.407620
   -0.407450
   -0.407585
   -0.407703
   -0.407719
   -0.407621
   -0.407850
   -0.407870
   -0.407875
   -0.407527
   -0.407515
   -0.407622
   -0.407532
   -0.407502
   -0.415472
   -0.415758
   -0.415488
   -0.419367
   -0.415491
   -0.404881
   -0.408235
   -0.390732
   -0.422367
   -0.408297
   -0.397423
   -0.412186
   -0.403363
   -0.397742
   -0.407745
   -0.406528
   -0.418320
   -0.418196
   -0.418305
   -0.428840
   -0.414723
   -0.397014
   -0.400616
   -0.418262
   -0.414991
   -0.414977
   -0.404299
   -0.415445
   -0.396845
   -0.434084
   -0.424040
   -0.397585
   -0.404795
   -0.405063
   -0.404810
   -0.405113
   -0.404873
   -0.440423
   -0.401199
   -0.408458
   -0.404601
   -0.408223
   -0.400992
   -0.219727
   -0.268804
   -0.320215
   -0.369269
   -0.400125
   -0.283029
   -0.282723
   -0.283017
   -0.293357
   -0.282961
   -0.282998
   -0.297327
   -0.297126
   -0.297496
   -0.265297
    0.112117
    0.068150
    0.020627
   -0.086856
   -0.266668
   -0.368768
   -0.248002
   -0.248213
   -0.248013
   -0.255397
   -0.255155
   -0.265809
   -0.244300
   -0.251701
   -0.272694
    0.019292
    0.080259
    0.043267
   -0.013026
   -0.219107
   -0.344247
   -0.305874
   -0.232930
   -0.233026
   -0.232924
   -0.240094
   -0.232933
   -0.240348
   -0.240186
   -0.233087
   -0.129925
    0.123024
    0.044638
    0.006472
   -0.154561
   -0.320217
   -0.329221
   -0.231290
   -0.148357
   -0.148339
   -0.148361
   -0.141281
   -0.123474
   -0.130277
   -0.155440
   -0.123278
    0.126258
    0.072971
    0.051639
   -0.052672
   -0.278654
   -0.352788
   -0.267335
   -0.170609
   -0.047706
   -0.047651
   -0.047704
   -0.040456
   -0.054767
   -0.047882
   -0.037074
    0.069782
    0.080378
    0.030456
   -0.019619
   -0.231963
   -0.322720
   -0.284151
   -0.130622
   -0.052569
   -0.016424
   -0.020088
   -0.016389
    0.003251
    0.010453
   -0.019221
    0.005233
    0.123109
    0.044555
    0.005117
   -0.118344
   -0.321722
   -0.336898
   -0.118397
   -0.014043
    0.018206
    0.094821
    0.094843
    0.098442
    0.103502
    0.119024
    0.101708
    0.133916
    0.081353
    0.042334
   -0.034842
   -0.296054
   -0.325387
   -0.137670
    0.103515
    0.093524
    0.095971
    0.161577
    0.158291
    0.165200
    0.163057
    0.181421
    0.143453
    0.126720
    0.048014
   -0.006225
   -0.182031
   -0.330224
   -0.262656
    0.158771
    0.158204
    0.161658
    0.148107
    0.191061
    0.183954
    0.191118
    0.198936
    0.190436
    0.156732
    0.071272
    0.028417
   -0.091137
   -0.310957
   -0.337711
    0.038148
    0.188321
    0.210725
    0.196455
    0.184274
    0.204496
    0.204463
    0.208105
    0.210786
    0.166823
    0.107885
    0.065209
   -0.000764
   -0.217060
   -0.355555
   -0.158399
    0.206937
    0.213923
    0.227333
    0.215845
    0.208736
   -0.301385
   -0.301659
   -0.301396
   -0.301628
   -0.301396
   -0.301693
   -0.301457
   -0.301654
   -0.301512
   -0.301716
   -0.301536
   -0.301590
   -0.301444
   -0.301615
   -0.301441
   -0.301573
   -0.302154
   -0.302208
   -0.302145
   -0.302235
   -0.302150
   -0.302167
   -0.302092
   -0.302201
   -0.302041
   -0.302133
   -0.302023
   -0.302254
   -0.302121
   -0.302224
   -0.302129
   -0.302258
   -0.301405
   -0.301644
   -0.301413
   -0.301618
   -0.301408
   -0.301686
   -0.301466
   -0.301653
   -0.301514
   -0.301724
   -0.301529
   -0.301606
   -0.301426
   -0.301645
   -0.301408
   -0.301620
   -0.307405
   -0.307493
   -0.307397
   -0.310151
   -0.307399
   -0.299544
   -0.302066
   -0.289044
   -0.312549
   -0.302156
   -0.294096
   -0.307438
   -0.304566
   -0.295607
   -0.297657
   -0.297727
   -0.309331
   -0.309546
   -0.309337
   -0.317425
   -0.306703
   -0.293763
   -0.296212
   -0.309517
   -0.306819
   -0.306975
   -0.298904
   -0.307502
   -0.296075
   -0.321344
   -0.311344
   -0.292445
   -0.299488
   -0.299600
   -0.299487
   -0.299628
   -0.299489
   -0.325879
   -0.296804
   -0.302226
   -0.299397
   -0.302123
   -0.296775
   -0.167771
   -0.199350
   -0.235097
   -0.268065
   -0.293042
   -0.209271
   -0.209368
   -0.209270
   -0.217242
   -0.209269
   -0.209461
   -0.219864
   -0.219905
   -0.219903
   -0.196307
    0.083004
    0.046510
    0.019235
   -0.056692
   -0.192216
   -0.273946
   -0.183464
   -0.183534
   -0.183470
   -0.188832
   -0.188751
   -0.196594
   -0.180817
   -0.186162
   -0.201851
    0.014144
    0.059406
    0.038405
    0.001427
   -0.153273
   -0.256657
   -0.235920
   -0.172332
   -0.172479
   -0.172320
   -0.177726
   -0.172314
   -0.177885
   -0.177603
   -0.172501
   -0.096016
    0.091043
    0.033110
    0.011735
   -0.108995
   -0.235326
   -0.249040
   -0.180401
   -0.109713
   -0.109725
   -0.109729
   -0.104475
   -0.091304
   -0.096404
   -0.115011
   -0.091246
    0.093240
    0.053959
    0.038110
   -0.039606
   -0.208618
   -0.263533
   -0.198954
   -0.126552
   -0.035314
   -0.035342
   -0.035295
   -0.030052
   -0.040514
   -0.035486
   -0.027371
    0.051536
    0.059712
    0.022506
   -0.014313
   -0.171850
   -0.241333
   -0.212936
   -0.091902
   -0.035162
   -0.012130
   -0.014787
   -0.012150
    0.004898
    0.015877
   -0.014619
    0.005553
    0.090768
    0.027494
    0.000009
   -0.091590
   -0.234191
   -0.250914
   -0.083243
   -0.006084
    0.017076
    0.070071
    0.070079
    0.072736
    0.074116
    0.080934
    0.079031
    0.099111
    0.061455
    0.035858
   -0.028184
   -0.217886
   -0.242471
   -0.093425
    0.077461
    0.067898
    0.074042
    0.119637
    0.117130
    0.122245
    0.121703
    0.133394
    0.108667
    0.096450
    0.036156
   -0.008273
   -0.133654
   -0.251284
   -0.190510
    0.113313
    0.115804
    0.124161
    0.112405
    0.141250
    0.136020
    0.141284
    0.141464
    0.139442
    0.109656
    0.054309
    0.019948
   -0.066759
   -0.221659
   -0.243704
    0.023685
    0.144964
    0.153308
    0.141394
    0.130880
    0.151310
    0.151382
    0.153903
    0.154719
    0.126081
    0.076592
    0.038110
   -0.001317
   -0.154840
   -0.264148
   -0.101823
    0.158901
    0.156817
    0.169172
    0.157998
    0.158594
