   -0.281423
   -0.281062
   -0.281444
   -0.281086
   -0.281383
   -0.281115
   -0.281411
   -0.281091
   -0.281422
   -0.281036
   -0.281455
   -0.281050
   -0.327587
   -0.327287
   -0.321740
   -0.327326
   -0.280892
   -0.280848
   -0.280870
   -0.280832
   -0.280920
   -0.280811
   -0.280887
   -0.280842
   -0.280867
   -0.280902
   -0.280829
   -0.280894
   -0.326960
   -0.326892
   -0.321265
   -0.326858
   -0.281302
   -0.281187
   -0.281331
   -0.281192
   -0.281296
   -0.281199
   -0.281340
   -0.281156
   -0.281375
   -0.281087
   -0.281419
   -0.281086
   -0.327571
   -0.327294
   -0.321740
   -0.327331
   -0.281034
   -0.280706
   -0.280997
   -0.280714
   -0.281016
   -0.280720
   -0.280965
   -0.280773
   -0.280918
   -0.280847
   -0.280870
   -0.280854
   -0.326981
   -0.326878
   -0.321270
   -0.326848
   -0.281180
   -0.281309
   -0.281226
   -0.281287
   -0.281224
   -0.281268
   -0.281281
   -0.281209
   -0.281335
   -0.281136
   -0.281383
   -0.281125
   -0.327549
   -0.327313
   -0.321729
   -0.327346
   -0.281095
   -0.280640
   -0.281051
   -0.280667
   -0.281044
   -0.280691
   -0.280990
   -0.280744
   -0.280941
   -0.280809
   -0.280899
   -0.280818
   -0.327002
   -0.326857
   -0.321283
   -0.326831
   -0.281130
   -0.281365
   -0.281181
   -0.281327
   -0.281201
   -0.281294
   -0.281255
   -0.281243
   -0.281305
   -0.281180
   -0.281348
   -0.281165
   -0.327526
   -0.327335
   -0.321715
   -0.327364
   -0.281125
   -0.280602
   -0.281081
   -0.280639
   -0.281060
   -0.280667
   -0.281015
   -0.280709
   -0.280973
   -0.280764
   -0.280935
   -0.280778
   -0.327026
   -0.326835
   -0.321297
   -0.326812
   -0.281089
   -0.281415
   -0.281138
   -0.281370
   -0.281169
   -0.281333
   -0.281219
   -0.281288
   -0.281266
   -0.281229
   -0.281309
   -0.281204
   -0.327499
   -0.327359
   -0.321702
   -0.327382
   -0.281169
   -0.280549
   -0.281130
   -0.280587
   -0.281102
   -0.280619
   -0.281058
   -0.280661
   -0.281014
   -0.280715
   -0.280973
   -0.280740
   -0.327052
   -0.326812
   -0.321309
   -0.326796
   -0.281094
   -0.281421
   -0.281131
   -0.281386
   -0.281158
   -0.281354
   -0.281200
   -0.281314
   -0.281243
   -0.281263
   -0.281283
   -0.281236
   -0.327476
   -0.327381
   -0.321691
   -0.327396
   -0.281111
   -0.280593
   -0.281089
   -0.280616
   -0.281071
   -0.280637
   -0.281042
   -0.280664
   -0.281013
   -0.280699
   -0.280986
   -0.280718
   -0.327071
   -0.326792
   -0.321320
   -0.326782
   -0.281225
   -0.281307
   -0.281239
   -0.281293
   -0.281248
   -0.281283
   -0.281264
   -0.281269
   -0.281279
   -0.281251
   -0.281291
   -0.281244
   -0.327466
   -0.327396
   -0.321683
   -0.327408
   -0.280967
   -0.280721
   -0.280965
   -0.280723
   -0.280968
   -0.280722
   -0.280964
   -0.280723
   -0.280964
   -0.280724
   -0.280966
   -0.280719
   -0.327072
   -0.326783
   -0.321323
   -0.326774
   -0.281337
   -0.281207
   -0.281335
   -0.281212
   -0.281329
   -0.281217
   -0.281325
   -0.281223
   -0.281318
   -0.281231
   -0.281308
   -0.281241
   -0.327467
   -0.327401
   -0.321683
   -0.327413
   -0.280914
   -0.280766
   -0.280920
   -0.280757
   -0.280930
   -0.280749
   -0.280937
   -0.280741
   -0.280948
   -0.280728
   -0.280961
   -0.280715
   -0.327074
   -0.326777
   -0.321324
   -0.326768
   -0.348042
   -0.348390
   -0.348062
   -0.348335
   -0.348130
   -0.348316
   -0.348097
   -0.348321
   -0.348134
   -0.348341
   -0.348089
   -0.348347
   -0.405286
   -0.405357
   -0.398244
   -0.405324
   -0.348238
   -0.347935
   -0.348226
   -0.347975
   -0.348173
   -0.347983
   -0.348214
   -0.347965
   -0.348195
   -0.347933
   -0.348247
   -0.347920
   -0.405333
   -0.405145
   -0.398106
   -0.405179
   -0.348195
   -0.348248
   -0.348200
   -0.348218
   -0.348241
   -0.348219
   -0.348194
   -0.348246
   -0.348197
   -0.348288
   -0.348143
   -0.348306
   -0.405315
   -0.405355
   -0.398249
   -0.405326
   -0.348090
   -0.348069
   -0.348095
   -0.348085
   -0.348070
   -0.348071
   -0.348126
   -0.348033
   -0.348138
   -0.347982
   -0.348197
   -0.347958
   -0.405307
   -0.405147
   -0.398103
   -0.405175
   -0.348316
   -0.348141
   -0.348302
   -0.348139
   -0.348312
   -0.348161
   -0.348255
   -0.348203
   -0.348235
   -0.348255
   -0.348177
   -0.348280
   -0.405330
   -0.405361
   -0.398245
   -0.405339
   -0.348020
   -0.348128
   -0.348039
   -0.348120
   -0.348041
   -0.348092
   -0.348096
   -0.348052
   -0.348118
   -0.348002
   -0.348172
   -0.347976
   -0.405297
   -0.405137
   -0.398109
   -0.405158
   -0.348391
   -0.348077
   -0.348362
   -0.348100
   -0.348345
   -0.348135
   -0.348291
   -0.348176
   -0.348263
   -0.348229
   -0.348207
   -0.348261
   -0.405341
   -0.405373
   -0.398236
   -0.405359
   -0.347967
   -0.348172
   -0.347996
   -0.348146
   -0.348016
   -0.348113
   -0.348064
   -0.348077
   -0.348091
   -0.348028
   -0.348143
   -0.347994
   -0.405286
   -0.405126
   -0.398119
   -0.405139
   -0.348452
   -0.348025
   -0.348416
   -0.348062
   -0.348382
   -0.348104
   -0.348331
   -0.348144
   -0.348295
   -0.348201
   -0.348238
   -0.348242
   -0.405355
   -0.405381
   -0.398229
   -0.405376
   -0.347900
   -0.348230
   -0.347934
   -0.348193
   -0.347971
   -0.348151
   -0.348020
   -0.348109
   -0.348060
   -0.348053
   -0.348116
   -0.348009
   -0.405274
   -0.405117
   -0.398128
   -0.405120
   -0.348461
   -0.348020
   -0.348429
   -0.348057
   -0.348392
   -0.348098
   -0.348345
   -0.348138
   -0.348305
   -0.348192
   -0.348253
   -0.348235
   -0.405363
   -0.405390
   -0.398221
   -0.405394
   -0.347942
   -0.348187
   -0.347966
   -0.348157
   -0.347998
   -0.348124
   -0.348035
   -0.348092
   -0.348069
   -0.348047
   -0.348112
   -0.348009
   -0.405269
   -0.405107
   -0.398136
   -0.405102
   -0.348367
   -0.348114
   -0.348348
   -0.348138
   -0.348323
   -0.348162
   -0.348298
   -0.348183
   -0.348276
   -0.348212
   -0.348249
   -0.348238
   -0.405370
   -0.405396
   -0.398219
   -0.405405
   -0.348042
   -0.348085
   -0.348056
   -0.348068
   -0.348075
   -0.348052
   -0.348090
   -0.348039
   -0.348103
   -0.348023
   -0.348117
   -0.348008
   -0.405258
   -0.405107
   -0.398127
   -0.405103
   -0.348276
   -0.348207
   -0.348269
   -0.348216
   -0.348257
   -0.348225
   -0.348251
   -0.348230
   -0.348246
   -0.348234
   -0.348244
   -0.348239
   -0.405382
   -0.405391
   -0.398233
   -0.405397
   -0.348092
   -0.348032
   -0.348098
   -0.348025
   -0.348109
   -0.348017
   -0.348113
   -0.348013
   -0.348116
   -0.348012
   -0.348115
   -0.348009
   -0.405246
   -0.405113
   -0.398110
   -0.405114
   -0.350024
   -0.349921
   -0.350053
   -0.349935
   -0.350017
   -0.349923
   -0.350078
   -0.349893
   -0.350051
   -0.349876
   -0.350101
   -0.349848
   -0.407521
   -0.407369
   -0.400254
   -0.407416
   -0.350024
   -0.349998
   -0.349993
   -0.349992
   -0.350021
   -0.350008
   -0.349958
   -0.350044
   -0.349972
   -0.350070
   -0.349919
   -0.350100
   -0.407362
   -0.407461
   -0.400261
   -0.407416
   -0.349912
   -0.350042
   -0.349947
   -0.350038
   -0.349932
   -0.350013
   -0.350002
   -0.349966
   -0.350006
   -0.349927
   -0.350063
   -0.349893
   -0.407501
   -0.407384
   -0.400257
   -0.407423
   -0.350138
   -0.349877
   -0.350098
   -0.349892
   -0.350101
   -0.349925
   -0.350026
   -0.349980
   -0.350007
   -0.350028
   -0.349948
   -0.350065
   -0.407372
   -0.407456
   -0.400248
   -0.407421
   -0.349824
   -0.350134
   -0.349873
   -0.350107
   -0.349884
   -0.350066
   -0.349961
   -0.350005
   -0.349990
   -0.349952
   -0.350050
   -0.349914
   -0.407501
   -0.407382
   -0.400276
   -0.407409
   -0.350180
   -0.349829
   -0.350129
   -0.349864
   -0.350109
   -0.349908
   -0.350037
   -0.349965
   -0.350005
   -0.350017
   -0.349949
   -0.350053
   -0.407363
   -0.407464
   -0.400222
   -0.407443
   -0.349789
   -0.350177
   -0.349847
   -0.350128
   -0.349881
   -0.350078
   -0.349953
   -0.350021
   -0.349991
   -0.349963
   -0.350050
   -0.349922
   -0.407515
   -0.407366
   -0.400311
   -0.407378
   -0.350195
   -0.349805
   -0.350139
   -0.349856
   -0.350102
   -0.349903
   -0.350038
   -0.349956
   -0.349999
   -0.350011
   -0.349942
   -0.350053
   -0.407342
   -0.407489
   -0.400177
   -0.407486
   -0.349749
   -0.350226
   -0.349812
   -0.350162
   -0.349864
   -0.350103
   -0.349936
   -0.350042
   -0.349988
   -0.349973
   -0.350057
   -0.349917
   -0.407543
   -0.407333
   -0.400368
   -0.407323
   -0.350239
   -0.349751
   -0.350181
   -0.349813
   -0.350128
   -0.349871
   -0.350060
   -0.349932
   -0.350004
   -0.350002
   -0.349935
   -0.350060
   -0.407314
   -0.407521
   -0.400121
   -0.407541
   -0.349774
   -0.350215
   -0.349829
   -0.350153
   -0.349883
   -0.350097
   -0.349948
   -0.350037
   -0.350005
   -0.349967
   -0.350074
   -0.349908
   -0.407568
   -0.407306
   -0.400416
   -0.407276
   -0.350164
   -0.349809
   -0.350120
   -0.349861
   -0.350075
   -0.349907
   -0.350022
   -0.349956
   -0.349973
   -0.350017
   -0.349913
   -0.350072
   -0.407290
   -0.407544
   -0.400076
   -0.407583
   -0.349897
   -0.350111
   -0.349934
   -0.350066
   -0.349972
   -0.350029
   -0.350014
   -0.349988
   -0.350055
   -0.349939
   -0.350105
   -0.349890
   -0.407595
   -0.407281
   -0.400461
   -0.407233
   -0.350034
   -0.349921
   -0.350007
   -0.349956
   -0.349978
   -0.349984
   -0.349947
   -0.350014
   -0.349916
   -0.350051
   -0.349878
   -0.350091
   -0.407262
   -0.407570
   -0.400033
   -0.407624
   -0.350012
   -0.350014
   -0.350033
   -0.349984
   -0.350058
   -0.349960
   -0.350084
   -0.349933
   -0.350109
   -0.349903
   -0.350142
   -0.349866
   -0.407627
   -0.407251
   -0.400508
   -0.407188
   -0.349971
   -0.349970
   -0.349953
   -0.349998
   -0.349928
   -0.350022
   -0.349902
   -0.350049
   -0.349877
   -0.350078
   -0.349844
   -0.350117
   -0.407223
   -0.407609
   -0.399975
   -0.407681
   -0.349959
   -0.350195
   -0.349944
   -0.350165
   -0.349988
   -0.350168
   -0.349950
   -0.350168
   -0.349997
   -0.350169
   -0.349964
   -0.350188
   -0.407363
   -0.407534
   -0.400315
   -0.407502
   -0.350146
   -0.350004
   -0.350167
   -0.350023
   -0.350134
   -0.350014
   -0.350177
   -0.350004
   -0.350144
   -0.349994
   -0.350182
   -0.349971
   -0.407566
   -0.407468
   -0.400344
   -0.407537
   -0.350070
   -0.350094
   -0.350047
   -0.350082
   -0.350072
   -0.350096
   -0.350026
   -0.350113
   -0.350045
   -0.350131
   -0.350007
   -0.350155
   -0.407392
   -0.407529
   -0.400322
   -0.407504
   -0.350042
   -0.350098
   -0.350073
   -0.350097
   -0.350061
   -0.350073
   -0.350115
   -0.350044
   -0.350113
   -0.350015
   -0.350156
   -0.349988
   -0.407551
   -0.407459
   -0.400351
   -0.407518
   -0.350145
   -0.350031
   -0.350110
   -0.350041
   -0.350112
   -0.350069
   -0.350059
   -0.350099
   -0.350055
   -0.350128
   -0.350019
   -0.350148
   -0.407399
   -0.407541
   -0.400312
   -0.407527
   -0.350000
   -0.350129
   -0.350040
   -0.350109
   -0.350051
   -0.350073
   -0.350103
   -0.350043
   -0.350111
   -0.350014
   -0.350145
   -0.349996
   -0.407540
   -0.407453
   -0.400356
   -0.407501
   -0.350208
   -0.349979
   -0.350161
   -0.350012
   -0.350138
   -0.350053
   -0.350085
   -0.350085
   -0.350072
   -0.350117
   -0.350037
   -0.350137
   -0.407411
   -0.407550
   -0.400303
   -0.407549
   -0.349947
   -0.350173
   -0.349994
   -0.350134
   -0.350024
   -0.350092
   -0.350074
   -0.350060
   -0.350091
   -0.350028
   -0.350125
   -0.350007
   -0.407551
   -0.407420
   -0.400390
   -0.407473
   -0.350277
   -0.349919
   -0.350225
   -0.349968
   -0.350182
   -0.350021
   -0.350124
   -0.350062
   -0.350095
   -0.350105
   -0.350052
   -0.350135
   -0.407433
   -0.407550
   -0.400302
   -0.407584
   -0.349887
   -0.350226
   -0.349935
   -0.350176
   -0.349981
   -0.350123
   -0.350038
   -0.350079
   -0.350074
   -0.350033
   -0.350117
   -0.350002
   -0.407552
   -0.407398
   -0.400414
   -0.407436
   -0.350283
   -0.349916
   -0.350238
   -0.349966
   -0.350191
   -0.350019
   -0.350135
   -0.350064
   -0.350095
   -0.350111
   -0.350053
   -0.350142
   -0.407433
   -0.407568
   -0.400284
   -0.407616
   -0.349908
   -0.350202
   -0.349945
   -0.350158
   -0.349989
   -0.350111
   -0.350039
   -0.350069
   -0.350076
   -0.350026
   -0.350114
   -0.349998
   -0.407548
   -0.407385
   -0.400426
   -0.407409
   -0.350208
   -0.349993
   -0.350177
   -0.350031
   -0.350141
   -0.350068
   -0.350102
   -0.350101
   -0.350072
   -0.350133
   -0.350046
   -0.350151
   -0.407437
   -0.407579
   -0.400275
   -0.407638
   -0.350006
   -0.350104
   -0.350029
   -0.350073
   -0.350058
   -0.350043
   -0.350090
   -0.350015
   -0.350113
   -0.349993
   -0.350129
   -0.349984
   -0.407546
   -0.407373
   -0.400432
   -0.407391
   -0.350108
   -0.350093
   -0.350092
   -0.350117
   -0.350069
   -0.350141
   -0.350044
   -0.350164
   -0.350027
   -0.350176
   -0.350020
   -0.350178
   -0.407426
   -0.407603
   -0.400258
   -0.407667
   -0.350062
   -0.350043
   -0.350077
   -0.350019
   -0.350102
   -0.349993
   -0.350129
   -0.349967
   -0.350148
   -0.349955
   -0.350156
   -0.349931
   -0.407587
   -0.407338
   -0.400439
   -0.407350
   -0.350382
   -0.349683
   -0.350362
   -0.349743
   -0.350304
   -0.349749
   -0.350330
   -0.349760
   -0.350265
   -0.349799
   -0.350243
   -0.349825
   -0.405501
   -0.406704
   -0.399592
   -0.407475
   -0.349814
   -0.350306
   -0.349826
   -0.350259
   -0.349873
   -0.350259
   -0.349841
   -0.350258
   -0.349890
   -0.350234
   -0.349900
   -0.350218
   -0.405268
   -0.406839
   -0.399626
   -0.407488
   -0.350218
   -0.349851
   -0.350215
   -0.349885
   -0.350181
   -0.349876
   -0.350220
   -0.349865
   -0.350191
   -0.349873
   -0.350192
   -0.349878
   -0.405479
   -0.406715
   -0.399603
   -0.407475
   -0.349970
   -0.350147
   -0.349962
   -0.350129
   -0.349982
   -0.350148
   -0.349934
   -0.350172
   -0.349944
   -0.350180
   -0.349932
   -0.350185
   -0.405271
   -0.406848
   -0.399594
   -0.407512
   -0.350100
   -0.349970
   -0.350119
   -0.349975
   -0.350112
   -0.349949
   -0.350161
   -0.349921
   -0.350162
   -0.349905
   -0.350178
   -0.349897
   -0.405488
   -0.406698
   -0.399645
   -0.407440
   -0.350042
   -0.350071
   -0.350018
   -0.350077
   -0.350015
   -0.350106
   -0.349969
   -0.350132
   -0.349963
   -0.350153
   -0.349944
   -0.350165
   -0.405265
   -0.406860
   -0.399558
   -0.407540
   -0.350018
   -0.350058
   -0.350051
   -0.350039
   -0.350067
   -0.350003
   -0.350115
   -0.349973
   -0.350131
   -0.349941
   -0.350162
   -0.349916
   -0.405496
   -0.406681
   -0.399687
   -0.407406
   -0.350112
   -0.349994
   -0.350077
   -0.350019
   -0.350056
   -0.350055
   -0.350011
   -0.350085
   -0.349988
   -0.350124
   -0.349950
   -0.350158
   -0.405954
   -0.406180
   -0.400213
   -0.407589
   -0.349925
   -0.350159
   -0.349967
   -0.350122
   -0.350001
   -0.350075
   -0.350055
   -0.350034
   -0.350094
   -0.349977
   -0.350150
   -0.349925
   -0.406220
   -0.405944
   -0.400453
   -0.407348
   -0.350177
   -0.349917
   -0.350142
   -0.349952
   -0.350108
   -0.349996
   -0.350057
   -0.350038
   -0.350013
   -0.350101
   -0.349951
   -0.350158
   -0.405933
   -0.406209
   -0.400160
   -0.407635
   -0.349912
   -0.350187
   -0.349947
   -0.350148
   -0.349985
   -0.350104
   -0.350036
   -0.350057
   -0.350089
   -0.349987
   -0.350158
   -0.349922
   -0.406240
   -0.405922
   -0.400496
   -0.407313
   -0.350158
   -0.349921
   -0.350132
   -0.349953
   -0.350100
   -0.349990
   -0.350056
   -0.350031
   -0.350005
   -0.350101
   -0.349937
   -0.350167
   -0.405908
   -0.406234
   -0.400113
   -0.407675
   -0.349991
   -0.350125
   -0.350012
   -0.350098
   -0.350038
   -0.350070
   -0.350073
   -0.350034
   -0.350119
   -0.349971
   -0.350182
   -0.349908
   -0.406264
   -0.405900
   -0.400537
   -0.407279
   -0.350066
   -0.349997
   -0.350052
   -0.350017
   -0.350034
   -0.350037
   -0.350007
   -0.350066
   -0.349967
   -0.350122
   -0.349910
   -0.350180
   -0.405887
   -0.406251
   -0.400081
   -0.407699
   -0.350071
   -0.350060
   -0.350083
   -0.350042
   -0.350098
   -0.350024
   -0.350122
   -0.349998
   -0.350160
   -0.349944
   -0.350215
   -0.349887
   -0.406293
   -0.405876
   -0.400575
   -0.407247
   -0.350017
   -0.350034
   -0.350008
   -0.350050
   -0.349994
   -0.350067
   -0.349970
   -0.350095
   -0.349930
   -0.350150
   -0.349872
   -0.349500
   -0.406558
   -0.406283
   -0.399323
   -0.407744
   -0.349925
   -0.350213
   -0.349954
   -0.350148
   -0.350016
   -0.350148
   -0.349972
   -0.350157
   -0.350003
   -0.350161
   -0.349983
   -0.350159
   -0.398815
   -0.404629
   -0.397467
   -0.407500
   -0.350176
   -0.349995
   -0.350157
   -0.350046
   -0.350108
   -0.350039
   -0.350158
   -0.350019
   -0.350142
   -0.350002
   -0.350172
   -0.349994
   -0.398947
   -0.404642
   -0.397477
   -0.407534
   -0.350065
   -0.350086
   -0.350078
   -0.350046
   -0.350117
   -0.350059
   -0.350063
   -0.350087
   -0.350065
   -0.350115
   -0.350028
   -0.350129
   -0.398835
   -0.404637
   -0.397460
   -0.407518
   -0.350053
   -0.350104
   -0.350051
   -0.350129
   -0.350028
   -0.350106
   -0.350090
   -0.350066
   -0.350105
   -0.350024
   -0.350151
   -0.350001
   -0.398949
   -0.404612
   -0.397507
   -0.407490
   -0.350145
   -0.350020
   -0.350142
   -0.350004
   -0.350157
   -0.350028
   -0.350099
   -0.350068
   -0.350080
   -0.350109
   -0.350036
   -0.350132
   -0.398827
   -0.404670
   -0.397428
   -0.407566
   -0.350015
   -0.350131
   -0.350024
   -0.350134
   -0.350022
   -0.350105
   -0.350079
   -0.350066
   -0.350102
   -0.350021
   -0.350149
   -0.349994
   -0.398959
   -0.404579
   -0.397539
   -0.407442
   -0.350207
   -0.349971
   -0.350188
   -0.349982
   -0.350177
   -0.350018
   -0.350120
   -0.350058
   -0.350090
   -0.350110
   -0.350036
   -0.350145
   -0.398808
   -0.404715
   -0.397380
   -0.407631
   -0.349942
   -0.350189
   -0.349969
   -0.350166
   -0.349991
   -0.350127
   -0.350047
   -0.350084
   -0.350084
   -0.350027
   -0.350145
   -0.349982
   -0.401863
   -0.401645
   -0.400480
   -0.407367
   -0.350286
   -0.349906
   -0.350251
   -0.349942
   -0.350215
   -0.349991
   -0.350152
   -0.350044
   -0.350101
   -0.350116
   -0.350024
   -0.350177
   -0.401652
   -0.401900
   -0.400190
   -0.407722
   -0.349870
   -0.350251
   -0.349905
   -0.350210
   -0.349948
   -0.350158
   -0.350013
   -0.350100
   -0.350073
   -0.350019
   -0.350158
   -0.349951
   -0.401897
   -0.401585
   -0.400545
   -0.407284
   -0.350287
   -0.349911
   -0.350255
   -0.349951
   -0.350213
   -0.350000
   -0.350152
   -0.350057
   -0.350090
   -0.350138
   -0.350003
   -0.350210
   -0.401623
   -0.401950
   -0.400141
   -0.407788
   -0.349911
   -0.350206
   -0.349938
   -0.350170
   -0.349976
   -0.350128
   -0.350030
   -0.350074
   -0.350089
   -0.349996
   -0.350176
   -0.349923
   -0.401918
   -0.401545
   -0.400583
   -0.407229
   -0.350198
   -0.350001
   -0.350180
   -0.350029
   -0.350152
   -0.350058
   -0.350112
   -0.350100
   -0.350063
   -0.350166
   -0.349987
   -0.350230
   -0.401615
   -0.401973
   -0.400122
   -0.407821
   -0.350009
   -0.350107
   -0.350023
   -0.350084
   -0.350043
   -0.350064
   -0.350073
   -0.350032
   -0.350113
   -0.349976
   -0.350181
   -0.349919
   -0.401908
   -0.401544
   -0.400577
   -0.407224
   -0.350111
   -0.350091
   -0.350102
   -0.350108
   -0.350090
   -0.350119
   -0.350070
   -0.350143
   -0.350038
   -0.350189
   -0.349978
   -0.350239
   -0.401621
   -0.401978
   -0.400125
   -0.407831
   -0.350064
   -0.350048
   -0.350070
   -0.350032
   -0.350081
   -0.350021
   -0.350102
   -0.349996
   -0.350134
   -0.349951
   -0.350196
   -0.347011
   -0.404804
   -0.401518
   -0.397710
   -0.407190
   -0.350323
   -0.349742
   -0.350306
   -0.349797
   -0.350238
   -0.349819
   -0.350259
   -0.349826
   -0.350218
   -0.349839
   -0.350206
   -0.349864
   -0.396887
   -0.403848
   -0.396747
   -0.407466
   -0.349852
   -0.350264
   -0.349868
   -0.350215
   -0.349930
   -0.350196
   -0.349907
   -0.350194
   -0.349937
   -0.350192
   -0.349940
   -0.350175
   -0.396711
   -0.403957
   -0.396759
   -0.407483
   -0.350214
   -0.349863
   -0.350199
   -0.349907
   -0.350145
   -0.349921
   -0.350171
   -0.349914
   -0.350155
   -0.349904
   -0.350162
   -0.349911
   -0.396869
   -0.403859
   -0.396754
   -0.407469
   -0.349956
   -0.350152
   -0.349966
   -0.350116
   -0.350010
   -0.350110
   -0.349977
   -0.350126
   -0.349980
   -0.350146
   -0.349967
   -0.350147
   -0.396713
   -0.403961
   -0.396737
   -0.407498
   -0.350132
   -0.349951
   -0.350127
   -0.349977
   -0.350094
   -0.349978
   -0.350127
   -0.349958
   -0.350131
   -0.349935
   -0.350148
   -0.349930
   -0.396874
   -0.403851
   -0.396779
   -0.407448
   -0.350001
   -0.350099
   -0.350003
   -0.350082
   -0.350026
   -0.350085
   -0.349994
   -0.350104
   -0.349986
   -0.350130
   -0.349967
   -0.350139
   -0.396699
   -0.403976
   -0.396702
   -0.407527
   -0.350078
   -0.350012
   -0.350084
   -0.350018
   -0.350074
   -0.350005
   -0.350109
   -0.349981
   -0.350126
   -0.349945
   -0.350157
   -0.349924
   -0.396904
   -0.403816
   -0.396836
   -0.407395
   -0.350055
   -0.350039
   -0.350044
   -0.350043
   -0.350045
   -0.350060
   -0.350008
   -0.350089
   -0.349981
   -0.350134
   -0.349940
   -0.350167
   -0.400214
   -0.400470
   -0.400185
   -0.407615
   -0.349965
   -0.350128
   -0.349988
   -0.350107
   -0.350009
   -0.350070
   -0.350062
   -0.350022
   -0.350111
   -0.349955
   -0.350176
   -0.349897
   -0.400532
   -0.400176
   -0.400507
   -0.407291
   -0.350156
   -0.349933
   -0.350131
   -0.349960
   -0.350104
   -0.350001
   -0.350047
   -0.350057
   -0.349987
   -0.350133
   -0.349913
   -0.350200
   -0.400154
   -0.400538
   -0.400090
   -0.407710
   -0.349942
   -0.350160
   -0.349968
   -0.350131
   -0.350000
   -0.350087
   -0.350060
   -0.350025
   -0.350126
   -0.349944
   -0.350207
   -0.349868
   -0.400581
   -0.400127
   -0.400576
   -0.407227
   -0.350135
   -0.349942
   -0.350114
   -0.349969
   -0.350083
   -0.350010
   -0.350028
   -0.350071
   -0.349960
   -0.350151
   -0.349879
   -0.350230
   -0.400107
   -0.400584
   -0.400026
   -0.407769
   -0.350008
   -0.350109
   -0.350025
   -0.350086
   -0.350052
   -0.350049
   -0.350103
   -0.349991
   -0.350169
   -0.349916
   -0.350246
   -0.349838
   -0.400623
   -0.400090
   -0.400628
   -0.407181
   -0.350063
   -0.350000
   -0.350050
   -0.350019
   -0.350029
   -0.350050
   -0.349984
   -0.350103
   -0.349923
   -0.350171
   -0.349851
   -0.350245
   -0.400084
   -0.400599
   -0.399999
   -0.407787
   -0.350077
   -0.350054
   -0.350086
   -0.350039
   -0.350104
   -0.350011
   -0.350145
   -0.349960
   -0.350205
   -0.349896
   -0.350274
   -0.349823
   -0.400645
   -0.400077
   -0.400652
   -0.407166
   -0.350016
   -0.350034
   -0.350009
   -0.350047
   -0.349992
   -0.350077
   -0.349948
   -0.350132
   -0.349885
   -0.350199
   -0.349811
   -0.346704
   -0.403613
   -0.400633
   -0.396381
   -0.407828
   -0.349651
   -0.350476
   -0.349690
   -0.350408
   -0.349766
   -0.350383
   -0.349754
   -0.350357
   -0.349824
   -0.350301
   -0.349876
   -0.350240
   -0.396644
   -0.403966
   -0.396743
   -0.407499
   -0.350425
   -0.349757
   -0.350397
   -0.349810
   -0.350334
   -0.349828
   -0.350354
   -0.349840
   -0.350303
   -0.349876
   -0.350269
   -0.349922
   -0.396873
   -0.403889
   -0.396792
   -0.407527
   -0.349825
   -0.350315
   -0.349851
   -0.350267
   -0.349907
   -0.350252
   -0.349885
   -0.350248
   -0.349922
   -0.350226
   -0.349946
   -0.350188
   -0.396685
   -0.403956
   -0.396750
   -0.407506
   -0.350277
   -0.349891
   -0.350262
   -0.349925
   -0.350221
   -0.349930
   -0.350250
   -0.349922
   -0.350230
   -0.349928
   -0.350221
   -0.349953
   -0.396851
   -0.403880
   -0.396804
   -0.407498
   -0.349936
   -0.350218
   -0.349948
   -0.350191
   -0.349982
   -0.350187
   -0.349957
   -0.350193
   -0.349972
   -0.350191
   -0.349978
   -0.350168
   -0.396697
   -0.403971
   -0.396731
   -0.407545
   -0.350222
   -0.349935
   -0.350215
   -0.349952
   -0.350192
   -0.349952
   -0.350216
   -0.349945
   -0.350207
   -0.349940
   -0.350209
   -0.349954
   -0.396856
   -0.403849
   -0.396840
   -0.407442
   -0.349993
   -0.350171
   -0.349995
   -0.350164
   -0.350009
   -0.350167
   -0.349988
   -0.350176
   -0.349987
   -0.350192
   -0.349972
   -0.350191
   -0.396666
   -0.404034
   -0.396660
   -0.407639
   -0.350156
   -0.349990
   -0.350159
   -0.349988
   -0.350155
   -0.349980
   -0.350178
   -0.349966
   -0.350190
   -0.349937
   -0.350220
   -0.349920
   -0.400492
   -0.400178
   -0.400525
   -0.407320
   -0.350076
   -0.350101
   -0.350066
   -0.350115
   -0.350055
   -0.350135
   -0.350022
   -0.350164
   -0.349991
   -0.350214
   -0.349936
   -0.350255
   -0.400178
   -0.400562
   -0.400116
   -0.407804
   -0.350056
   -0.350079
   -0.350070
   -0.350056
   -0.350093
   -0.350027
   -0.350131
   -0.349987
   -0.350179
   -0.349922
   -0.350252
   -0.349862
   -0.400562
   -0.400072
   -0.400644
   -0.407172
   -0.350133
   -0.350054
   -0.350118
   -0.350082
   -0.350088
   -0.350114
   -0.350047
   -0.350162
   -0.349987
   -0.350239
   -0.349899
   -0.350315
   -0.400111
   -0.400661
   -0.400008
   -0.407939
   -0.350020
   -0.350105
   -0.350038
   -0.350072
   -0.350074
   -0.350034
   -0.350120
   -0.349979
   -0.350191
   -0.349891
   -0.350292
   -0.349800
   -0.400631
   -0.399973
   -0.400753
   -0.407035
   -0.350129
   -0.350065
   -0.350114
   -0.350097
   -0.350079
   -0.350132
   -0.350037
   -0.350187
   -0.349963
   -0.350275
   -0.349859
   -0.350372
   -0.400052
   -0.400746
   -0.399917
   -0.408057
   -0.350046
   -0.350073
   -0.350061
   -0.350041
   -0.350097
   -0.350006
   -0.350137
   -0.349949
   -0.350214
   -0.349860
   -0.350323
   -0.349756
   -0.400672
   -0.399907
   -0.400821
   -0.406944
   -0.350096
   -0.350104
   -0.350084
   -0.350135
   -0.350050
   -0.350169
   -0.350011
   -0.350225
   -0.349934
   -0.350312
   -0.349824
   -0.350418
   -0.400011
   -0.400810
   -0.399852
   -0.408145
   -0.350064
   -0.350048
   -0.350078
   -0.350015
   -0.350115
   -0.349976
   -0.350160
   -0.349911
   -0.350245
   -0.349817
   -0.350366
   -0.346109
   -0.404315
   -0.399831
   -0.397307
   -0.406840
   -0.350251
   -0.349807
   -0.350249
   -0.349841
   -0.350202
   -0.349849
   -0.350228
   -0.349850
   -0.350199
   -0.349865
   -0.350192
   -0.349874
   -0.396825
   -0.403823
   -0.396729
   -0.407461
   -0.349919
   -0.350205
   -0.349917
   -0.350179
   -0.349959
   -0.350171
   -0.349933
   -0.350175
   -0.349953
   -0.350168
   -0.349953
   -0.350165
   -0.396658
   -0.403936
   -0.396741
   -0.407482
   -0.350149
   -0.349917
   -0.350157
   -0.349935
   -0.350123
   -0.349939
   -0.350152
   -0.349927
   -0.350143
   -0.349925
   -0.350149
   -0.349922
   -0.396802
   -0.403841
   -0.396731
   -0.407470
   -0.350001
   -0.350115
   -0.349991
   -0.350103
   -0.350018
   -0.350102
   -0.349988
   -0.350119
   -0.349989
   -0.350128
   -0.349978
   -0.350134
   -0.396664
   -0.403934
   -0.396723
   -0.407493
   -0.350102
   -0.349973
   -0.350114
   -0.349980
   -0.350093
   -0.349980
   -0.350120
   -0.349965
   -0.350120
   -0.349956
   -0.350130
   -0.349951
   -0.396797
   -0.403845
   -0.396749
   -0.407458
   -0.350008
   -0.350098
   -0.349996
   -0.350095
   -0.350012
   -0.350094
   -0.349991
   -0.350105
   -0.349992
   -0.350112
   -0.349983
   -0.350119
   -0.396658
   -0.403942
   -0.396693
   -0.407518
   -0.350090
   -0.349995
   -0.350106
   -0.349990
   -0.350100
   -0.349985
   -0.350121
   -0.349972
   -0.350127
   -0.349959
   -0.350142
   -0.349943
   -0.396828
   -0.403810
   -0.396807
   -0.407401
   -0.350029
   -0.350069
   -0.350011
   -0.350078
   -0.350011
   -0.350086
   -0.349991
   -0.350101
   -0.349980
   -0.350120
   -0.349956
   -0.350146
   -0.400194
   -0.400414
   -0.400194
   -0.407609
   -0.350011
   -0.350081
   -0.350037
   -0.350058
   -0.350053
   -0.350037
   -0.350083
   -0.350008
   -0.350110
   -0.349973
   -0.350153
   -0.349926
   -0.400464
   -0.400164
   -0.400486
   -0.407310
   -0.350105
   -0.349984
   -0.350080
   -0.350009
   -0.350060
   -0.350033
   -0.350029
   -0.350065
   -0.349996
   -0.350105
   -0.349946
   -0.350160
   -0.400155
   -0.400459
   -0.400122
   -0.407680
   -0.349990
   -0.350114
   -0.350013
   -0.350086
   -0.350040
   -0.350059
   -0.350071
   -0.350024
   -0.350109
   -0.349979
   -0.350167
   -0.349914
   -0.400498
   -0.400129
   -0.400544
   -0.407255
   -0.350103
   -0.349972
   -0.350084
   -0.349999
   -0.350057
   -0.350027
   -0.350027
   -0.350060
   -0.349988
   -0.350105
   -0.349928
   -0.350175
   -0.400120
   -0.400495
   -0.400064
   -0.407735
   -0.350027
   -0.350092
   -0.350041
   -0.350069
   -0.350066
   -0.350045
   -0.350090
   -0.350016
   -0.350125
   -0.349976
   -0.350183
   -0.349905
   -0.400522
   -0.400107
   -0.400584
   -0.407219
   -0.350058
   -0.350001
   -0.350050
   -0.350020
   -0.350028
   -0.350042
   -0.350009
   -0.350065
   -0.349980
   -0.350097
   -0.349926
   -0.350168
   -0.400113
   -0.400497
   -0.400046
   -0.407746
   -0.350071
   -0.350063
   -0.350076
   -0.350047
   -0.350096
   -0.350026
   -0.350111
   -0.350008
   -0.350135
   -0.349984
   -0.350183
   -0.349915
   -0.400523
   -0.400111
   -0.400593
   -0.407218
   -0.350017
   -0.350029
   -0.350016
   -0.350042
   -0.349998
   -0.350062
   -0.349985
   -0.350079
   -0.349963
   -0.350098
   -0.349916
   -0.346579
   -0.403688
   -0.400507
   -0.396431
   -0.407764
   -0.349045
   -0.351025
   -0.349196
   -0.350847
   -0.349388
   -0.350688
   -0.349521
   -0.350537
   -0.349676
   -0.350407
   -0.349786
   -0.350296
   -0.396618
   -0.403978
   -0.396741
   -0.407503
   -0.350991
   -0.349241
   -0.350862
   -0.349395
   -0.350695
   -0.349535
   -0.350580
   -0.349665
   -0.350446
   -0.349774
   -0.350354
   -0.349870
   -0.396893
   -0.403880
   -0.396788
   -0.407529
   -0.349326
   -0.350772
   -0.349435
   -0.350640
   -0.349580
   -0.350520
   -0.349677
   -0.350410
   -0.349789
   -0.350321
   -0.349866
   -0.350237
   -0.396662
   -0.403963
   -0.396753
   -0.407502
   -0.350723
   -0.349481
   -0.350637
   -0.349588
   -0.350517
   -0.349686
   -0.350441
   -0.349772
   -0.350352
   -0.349842
   -0.350292
   -0.349911
   -0.396866
   -0.403877
   -0.396795
   -0.407509
   -0.349571
   -0.350554
   -0.349640
   -0.350468
   -0.349738
   -0.350387
   -0.349801
   -0.350314
   -0.349877
   -0.350254
   -0.349928
   -0.350194
   -0.396693
   -0.403962
   -0.396750
   -0.407522
   -0.350509
   -0.349670
   -0.350460
   -0.349732
   -0.350387
   -0.349792
   -0.350339
   -0.349850
   -0.350280
   -0.349895
   -0.350243
   -0.349941
   -0.396848
   -0.403865
   -0.396813
   -0.407473
   -0.349767
   -0.350383
   -0.349800
   -0.350340
   -0.349852
   -0.350298
   -0.349887
   -0.350254
   -0.349931
   -0.350224
   -0.349952
   -0.350193
   -0.396681
   -0.404005
   -0.396698
   -0.407593
   -0.350311
   -0.349843
   -0.350297
   -0.349865
   -0.350267
   -0.349887
   -0.350248
   -0.349913
   -0.350225
   -0.349923
   -0.350226
   -0.349930
   -0.400466
   -0.400212
   -0.400479
   -0.407373
   -0.349967
   -0.350207
   -0.349965
   -0.350206
   -0.349972
   -0.350204
   -0.349973
   -0.350199
   -0.349975
   -0.350210
   -0.349950
   -0.350228
   -0.400218
   -0.400508
   -0.400179
   -0.407732
   -0.350132
   -0.350003
   -0.350143
   -0.349992
   -0.350150
   -0.349982
   -0.350159
   -0.349974
   -0.350171
   -0.349949
   -0.350213
   -0.349914
   -0.400498
   -0.400147
   -0.400557
   -0.407272
   -0.350080
   -0.350108
   -0.350065
   -0.350127
   -0.350047
   -0.350146
   -0.350031
   -0.350163
   -0.350008
   -0.350199
   -0.349952
   -0.350250
   -0.400184
   -0.400572
   -0.400107
   -0.407827
   -0.350057
   -0.350066
   -0.350076
   -0.350041
   -0.350102
   -0.350014
   -0.350125
   -0.349988
   -0.350157
   -0.349944
   -0.350225
   -0.349879
   -0.400540
   -0.400076
   -0.400635
   -0.407171
   -0.350096
   -0.350099
   -0.350083
   -0.350120
   -0.350060
   -0.350145
   -0.350039
   -0.350170
   -0.350008
   -0.350213
   -0.349938
   -0.350282
   -0.400151
   -0.400630
   -0.400048
   -0.407905
   -0.350067
   -0.350052
   -0.350079
   -0.350029
   -0.350103
   -0.350003
   -0.350126
   -0.349975
   -0.350159
   -0.349932
   -0.350233
   -0.349857
   -0.400561
   -0.400033
   -0.400674
   -0.407114
   -0.350093
   -0.350108
   -0.350083
   -0.350130
   -0.350059
   -0.350157
   -0.350037
   -0.350185
   -0.350004
   -0.350225
   -0.349929
   -0.350303
   -0.400133
   -0.400668
   -0.400013
   -0.407958
   -0.350064
   -0.350048
   -0.350075
   -0.350025
   -0.350100
   -0.349994
   -0.350126
   -0.349962
   -0.350161
   -0.349919
   -0.350244
   -0.346240
   -0.404175
   -0.399989
   -0.397126
   -0.407051
   -0.350484
   -0.349610
   -0.350431
   -0.349684
   -0.350343
   -0.349738
   -0.350317
   -0.349785
   -0.350258
   -0.349831
   -0.350216
   -0.349870
   -0.396817
   -0.403828
   -0.396727
   -0.407466
   -0.349680
   -0.350410
   -0.349728
   -0.350343
   -0.349809
   -0.350292
   -0.349833
   -0.350250
   -0.349887
   -0.350210
   -0.349922
   -0.350177
   -0.396658
   -0.403936
   -0.396740
   -0.407481
   -0.350371
   -0.349726
   -0.350334
   -0.349780
   -0.350266
   -0.349820
   -0.350249
   -0.349853
   -0.350209
   -0.349880
   -0.350183
   -0.349905
   -0.396808
   -0.403837
   -0.396734
   -0.407470
   -0.349805
   -0.350285
   -0.349833
   -0.350242
   -0.349889
   -0.350211
   -0.349897
   -0.350189
   -0.349927
   -0.350171
   -0.349944
   -0.350154
   -0.396654
   -0.403941
   -0.396718
   -0.407493
   -0.350256
   -0.349841
   -0.350239
   -0.349869
   -0.350198
   -0.349890
   -0.350196
   -0.349905
   -0.350175
   -0.349917
   -0.350163
   -0.349927
   -0.396811
   -0.403833
   -0.396756
   -0.407455
   -0.349898
   -0.350190
   -0.349908
   -0.350173
   -0.349935
   -0.350162
   -0.349932
   -0.350153
   -0.349946
   -0.350148
   -0.349951
   -0.350144
   -0.396639
   -0.403958
   -0.396681
   -0.407525
   -0.350186
   -0.349914
   -0.350183
   -0.349921
   -0.350168
   -0.349921
   -0.350179
   -0.349923
   -0.350174
   -0.349920
   -0.350179
   -0.349912
   -0.396852
   -0.403789
   -0.396822
   -0.407392
   -0.349960
   -0.350124
   -0.349957
   -0.350127
   -0.349960
   -0.350136
   -0.349943
   -0.350144
   -0.349937
   -0.350158
   -0.349917
   -0.350183
   -0.400161
   -0.400443
   -0.400171
   -0.407626
   -0.350075
   -0.350027
   -0.350089
   -0.350009
   -0.350103
   -0.349985
   -0.350134
   -0.349960
   -0.350158
   -0.349929
   -0.350199
   -0.349881
   -0.400507
   -0.400124
   -0.400520
   -0.407281
   -0.350056
   -0.350025
   -0.350039
   -0.350048
   -0.350018
   -0.350078
   -0.349984
   -0.350109
   -0.349952
   -0.350148
   -0.349901
   -0.350205
   -0.400110
   -0.400501
   -0.400086
   -0.407711
   -0.350030
   -0.350079
   -0.350050
   -0.350050
   -0.350078
   -0.350013
   -0.350119
   -0.349974
   -0.350160
   -0.349927
   -0.350223
   -0.349854
   -0.400559
   -0.400068
   -0.400598
   -0.407204
   -0.350077
   -0.349996
   -0.350056
   -0.350027
   -0.350026
   -0.350067
   -0.349983
   -0.350109
   -0.349939
   -0.350157
   -0.349871
   -0.350237
   -0.400055
   -0.400559
   -0.400006
   -0.407789
   -0.350050
   -0.350070
   -0.350067
   -0.350043
   -0.350093
   -0.350008
   -0.350132
   -0.349968
   -0.350172
   -0.349925
   -0.350239
   -0.349843
   -0.400586
   -0.400043
   -0.400640
   -0.407167
   -0.350044
   -0.350016
   -0.350031
   -0.350040
   -0.350009
   -0.350072
   -0.349973
   -0.350107
   -0.349939
   -0.350142
   -0.349877
   -0.350222
   -0.400058
   -0.400551
   -0.400002
   -0.407784
   -0.350075
   -0.350057
   -0.350086
   -0.350036
   -0.350105
   -0.350005
   -0.350139
   -0.349971
   -0.350171
   -0.349944
   -0.350229
   -0.349864
   -0.400576
   -0.400060
   -0.400634
   -0.407182
   -0.350022
   -0.350027
   -0.350012
   -0.350046
   -0.349996
   -0.350076
   -0.349963
   -0.350109
   -0.349934
   -0.350132
   -0.349875
   -0.346625
   -0.403641
   -0.400552
   -0.396397
   -0.407793
   -0.349932
   -0.350213
   -0.349926
   -0.350189
   -0.349964
   -0.350187
   -0.349934
   -0.350204
   -0.349936
   -0.350202
   -0.349941
   -0.350176
   -0.396701
   -0.403938
   -0.396745
   -0.407502
   -0.350232
   -0.349938
   -0.350236
   -0.349960
   -0.350198
   -0.349966
   -0.350223
   -0.349952
   -0.350221
   -0.349953
   -0.350218
   -0.349976
   -0.396818
   -0.403917
   -0.396785
   -0.407528
   -0.349965
   -0.350185
   -0.349963
   -0.350162
   -0.350001
   -0.350153
   -0.349982
   -0.350164
   -0.349984
   -0.350164
   -0.349987
   -0.350141
   -0.396733
   -0.403925
   -0.396762
   -0.407498
   -0.350192
   -0.349971
   -0.350195
   -0.349989
   -0.350161
   -0.349997
   -0.350178
   -0.349988
   -0.350178
   -0.349985
   -0.350179
   -0.350004
   -0.396794
   -0.403921
   -0.396775
   -0.407526
   -0.350011
   -0.350148
   -0.350007
   -0.350133
   -0.350037
   -0.350124
   -0.350025
   -0.350129
   -0.350028
   -0.350128
   -0.350031
   -0.350108
   -0.396763
   -0.403914
   -0.396778
   -0.407495
   -0.350147
   -0.350005
   -0.350156
   -0.350012
   -0.350134
   -0.350016
   -0.350147
   -0.350012
   -0.350145
   -0.350010
   -0.350146
   -0.350025
   -0.396776
   -0.403920
   -0.396774
   -0.407513
   -0.350045
   -0.350123
   -0.350037
   -0.350120
   -0.350054
   -0.350118
   -0.350042
   -0.350121
   -0.350043
   -0.350125
   -0.350036
   -0.350117
   -0.396748
   -0.403950
   -0.396742
   -0.407547
   -0.350100
   -0.350042
   -0.350112
   -0.350040
   -0.350103
   -0.350035
   -0.350118
   -0.350028
   -0.350123
   -0.350017
   -0.350140
   -0.350012
   -0.400387
   -0.400285
   -0.400412
   -0.407447
   -0.350116
   -0.350065
   -0.350100
   -0.350077
   -0.350096
   -0.350091
   -0.350074
   -0.350106
   -0.350062
   -0.350126
   -0.350031
   -0.350146
   -0.400300
   -0.400426
   -0.400262
   -0.407639
   -0.350011
   -0.350119
   -0.350032
   -0.350099
   -0.350046
   -0.350078
   -0.350071
   -0.350057
   -0.350089
   -0.350032
   -0.350129
   -0.350002
   -0.400404
   -0.400245
   -0.400452
   -0.407390
   -0.350170
   -0.350022
   -0.350149
   -0.350045
   -0.350130
   -0.350068
   -0.350104
   -0.350091
   -0.350084
   -0.350118
   -0.350038
   -0.350156
   -0.400287
   -0.400460
   -0.400232
   -0.407686
   -0.349992
   -0.350127
   -0.350014
   -0.350103
   -0.350035
   -0.350079
   -0.350060
   -0.350056
   -0.350080
   -0.350031
   -0.350129
   -0.349987
   -0.400420
   -0.400210
   -0.400482
   -0.407343
   -0.350135
   -0.350062
   -0.350123
   -0.350077
   -0.350112
   -0.350090
   -0.350098
   -0.350102
   -0.350090
   -0.350114
   -0.350052
   -0.350150
   -0.400301
   -0.400459
   -0.400243
   -0.407685
   -0.350042
   -0.350074
   -0.350052
   -0.350063
   -0.350058
   -0.350054
   -0.350067
   -0.350048
   -0.350067
   -0.350048
   -0.350097
   -0.350017
   -0.400378
   -0.400244
   -0.400432
   -0.407387
   -0.350105
   -0.350100
   -0.350098
   -0.350106
   -0.350098
   -0.350109
   -0.350095
   -0.350108
   -0.350106
   -0.350094
   -0.350087
   -0.350117
   -0.400349
   -0.400417
   -0.400302
   -0.407632
   -0.350058
   -0.350049
   -0.350066
   -0.350043
   -0.350063
   -0.350042
   -0.350064
   -0.350047
   -0.350047
   -0.350070
   -0.350060
   -0.346459
   -0.403920
   -0.400285
   -0.396785
   -0.407437
   -0.350354
   -0.349722
   -0.350328
   -0.349771
   -0.350263
   -0.349827
   -0.350227
   -0.349862
   -0.350188
   -0.349891
   -0.350167
   -0.349907
   -0.396787
   -0.403843
   -0.396722
   -0.407461
   -0.349790
   -0.350307
   -0.349816
   -0.350260
   -0.349880
   -0.350206
   -0.349914
   -0.350173
   -0.349950
   -0.350147
   -0.349968
   -0.350134
   -0.396687
   -0.403911
   -0.396746
   -0.407476
   -0.350289
   -0.349795
   -0.350267
   -0.349837
   -0.350208
   -0.349887
   -0.350176
   -0.349918
   -0.350145
   -0.349939
   -0.350129
   -0.349951
   -0.396763
   -0.403871
   -0.396707
   -0.407486
   -0.349844
   -0.350246
   -0.349866
   -0.350206
   -0.349922
   -0.350158
   -0.349953
   -0.350128
   -0.349984
   -0.350106
   -0.350000
   -0.350093
   -0.396710
   -0.403883
   -0.396761
   -0.407449
   -0.350244
   -0.349848
   -0.350225
   -0.349882
   -0.350176
   -0.349926
   -0.350145
   -0.349957
   -0.350113
   -0.349982
   -0.350095
   -0.349995
   -0.396735
   -0.403903
   -0.396690
   -0.407514
   -0.349874
   -0.350207
   -0.349894
   -0.350176
   -0.349938
   -0.350136
   -0.349968
   -0.350103
   -0.350003
   -0.350077
   -0.350020
   -0.350064
   -0.396721
   -0.403870
   -0.396758
   -0.407445
   -0.350230
   -0.349873
   -0.350211
   -0.349897
   -0.350176
   -0.349930
   -0.350149
   -0.349960
   -0.350119
   -0.349981
   -0.350108
   -0.349986
   -0.396765
   -0.403873
   -0.396739
   -0.407469
   -0.349898
   -0.350174
   -0.349914
   -0.350157
   -0.349939
   -0.350133
   -0.349959
   -0.350110
   -0.349983
   -0.350096
   -0.349983
   -0.350103
   -0.400247
   -0.400351
   -0.400255
   -0.407538
   -0.350146
   -0.349961
   -0.350139
   -0.349965
   -0.350130
   -0.349973
   -0.350125
   -0.349982
   -0.350114
   -0.349982
   -0.350132
   -0.349956
   -0.400416
   -0.400214
   -0.400425
   -0.407370
   -0.349999
   -0.350071
   -0.349999
   -0.350078
   -0.349994
   -0.350082
   -0.349991
   -0.350082
   -0.349993
   -0.350091
   -0.349962
   -0.350129
   -0.400194
   -0.400408
   -0.400175
   -0.407616
   -0.350062
   -0.350047
   -0.350071
   -0.350028
   -0.350089
   -0.350013
   -0.350103
   -0.350002
   -0.350111
   -0.349982
   -0.350155
   -0.349929
   -0.400467
   -0.400162
   -0.400498
   -0.407301
   -0.350059
   -0.350008
   -0.350045
   -0.350033
   -0.350023
   -0.350052
   -0.350006
   -0.350066
   -0.349994
   -0.350090
   -0.349941
   -0.350153
   -0.400147
   -0.400455
   -0.400108
   -0.407681
   -0.350047
   -0.350069
   -0.350060
   -0.350044
   -0.350081
   -0.350029
   -0.350095
   -0.350017
   -0.350103
   -0.349998
   -0.350155
   -0.349932
   -0.400479
   -0.400154
   -0.400519
   -0.407287
   -0.350042
   -0.350015
   -0.350031
   -0.350036
   -0.350017
   -0.350046
   -0.350008
   -0.350051
   -0.350008
   -0.350060
   -0.349962
   -0.350122
   -0.400168
   -0.400424
   -0.400131
   -0.407645
   -0.350067
   -0.350059
   -0.350078
   -0.350037
   -0.350091
   -0.350030
   -0.350095
   -0.350031
   -0.350088
   -0.350033
   -0.350126
   -0.349974
   -0.400443
   -0.400204
   -0.400475
   -0.407345
   -0.350019
   -0.350028
   -0.350009
   -0.350047
   -0.350003
   -0.350048
   -0.350004
   -0.350040
   -0.350021
   -0.350026
   -0.349991
   -0.346489
   -0.403796
   -0.400372
   -0.396588
   -0.407585
   -0.349766
   -0.350198
   -0.349810
   -0.350145
   -0.349869
   -0.350099
   -0.349909
   -0.350053
   -0.349955
   -0.350030
   -0.349943
   -0.350045
   -0.396638
   -0.403836
   -0.396669
   -0.407413
   -0.350228
   -0.349828
   -0.350191
   -0.349874
   -0.350138
   -0.349915
   -0.350103
   -0.349955
   -0.350064
   -0.349972
   -0.350078
   -0.349957
   -0.396718
   -0.403853
   -0.396695
   -0.407452
   -0.349824
   -0.350153
   -0.349858
   -0.350109
   -0.349911
   -0.350067
   -0.349948
   -0.350027
   -0.349984
   -0.350011
   -0.349973
   -0.350021
   -0.396667
   -0.403822
   -0.396688
   -0.407404
   -0.350186
   -0.349857
   -0.350156
   -0.349897
   -0.350106
   -0.349938
   -0.350071
   -0.349977
   -0.350036
   -0.349992
   -0.350045
   -0.349985
   -0.396683
   -0.403874
   -0.396668
   -0.407469
   -0.349871
   -0.350119
   -0.349898
   -0.350082
   -0.349946
   -0.350041
   -0.349982
   -0.350000
   -0.350020
   -0.349980
   -0.350018
   -0.349980
   -0.396716
   -0.403787
   -0.396728
   -0.407375
   -0.350142
   -0.349890
   -0.350117
   -0.349922
   -0.350074
   -0.349960
   -0.350041
   -0.350001
   -0.350001
   -0.350022
   -0.350002
   -0.350024
   -0.396638
   -0.403903
   -0.396635
   -0.407489
   -0.349904
   -0.350095
   -0.349928
   -0.350067
   -0.349966
   -0.350033
   -0.349997
   -0.349995
   -0.350034
   -0.349975
   -0.350030
   -0.349976
   -0.396723
   -0.403799
   -0.396719
   -0.407400
   -0.350089
   -0.349931
   -0.350072
   -0.349952
   -0.350042
   -0.349978
   -0.350020
   -0.350008
   -0.349990
   -0.350021
   -0.350001
   -0.350012
   -0.400241
   -0.400279
   -0.400261
   -0.407436
   -0.349967
   -0.350046
   -0.349980
   -0.350033
   -0.350000
   -0.350015
   -0.350015
   -0.349992
   -0.350040
   -0.349983
   -0.350022
   -0.349999
   -0.400287
   -0.400259
   -0.400257
   -0.407471
   -0.350017
   -0.349990
   -0.350011
   -0.349995
   -0.349999
   -0.350006
   -0.349990
   -0.350024
   -0.349967
   -0.350031
   -0.349989
   -0.350010
   -0.400242
   -0.400258
   -0.400278
   -0.407405
   -0.350024
   -0.350003
   -0.350026
   -0.350003
   -0.350033
   -0.349995
   -0.350039
   -0.349980
   -0.350060
   -0.349973
   -0.350036
   -0.349998
   -0.400291
   -0.400271
   -0.400251
   -0.407489
   -0.349982
   -0.350012
   -0.349983
   -0.350010
   -0.349978
   -0.350018
   -0.349971
   -0.350034
   -0.349947
   -0.350045
   -0.349971
   -0.350018
   -0.400230
   -0.400256
   -0.400273
   -0.407398
   -0.350020
   -0.350016
   -0.350023
   -0.350012
   -0.350037
   -0.349994
   -0.350053
   -0.349968
   -0.350089
   -0.349944
   -0.350077
   -0.349961
   -0.400340
   -0.400231
   -0.400304
   -0.407442
   -0.349998
   -0.349990
   -0.349993
   -0.349998
   -0.349972
   -0.350021
   -0.349951
   -0.350054
   -0.349905
   -0.350091
   -0.349907
   -0.350082
   -0.400151
   -0.400330
   -0.400181
   -0.407488
   -0.350018
   -0.350025
   -0.350026
   -0.350013
   -0.350053
   -0.349983
   -0.350080
   -0.349942
   -0.350138
   -0.349889
   -0.350150
   -0.349888
   -0.400429
   -0.400146
   -0.400409
   -0.407339
   -0.349990
   -0.349989
   -0.349983
   -0.350003
   -0.349951
   -0.350039
   -0.349920
   -0.350086
   -0.349850
   -0.350154
   -0.349827
   -0.346572
   -0.403643
   -0.400424
   -0.396478
   -0.407598
   -0.347180
   -0.347482
   -0.347238
   -0.347435
   -0.347275
   -0.347402
   -0.347303
   -0.347385
   -0.347318
   -0.347360
   -0.347351
   -0.347331
   -0.393669
   -0.400795
   -0.393637
   -0.404373
   -0.347654
   -0.347471
   -0.347601
   -0.347513
   -0.347569
   -0.347541
   -0.347546
   -0.347555
   -0.347534
   -0.347576
   -0.347505
   -0.347601
   -0.393835
   -0.401050
   -0.393867
   -0.404597
   -0.347220
   -0.347454
   -0.347267
   -0.347418
   -0.347292
   -0.347398
   -0.347309
   -0.347389
   -0.347317
   -0.347372
   -0.347341
   -0.347351
   -0.393655
   -0.400815
   -0.393625
   -0.404393
   -0.347599
   -0.347512
   -0.347561
   -0.347538
   -0.347547
   -0.347547
   -0.347540
   -0.347548
   -0.347540
   -0.347558
   -0.347523
   -0.347573
   -0.393857
   -0.401021
   -0.393890
   -0.404564
   -0.347280
   -0.347409
   -0.347310
   -0.347392
   -0.347314
   -0.347392
   -0.347313
   -0.347400
   -0.347303
   -0.347401
   -0.347311
   -0.347393
   -0.393618
   -0.400859
   -0.393588
   -0.404440
   -0.347551
   -0.347546
   -0.347529
   -0.347555
   -0.347533
   -0.347546
   -0.347543
   -0.347530
   -0.347561
   -0.347521
   -0.347559
   -0.347525
   -0.393899
   -0.400973
   -0.393929
   -0.404516
   -0.347316
   -0.347386
   -0.347333
   -0.347381
   -0.347324
   -0.347393
   -0.347311
   -0.347412
   -0.347291
   -0.347422
   -0.347295
   -0.347414
   -0.393608
   -0.400873
   -0.393585
   -0.404449
   -0.347526
   -0.347559
   -0.347514
   -0.347560
   -0.347526
   -0.347545
   -0.347543
   -0.347522
   -0.347566
   -0.347510
   -0.347561
   -0.347522
   -0.397451
   -0.397422
   -0.397467
   -0.404538
   -0.347310
   -0.347401
   -0.347321
   -0.347401
   -0.347309
   -0.347417
   -0.347290
   -0.347441
   -0.347265
   -0.347455
   -0.347273
   -0.347437
   -0.397163
   -0.397320
   -0.397151
   -0.404451
   -0.347521
   -0.347555
   -0.347515
   -0.347551
   -0.347533
   -0.347527
   -0.347558
   -0.347497
   -0.347591
   -0.347475
   -0.347587
   -0.347492
   -0.397470
   -0.397398
   -0.397484
   -0.404512
   -0.347332
   -0.347389
   -0.347335
   -0.347397
   -0.347313
   -0.347426
   -0.347282
   -0.347460
   -0.347245
   -0.347488
   -0.347248
   -0.347467
   -0.397143
   -0.397347
   -0.397130
   -0.404481
   -0.347508
   -0.347560
   -0.347508
   -0.347548
   -0.347537
   -0.347510
   -0.347575
   -0.347469
   -0.347621
   -0.347433
   -0.347620
   -0.347455
   -0.397496
   -0.397366
   -0.397508
   -0.404480
   -0.347344
   -0.347385
   -0.347340
   -0.347404
   -0.347300
   -0.347454
   -0.347252
   -0.347505
   -0.347195
   -0.347552
   -0.347189
   -0.347533
   -0.397083
   -0.397416
   -0.397065
   -0.404559
   -0.347495
   -0.347565
   -0.347502
   -0.347538
   -0.347553
   -0.347478
   -0.347612
   -0.347415
   -0.347682
   -0.347352
   -0.347699
   -0.347364
   -0.397585
   -0.397263
   -0.397613
   -0.404358
   -0.347347
   -0.347389
   -0.347339
   -0.347420
   -0.347281
   -0.347487
   -0.347215
   -0.347559
   -0.347133
   -0.347635
   -0.347106
   -0.347629
   -0.396987
   -0.397528
   -0.396950
   -0.404693
   -0.347491
   -0.347563
   -0.347501
   -0.347527
   -0.347568
   -0.347450
   -0.347643
   -0.347366
   -0.347741
   -0.347273
   -0.347780
   -0.343709
   -0.401240
   -0.397154
   -0.394161
   -0.404229
   -0.256869
   -0.256837
   -0.256855
   -0.256848
   -0.256846
   -0.256857
   -0.256836
   -0.256869
   -0.256821
   -0.256885
   -0.256805
   -0.256901
   -0.291031
   -0.296431
   -0.291025
   -0.299065
   -0.257081
   -0.257353
   -0.257094
   -0.257343
   -0.257102
   -0.257335
   -0.257110
   -0.257326
   -0.257121
   -0.257314
   -0.257133
   -0.257303
   -0.291425
   -0.296877
   -0.291435
   -0.299512
   -0.256859
   -0.256851
   -0.256848
   -0.256857
   -0.256846
   -0.256858
   -0.256845
   -0.256860
   -0.256841
   -0.256864
   -0.256836
   -0.256868
   -0.291073
   -0.296389
   -0.291076
   -0.299014
   -0.257092
   -0.257338
   -0.257101
   -0.257337
   -0.257096
   -0.257342
   -0.257092
   -0.257346
   -0.257088
   -0.257350
   -0.257086
   -0.257352
   -0.291364
   -0.296938
   -0.291362
   -0.299586
   -0.256848
   -0.256864
   -0.256842
   -0.256862
   -0.256854
   -0.256848
   -0.256868
   -0.256831
   -0.256888
   -0.256811
   -0.256903
   -0.256795
   -0.291161
   -0.296299
   -0.291180
   -0.298909
   -0.257100
   -0.257326
   -0.257105
   -0.257331
   -0.257089
   -0.257351
   -0.257070
   -0.257375
   -0.257038
   -0.257406
   -0.257018
   -0.257426
   -0.291276
   -0.297026
   -0.291262
   -0.299687
   -0.256838
   -0.256878
   -0.256835
   -0.256872
   -0.256853
   -0.256851
   -0.256875
   -0.256821
   -0.256913
   -0.256785
   -0.256933
   -0.256767
   -0.291195
   -0.296271
   -0.291215
   -0.298880
   -0.257113
   -0.257311
   -0.257114
   -0.257319
   -0.257094
   -0.257344
   -0.257068
   -0.257377
   -0.257023
   -0.257419
   -0.257005
   -0.257432
   -0.293904
   -0.294390
   -0.293897
   -0.299676
   -0.256826
   -0.256894
   -0.256827
   -0.256884
   -0.256849
   -0.256855
   -0.256880
   -0.256816
   -0.256936
   -0.256763
   -0.256956
   -0.256752
   -0.293851
   -0.293628
   -0.293857
   -0.298888
   -0.257121
   -0.257299
   -0.257119
   -0.257309
   -0.257094
   -0.257344
   -0.257058
   -0.257390
   -0.256990
   -0.257455
   -0.256966
   -0.257467
   -0.293862
   -0.294427
   -0.293852
   -0.299718
   -0.256812
   -0.256912
   -0.256815
   -0.256900
   -0.256845
   -0.256857
   -0.256889
   -0.256804
   -0.256967
   -0.256727
   -0.256994
   -0.256717
   -0.293893
   -0.293591
   -0.293903
   -0.298847
   -0.257132
   -0.257282
   -0.257128
   -0.257298
   -0.257091
   -0.257351
   -0.257037
   -0.257414
   -0.256946
   -0.257506
   -0.256912
   -0.257518
   -0.293803
   -0.294480
   -0.293791
   -0.299772
   -0.256803
   -0.256925
   -0.256812
   -0.256901
   -0.256863
   -0.256831
   -0.256932
   -0.256752
   -0.257043
   -0.256640
   -0.257091
   -0.256619
   -0.294005
   -0.293478
   -0.294029
   -0.298720
   -0.257144
   -0.257267
   -0.257132
   -0.257299
   -0.257066
   -0.257385
   -0.256982
   -0.257484
   -0.256846
   -0.257624
   -0.256778
   -0.257661
   -0.293640
   -0.294652
   -0.293598
   -0.299975
   -0.256795
   -0.256938
   -0.256809
   -0.256900
   -0.256887
   -0.256799
   -0.256985
   -0.256684
   -0.257144
   -0.256517
   -0.257232
   -0.256466
   -0.294181
   -0.293290
   -0.294242
   -0.298496
   -0.257147
   -0.257258
   -0.257134
   -0.257301
   -0.257044
   -0.257414
   -0.256934
   -0.257547
   -0.256749
   -0.257743
   -0.256642
   -0.255173
   -0.296103
   -0.294834
   -0.290760
   -0.300185
