   -0.279684
   -0.282718
   -0.279911
   -0.282441
   -0.280176
   -0.282150
   -0.280530
   -0.281834
   -0.280766
   -0.281600
   -0.280974
   -0.281460
   -0.281102
   -0.281272
   -0.281272
   -0.281124
   -0.282341
   -0.279468
   -0.282149
   -0.279703
   -0.281925
   -0.279952
   -0.281619
   -0.280224
   -0.281417
   -0.280426
   -0.281240
   -0.280540
   -0.281135
   -0.280706
   -0.280984
   -0.280844
   -0.280116
   -0.282319
   -0.280280
   -0.282117
   -0.280471
   -0.281901
   -0.280739
   -0.281663
   -0.280914
   -0.281487
   -0.281062
   -0.281397
   -0.281148
   -0.281252
   -0.281279
   -0.281126
   -0.284847
   -0.282705
   -0.284708
   -0.282876
   -0.284546
   -0.283063
   -0.284312
   -0.280383
   -0.281278
   -0.280532
   -0.281157
   -0.280602
   -0.281088
   -0.280725
   -0.280976
   -0.280842
   -0.283349
   -0.284870
   -0.283468
   -0.284724
   -0.283608
   -0.284561
   -0.283811
   -0.281503
   -0.281054
   -0.281380
   -0.281147
   -0.281333
   -0.281196
   -0.281233
   -0.281287
   -0.281129
   -0.284512
   -0.283019
   -0.284414
   -0.283140
   -0.284298
   -0.283276
   -0.284128
   -0.280535
   -0.281145
   -0.280633
   -0.281075
   -0.280662
   -0.281043
   -0.280743
   -0.280968
   -0.280839
   -0.283677
   -0.284566
   -0.283750
   -0.284472
   -0.283841
   -0.284365
   -0.283977
   -0.281368
   -0.281169
   -0.281295
   -0.281217
   -0.281282
   -0.281234
   -0.281219
   -0.281294
   -0.281131
   -0.284212
   -0.283295
   -0.284159
   -0.283368
   -0.284089
   -0.283450
   -0.283983
   -0.280651
   -0.281048
   -0.280704
   -0.281015
   -0.280708
   -0.281009
   -0.280754
   -0.280964
   -0.280836
   -0.283869
   -0.284388
   -0.283917
   -0.284324
   -0.283979
   -0.284254
   -0.284067
   -0.281299
   -0.281226
   -0.281255
   -0.281254
   -0.281251
   -0.281259
   -0.281213
   -0.281296
   -0.281135
   -0.284076
   -0.283423
   -0.284034
   -0.283480
   -0.283981
   -0.283536
   -0.283911
   -0.280705
   -0.281002
   -0.280735
   -0.280986
   -0.280733
   -0.280987
   -0.280758
   -0.280963
   -0.280832
   -0.283991
   -0.284273
   -0.284031
   -0.284221
   -0.284078
   -0.284175
   -0.284133
   -0.281250
   -0.281270
   -0.281226
   -0.281282
   -0.281228
   -0.281280
   -0.281210
   -0.281295
   -0.281139
   -0.284651
   -0.284259
   -0.284624
   -0.284294
   -0.284594
   -0.284321
   -0.284561
   -0.282923
   -0.280966
   -0.280757
   -0.280964
   -0.280749
   -0.280969
   -0.280760
   -0.280963
   -0.282980
   -0.294260
   -0.294252
   -0.294280
   -0.294226
   -0.294300
   -0.294212
   -0.293607
   -0.289149
   -0.287081
   -0.286973
   -0.287076
   -0.286982
   -0.287070
   -0.286976
   -0.287069
   -0.286932
   -0.281672
   -0.281448
   -0.281657
   -0.281465
   -0.281646
   -0.281470
   -0.281643
   -0.282935
   -0.280937
   -0.280756
   -0.280943
   -0.280748
   -0.280950
   -0.280748
   -0.281670
   -0.287288
   -0.283498
   -0.283378
   -0.283505
   -0.283370
   -0.283509
   -0.283371
   -0.282795
   -0.281205
   -0.281328
   -0.281208
   -0.281324
   -0.281212
   -0.281319
   -0.281214
   -0.280591
   -0.280350
   -0.283084
   -0.282968
   -0.283082
   -0.282970
   -0.283084
   -0.282964
   -0.282386
   -0.280777
   -0.280918
   -0.280774
   -0.280922
   -0.280769
   -0.280929
   -0.280764
   -0.277404
   -0.252789
   -0.349853
   -0.346661
   -0.349646
   -0.346919
   -0.349384
   -0.347208
   -0.349049
   -0.347508
   -0.348779
   -0.347734
   -0.348578
   -0.347875
   -0.348446
   -0.348065
   -0.348241
   -0.348115
   -0.346700
   -0.349405
   -0.346878
   -0.349182
   -0.347104
   -0.348930
   -0.347398
   -0.348669
   -0.347638
   -0.348471
   -0.347813
   -0.348351
   -0.347927
   -0.348179
   -0.348116
   -0.348138
   -0.349469
   -0.347027
   -0.349317
   -0.347220
   -0.349121
   -0.347440
   -0.348864
   -0.347668
   -0.348653
   -0.347841
   -0.348503
   -0.347939
   -0.348408
   -0.348090
   -0.348239
   -0.348117
   -0.350621
   -0.352642
   -0.350751
   -0.352477
   -0.350920
   -0.352284
   -0.351146
   -0.348515
   -0.347761
   -0.348367
   -0.347885
   -0.348289
   -0.347964
   -0.348156
   -0.348116
   -0.348138
   -0.352701
   -0.350926
   -0.352589
   -0.351067
   -0.352443
   -0.351236
   -0.352248
   -0.347833
   -0.348520
   -0.347954
   -0.348422
   -0.348011
   -0.348362
   -0.348120
   -0.348232
   -0.348124
   -0.350938
   -0.352333
   -0.351031
   -0.352215
   -0.351155
   -0.352071
   -0.351321
   -0.348360
   -0.347885
   -0.348261
   -0.347962
   -0.348219
   -0.348009
   -0.348126
   -0.348124
   -0.348131
   -0.352398
   -0.351219
   -0.352327
   -0.351313
   -0.352227
   -0.351430
   -0.352092
   -0.347970
   -0.348414
   -0.348043
   -0.348358
   -0.348069
   -0.348327
   -0.348143
   -0.348228
   -0.348128
   -0.351207
   -0.352073
   -0.351263
   -0.351997
   -0.351346
   -0.351900
   -0.351456
   -0.348242
   -0.347973
   -0.348186
   -0.348017
   -0.348166
   -0.348039
   -0.348106
   -0.348125
   -0.348127
   -0.352211
   -0.351404
   -0.352163
   -0.351467
   -0.352093
   -0.351550
   -0.352002
   -0.348049
   -0.348358
   -0.348095
   -0.348321
   -0.348111
   -0.348303
   -0.348159
   -0.348230
   -0.348130
   -0.351365
   -0.351914
   -0.351405
   -0.351861
   -0.351464
   -0.351792
   -0.351536
   -0.348168
   -0.348026
   -0.348137
   -0.348050
   -0.348127
   -0.348062
   -0.348092
   -0.348122
   -0.348126
   -0.352064
   -0.351553
   -0.352029
   -0.351598
   -0.351980
   -0.351653
   -0.351925
   -0.348120
   -0.348306
   -0.348142
   -0.348289
   -0.348148
   -0.348281
   -0.348172
   -0.348235
   -0.348130
   -0.354393
   -0.354654
   -0.354416
   -0.354624
   -0.354449
   -0.354587
   -0.354484
   -0.348818
   -0.348064
   -0.348102
   -0.348071
   -0.348101
   -0.348075
   -0.348087
   -0.348110
   -0.348112
   -0.360421
   -0.360214
   -0.360407
   -0.360230
   -0.360388
   -0.360252
   -0.357484
   -0.356007
   -0.355409
   -0.355317
   -0.355412
   -0.355311
   -0.355414
   -0.355316
   -0.355392
   -0.355934
   -0.350940
   -0.350976
   -0.350951
   -0.350967
   -0.350963
   -0.350952
   -0.350977
   -0.348747
   -0.348098
   -0.348064
   -0.348092
   -0.348069
   -0.348089
   -0.348072
   -0.350966
   -0.358154
   -0.348962
   -0.348868
   -0.348959
   -0.348867
   -0.348955
   -0.348875
   -0.346062
   -0.348178
   -0.348265
   -0.348188
   -0.348272
   -0.348184
   -0.348276
   -0.348175
   -0.345384
   -0.351728
   -0.348774
   -0.348754
   -0.348772
   -0.348761
   -0.348772
   -0.348755
   -0.345895
   -0.348044
   -0.348079
   -0.348073
   -0.348073
   -0.348077
   -0.348066
   -0.348091
   -0.333705
   -0.309590
   -0.348748
   -0.351187
   -0.348864
   -0.351002
   -0.349072
   -0.350756
   -0.349379
   -0.350475
   -0.349576
   -0.350275
   -0.349746
   -0.350171
   -0.349829
   -0.350041
   -0.349946
   -0.349953
   -0.351056
   -0.348968
   -0.350962
   -0.349123
   -0.350788
   -0.349332
   -0.350523
   -0.349573
   -0.350359
   -0.349745
   -0.350215
   -0.349828
   -0.350148
   -0.349943
   -0.350046
   -0.350020
   -0.349079
   -0.350879
   -0.349159
   -0.350744
   -0.349310
   -0.350561
   -0.349544
   -0.350350
   -0.349685
   -0.350197
   -0.349808
   -0.350131
   -0.349863
   -0.350030
   -0.349953
   -0.349959
   -0.354356
   -0.352829
   -0.354290
   -0.352944
   -0.354161
   -0.353102
   -0.353957
   -0.349695
   -0.350253
   -0.349822
   -0.350153
   -0.349871
   -0.350112
   -0.349956
   -0.350037
   -0.350017
   -0.352937
   -0.354216
   -0.352997
   -0.354113
   -0.353112
   -0.353973
   -0.353290
   -0.350227
   -0.349791
   -0.350123
   -0.349868
   -0.350090
   -0.349897
   -0.350021
   -0.349957
   -0.349968
   -0.354101
   -0.353071
   -0.354052
   -0.353157
   -0.353955
   -0.353275
   -0.353805
   -0.349814
   -0.350148
   -0.349896
   -0.350091
   -0.349914
   -0.350074
   -0.349970
   -0.350026
   -0.350015
   -0.353188
   -0.353980
   -0.353227
   -0.353910
   -0.353305
   -0.353814
   -0.353428
   -0.350122
   -0.349880
   -0.350063
   -0.349918
   -0.350058
   -0.349924
   -0.350016
   -0.349960
   -0.349978
   -0.353875
   -0.353281
   -0.353848
   -0.353336
   -0.353784
   -0.353413
   -0.353687
   -0.349900
   -0.350076
   -0.349943
   -0.350050
   -0.349940
   -0.350053
   -0.349969
   -0.350029
   -0.350000
   -0.353330
   -0.353849
   -0.353358
   -0.353799
   -0.353414
   -0.353731
   -0.353497
   -0.350076
   -0.349919
   -0.350041
   -0.349941
   -0.350044
   -0.349940
   -0.350020
   -0.349955
   -0.349992
   -0.353778
   -0.353373
   -0.353751
   -0.353419
   -0.353701
   -0.353476
   -0.353633
   -0.349937
   -0.350044
   -0.349958
   -0.350034
   -0.349947
   -0.350044
   -0.349957
   -0.350043
   -0.349977
   -0.353419
   -0.353764
   -0.353450
   -0.353720
   -0.353494
   -0.353672
   -0.353550
   -0.350040
   -0.349953
   -0.350025
   -0.349958
   -0.350037
   -0.349947
   -0.350035
   -0.349939
   -0.350018
   -0.357235
   -0.357046
   -0.357214
   -0.357077
   -0.357186
   -0.357106
   -0.357150
   -0.350698
   -0.350012
   -0.349973
   -0.350018
   -0.349953
   -0.350035
   -0.349947
   -0.350052
   -0.347090
   -0.360757
   -0.360871
   -0.360777
   -0.360846
   -0.360796
   -0.360828
   -0.357248
   -0.357202
   -0.357164
   -0.357189
   -0.357152
   -0.357211
   -0.357136
   -0.357219
   -0.357113
   -0.358681
   -0.353590
   -0.353515
   -0.353574
   -0.353533
   -0.353562
   -0.353544
   -0.353547
   -0.350002
   -0.349999
   -0.349975
   -0.350009
   -0.349956
   -0.350025
   -0.349945
   -0.352914
   -0.360680
   -0.350009
   -0.350043
   -0.350019
   -0.350033
   -0.350024
   -0.350027
   -0.346464
   -0.349291
   -0.349999
   -0.350002
   -0.349994
   -0.350015
   -0.349984
   -0.350021
   -0.346391
   -0.349968
   -0.349990
   -0.350001
   -0.349987
   -0.350003
   -0.349991
   -0.350002
   -0.346414
   -0.349282
   -0.349983
   -0.349985
   -0.349987
   -0.349972
   -0.349997
   -0.349964
   -0.334297
   -0.318438
   -0.351251
   -0.348922
   -0.351135
   -0.349092
   -0.350937
   -0.349341
   -0.350644
   -0.349620
   -0.350439
   -0.349788
   -0.350288
   -0.349890
   -0.350206
   -0.350007
   -0.350087
   -0.350043
   -0.349049
   -0.351090
   -0.349150
   -0.350941
   -0.349322
   -0.350723
   -0.349581
   -0.350516
   -0.349799
   -0.350370
   -0.349930
   -0.350285
   -0.350000
   -0.350179
   -0.350109
   -0.350109
   -0.350989
   -0.349181
   -0.350899
   -0.349314
   -0.350747
   -0.349510
   -0.350516
   -0.349732
   -0.350358
   -0.349861
   -0.350244
   -0.349931
   -0.350187
   -0.350023
   -0.350090
   -0.350044
   -0.352852
   -0.354466
   -0.352936
   -0.354345
   -0.353074
   -0.354167
   -0.353284
   -0.350417
   -0.349871
   -0.350304
   -0.349968
   -0.350248
   -0.350016
   -0.350166
   -0.350103
   -0.350112
   -0.354377
   -0.352982
   -0.354297
   -0.353094
   -0.354172
   -0.353254
   -0.353986
   -0.349840
   -0.350277
   -0.349934
   -0.350201
   -0.349973
   -0.350166
   -0.350040
   -0.350093
   -0.350043
   -0.353066
   -0.354247
   -0.353137
   -0.354150
   -0.353245
   -0.354011
   -0.353405
   -0.350309
   -0.349951
   -0.350234
   -0.350010
   -0.350209
   -0.350032
   -0.350155
   -0.350093
   -0.350119
   -0.354136
   -0.353223
   -0.354080
   -0.353301
   -0.353993
   -0.353414
   -0.353865
   -0.349945
   -0.350205
   -0.349995
   -0.350168
   -0.350001
   -0.350162
   -0.350037
   -0.350117
   -0.350021
   -0.353289
   -0.354024
   -0.353337
   -0.353959
   -0.353409
   -0.353866
   -0.353512
   -0.350217
   -0.350012
   -0.350180
   -0.350038
   -0.350183
   -0.350035
   -0.350160
   -0.350069
   -0.350141
   -0.353990
   -0.353373
   -0.353947
   -0.353429
   -0.353886
   -0.353509
   -0.353801
   -0.350001
   -0.350172
   -0.350028
   -0.350155
   -0.350020
   -0.350162
   -0.350033
   -0.350139
   -0.350003
   -0.353400
   -0.353905
   -0.353443
   -0.353852
   -0.353499
   -0.353783
   -0.353568
   -0.350163
   -0.350044
   -0.350147
   -0.350051
   -0.350163
   -0.350037
   -0.350162
   -0.350049
   -0.350156
   -0.353886
   -0.353488
   -0.353844
   -0.353536
   -0.353797
   -0.353591
   -0.353746
   -0.350055
   -0.350138
   -0.350062
   -0.350141
   -0.350038
   -0.350162
   -0.350028
   -0.350161
   -0.349986
   -0.357049
   -0.357305
   -0.357082
   -0.357268
   -0.357116
   -0.357231
   -0.357146
   -0.352984
   -0.350068
   -0.350124
   -0.350055
   -0.350156
   -0.350027
   -0.350174
   -0.350020
   -0.346694
   -0.360917
   -0.360786
   -0.360892
   -0.360814
   -0.360870
   -0.360835
   -0.357288
   -0.357216
   -0.357230
   -0.357205
   -0.357252
   -0.357167
   -0.357284
   -0.357143
   -0.357298
   -0.354886
   -0.353614
   -0.353714
   -0.353640
   -0.353690
   -0.353657
   -0.353675
   -0.353660
   -0.350120
   -0.350108
   -0.350130
   -0.350086
   -0.350167
   -0.350054
   -0.350196
   -0.350738
   -0.360181
   -0.350121
   -0.350081
   -0.350106
   -0.350094
   -0.350102
   -0.350096
   -0.346540
   -0.347228
   -0.350116
   -0.350080
   -0.350138
   -0.350044
   -0.350169
   -0.350015
   -0.346627
   -0.344949
   -0.350046
   -0.350061
   -0.350056
   -0.350055
   -0.350053
   -0.350060
   -0.346468
   -0.347181
   -0.350011
   -0.350053
   -0.349990
   -0.350089
   -0.349957
   -0.350122
   -0.340676
   -0.328926
   -0.348854
   -0.351152
   -0.348985
   -0.350972
   -0.349184
   -0.350750
   -0.349449
   -0.351224
   -0.350352
   -0.351030
   -0.350509
   -0.350937
   -0.350593
   -0.350810
   -0.350714
   -0.350074
   -0.351085
   -0.349083
   -0.350971
   -0.349240
   -0.350799
   -0.349434
   -0.350566
   -0.350345
   -0.351105
   -0.350513
   -0.350971
   -0.350587
   -0.350901
   -0.350701
   -0.350793
   -0.350011
   -0.349119
   -0.350910
   -0.349223
   -0.350766
   -0.349380
   -0.350588
   -0.349593
   -0.351112
   -0.350451
   -0.350959
   -0.350570
   -0.350897
   -0.350629
   -0.350794
   -0.350727
   -0.350075
   -0.354451
   -0.352880
   -0.354356
   -0.353009
   -0.354218
   -0.353169
   -0.354025
   -0.350451
   -0.351008
   -0.350585
   -0.350906
   -0.350635
   -0.350856
   -0.350727
   -0.350768
   -0.350023
   -0.352922
   -0.354302
   -0.353013
   -0.354182
   -0.353141
   -0.354035
   -0.353316
   -0.351004
   -0.350550
   -0.350885
   -0.350637
   -0.350845
   -0.350679
   -0.350764
   -0.350757
   -0.350059
   -0.354217
   -0.353098
   -0.354141
   -0.353198
   -0.354035
   -0.353322
   -0.353886
   -0.350562
   -0.350907
   -0.350659
   -0.350838
   -0.350686
   -0.350808
   -0.350755
   -0.350742
   -0.350035
   -0.353192
   -0.354054
   -0.353253
   -0.353974
   -0.353337
   -0.353875
   -0.353456
   -0.350897
   -0.350641
   -0.350824
   -0.350691
   -0.350810
   -0.350710
   -0.350754
   -0.350766
   -0.350064
   -0.353971
   -0.353323
   -0.353923
   -0.353386
   -0.353858
   -0.353464
   -0.353764
   -0.350653
   -0.350831
   -0.350709
   -0.350793
   -0.350714
   -0.350784
   -0.350756
   -0.350742
   -0.350022
   -0.353352
   -0.353909
   -0.353397
   -0.353854
   -0.353452
   -0.353786
   -0.353533
   -0.350842
   -0.350689
   -0.350795
   -0.350721
   -0.350791
   -0.350730
   -0.350755
   -0.350766
   -0.350075
   -0.353851
   -0.353433
   -0.353810
   -0.353479
   -0.353764
   -0.353536
   -0.353698
   -0.350701
   -0.350787
   -0.350732
   -0.350769
   -0.350729
   -0.350768
   -0.350750
   -0.350746
   -0.350006
   -0.353458
   -0.353812
   -0.353499
   -0.353769
   -0.353538
   -0.353722
   -0.353592
   -0.350802
   -0.350727
   -0.350778
   -0.350739
   -0.350783
   -0.350738
   -0.350769
   -0.350751
   -0.350104
   -0.355192
   -0.354999
   -0.355163
   -0.355028
   -0.355140
   -0.355057
   -0.355107
   -0.353596
   -0.350757
   -0.350744
   -0.350757
   -0.350729
   -0.350765
   -0.350734
   -0.350762
   -0.349225
   -0.360069
   -0.360188
   -0.360095
   -0.360166
   -0.360110
   -0.360145
   -0.357253
   -0.355819
   -0.355817
   -0.355811
   -0.355812
   -0.355826
   -0.355805
   -0.355823
   -0.355805
   -0.351597
   -0.354355
   -0.354305
   -0.354331
   -0.354322
   -0.354323
   -0.354336
   -0.354302
   -0.351479
   -0.351448
   -0.351482
   -0.351456
   -0.351467
   -0.351465
   -0.351464
   -0.351492
   -0.355053
   -0.350050
   -0.350076
   -0.350068
   -0.350065
   -0.350070
   -0.350057
   -0.347204
   -0.347880
   -0.350760
   -0.350740
   -0.350752
   -0.350752
   -0.350746
   -0.350754
   -0.347859
   -0.346566
   -0.350031
   -0.350025
   -0.350018
   -0.350029
   -0.350023
   -0.350032
   -0.347128
   -0.345762
   -0.348627
   -0.348628
   -0.348636
   -0.348614
   -0.348646
   -0.348607
   -0.342837
   -0.337555
   -0.350982
   -0.349176
   -0.350890
   -0.349317
   -0.350725
   -0.349510
   -0.350498
   -0.352597
   -0.353207
   -0.352759
   -0.353075
   -0.352830
   -0.353023
   -0.352904
   -0.352957
   -0.350111
   -0.349267
   -0.350890
   -0.349352
   -0.350762
   -0.349500
   -0.350588
   -0.349704
   -0.353291
   -0.352741
   -0.353146
   -0.352860
   -0.353084
   -0.352906
   -0.353015
   -0.352968
   -0.350043
   -0.350827
   -0.349336
   -0.350745
   -0.349457
   -0.350607
   -0.349618
   -0.350418
   -0.352670
   -0.353159
   -0.352804
   -0.353051
   -0.352859
   -0.353010
   -0.352922
   -0.352954
   -0.350122
   -0.352990
   -0.354343
   -0.353068
   -0.354230
   -0.353196
   -0.354080
   -0.353369
   -0.353221
   -0.352790
   -0.353099
   -0.352886
   -0.353052
   -0.352923
   -0.352993
   -0.352976
   -0.350025
   -0.354262
   -0.353088
   -0.354188
   -0.353193
   -0.354071
   -0.353329
   -0.353915
   -0.352758
   -0.353094
   -0.352865
   -0.353012
   -0.352902
   -0.352983
   -0.352954
   -0.352936
   -0.350149
   -0.353177
   -0.354152
   -0.353242
   -0.354061
   -0.353342
   -0.353945
   -0.353474
   -0.353125
   -0.352860
   -0.353036
   -0.352927
   -0.353008
   -0.352950
   -0.352962
   -0.352992
   -0.350001
   -0.354039
   -0.353311
   -0.353987
   -0.353385
   -0.353907
   -0.353476
   -0.353803
   -0.352857
   -0.353026
   -0.352923
   -0.352978
   -0.352937
   -0.352968
   -0.352970
   -0.352936
   -0.350157
   -0.353371
   -0.353958
   -0.353417
   -0.353893
   -0.353485
   -0.353818
   -0.353568
   -0.353043
   -0.352912
   -0.352990
   -0.352949
   -0.352985
   -0.352950
   -0.352964
   -0.352972
   -0.350015
   -0.353913
   -0.353441
   -0.353872
   -0.353497
   -0.353816
   -0.353558
   -0.353749
   -0.352906
   -0.353002
   -0.352946
   -0.352974
   -0.352946
   -0.352979
   -0.352958
   -0.352966
   -0.350134
   -0.353472
   -0.353849
   -0.353512
   -0.353798
   -0.353562
   -0.353746
   -0.353616
   -0.352996
   -0.352937
   -0.352967
   -0.352954
   -0.352975
   -0.352942
   -0.352974
   -0.352946
   -0.350033
   -0.353824
   -0.353539
   -0.353787
   -0.353584
   -0.353747
   -0.353622
   -0.353708
   -0.352945
   -0.352982
   -0.352964
   -0.352975
   -0.352950
   -0.352993
   -0.352941
   -0.352999
   -0.350106
   -0.348527
   -0.348661
   -0.348553
   -0.348629
   -0.348579
   -0.348608
   -0.348599
   -0.353659
   -0.352959
   -0.352947
   -0.352955
   -0.352969
   -0.352930
   -0.352987
   -0.352916
   -0.358013
   -0.358009
   -0.357968
   -0.357989
   -0.357991
   -0.357974
   -0.358000
   -0.357263
   -0.351514
   -0.351486
   -0.351508
   -0.351499
   -0.351479
   -0.351529
   -0.351454
   -0.351550
   -0.345003
   -0.356502
   -0.356558
   -0.356523
   -0.356538
   -0.356535
   -0.356533
   -0.356532
   -0.355846
   -0.355844
   -0.355856
   -0.355828
   -0.355885
   -0.355796
   -0.355915
   -0.355769
   -0.345783
   -0.350101
   -0.350096
   -0.350087
   -0.350109
   -0.350083
   -0.350106
   -0.349389
   -0.352261
   -0.352962
   -0.352954
   -0.352980
   -0.352924
   -0.353013
   -0.352891
   -0.352338
   -0.349322
   -0.350070
   -0.350044
   -0.350081
   -0.350036
   -0.350082
   -0.350041
   -0.349361
   -0.343581
   -0.344314
   -0.344303
   -0.344297
   -0.344333
   -0.344260
   -0.344371
   -0.342812
   -0.363205
   -0.349358
   -0.350666
   -0.349443
   -0.350542
   -0.349578
   -0.350389
   -0.349769
   -0.353800
   -0.353466
   -0.353686
   -0.353533
   -0.353680
   -0.353541
   -0.353641
   -0.353584
   -0.350099
   -0.350659
   -0.349496
   -0.350583
   -0.349605
   -0.350466
   -0.349739
   -0.350297
   -0.353450
   -0.353757
   -0.353551
   -0.353698
   -0.353553
   -0.353692
   -0.353591
   -0.353652
   -0.349988
   -0.349491
   -0.350549
   -0.349562
   -0.350448
   -0.349669
   -0.350326
   -0.349822
   -0.353768
   -0.353495
   -0.353673
   -0.353550
   -0.353671
   -0.353558
   -0.353633
   -0.353598
   -0.350095
   -0.354121
   -0.353199
   -0.354060
   -0.353286
   -0.353968
   -0.353393
   -0.353832
   -0.353486
   -0.353723
   -0.353568
   -0.353678
   -0.353565
   -0.353674
   -0.353600
   -0.353637
   -0.349991
   -0.353221
   -0.354016
   -0.353276
   -0.353940
   -0.353357
   -0.353845
   -0.353474
   -0.353729
   -0.353530
   -0.353658
   -0.353566
   -0.353665
   -0.353567
   -0.353636
   -0.353598
   -0.350108
   -0.353952
   -0.353350
   -0.353911
   -0.353407
   -0.353851
   -0.353479
   -0.353759
   -0.353533
   -0.353683
   -0.353586
   -0.353660
   -0.353572
   -0.353665
   -0.353594
   -0.353641
   -0.349972
   -0.353420
   -0.353836
   -0.353450
   -0.353796
   -0.353490
   -0.353746
   -0.353555
   -0.353678
   -0.353568
   -0.353646
   -0.353577
   -0.353667
   -0.353564
   -0.353655
   -0.353579
   -0.350143
   -0.353785
   -0.353501
   -0.353764
   -0.353527
   -0.353738
   -0.353562
   -0.353694
   -0.353571
   -0.353657
   -0.353589
   -0.353655
   -0.353565
   -0.353674
   -0.353567
   -0.353669
   -0.349929
   -0.353520
   -0.353748
   -0.353540
   -0.353729
   -0.353556
   -0.353704
   -0.353588
   -0.353666
   -0.353576
   -0.353654
   -0.353577
   -0.353673
   -0.353562
   -0.353674
   -0.353563
   -0.350171
   -0.353721
   -0.353557
   -0.353702
   -0.353572
   -0.353690
   -0.353590
   -0.353669
   -0.353580
   -0.353647
   -0.353586
   -0.353649
   -0.353567
   -0.353664
   -0.353562
   -0.353669
   -0.349920
   -0.353563
   -0.353712
   -0.353582
   -0.353701
   -0.353589
   -0.353690
   -0.353599
   -0.353668
   -0.353577
   -0.353665
   -0.353576
   -0.353678
   -0.353564
   -0.353686
   -0.353556
   -0.350188
   -0.346564
   -0.346497
   -0.346553
   -0.346495
   -0.346561
   -0.346491
   -0.346568
   -0.353581
   -0.353664
   -0.353556
   -0.353671
   -0.353540
   -0.353685
   -0.353527
   -0.353700
   -0.360550
   -0.357243
   -0.357270
   -0.357251
   -0.357277
   -0.357237
   -0.357289
   -0.357200
   -0.350146
   -0.350037
   -0.350153
   -0.350029
   -0.350166
   -0.350018
   -0.350178
   -0.350003
   -0.343112
   -0.357153
   -0.357160
   -0.357146
   -0.357150
   -0.357164
   -0.357133
   -0.357187
   -0.357134
   -0.357234
   -0.357123
   -0.357244
   -0.357112
   -0.357255
   -0.357097
   -0.357276
   -0.342769
   -0.350040
   -0.350043
   -0.350043
   -0.350059
   -0.350019
   -0.350082
   -0.349972
   -0.353675
   -0.353549
   -0.353704
   -0.353543
   -0.353710
   -0.353535
   -0.353725
   -0.353493
   -0.350248
   -0.350057
   -0.350045
   -0.350059
   -0.350021
   -0.350092
   -0.349991
   -0.350106
   -0.342779
   -0.342996
   -0.342789
   -0.343004
   -0.342782
   -0.343015
   -0.342759
   -0.343006
   -0.371030
   -0.350665
   -0.349491
   -0.350603
   -0.349589
   -0.350496
   -0.349715
   -0.350340
   -0.353438
   -0.353788
   -0.353570
   -0.353706
   -0.353580
   -0.353709
   -0.353608
   -0.353674
   -0.350091
   -0.349556
   -0.350602
   -0.349613
   -0.350514
   -0.349707
   -0.350403
   -0.349846
   -0.353878
   -0.353563
   -0.353760
   -0.353635
   -0.353753
   -0.353633
   -0.353724
   -0.353669
   -0.350060
   -0.350539
   -0.349622
   -0.350488
   -0.349700
   -0.350406
   -0.349796
   -0.350285
   -0.353487
   -0.353765
   -0.353591
   -0.353703
   -0.353593
   -0.353706
   -0.353621
   -0.353672
   -0.350101
   -0.353261
   -0.354074
   -0.353308
   -0.354006
   -0.353378
   -0.353921
   -0.353486
   -0.353834
   -0.353581
   -0.353744
   -0.353634
   -0.353744
   -0.353632
   -0.353715
   -0.353666
   -0.350055
   -0.354000
   -0.353346
   -0.353962
   -0.353402
   -0.353905
   -0.353472
   -0.353817
   -0.353539
   -0.353739
   -0.353612
   -0.353699
   -0.353606
   -0.353705
   -0.353628
   -0.353678
   -0.350101
   -0.353421
   -0.353912
   -0.353450
   -0.353871
   -0.353491
   -0.353819
   -0.353558
   -0.353771
   -0.353615
   -0.353716
   -0.353644
   -0.353727
   -0.353636
   -0.353708
   -0.353660
   -0.350056
   -0.353824
   -0.353524
   -0.353804
   -0.353551
   -0.353780
   -0.353584
   -0.353736
   -0.353608
   -0.353703
   -0.353641
   -0.353689
   -0.353623
   -0.353702
   -0.353635
   -0.353685
   -0.350100
   -0.353559
   -0.353769
   -0.353576
   -0.353748
   -0.353594
   -0.353724
   -0.353623
   -0.353714
   -0.353643
   -0.353692
   -0.353654
   -0.353708
   -0.353640
   -0.353700
   -0.353654
   -0.350055
   -0.353745
   -0.353612
   -0.353729
   -0.353628
   -0.353718
   -0.353644
   -0.353700
   -0.353643
   -0.353690
   -0.353658
   -0.353680
   -0.353645
   -0.353691
   -0.353652
   -0.353679
   -0.350115
   -0.353607
   -0.353708
   -0.353629
   -0.353691
   -0.353641
   -0.353675
   -0.353653
   -0.353681
   -0.353658
   -0.353670
   -0.353668
   -0.353678
   -0.353663
   -0.353671
   -0.353675
   -0.350022
   -0.353713
   -0.353658
   -0.353691
   -0.353672
   -0.353683
   -0.353681
   -0.353681
   -0.353665
   -0.353683
   -0.353670
   -0.353675
   -0.353666
   -0.353678
   -0.353672
   -0.353667
   -0.350138
   -0.347221
   -0.347185
   -0.347239
   -0.347179
   -0.347238
   -0.347181
   -0.347226
   -0.353658
   -0.353665
   -0.353660
   -0.353669
   -0.353664
   -0.353668
   -0.353657
   -0.353678
   -0.360071
   -0.357191
   -0.357271
   -0.357176
   -0.357273
   -0.357182
   -0.357263
   -0.357205
   -0.350091
   -0.350093
   -0.350082
   -0.350093
   -0.350080
   -0.350089
   -0.350089
   -0.350078
   -0.343660
   -0.355834
   -0.355819
   -0.355853
   -0.355815
   -0.355850
   -0.355824
   -0.355825
   -0.357275
   -0.357214
   -0.357285
   -0.357217
   -0.357280
   -0.357228
   -0.357268
   -0.357239
   -0.342865
   -0.349404
   -0.349424
   -0.349388
   -0.349424
   -0.349395
   -0.349410
   -0.349426
   -0.353646
   -0.353728
   -0.353637
   -0.353722
   -0.353649
   -0.353705
   -0.353664
   -0.353692
   -0.350827
   -0.350758
   -0.350731
   -0.350773
   -0.350734
   -0.350763
   -0.350749
   -0.350730
   -0.342921
   -0.342837
   -0.342929
   -0.342848
   -0.342910
   -0.342871
   -0.342893
   -0.342885
   -0.368725
   -0.349511
   -0.350544
   -0.349577
   -0.350445
   -0.349684
   -0.350320
   -0.349830
   -0.353787
   -0.353507
   -0.353689
   -0.353564
   -0.353693
   -0.353552
   -0.353662
   -0.353600
   -0.350080
   -0.350499
   -0.349623
   -0.350445
   -0.349706
   -0.350356
   -0.349811
   -0.350232
   -0.353505
   -0.353754
   -0.353586
   -0.353708
   -0.353578
   -0.353721
   -0.353608
   -0.353676
   -0.350006
   -0.349653
   -0.350419
   -0.349702
   -0.350345
   -0.349780
   -0.350253
   -0.349889
   -0.353752
   -0.353536
   -0.353680
   -0.353576
   -0.353689
   -0.353565
   -0.353658
   -0.353611
   -0.350079
   -0.353983
   -0.353306
   -0.353940
   -0.353370
   -0.353875
   -0.353448
   -0.353781
   -0.353527
   -0.353736
   -0.353588
   -0.353703
   -0.353577
   -0.353712
   -0.353607
   -0.353669
   -0.350003
   -0.353342
   -0.353925
   -0.353379
   -0.353870
   -0.353434
   -0.353805
   -0.353511
   -0.353741
   -0.353542
   -0.353691
   -0.353568
   -0.353705
   -0.353558
   -0.353677
   -0.353598
   -0.350104
   -0.353846
   -0.353428
   -0.353820
   -0.353465
   -0.353784
   -0.353509
   -0.353732
   -0.353552
   -0.353718
   -0.353584
   -0.353704
   -0.353566
   -0.353717
   -0.353588
   -0.353683
   -0.349975
   -0.353504
   -0.353780
   -0.353522
   -0.353754
   -0.353543
   -0.353728
   -0.353574
   -0.353703
   -0.353570
   -0.353688
   -0.353573
   -0.353711
   -0.353556
   -0.353696
   -0.353582
   -0.350134
   -0.353718
   -0.353542
   -0.353704
   -0.353560
   -0.353692
   -0.353575
   -0.353677
   -0.353585
   -0.353692
   -0.353590
   -0.353694
   -0.353567
   -0.353713
   -0.353575
   -0.353693
   -0.349953
   -0.353581
   -0.353712
   -0.353595
   -0.353698
   -0.353601
   -0.353692
   -0.353605
   -0.353690
   -0.353581
   -0.353691
   -0.353579
   -0.353710
   -0.353563
   -0.353705
   -0.353579
   -0.350146
   -0.353659
   -0.353595
   -0.353644
   -0.353606
   -0.353642
   -0.353606
   -0.353648
   -0.353598
   -0.353680
   -0.353588
   -0.353686
   -0.353569
   -0.353703
   -0.353568
   -0.353693
   -0.349944
   -0.353627
   -0.353672
   -0.353642
   -0.353664
   -0.353639
   -0.353672
   -0.353622
   -0.353690
   -0.353581
   -0.353706
   -0.353572
   -0.353723
   -0.353557
   -0.353726
   -0.353563
   -0.350173
   -0.350017
   -0.350053
   -0.350011
   -0.350049
   -0.350026
   -0.350027
   -0.350062
   -0.353577
   -0.353703
   -0.353547
   -0.353722
   -0.353526
   -0.353741
   -0.353515
   -0.353742
   -0.357787
   -0.355849
   -0.355790
   -0.355853
   -0.355798
   -0.355833
   -0.355827
   -0.355788
   -0.350118
   -0.349973
   -0.350153
   -0.349952
   -0.350170
   -0.349939
   -0.350179
   -0.349938
   -0.345240
   -0.351433
   -0.351475
   -0.351428
   -0.351466
   -0.351449
   -0.351434
   -0.351498
   -0.357143
   -0.357310
   -0.357106
   -0.357330
   -0.357094
   -0.357341
   -0.357083
   -0.357345
   -0.343404
   -0.347895
   -0.347876
   -0.347897
   -0.347890
   -0.347871
   -0.347927
   -0.347816
   -0.353749
   -0.353528
   -0.353786
   -0.353511
   -0.353792
   -0.353506
   -0.353802
   -0.353501
   -0.352451
   -0.352204
   -0.352208
   -0.352207
   -0.352186
   -0.352240
   -0.352142
   -0.352302
   -0.342724
   -0.343004
   -0.342684
   -0.343023
   -0.342677
   -0.343031
   -0.342662
   -0.343039
   -0.360539
   -0.350267
   -0.349897
   -0.350219
   -0.349974
   -0.350141
   -0.350051
   -0.350070
   -0.353661
   -0.353624
   -0.353681
   -0.353633
   -0.353634
   -0.353682
   -0.353626
   -0.353670
   -0.350104
   -0.349923
   -0.350227
   -0.349965
   -0.350160
   -0.350031
   -0.350096
   -0.350092
   -0.353675
   -0.353713
   -0.353659
   -0.353703
   -0.353706
   -0.353656
   -0.353713
   -0.353668
   -0.350053
   -0.350216
   -0.349955
   -0.350177
   -0.350015
   -0.350119
   -0.350070
   -0.350068
   -0.353667
   -0.353633
   -0.353681
   -0.353644
   -0.353635
   -0.353687
   -0.353631
   -0.353675
   -0.350106
   -0.353529
   -0.353795
   -0.353567
   -0.353740
   -0.353618
   -0.353691
   -0.353664
   -0.353687
   -0.353690
   -0.353672
   -0.353682
   -0.353713
   -0.353645
   -0.353713
   -0.353658
   -0.350056
   -0.353775
   -0.353584
   -0.353745
   -0.353626
   -0.353707
   -0.353664
   -0.353673
   -0.353659
   -0.353655
   -0.353669
   -0.353664
   -0.353629
   -0.353700
   -0.353627
   -0.353690
   -0.350098
   -0.353600
   -0.353721
   -0.353622
   -0.353692
   -0.353646
   -0.353668
   -0.353665
   -0.353684
   -0.353677
   -0.353678
   -0.353667
   -0.353716
   -0.353634
   -0.353718
   -0.353641
   -0.350067
   -0.353683
   -0.353677
   -0.353671
   -0.353693
   -0.353663
   -0.353700
   -0.353660
   -0.353672
   -0.353661
   -0.353666
   -0.353677
   -0.353626
   -0.353713
   -0.353618
   -0.353713
   -0.350081
   -0.353674
   -0.353642
   -0.353684
   -0.353632
   -0.353685
   -0.353632
   -0.353679
   -0.353668
   -0.353674
   -0.353677
   -0.353659
   -0.353713
   -0.353625
   -0.353724
   -0.353621
   -0.350080
   -0.353657
   -0.353714
   -0.353647
   -0.353718
   -0.353652
   -0.353711
   -0.353666
   -0.353672
   -0.353675
   -0.353662
   -0.353686
   -0.353632
   -0.353716
   -0.353619
   -0.353724
   -0.350079
   -0.353676
   -0.353626
   -0.353690
   -0.353622
   -0.353683
   -0.353631
   -0.353666
   -0.353673
   -0.353658
   -0.353683
   -0.353649
   -0.353707
   -0.353623
   -0.353721
   -0.353613
   -0.350079
   -0.353669
   -0.353715
   -0.353655
   -0.353716
   -0.353666
   -0.353703
   -0.353689
   -0.353657
   -0.353699
   -0.353646
   -0.353706
   -0.353629
   -0.353727
   -0.353615
   -0.353739
   -0.350073
   -0.352961
   -0.352882
   -0.352972
   -0.352888
   -0.352953
   -0.352910
   -0.352921
   -0.353685
   -0.353635
   -0.353699
   -0.353627
   -0.353713
   -0.353611
   -0.353727
   -0.353598
   -0.358041
   -0.351467
   -0.351550
   -0.351459
   -0.351539
   -0.351482
   -0.351513
   -0.351521
   -0.350055
   -0.350128
   -0.350040
   -0.350134
   -0.350034
   -0.350141
   -0.350026
   -0.350151
   -0.344308
   -0.350115
   -0.350091
   -0.350127
   -0.350100
   -0.350106
   -0.350125
   -0.350068
   -0.357305
   -0.357188
   -0.357317
   -0.357187
   -0.357314
   -0.357189
   -0.357317
   -0.357180
   -0.346480
   -0.349406
   -0.349419
   -0.349398
   -0.349404
   -0.349424
   -0.349374
   -0.349467
   -0.353610
   -0.353764
   -0.353599
   -0.353760
   -0.353611
   -0.353751
   -0.353611
   -0.353758
   -0.351442
   -0.350755
   -0.350725
   -0.350762
   -0.350744
   -0.350732
   -0.350777
   -0.350686
   -0.342956
   -0.342804
   -0.342965
   -0.342809
   -0.342949
   -0.342821
   -0.342949
   -0.342816
   -0.361609
   -0.349779
   -0.350267
   -0.349862
   -0.350166
   -0.349964
   -0.350071
   -0.350047
   -0.353606
   -0.353644
   -0.353599
   -0.353628
   -0.353641
   -0.353594
   -0.353645
   -0.353609
   -0.350088
   -0.350259
   -0.349871
   -0.350189
   -0.349956
   -0.350105
   -0.350035
   -0.350035
   -0.353670
   -0.353626
   -0.353673
   -0.353646
   -0.353628
   -0.353682
   -0.353623
   -0.353669
   -0.349995
   -0.349875
   -0.350191
   -0.349936
   -0.350117
   -0.350008
   -0.350049
   -0.350068
   -0.353599
   -0.353656
   -0.353597
   -0.353636
   -0.353641
   -0.353602
   -0.353644
   -0.353617
   -0.350091
   -0.353773
   -0.353519
   -0.353723
   -0.353580
   -0.353664
   -0.353638
   -0.353612
   -0.353671
   -0.353620
   -0.353671
   -0.353640
   -0.353628
   -0.353671
   -0.353626
   -0.353656
   -0.349997
   -0.353540
   -0.353727
   -0.353580
   -0.353679
   -0.353627
   -0.353631
   -0.353668
   -0.353604
   -0.353656
   -0.353605
   -0.353637
   -0.353644
   -0.353610
   -0.353644
   -0.353627
   -0.350092
   -0.353674
   -0.353596
   -0.353649
   -0.353627
   -0.353621
   -0.353657
   -0.353595
   -0.353673
   -0.353615
   -0.353667
   -0.353633
   -0.353630
   -0.353658
   -0.353631
   -0.353643
   -0.350001
   -0.353650
   -0.353638
   -0.353664
   -0.353622
   -0.353677
   -0.353605
   -0.353689
   -0.353599
   -0.353662
   -0.353610
   -0.353642
   -0.353645
   -0.353620
   -0.353644
   -0.353633
   -0.350095
   -0.353581
   -0.353672
   -0.353577
   -0.353675
   -0.353576
   -0.353680
   -0.353577
   -0.353676
   -0.353610
   -0.353661
   -0.353628
   -0.353630
   -0.353650
   -0.353628
   -0.353639
   -0.349996
   -0.353698
   -0.353604
   -0.353700
   -0.353606
   -0.353693
   -0.353607
   -0.353689
   -0.353611
   -0.353655
   -0.353624
   -0.353643
   -0.353647
   -0.353628
   -0.353647
   -0.353639
   -0.350096
   -0.353575
   -0.353669
   -0.353573
   -0.353665
   -0.353580
   -0.353663
   -0.353586
   -0.353660
   -0.353616
   -0.353650
   -0.353623
   -0.353635
   -0.353632
   -0.353637
   -0.353619
   -0.350009
   -0.353679
   -0.353628
   -0.353684
   -0.353633
   -0.353676
   -0.353634
   -0.353670
   -0.353634
   -0.353645
   -0.353637
   -0.353648
   -0.353641
   -0.353648
   -0.353633
   -0.353666
   -0.350076
   -0.353566
   -0.353631
   -0.353566
   -0.353620
   -0.353581
   -0.353613
   -0.353593
   -0.353627
   -0.353637
   -0.353624
   -0.353633
   -0.353625
   -0.353626
   -0.353635
   -0.353650
   -0.361497
   -0.350129
   -0.350083
   -0.350130
   -0.350092
   -0.350117
   -0.350098
   -0.350106
   -0.350064
   -0.350048
   -0.350061
   -0.350060
   -0.350048
   -0.350078
   -0.350031
   -0.350098
   -0.346480
   -0.350019
   -0.350039
   -0.350016
   -0.350030
   -0.350028
   -0.350026
   -0.350038
   -0.357201
   -0.357230
   -0.357205
   -0.357214
   -0.357225
   -0.357190
   -0.357244
   -0.357151
   -0.348628
   -0.350057
   -0.350040
   -0.350058
   -0.350054
   -0.350043
   -0.350059
   -0.350032
   -0.353671
   -0.353630
   -0.353664
   -0.353650
   -0.353637
   -0.353682
   -0.353615
   -0.353703
   -0.352300
   -0.350040
   -0.350043
   -0.350042
   -0.350025
   -0.350061
   -0.350018
   -0.350073
   -0.342816
   -0.342886
   -0.342822
   -0.342867
   -0.342850
   -0.342835
   -0.342870
   -0.342880
   -0.365060
   -0.350196
   -0.349967
   -0.350171
   -0.350001
   -0.350136
   -0.350036
   -0.350099
   -0.353627
   -0.353667
   -0.353632
   -0.353681
   -0.353596
   -0.353702
   -0.353611
   -0.353698
   -0.350082
   -0.349995
   -0.350159
   -0.350013
   -0.350133
   -0.350038
   -0.350106
   -0.350069
   -0.353702
   -0.353680
   -0.353700
   -0.353662
   -0.353738
   -0.353640
   -0.353727
   -0.353639
   -0.350077
   -0.350144
   -0.350022
   -0.350130
   -0.350041
   -0.350113
   -0.350061
   -0.350088
   -0.353644
   -0.353663
   -0.353644
   -0.353682
   -0.353605
   -0.353704
   -0.353614
   -0.353708
   -0.350077
   -0.353604
   -0.353726
   -0.353616
   -0.353710
   -0.353629
   -0.353693
   -0.353650
   -0.353704
   -0.353664
   -0.353707
   -0.353644
   -0.353745
   -0.353622
   -0.353737
   -0.353617
   -0.350095
   -0.353717
   -0.353636
   -0.353710
   -0.353645
   -0.353704
   -0.353655
   -0.353692
   -0.353635
   -0.353687
   -0.353627
   -0.353711
   -0.353587
   -0.353734
   -0.353590
   -0.353746
   -0.350042
   -0.353645
   -0.353680
   -0.353646
   -0.353680
   -0.353642
   -0.353681
   -0.353643
   -0.353710
   -0.353641
   -0.353725
   -0.353614
   -0.353766
   -0.353589
   -0.353768
   -0.353571
   -0.350139
   -0.353656
   -0.353701
   -0.353661
   -0.353692
   -0.353676
   -0.353681
   -0.353687
   -0.353642
   -0.353701
   -0.353615
   -0.353737
   -0.353569
   -0.353766
   -0.353559
   -0.353793
   -0.349997
   -0.353696
   -0.353624
   -0.353687
   -0.353639
   -0.353666
   -0.353658
   -0.353646
   -0.353707
   -0.353623
   -0.353741
   -0.353584
   -0.353789
   -0.353550
   -0.353806
   -0.353516
   -0.350191
   -0.353630
   -0.353735
   -0.353642
   -0.353712
   -0.353671
   -0.353685
   -0.353701
   -0.353629
   -0.353732
   -0.353589
   -0.353774
   -0.353540
   -0.353810
   -0.353517
   -0.353849
   -0.349946
   -0.353689
   -0.353620
   -0.353680
   -0.353642
   -0.353651
   -0.353668
   -0.353620
   -0.353726
   -0.353590
   -0.353767
   -0.353550
   -0.353811
   -0.353517
   -0.353834
   -0.353478
   -0.350223
   -0.353668
   -0.353711
   -0.353674
   -0.353689
   -0.353704
   -0.353660
   -0.353739
   -0.353600
   -0.353771
   -0.353558
   -0.353809
   -0.353518
   -0.353841
   -0.353493
   -0.353882
   -0.349919
   -0.353682
   -0.353613
   -0.353674
   -0.353641
   -0.353637
   -0.353676
   -0.353596
   -0.353743
   -0.353562
   -0.353789
   -0.353522
   -0.353827
   -0.353492
   -0.353851
   -0.354872
   -0.366769
   -0.350075
   -0.350130
   -0.350086
   -0.350097
   -0.350126
   -0.350058
   -0.350174
   -0.349987
   -0.350213
   -0.349938
   -0.350254
   -0.349903
   -0.350278
   -0.349881
   -0.350311
   -0.349160
   -0.350064
   -0.350041
   -0.350057
   -0.350074
   -0.350015
   -0.350116
   -0.349964
   -0.357369
   -0.357103
   -0.357424
   -0.357058
   -0.357458
   -0.357035
   -0.357481
   -0.356289
   -0.348102
   -0.350103
   -0.350113
   -0.350115
   -0.350072
   -0.350164
   -0.350024
   -0.350222
   -0.353535
   -0.353863
   -0.353473
   -0.353913
   -0.353438
   -0.353937
   -0.353412
   -0.353982
   -0.352635
   -0.350052
   -0.350043
   -0.350039
   -0.350089
   -0.349984
   -0.350142
   -0.349921
   -0.343045
   -0.342686
   -0.343113
   -0.342630
   -0.343152
   -0.342602
   -0.343183
   -0.344684
   -0.360376
   -0.350188
   -0.349914
   -0.350156
   -0.349929
   -0.350142
   -0.349946
   -0.350124
   -0.353553
   -0.353671
   -0.353579
   -0.353637
   -0.353623
   -0.353604
   -0.353631
   -0.353633
   -0.350054
   -0.349878
   -0.350192
   -0.349915
   -0.350170
   -0.349937
   -0.350146
   -0.349959
   -0.353717
   -0.353595
   -0.353688
   -0.353633
   -0.353641
   -0.353669
   -0.353629
   -0.353644
   -0.350022
   -0.350217
   -0.349897
   -0.350178
   -0.349921
   -0.350154
   -0.349946
   -0.350130
   -0.353557
   -0.353675
   -0.353585
   -0.353636
   -0.353633
   -0.353601
   -0.353645
   -0.353625
   -0.350073
   -0.353460
   -0.353781
   -0.353500
   -0.353753
   -0.353527
   -0.353727
   -0.353554
   -0.353703
   -0.353603
   -0.353669
   -0.353648
   -0.353616
   -0.353687
   -0.353599
   -0.353669
   -0.349983
   -0.353804
   -0.353500
   -0.353764
   -0.353530
   -0.353734
   -0.353559
   -0.353703
   -0.353586
   -0.353648
   -0.353625
   -0.353600
   -0.353681
   -0.353559
   -0.353704
   -0.353569
   -0.350148
   -0.353450
   -0.353781
   -0.353493
   -0.353744
   -0.353532
   -0.353708
   -0.353571
   -0.353671
   -0.353634
   -0.353623
   -0.353691
   -0.353559
   -0.353741
   -0.353526
   -0.353743
   -0.349889
   -0.353822
   -0.353491
   -0.353779
   -0.353531
   -0.353736
   -0.353572
   -0.353690
   -0.353615
   -0.353619
   -0.353672
   -0.353554
   -0.353742
   -0.353498
   -0.353785
   -0.353486
   -0.350251
   -0.353441
   -0.353784
   -0.353485
   -0.353738
   -0.353534
   -0.353692
   -0.353588
   -0.353640
   -0.353666
   -0.353574
   -0.353740
   -0.353496
   -0.353805
   -0.353440
   -0.353830
   -0.349782
   -0.353810
   -0.353508
   -0.353769
   -0.353554
   -0.353718
   -0.353603
   -0.353661
   -0.353657
   -0.353579
   -0.353727
   -0.353503
   -0.353806
   -0.353435
   -0.353868
   -0.353403
   -0.350351
   -0.353478
   -0.353745
   -0.353512
   -0.353701
   -0.353563
   -0.353652
   -0.353622
   -0.353595
   -0.353706
   -0.353521
   -0.353784
   -0.353441
   -0.353856
   -0.353373
   -0.353894
   -0.349703
   -0.353736
   -0.353578
   -0.353714
   -0.353616
   -0.353668
   -0.353660
   -0.353611
   -0.353714
   -0.353530
   -0.353787
   -0.353453
   -0.353864
   -0.353383
   -0.353933
   -0.353342
   -0.350427
   -0.353550
   -0.353675
   -0.353571
   -0.353635
   -0.353620
   -0.353586
   -0.353682
   -0.353527
   -0.353765
   -0.353450
   -0.353846
   -0.353372
   -0.353916
   -0.353300
   -0.359732
   -0.367530
   -0.350117
   -0.350024
   -0.350099
   -0.350063
   -0.350050
   -0.350112
   -0.349987
   -0.350170
   -0.349904
   -0.350247
   -0.349823
   -0.350321
   -0.349759
   -0.350388
   -0.349708
   -0.350453
   -0.349991
   -0.350046
   -0.350007
   -0.350006
   -0.350057
   -0.349956
   -0.350123
   -0.357075
   -0.357389
   -0.356991
   -0.357477
   -0.356913
   -0.357541
   -0.356845
   -0.354710
   -0.348893
   -0.350094
   -0.350048
   -0.350080
   -0.350090
   -0.350027
   -0.350142
   -0.349959
   -0.353796
   -0.353460
   -0.353886
   -0.353368
   -0.353965
   -0.353303
   -0.354034
   -0.353253
   -0.359205
   -0.350000
   -0.350033
   -0.350015
   -0.349988
   -0.350072
   -0.349933
   -0.350143
   -0.342685
   -0.343057
   -0.342586
   -0.343160
   -0.342500
   -0.343230
   -0.342424
   -0.351945
   -0.351642
   -0.349881
   -0.350113
   -0.349888
   -0.350112
   -0.349892
   -0.350098
   -0.349913
   -0.353650
   -0.353510
   -0.353632
   -0.353538
   -0.353596
   -0.353561
   -0.353590
   -0.353604
   -0.350003
   -0.350143
   -0.349889
   -0.350130
   -0.349896
   -0.350119
   -0.349915
   -0.350095
   -0.353546
   -0.353679
   -0.353564
   -0.353651
   -0.353599
   -0.353629
   -0.353605
   -0.353587
   -0.350009
   -0.349857
   -0.350140
   -0.349875
   -0.350126
   -0.349893
   -0.350102
   -0.349922
   -0.353648
   -0.353522
   -0.353627
   -0.353551
   -0.353593
   -0.353573
   -0.353586
   -0.353616
   -0.350001
   -0.353730
   -0.353477
   -0.353711
   -0.353493
   -0.353690
   -0.353519
   -0.353659
   -0.353567
   -0.353646
   -0.353590
   -0.353616
   -0.353626
   -0.353593
   -0.353636
   -0.353547
   -0.350043
   -0.353465
   -0.353720
   -0.353486
   -0.353699
   -0.353513
   -0.353668
   -0.353550
   -0.353615
   -0.353569
   -0.353587
   -0.353600
   -0.353552
   -0.353624
   -0.353538
   -0.353675
   -0.349945
   -0.353703
   -0.353495
   -0.353683
   -0.353517
   -0.353653
   -0.353552
   -0.353611
   -0.353610
   -0.353589
   -0.353641
   -0.353558
   -0.353675
   -0.353534
   -0.353692
   -0.353479
   -0.350107
   -0.353489
   -0.353707
   -0.353509
   -0.353680
   -0.353545
   -0.353639
   -0.353593
   -0.353575
   -0.353622
   -0.353538
   -0.353658
   -0.353502
   -0.353685
   -0.353479
   -0.353745
   -0.349879
   -0.353677
   -0.353508
   -0.353660
   -0.353536
   -0.353621
   -0.353579
   -0.353571
   -0.353647
   -0.353539
   -0.353687
   -0.353503
   -0.353723
   -0.353473
   -0.353751
   -0.353408
   -0.350172
   -0.353527
   -0.353681
   -0.353543
   -0.353651
   -0.353586
   -0.353604
   -0.353640
   -0.353533
   -0.353676
   -0.353491
   -0.353712
   -0.353455
   -0.353744
   -0.353422
   -0.353813
   -0.349818
   -0.353631
   -0.353540
   -0.353621
   -0.353568
   -0.353578
   -0.353616
   -0.353522
   -0.353689
   -0.353486
   -0.353733
   -0.353451
   -0.353766
   -0.353419
   -0.353801
   -0.353350
   -0.350223
   -0.353584
   -0.353640
   -0.353591
   -0.353610
   -0.353638
   -0.353559
   -0.353697
   -0.353483
   -0.353735
   -0.353439
   -0.353770
   -0.353405
   -0.353803
   -0.353368
   -0.353876
   -0.349761
   -0.353591
   -0.353567
   -0.353585
   -0.353599
   -0.353533
   -0.353657
   -0.353468
   -0.353738
   -0.353429
   -0.353784
   -0.353393
   -0.353817
   -0.353359
   -0.353856
   -0.360427
   -0.368231
   -0.350025
   -0.350027
   -0.350032
   -0.349990
   -0.350090
   -0.349925
   -0.350161
   -0.349840
   -0.350205
   -0.349792
   -0.350243
   -0.349758
   -0.350277
   -0.349718
   -0.350349
   -0.349700
   -0.349979
   -0.349990
   -0.349971
   -0.350032
   -0.349908
   -0.350101
   -0.349832
   -0.357371
   -0.356963
   -0.357426
   -0.356920
   -0.357462
   -0.356884
   -0.357503
   -0.353240
   -0.350322
   -0.350031
   -0.350031
   -0.350044
   -0.349981
   -0.350117
   -0.349903
   -0.350201
   -0.353393
   -0.353849
   -0.353330
   -0.353900
   -0.353287
   -0.353940
   -0.353242
   -0.354019
   -0.360344
   -0.349976
   -0.349983
   -0.349962
   -0.350038
   -0.349883
   -0.350122
   -0.349792
   -0.343050
   -0.342550
   -0.343121
   -0.342490
   -0.343171
   -0.342442
   -0.343224
   -0.353069
   -0.350486
   -0.347553
   -0.347174
   -0.347514
   -0.347210
   -0.347471
   -0.347253
   -0.347434
   -0.350840
   -0.350947
   -0.350878
   -0.350911
   -0.350918
   -0.350877
   -0.350936
   -0.350888
   -0.347392
   -0.347294
   -0.347768
   -0.347334
   -0.347732
   -0.347376
   -0.347691
   -0.347411
   -0.351232
   -0.351024
   -0.351195
   -0.351058
   -0.351159
   -0.351089
   -0.351143
   -0.351077
   -0.347560
   -0.347515
   -0.347217
   -0.347479
   -0.347251
   -0.347439
   -0.347290
   -0.347405
   -0.350873
   -0.350924
   -0.350905
   -0.350895
   -0.350936
   -0.350870
   -0.350948
   -0.350884
   -0.347403
   -0.350906
   -0.351279
   -0.350940
   -0.351245
   -0.350980
   -0.351206
   -0.351016
   -0.351183
   -0.351065
   -0.351148
   -0.351097
   -0.351115
   -0.351124
   -0.351100
   -0.351114
   -0.347513
   -0.351031
   -0.350834
   -0.351000
   -0.350867
   -0.350959
   -0.350908
   -0.350920
   -0.350933
   -0.350867
   -0.350972
   -0.350835
   -0.351004
   -0.350808
   -0.351020
   -0.350814
   -0.347486
   -0.350947
   -0.351236
   -0.350976
   -0.351201
   -0.351021
   -0.351155
   -0.351067
   -0.351122
   -0.351125
   -0.351078
   -0.351161
   -0.351042
   -0.351193
   -0.351019
   -0.351194
   -0.347418
   -0.350985
   -0.350880
   -0.350962
   -0.350914
   -0.350916
   -0.350960
   -0.350868
   -0.350995
   -0.350807
   -0.351042
   -0.350769
   -0.351080
   -0.350736
   -0.351105
   -0.350731
   -0.347583
   -0.351001
   -0.351183
   -0.351020
   -0.351150
   -0.351066
   -0.351102
   -0.351117
   -0.351062
   -0.351182
   -0.351011
   -0.351222
   -0.350972
   -0.351258
   -0.350941
   -0.351269
   -0.347332
   -0.350942
   -0.350924
   -0.350926
   -0.350956
   -0.350879
   -0.351005
   -0.350825
   -0.351048
   -0.350758
   -0.351100
   -0.350718
   -0.351138
   -0.350683
   -0.351169
   -0.350672
   -0.347651
   -0.351034
   -0.351148
   -0.351047
   -0.351116
   -0.351096
   -0.351064
   -0.351153
   -0.351017
   -0.351221
   -0.350963
   -0.351262
   -0.350925
   -0.351298
   -0.350893
   -0.351310
   -0.347284
   -0.350906
   -0.350961
   -0.350897
   -0.350994
   -0.350845
   -0.351048
   -0.350784
   -0.351099
   -0.350714
   -0.351153
   -0.350673
   -0.351190
   -0.350639
   -0.351222
   -0.350626
   -0.347705
   -0.351062
   -0.351118
   -0.351073
   -0.351080
   -0.351131
   -0.351018
   -0.351199
   -0.350961
   -0.351272
   -0.350904
   -0.351314
   -0.350867
   -0.351348
   -0.350833
   -0.358486
   -0.365035
   -0.347336
   -0.347413
   -0.347326
   -0.347452
   -0.347265
   -0.347518
   -0.347191
   -0.347579
   -0.347115
   -0.347637
   -0.347073
   -0.347671
   -0.347044
   -0.347700
   -0.347037
   -0.347749
   -0.347499
   -0.347544
   -0.347511
   -0.347500
   -0.347578
   -0.347428
   -0.347658
   -0.354482
   -0.354867
   -0.354416
   -0.354916
   -0.354379
   -0.354945
   -0.354350
   -0.351391
   -0.347178
   -0.347346
   -0.347405
   -0.347334
   -0.347453
   -0.347262
   -0.347529
   -0.347176
   -0.351173
   -0.350653
   -0.351247
   -0.350598
   -0.351286
   -0.350569
   -0.351314
   -0.350562
   -0.358476
   -0.347481
   -0.347559
   -0.347496
   -0.347505
   -0.347575
   -0.347421
   -0.347670
   -0.340209
   -0.340640
   -0.340124
   -0.340704
   -0.340079
   -0.340739
   -0.340046
   -0.351435
   -0.347133
   -0.256817
   -0.256883
   -0.256818
   -0.256886
   -0.256813
   -0.256891
   -0.256809
   -0.259526
   -0.259436
   -0.259531
   -0.259433
   -0.259535
   -0.259428
   -0.259541
   -0.259426
   -0.256919
   -0.257128
   -0.257312
   -0.257126
   -0.257310
   -0.257129
   -0.257307
   -0.257131
   -0.259947
   -0.259776
   -0.259946
   -0.259775
   -0.259944
   -0.259779
   -0.259940
   -0.259779
   -0.257291
   -0.256811
   -0.256894
   -0.256814
   -0.256891
   -0.256818
   -0.256887
   -0.256822
   -0.259514
   -0.259458
   -0.259510
   -0.259463
   -0.259506
   -0.259463
   -0.259508
   -0.259467
   -0.256880
   -0.259764
   -0.259940
   -0.259759
   -0.259948
   -0.259748
   -0.259961
   -0.259733
   -0.259984
   -0.259725
   -0.260001
   -0.259709
   -0.260015
   -0.259699
   -0.260023
   -0.259684
   -0.257390
   -0.259446
   -0.259539
   -0.259454
   -0.259524
   -0.259476
   -0.259499
   -0.259505
   -0.259461
   -0.259531
   -0.259429
   -0.259559
   -0.259404
   -0.259581
   -0.259381
   -0.259612
   -0.256725
   -0.259767
   -0.259934
   -0.259756
   -0.259957
   -0.259722
   -0.259996
   -0.259677
   -0.260051
   -0.259635
   -0.260101
   -0.259594
   -0.260139
   -0.259555
   -0.260180
   -0.259506
   -0.257581
   -0.259445
   -0.259544
   -0.259460
   -0.259513
   -0.259504
   -0.259461
   -0.259563
   -0.259393
   -0.259621
   -0.259329
   -0.259673
   -0.259279
   -0.259724
   -0.259224
   -0.259789
   -0.256537
   -0.259764
   -0.259932
   -0.259748
   -0.259968
   -0.259695
   -0.260030
   -0.259626
   -0.260111
   -0.259556
   -0.260185
   -0.259498
   -0.260241
   -0.259438
   -0.260306
   -0.259363
   -0.257730
   -0.259444
   -0.259550
   -0.259464
   -0.259507
   -0.259525
   -0.259434
   -0.259605
   -0.259343
   -0.259686
   -0.259262
   -0.259748
   -0.259203
   -0.259812
   -0.259132
   -0.259893
   -0.256432
   -0.259771
   -0.259921
   -0.259749
   -0.259969
   -0.259680
   -0.260051
   -0.259590
   -0.260153
   -0.259502
   -0.260241
   -0.259437
   -0.260301
   -0.259369
   -0.260376
   -0.259285
   -0.257803
   -0.259437
   -0.259560
   -0.259463
   -0.259505
   -0.259543
   -0.259411
   -0.259646
   -0.259296
   -0.259745
   -0.259202
   -0.259813
   -0.259139
   -0.259885
   -0.259058
   -0.259975
   -0.256355
   -0.259777
   -0.259910
   -0.259748
   -0.259972
   -0.259660
   -0.260077
   -0.259545
   -0.260203
   -0.259441
   -0.260302
   -0.259371
   -0.260365
   -0.259299
   -0.260448
   -0.264473
   -0.271052
   -0.256798
   -0.256930
   -0.256830
   -0.256862
   -0.256925
   -0.256747
   -0.257051
   -0.256613
   -0.257165
   -0.256510
   -0.257235
   -0.256451
   -0.257303
   -0.256370
   -0.257402
   -0.256324
   -0.257139
   -0.257269
   -0.257106
   -0.257342
   -0.257004
   -0.257465
   -0.256870
   -0.262875
   -0.262019
   -0.262986
   -0.261946
   -0.263045
   -0.261879
   -0.263125
   -0.259147
   -0.257895
   -0.256802
   -0.256935
   -0.256837
   -0.256859
   -0.256945
   -0.256728
   -0.257087
   -0.259219
   -0.259859
   -0.259100
   -0.259936
   -0.259043
   -0.260001
   -0.258965
   -0.260091
   -0.264192
   -0.257138
   -0.257261
   -0.257102
   -0.257342
   -0.256989
   -0.257479
   -0.256841
   -0.252365
   -0.251432
   -0.252493
   -0.251349
   -0.252551
   -0.251284
   -0.252630
   -0.259094
   -0.257952
