   -0.270007
   -0.263246
   -0.266967
   -0.276105
   -0.274762
   -0.278306
   -0.277826
   -0.275857
   -0.263433
   -0.240201
   -0.215163
   -0.197455
   -0.221016
   -0.241378
   -0.245617
   -0.267545
   -0.269252
   -0.270932
   -0.280703
   -0.288593
   -0.283943
   -0.270949
   -0.257109
   -0.238386
   -0.221967
   -0.207988
   -0.210939
   -0.230478
   -0.269382
   -0.282829
   -0.265739
   -0.279386
   -0.272009
   -0.276407
   -0.279749
   -0.280616
   -0.276902
   -0.254109
   -0.231554
   -0.211424
   -0.203562
   -0.219264
   -0.244346
   -0.283610
   -0.273215
   -0.279817
   -0.282730
   -0.287629
   -0.288969
   -0.279909
   -0.274108
   -0.237706
   -0.220200
   -0.199975
   -0.202360
   -0.209390
   -0.241377
   -0.264697
   -0.275406
   -0.280039
   -0.286767
   -0.279905
   -0.275932
   -0.277735
   -0.279978
   -0.265164
   -0.231357
   -0.211444
   -0.227790
   -0.236604
   -0.250445
   -0.261146
   -0.273952
   -0.278596
   -0.274781
   -0.285682
   -0.269026
   -0.265374
   -0.266542
   -0.271004
   -0.242336
   -0.226569
   -0.226943
   -0.232430
   -0.259422
   -0.271688
   -0.276227
   -0.273508
   -0.281866
   -0.275647
   -0.268908
   -0.269191
   -0.266471
   -0.268731
   -0.284354
   -0.290022
   -0.232265
   -0.233723
   -0.243995
   -0.271194
   -0.280150
   -0.293053
   -0.285551
   -0.276283
   -0.269588
   -0.266801
   -0.276332
   -0.269697
   -0.278666
   -0.284251
   -0.287329
   -0.280904
   -0.237732
   -0.267415
   -0.280446
   -0.282766
   -0.285615
   -0.287881
   -0.287612
   -0.272706
   -0.262915
   -0.264070
   -0.278782
   -0.278064
   -0.270811
   -0.267728
   -0.267657
   -0.276428
   -0.276039
   -0.278545
   -0.288399
   -0.280477
   -0.273838
   -0.271188
   -0.279086
   -0.278407
   -0.278468
   -0.282470
   -0.279330
   -0.274733
   -0.280051
   -0.278131
   -0.279879
   -0.279621
   -0.271678
   -0.285009
   -0.276660
   -0.279914
   -0.278869
   -0.269880
   -0.273106
   -0.282274
   -0.283662
   -0.280244
   -0.271470
   -0.267308
   -0.277742
   -0.287104
   -0.282581
   -0.263199
   -0.275500
   -0.278513
   -0.276312
   -0.271123
   -0.284088
   -0.287801
   -0.285554
   -0.284499
   -0.281447
   -0.276134
   -0.270484
   -0.281831
   -0.280465
   -0.273186
   -0.274973
   -0.268167
   -0.260050
   -0.279172
   -0.281551
   -0.259848
   -0.266592
   -0.277922
   -0.283644
   -0.278774
   -0.279511
   -0.278225
   -0.280672
   -0.277516
   -0.275191
   -0.273039
   -0.262384
   -0.250579
   -0.263205
   -0.252252
   -0.264144
   -0.279905
   -0.279686
   -0.272786
   -0.284214
   -0.282803
   -0.277390
   -0.279604
   -0.280676
   -0.280614
   -0.279424
   -0.261083
   -0.260982
   -0.255653
   -0.278196
   -0.283614
   -0.289755
   -0.289300
   -0.276918
   -0.277942
   -0.276619
   -0.273169
   -0.276467
   -0.277926
   -0.282474
   -0.273267
   -0.249216
   -0.245016
   -0.250036
   -0.265499
   -0.287796
   -0.269458
   -0.280028
   -0.284369
   -0.277697
   -0.284199
   -0.281693
   -0.276154
   -0.280574
   -0.279763
   -0.273649
   -0.252546
   -0.255852
   -0.243345
   -0.257982
   -0.286939
   -0.273047
   -0.279500
   -0.292364
   -0.277943
   -0.275621
   -0.282004
   -0.288774
   -0.283729
   -0.282610
   -0.270446
   -0.262437
   -0.246719
   -0.256778
   -0.266284
   -0.281719
   -0.264151
   -0.305346
   -0.289939
   -0.299326
   -0.323390
   -0.337812
   -0.341895
   -0.338588
   -0.339181
   -0.342504
   -0.334798
   -0.319966
   -0.311617
   -0.325166
   -0.339277
   -0.346695
   -0.336163
   -0.295126
   -0.315369
   -0.332121
   -0.358749
   -0.347728
   -0.331277
   -0.325590
   -0.326032
   -0.320369
   -0.324201
   -0.325718
   -0.329242
   -0.345987
   -0.348021
   -0.343554
   -0.350955
   -0.328014
   -0.333251
   -0.342494
   -0.338772
   -0.350167
   -0.341075
   -0.329133
   -0.311157
   -0.312982
   -0.318404
   -0.324831
   -0.351319
   -0.348430
   -0.349341
   -0.352618
   -0.348882
   -0.352527
   -0.345911
   -0.354410
   -0.310392
   -0.314769
   -0.310011
   -0.310858
   -0.318586
   -0.333533
   -0.342034
   -0.341177
   -0.347547
   -0.343320
   -0.342396
   -0.345925
   -0.345605
   -0.339335
   -0.335843
   -0.334365
   -0.325540
   -0.337723
   -0.335626
   -0.337356
   -0.338313
   -0.336356
   -0.337930
   -0.331329
   -0.349885
   -0.341130
   -0.339875
   -0.336012
   -0.327090
   -0.336796
   -0.334796
   -0.339832
   -0.339858
   -0.353409
   -0.352686
   -0.345190
   -0.337517
   -0.342041
   -0.334843
   -0.332609
   -0.343246
   -0.344575
   -0.337884
   -0.336982
   -0.332830
   -0.339060
   -0.342169
   -0.346162
   -0.343209
   -0.351773
   -0.355082
   -0.352478
   -0.343738
   -0.339707
   -0.336739
   -0.338863
   -0.333210
   -0.332484
   -0.314021
   -0.311799
   -0.321433
   -0.334248
   -0.344127
   -0.345173
   -0.348712
   -0.350282
   -0.353790
   -0.348728
   -0.346673
   -0.338920
   -0.336172
   -0.344531
   -0.329414
   -0.315485
   -0.305351
   -0.316452
   -0.343935
   -0.344044
   -0.344374
   -0.352258
   -0.358890
   -0.351166
   -0.347654
   -0.348158
   -0.345956
   -0.336915
   -0.337732
   -0.333921
   -0.306975
   -0.316839
   -0.326478
   -0.341131
   -0.350446
   -0.342879
   -0.349649
   -0.346715
   -0.350473
   -0.354199
   -0.354471
   -0.350969
   -0.346096
   -0.336099
   -0.329402
   -0.317692
   -0.308894
   -0.332832
   -0.355171
   -0.344252
   -0.317031
   -0.342482
   -0.346018
   -0.346191
   -0.337855
   -0.351523
   -0.360184
   -0.356809
   -0.344758
   -0.331169
   -0.322059
   -0.315663
   -0.330508
   -0.342003
   -0.346391
   -0.333130
   -0.301119
   -0.335298
   -0.346163
   -0.347224
   -0.337560
   -0.339055
   -0.355236
   -0.345474
   -0.320417
   -0.321824
   -0.332988
   -0.339842
   -0.332018
   -0.342343
   -0.329140
   -0.282833
   -0.250873
   -0.330250
   -0.333197
   -0.330391
   -0.345772
   -0.348247
   -0.333224
   -0.341298
   -0.329547
   -0.320140
   -0.346917
   -0.339555
   -0.340902
   -0.329327
   -0.287639
   -0.261930
   -0.273585
   -0.346530
   -0.342215
   -0.335659
   -0.353958
   -0.324616
   -0.333984
   -0.326967
   -0.320195
   -0.343970
   -0.345148
   -0.347982
   -0.324733
   -0.281794
   -0.261971
   -0.278857
   -0.311039
   -0.350230
   -0.334305
   -0.333923
   -0.320289
   -0.321075
   -0.325325
   -0.339385
   -0.335385
   -0.343360
   -0.351139
   -0.330092
   -0.281666
   -0.263456
   -0.268928
   -0.316424
   -0.352559
   -0.331526
   -0.336204
   -0.319640
   -0.301444
   -0.313021
   -0.336316
   -0.362447
   -0.351580
   -0.342106
   -0.322572
   -0.290634
   -0.263983
   -0.276398
   -0.307936
   -0.343748
   -0.343867
   -0.335514
   -0.343024
   -0.350942
   -0.347414
   -0.347030
   -0.344847
   -0.340410
   -0.338131
   -0.345744
   -0.348988
   -0.347074
   -0.343332
   -0.337597
   -0.322868
   -0.327705
   -0.328777
   -0.338001
   -0.341955
   -0.347916
   -0.356213
   -0.349187
   -0.342471
   -0.341936
   -0.339362
   -0.341946
   -0.349931
   -0.355348
   -0.326903
   -0.318770
   -0.325078
   -0.338939
   -0.356987
   -0.344440
   -0.338278
   -0.333942
   -0.351401
   -0.353676
   -0.351779
   -0.346462
   -0.339873
   -0.339966
   -0.344728
   -0.335744
   -0.332206
   -0.327424
   -0.338417
   -0.350019
   -0.347143
   -0.355260
   -0.341481
   -0.352982
   -0.333794
   -0.346334
   -0.341189
   -0.333103
   -0.333355
   -0.340803
   -0.330702
   -0.316423
   -0.335877
   -0.323995
   -0.336912
   -0.357047
   -0.336006
   -0.343246
   -0.338924
   -0.347146
   -0.352021
   -0.358225
   -0.351224
   -0.340238
   -0.331228
   -0.317191
   -0.321762
   -0.315018
   -0.343416
   -0.345756
   -0.344909
   -0.321487
   -0.282485
   -0.353765
   -0.352393
   -0.361289
   -0.353624
   -0.355800
   -0.352657
   -0.336637
   -0.319490
   -0.318835
   -0.316238
   -0.332619
   -0.351181
   -0.348461
   -0.318532
   -0.278005
   -0.263553
   -0.356822
   -0.364822
   -0.366642
   -0.340617
   -0.344793
   -0.336845
   -0.335261
   -0.326699
   -0.326741
   -0.336548
   -0.343057
   -0.337041
   -0.301410
   -0.257685
   -0.258322
   -0.298205
   -0.350537
   -0.351823
   -0.350745
   -0.341612
   -0.334071
   -0.333092
   -0.325391
   -0.338056
   -0.346990
   -0.339697
   -0.341351
   -0.290477
   -0.258190
   -0.250108
   -0.293061
   -0.341770
   -0.346835
   -0.341074
   -0.339504
   -0.335334
   -0.334165
   -0.335199
   -0.347316
   -0.355078
   -0.339916
   -0.321897
   -0.299187
   -0.250475
   -0.269755
   -0.302576
   -0.338411
   -0.353683
   -0.338987
   -0.334786
   -0.329546
   -0.326476
   -0.338748
   -0.360149
   -0.363809
   -0.351292
   -0.321120
   -0.287633
   -0.259546
   -0.270906
   -0.309498
   -0.348933
   -0.358225
   -0.342099
   -0.326687
   -0.330279
   -0.335150
   -0.326882
   -0.347927
   -0.365964
   -0.355681
   -0.321935
   -0.286990
   -0.271070
   -0.263837
   -0.320492
   -0.336080
   -0.346427
   -0.342025
   -0.336432
   -0.292004
   -0.321185
   -0.333168
   -0.346911
   -0.346583
   -0.365774
   -0.334877
   -0.274545
   -0.273816
   -0.304690
   -0.323146
   -0.345773
   -0.348053
   -0.341413
   -0.326660
   -0.314465
   -0.300983
   -0.322391
   -0.343467
   -0.353747
   -0.347556
   -0.308508
   -0.298909
   -0.287798
   -0.287303
   -0.339363
   -0.344382
   -0.348874
   -0.340843
   -0.320759
   -0.311426
   -0.326038
   -0.349844
   -0.338182
   -0.334282
   -0.343373
   -0.290073
   -0.290361
   -0.281934
   -0.290650
   -0.340613
   -0.348411
   -0.353106
   -0.343717
   -0.319940
   -0.311055
   -0.320642
   -0.335750
   -0.350293
   -0.319359
   -0.290998
   -0.241635
   -0.269363
   -0.276951
   -0.314362
   -0.336444
   -0.341979
   -0.356646
   -0.344435
   -0.327400
   -0.310650
   -0.318032
   -0.338508
   -0.346735
   -0.325671
   -0.292134
   -0.250585
   -0.194586
   -0.237023
   -0.315645
   -0.359978
   -0.352805
   -0.352446
   -0.347415
   -0.333218
   -0.321400
   -0.323074
   -0.336546
   -0.346013
   -0.347506
   -0.345001
   -0.353683
   -0.362365
   -0.353486
   -0.338535
   -0.319896
   -0.319760
   -0.318628
   -0.334217
   -0.343510
   -0.349539
   -0.342541
   -0.316770
   -0.250906
   -0.261122
   -0.285445
   -0.359718
   -0.357656
   -0.349513
   -0.341807
   -0.330058
   -0.326993
   -0.326254
   -0.335302
   -0.337647
   -0.347412
   -0.350708
   -0.307351
   -0.258109
   -0.267651
   -0.305929
   -0.356563
   -0.364008
   -0.343839
   -0.327669
   -0.329008
   -0.334922
   -0.339783
   -0.344592
   -0.339690
   -0.343085
   -0.344038
   -0.318226
   -0.262695
   -0.264500
   -0.312272
   -0.345822
   -0.353773
   -0.345964
   -0.328198
   -0.331478
   -0.340612
   -0.345866
   -0.351068
   -0.344196
   -0.332456
   -0.314463
   -0.280482
   -0.249704
   -0.292687
   -0.306058
   -0.338794
   -0.360845
   -0.352453
   -0.335511
   -0.324022
   -0.331374
   -0.338143
   -0.355370
   -0.352039
   -0.332959
   -0.296403
   -0.264162
   -0.271684
   -0.274881
   -0.320936
   -0.331955
   -0.347256
   -0.346269
   -0.332408
   -0.329209
   -0.332484
   -0.347555
   -0.355343
   -0.349278
   -0.341552
   -0.296883
   -0.260366
   -0.264524
   -0.280869
   -0.318684
   -0.347220
   -0.349326
   -0.339746
   -0.326043
   -0.321150
   -0.342763
   -0.359836
   -0.372448
   -0.349306
   -0.331293
   -0.286775
   -0.272402
   -0.276791
   -0.303188
   -0.336231
   -0.336913
   -0.345079
   -0.334758
   -0.314494
   -0.314528
   -0.335517
   -0.351454
   -0.360289
   -0.361389
   -0.324892
   -0.286176
   -0.276826
   -0.277527
   -0.316816
   -0.356413
   -0.348740
   -0.346535
   -0.322812
   -0.310131
   -0.305215
   -0.325276
   -0.350085
   -0.348729
   -0.329593
   -0.312017
   -0.275856
   -0.277501
   -0.289682
   -0.337596
   -0.362932
   -0.352349
   -0.343852
   -0.329931
   -0.313610
   -0.315775
   -0.324650
   -0.342309
   -0.352362
   -0.314622
   -0.292362
   -0.279571
   -0.278448
   -0.293604
   -0.339743
   -0.364148
   -0.366575
   -0.343858
   -0.320033
   -0.311628
   -0.323700
   -0.334015
   -0.344533
   -0.351891
   -0.352610
   -0.278606
   -0.274605
   -0.286343
   -0.306537
   -0.336177
   -0.357782
   -0.350712
   -0.331647
   -0.322225
   -0.322351
   -0.311527
   -0.336836
   -0.344509
   -0.347947
   -0.349552
   -0.352444
   -0.174243
   -0.278237
   -0.320252
   -0.340865
   -0.350094
   -0.361964
   -0.351071
   -0.325980
   -0.325283
   -0.334985
   -0.335436
   -0.347788
   -0.349134
   -0.348355
   -0.344909
   -0.344243
   -0.227058
   -0.293262
   -0.344055
   -0.346681
   -0.354932
   -0.349933
   -0.342265
   -0.327801
   -0.317773
   -0.339274
   -0.349226
   -0.347187
   -0.346245
   -0.343031
   -0.339758
   -0.343773
   -0.325641
   -0.330236
   -0.339895
   -0.346405
   -0.331904
   -0.330560
   -0.334285
   -0.335582
   -0.345775
   -0.347956
   -0.350673
   -0.347700
   -0.343507
   -0.339612
   -0.339678
   -0.343543
   -0.336867
   -0.318143
   -0.308648
   -0.311496
   -0.310607
   -0.316277
   -0.335181
   -0.348429
   -0.353606
   -0.357101
   -0.349936
   -0.345645
   -0.340931
   -0.339631
   -0.343685
   -0.346528
   -0.313009
   -0.290286
   -0.298472
   -0.280447
   -0.286314
   -0.328408
   -0.347154
   -0.349160
   -0.353776
   -0.358655
   -0.343707
   -0.345110
   -0.342464
   -0.343488
   -0.346293
   -0.348387
   -0.335506
   -0.351142
   -0.356718
   -0.353932
   -0.317045
   -0.270574
   -0.269416
   -0.271203
   -0.310895
   -0.334903
   -0.340966
   -0.351552
   -0.337345
   -0.306797
   -0.313914
   -0.329411
   -0.363639
   -0.359757
   -0.344514
   -0.311388
   -0.277826
   -0.272148
   -0.283550
   -0.330463
   -0.337309
   -0.344938
   -0.347832
   -0.346923
   -0.317541
   -0.312190
   -0.326037
   -0.347724
   -0.365298
   -0.342912
   -0.303132
   -0.274845
   -0.279994
   -0.306614
   -0.345519
   -0.345883
   -0.344802
   -0.344283
   -0.335836
   -0.323412
   -0.322446
   -0.342064
   -0.348720
   -0.353587
   -0.319866
   -0.275608
   -0.276188
   -0.300206
   -0.326320
   -0.351208
   -0.351554
   -0.335515
   -0.328313
   -0.328907
   -0.322971
   -0.345101
   -0.336159
   -0.336288
   -0.349190
   -0.356196
   -0.295796
   -0.285548
   -0.292400
   -0.339465
   -0.347516
   -0.351579
   -0.342911
   -0.325634
   -0.310739
   -0.315007
   -0.317690
   -0.336057
   -0.330836
   -0.345706
   -0.354908
   -0.356462
   -0.281531
   -0.302087
   -0.346624
   -0.364404
   -0.352481
   -0.349402
   -0.332986
   -0.313759
   -0.313026
   -0.320675
   -0.341295
   -0.332961
   -0.348782
   -0.346873
   -0.349703
   -0.353588
   -0.319365
   -0.352983
   -0.372966
   -0.354299
   -0.346540
   -0.330325
   -0.322468
   -0.323097
   -0.333311
   -0.345806
   -0.344427
   -0.334918
   -0.351855
   -0.348405
   -0.345980
   -0.349870
   -0.348749
   -0.363017
   -0.357953
   -0.345413
   -0.330368
   -0.328874
   -0.327438
   -0.339719
   -0.355788
   -0.353749
   -0.346524
   -0.341018
   -0.345540
   -0.342973
   -0.345347
   -0.351128
   -0.347584
   -0.343788
   -0.328177
   -0.333273
   -0.325120
   -0.335361
   -0.351826
   -0.357975
   -0.352836
   -0.351785
   -0.346571
   -0.348457
   -0.347275
   -0.340469
   -0.344827
   -0.348576
   -0.329629
   -0.319764
   -0.330831
   -0.330831
   -0.328659
   -0.348188
   -0.365371
   -0.367205
   -0.351840
   -0.343043
   -0.344166
   -0.344446
   -0.341301
   -0.340950
   -0.342793
   -0.342199
   -0.335976
   -0.318409
   -0.330534
   -0.340296
   -0.347897
   -0.356005
   -0.353778
   -0.348582
   -0.345866
   -0.345274
   -0.343156
   -0.333253
   -0.341816
   -0.344277
   -0.346440
   -0.338796
   -0.271014
   -0.303665
   -0.341722
   -0.332604
   -0.351518
   -0.360725
   -0.358380
   -0.346665
   -0.338169
   -0.337638
   -0.332853
   -0.347724
   -0.348957
   -0.352183
   -0.335992
   -0.324999
   -0.278948
   -0.309214
   -0.318815
   -0.336052
   -0.352057
   -0.362282
   -0.361108
   -0.352460
   -0.347595
   -0.349536
   -0.352929
   -0.349088
   -0.341506
   -0.338844
   -0.315823
   -0.315176
   -0.286252
   -0.296895
   -0.326290
   -0.335072
   -0.339092
   -0.348315
   -0.358165
   -0.358862
   -0.352744
   -0.349860
   -0.357317
   -0.346498
   -0.334744
   -0.317130
   -0.313987
   -0.321946
   -0.292995
   -0.293004
   -0.293532
   -0.321833
   -0.322482
   -0.324133
   -0.342421
   -0.351222
   -0.350069
   -0.354811
   -0.349798
   -0.339237
   -0.321155
   -0.312174
   -0.320204
   -0.348787
   -0.314790
   -0.297507
   -0.297824
   -0.299295
   -0.299733
   -0.314025
   -0.326289
   -0.335996
   -0.343885
   -0.349153
   -0.337746
   -0.322831
   -0.319706
   -0.319098
   -0.346866
   -0.350165
   -0.323427
   -0.357600
   -0.367618
   -0.353340
   -0.342681
   -0.325171
   -0.323226
   -0.320785
   -0.329757
   -0.340045
   -0.338985
   -0.345886
   -0.346341
   -0.343984
   -0.346543
   -0.348731
   -0.354710
   -0.360449
   -0.354361
   -0.338762
   -0.327405
   -0.325446
   -0.327118
   -0.340226
   -0.342093
   -0.347469
   -0.350427
   -0.348975
   -0.344747
   -0.345293
   -0.345577
   -0.347072
   -0.362334
   -0.351370
   -0.335253
   -0.326468
   -0.328172
   -0.337793
   -0.353146
   -0.350772
   -0.350261
   -0.347093
   -0.344746
   -0.345842
   -0.349278
   -0.351220
   -0.349117
   -0.350069
   -0.345541
   -0.327223
   -0.324538
   -0.338423
   -0.344773
   -0.353804
   -0.351386
   -0.347345
   -0.344035
   -0.347017
   -0.343445
   -0.365461
   -0.350152
   -0.342843
   -0.350966
   -0.348226
   -0.337448
   -0.333445
   -0.335426
   -0.352102
   -0.351104
   -0.352936
   -0.349384
   -0.346627
   -0.341962
   -0.342261
   -0.340242
   -0.344540
   -0.334676
   -0.348550
   -0.347948
   -0.344502
   -0.332207
   -0.340269
   -0.355065
   -0.359606
   -0.352904
   -0.352915
   -0.348586
   -0.346015
   -0.342243
   -0.344121
   -0.345042
   -0.326393
   -0.345001
   -0.337872
   -0.341791
   -0.333027
   -0.341748
   -0.353434
   -0.362230
   -0.356336
   -0.353427
   -0.352059
   -0.348798
   -0.348105
   -0.346992
   -0.348161
   -0.345535
   -0.328096
   -0.338450
   -0.337560
   -0.327851
   -0.325706
   -0.348519
   -0.355003
   -0.353580
   -0.356894
   -0.352700
   -0.353806
   -0.350939
   -0.351341
   -0.349874
   -0.349337
   -0.343679
   -0.332914
   -0.328435
   -0.333599
   -0.323089
   -0.336146
   -0.345653
   -0.348792
   -0.346664
   -0.355658
   -0.351467
   -0.355830
   -0.355043
   -0.353718
   -0.348035
   -0.344388
   -0.339291
   -0.323843
   -0.334336
   -0.319553
   -0.334700
   -0.348105
   -0.336214
   -0.340221
   -0.350372
   -0.350907
   -0.348953
   -0.354268
   -0.356157
   -0.354920
   -0.343804
   -0.337504
   -0.331150
   -0.322167
   -0.315964
   -0.338522
   -0.335253
   -0.334167
   -0.336526
   -0.340432
   -0.351321
   -0.349161
   -0.348769
   -0.354160
   -0.352515
   -0.349788
   -0.340013
   -0.332605
   -0.326247
   -0.321233
   -0.328936
   -0.333760
   -0.347949
   -0.321304
   -0.282586
   -0.285896
   -0.331622
   -0.338204
   -0.342417
   -0.342734
   -0.347990
   -0.333857
   -0.323298
   -0.316984
   -0.316559
   -0.348009
   -0.334923
   -0.345630
   -0.321737
   -0.278820
   -0.304251
   -0.285824
   -0.285885
   -0.313042
   -0.324906
   -0.336776
   -0.326365
   -0.328719
   -0.337206
   -0.338220
   -0.338395
   -0.360817
   -0.327547
   -0.323967
   -0.274610
   -0.264009
   -0.278497
   -0.290033
   -0.305515
   -0.296387
   -0.299206
   -0.306805
   -0.310761
   -0.322814
   -0.333781
   -0.343125
   -0.364347
   -0.346764
   -0.300591
   -0.273640
   -0.272131
   -0.284113
   -0.295305
   -0.279865
   -0.282298
   -0.284880
   -0.291661
   -0.276923
   -0.306769
   -0.321772
   -0.315779
   -0.340795
   -0.342145
   -0.312111
   -0.260328
   -0.266655
   -0.280109
   -0.348132
   -0.341753
   -0.292248
   -0.291885
   -0.266553
   -0.274601
   -0.304116
   -0.308038
   -0.313863
   -0.319560
   -0.303764
   -0.288823
   -0.262454
   -0.268802
   -0.279568
   -0.340747
   -0.337120
   -0.344004
   -0.358657
   -0.361416
   -0.353681
   -0.353122
   -0.348918
   -0.348053
   -0.344310
   -0.343533
   -0.343176
   -0.329478
   -0.334727
   -0.341259
   -0.332601
   -0.327971
   -0.325942
   -0.354604
   -0.356636
   -0.354306
   -0.351887
   -0.351365
   -0.348734
   -0.348004
   -0.345916
   -0.346119
   -0.345635
   -0.335569
   -0.333473
   -0.325517
   -0.330133
   -0.325971
   -0.332651
   -0.365990
   -0.352003
   -0.342112
   -0.352321
   -0.352183
   -0.351176
   -0.352453
   -0.349013
   -0.347782
   -0.342874
   -0.331450
   -0.317248
   -0.328729
   -0.332278
   -0.339602
   -0.348536
   -0.353153
   -0.346057
   -0.345141
   -0.357450
   -0.354519
   -0.356985
   -0.352853
   -0.352884
   -0.347891
   -0.334201
   -0.315229
   -0.334138
   -0.334208
   -0.347392
   -0.360728
   -0.344087
   -0.351841
   -0.350842
   -0.350157
   -0.357308
   -0.355237
   -0.354901
   -0.350061
   -0.344335
   -0.328497
   -0.322922
   -0.318685
   -0.334639
   -0.336191
   -0.347201
   -0.345689
   -0.326650
   -0.355821
   -0.353250
   -0.352381
   -0.357882
   -0.349465
   -0.351470
   -0.339591
   -0.329399
   -0.322172
   -0.328639
   -0.332139
   -0.341575
   -0.345879
   -0.333800
   -0.314649
   -0.276328
   -0.350064
   -0.353956
   -0.359382
   -0.354958
   -0.354092
   -0.341684
   -0.331540
   -0.330106
   -0.332384
   -0.343949
   -0.348710
   -0.338382
   -0.339330
   -0.307213
   -0.276988
   -0.280575
   -0.339435
   -0.350360
   -0.355780
   -0.352530
   -0.339179
   -0.341316
   -0.337092
   -0.340762
   -0.348071
   -0.350171
   -0.343526
   -0.330553
   -0.291369
   -0.286984
   -0.270271
   -0.316206
   -0.330723
   -0.337251
   -0.339671
   -0.327988
   -0.330818
   -0.336577
   -0.348512
   -0.359741
   -0.350639
   -0.336073
   -0.324875
   -0.296676
   -0.279097
   -0.261523
   -0.316071
   -0.346786
   -0.315687
   -0.316103
   -0.316973
   -0.312570
   -0.318831
   -0.340053
   -0.350276
   -0.352276
   -0.335248
   -0.318050
   -0.299235
   -0.273339
   -0.269631
   -0.316712
   -0.331891
   -0.347575
   -0.301353
   -0.300962
   -0.302604
   -0.312068
   -0.324694
   -0.343908
   -0.345576
   -0.338067
   -0.317118
   -0.299792
   -0.287487
   -0.280426
   -0.321551
   -0.331637
   -0.346511
   -0.336347
   -0.264523
   -0.264509
   -0.305116
   -0.330476
   -0.326253
   -0.322950
   -0.324804
   -0.292447
   -0.291413
   -0.276557
   -0.275327
   -0.338973
   -0.340463
   -0.343538
   -0.340923
   -0.322040
   -0.303399
   -0.283125
   -0.289802
   -0.325833
   -0.308693
   -0.304644
   -0.261503
   -0.265940
   -0.269807
   -0.298410
   -0.325817
   -0.341144
   -0.323744
   -0.342658
   -0.323094
   -0.311055
   -0.286549
   -0.300183
   -0.298586
   -0.288559
   -0.293040
   -0.257198
   -0.242519
   -0.252587
   -0.272306
   -0.316213
   -0.354218
   -0.338945
   -0.308467
   -0.319712
   -0.309369
   -0.313427
   -0.303981
   -0.279756
   -0.284623
   -0.238899
   -0.257819
   -0.237800
   -0.275224
   -0.291685
   -0.299227
   -0.315438
   -0.318672
   -0.291859
   -0.268057
   -0.303302
   -0.312441
   -0.333484
   -0.346102
   -0.282500
   -0.278498
   -0.218183
   -0.220052
   -0.283590
   -0.301109
   -0.324643
   -0.326643
   -0.306338
   -0.284407
   -0.283109
   -0.277802
   -0.298129
   -0.308037
   -0.323197
   -0.352476
   -0.355162
   -0.354549
   -0.356776
   -0.351592
   -0.336783
   -0.327389
   -0.321595
   -0.325323
   -0.335440
   -0.341160
   -0.348341
   -0.349355
   -0.302019
   -0.273814
   -0.274547
   -0.354409
   -0.353944
   -0.351378
   -0.349595
   -0.338298
   -0.327598
   -0.324557
   -0.331699
   -0.341004
   -0.348103
   -0.341578
   -0.332425
   -0.296591
   -0.281913
   -0.274630
   -0.306015
   -0.360866
   -0.351967
   -0.345539
   -0.335510
   -0.334483
   -0.337083
   -0.343583
   -0.346593
   -0.344534
   -0.339862
   -0.322740
   -0.277620
   -0.275359
   -0.286883
   -0.323255
   -0.351552
   -0.352818
   -0.338125
   -0.328707
   -0.348257
   -0.344149
   -0.352706
   -0.351538
   -0.353833
   -0.347723
   -0.310247
   -0.265380
   -0.282254
   -0.304376
   -0.340026
   -0.364580
   -0.361195
   -0.328896
   -0.331341
   -0.336014
   -0.355247
   -0.361129
   -0.356379
   -0.350129
   -0.331798
   -0.289374
   -0.271750
   -0.264703
   -0.312548
   -0.326554
   -0.342028
   -0.349510
   -0.341208
   -0.324376
   -0.329736
   -0.339113
   -0.363359
   -0.344978
   -0.352254
   -0.324460
   -0.284789
   -0.267355
   -0.282060
   -0.303699
   -0.348544
   -0.348548
   -0.337995
   -0.328275
   -0.315926
   -0.317907
   -0.338145
   -0.352476
   -0.347736
   -0.350835
   -0.310900
   -0.282573
   -0.281468
   -0.290340
   -0.326601
   -0.350000
   -0.358178
   -0.350883
   -0.331921
   -0.317165
   -0.321347
   -0.319667
   -0.333570
   -0.345863
   -0.333465
   -0.296692
   -0.294588
   -0.284960
   -0.297832
   -0.338854
   -0.351933
   -0.343360
   -0.348661
   -0.329395
   -0.323103
   -0.321780
   -0.339579
   -0.311351
   -0.311703
   -0.307353
   -0.268847
   -0.269606
   -0.267456
   -0.305937
   -0.354530
   -0.354601
   -0.340800
   -0.324874
   -0.330244
   -0.316313
   -0.314394
   -0.338884
   -0.351658
   -0.296159
   -0.280173
   -0.267867
   -0.248944
   -0.249663
   -0.291440
   -0.326276
   -0.345225
   -0.344007
   -0.329775
   -0.316220
   -0.312561
   -0.320642
   -0.340979
   -0.344462
   -0.349773
   -0.266513
   -0.255665
   -0.251379
   -0.269715
   -0.295799
   -0.321063
   -0.322521
   -0.315476
   -0.310168
   -0.314906
   -0.318089
   -0.316368
   -0.341764
   -0.342221
   -0.341891
   -0.343371
   -0.233051
   -0.243130
   -0.282508
   -0.325312
   -0.327514
   -0.319347
   -0.319365
   -0.298130
   -0.302455
   -0.294038
   -0.300749
   -0.335115
   -0.338121
   -0.333028
   -0.330345
   -0.333823
   -0.275521
   -0.269379
   -0.280039
   -0.334106
   -0.324256
   -0.320930
   -0.290668
   -0.299320
   -0.288700
   -0.306866
   -0.315700
   -0.306339
   -0.307694
   -0.337848
   -0.323492
   -0.325342
   -0.289429
   -0.301089
   -0.296136
   -0.312192
   -0.318559
   -0.302187
   -0.290826
   -0.291686
   -0.301548
   -0.313856
   -0.329230
   -0.307529
   -0.287028
   -0.305443
   -0.315031
   -0.310484
   -0.313253
   -0.289003
   -0.301272
   -0.281301
   -0.294565
   -0.292750
   -0.312594
   -0.311684
   -0.317949
   -0.312986
   -0.314291
   -0.300789
   -0.277288
   -0.286502
   -0.288355
   -0.281699
   -0.347187
   -0.296593
   -0.300084
   -0.266500
   -0.270113
   -0.308989
   -0.317034
   -0.332670
   -0.324472
   -0.321261
   -0.306213
   -0.297594
   -0.294739
   -0.277797
   -0.280712
   -0.288296
   -0.342216
   -0.356775
   -0.360003
   -0.362968
   -0.346238
   -0.307944
   -0.277490
   -0.269502
   -0.281008
   -0.313769
   -0.339811
   -0.344560
   -0.355709
   -0.334324
   -0.321051
   -0.326758
   -0.356109
   -0.357388
   -0.352945
   -0.342974
   -0.310284
   -0.278895
   -0.270243
   -0.294154
   -0.324629
   -0.347081
   -0.349285
   -0.338538
   -0.331472
   -0.329660
   -0.327545
   -0.332593
   -0.354650
   -0.350571
   -0.338018
   -0.288916
   -0.284438
   -0.296716
   -0.316303
   -0.334031
   -0.337135
   -0.344528
   -0.341723
   -0.329458
   -0.321532
   -0.327873
   -0.342311
   -0.351339
   -0.346366
   -0.310186
   -0.280535
   -0.292193
   -0.306763
   -0.334654
   -0.346983
   -0.354090
   -0.357225
   -0.346962
   -0.311541
   -0.313484
   -0.335188
   -0.349992
   -0.354283
   -0.353275
   -0.285666
   -0.283935
   -0.283248
   -0.323025
   -0.337431
   -0.346993
   -0.348443
   -0.342210
   -0.327626
   -0.322125
   -0.310724
   -0.328069
   -0.351195
   -0.353610
   -0.347666
   -0.339523
   -0.258848
   -0.273383
   -0.306037
   -0.350654
   -0.342450
   -0.345216
   -0.341340
   -0.324360
   -0.309227
   -0.319624
   -0.338790
   -0.348894
   -0.353888
   -0.348596
   -0.345006
   -0.343758
   -0.270026
   -0.313068
   -0.339084
   -0.343534
   -0.334725
   -0.318831
   -0.314362
   -0.321762
   -0.324467
   -0.337363
   -0.349046
   -0.350011
   -0.350094
   -0.346636
   -0.345224
   -0.348011
   -0.325214
   -0.327377
   -0.336477
   -0.339046
   -0.317878
   -0.309792
   -0.308563
   -0.314914
   -0.335252
   -0.340841
   -0.327852
   -0.346740
   -0.346420
   -0.338354
   -0.342337
   -0.346228
   -0.304330
   -0.318001
   -0.321059
   -0.320906
   -0.305686
   -0.297897
   -0.307369
   -0.322436
   -0.329800
   -0.324182
   -0.312961
   -0.336921
   -0.337679
   -0.341389
   -0.345121
   -0.344654
   -0.309385
   -0.306240
   -0.307916
   -0.311820
   -0.296106
   -0.307815
   -0.319468
   -0.329896
   -0.330942
   -0.315156
   -0.309434
   -0.320704
   -0.331995
   -0.341240
   -0.341950
   -0.343785
   -0.304779
   -0.300427
   -0.298410
   -0.327171
   -0.322379
   -0.336641
   -0.341081
   -0.330854
   -0.319191
   -0.307727
   -0.298752
   -0.290057
   -0.308592
   -0.323380
   -0.329160
   -0.332581
   -0.285598
   -0.295702
   -0.286527
   -0.313378
   -0.325660
   -0.323566
   -0.322187
   -0.311955
   -0.307149
   -0.308128
   -0.308538
   -0.309729
   -0.305902
   -0.296672
   -0.308571
   -0.326817
   -0.298323
   -0.284145
   -0.290807
   -0.334768
   -0.349882
   -0.337685
   -0.321571
   -0.316693
   -0.309744
   -0.306768
   -0.304112
   -0.296837
   -0.288132
   -0.308654
   -0.292094
   -0.298679
   -0.310152
   -0.315871
   -0.300752
   -0.315409
   -0.337102
   -0.332693
   -0.322078
   -0.316505
   -0.312647
   -0.313026
   -0.321399
   -0.302918
   -0.291842
   -0.275075
   -0.273476
   -0.251069
   -0.326325
   -0.306979
   -0.304529
   -0.300890
   -0.317974
   -0.326371
   -0.328160
   -0.318288
   -0.316728
   -0.322803
   -0.328416
   -0.306346
   -0.283842
   -0.245537
   -0.239313
   -0.253992
   -0.340588
   -0.301034
   -0.304302
   -0.297269
   -0.296663
   -0.317494
   -0.324201
   -0.325871
   -0.320627
   -0.324200
   -0.324719
   -0.297454
   -0.272768
   -0.243248
   -0.260680
   -0.280221
   -0.304636
   -0.340660
   -0.363267
   -0.351324
   -0.348300
   -0.336157
   -0.325604
   -0.326178
   -0.329491
   -0.335540
   -0.343714
   -0.351677
   -0.350610
   -0.343631
   -0.340607
   -0.345669
   -0.337920
   -0.353381
   -0.349812
   -0.336548
   -0.332339
   -0.325282
   -0.324105
   -0.335393
   -0.345274
   -0.346432
   -0.345715
   -0.350136
   -0.347422
   -0.348694
   -0.347949
   -0.348232
   -0.340976
   -0.347521
   -0.342975
   -0.322342
   -0.319210
   -0.325186
   -0.332433
   -0.338091
   -0.335403
   -0.341118
   -0.347571
   -0.347896
   -0.346446
   -0.348094
   -0.350212
   -0.350105
   -0.346889
   -0.341129
   -0.327509
   -0.312635
   -0.321510
   -0.339858
   -0.343449
   -0.349283
   -0.355614
   -0.363705
   -0.334085
   -0.339996
   -0.342605
   -0.357388
   -0.357423
   -0.351191
   -0.328425
   -0.325207
   -0.308290
   -0.323211
   -0.329943
   -0.337764
   -0.340580
   -0.342924
   -0.342537
   -0.343631
   -0.328398
   -0.342501
   -0.348620
   -0.365077
   -0.352518
   -0.342968
   -0.308332
   -0.314314
   -0.325098
   -0.342322
   -0.333066
   -0.329154
   -0.331990
   -0.325728
   -0.317239
   -0.331306
   -0.350739
   -0.343054
   -0.352080
   -0.355222
   -0.352896
   -0.348621
   -0.308953
   -0.334693
   -0.349895
   -0.344202
   -0.331988
   -0.325567
   -0.322038
   -0.316040
   -0.312927
   -0.322740
   -0.335876
   -0.336535
   -0.340794
   -0.346520
   -0.347497
   -0.344195
   -0.325567
   -0.332736
   -0.346980
   -0.344911
   -0.340740
   -0.339593
   -0.332804
   -0.320081
   -0.312551
   -0.309802
   -0.293822
   -0.322329
   -0.336107
   -0.331520
   -0.322198
   -0.313538
   -0.303996
   -0.319836
   -0.330960
   -0.351345
   -0.333657
   -0.329493
   -0.323926
   -0.321264
   -0.319014
   -0.304884
   -0.285802
   -0.304842
   -0.312887
   -0.303821
   -0.308080
   -0.311354
   -0.311193
   -0.319420
   -0.330277
   -0.347961
   -0.322455
   -0.321071
   -0.323992
   -0.332069
   -0.331096
   -0.308616
   -0.297930
   -0.280740
   -0.279130
   -0.289994
   -0.299248
   -0.312734
   -0.326949
   -0.324700
   -0.321451
   -0.345591
   -0.330191
   -0.346654
   -0.356716
   -0.351462
   -0.329248
   -0.301976
   -0.280558
   -0.268792
   -0.262179
   -0.278861
   -0.297011
   -0.310297
   -0.309219
   -0.308314
   -0.283603
   -0.324001
   -0.328743
   -0.324855
   -0.322122
   -0.309615
   -0.300354
   -0.294982
   -0.291215
   -0.274286
   -0.284998
   -0.287960
   -0.287364
   -0.289135
   -0.309177
   -0.311633
   -0.299864
   -0.337033
   -0.356651
   -0.339077
   -0.319080
   -0.302152
   -0.299123
   -0.290302
   -0.280865
   -0.289043
   -0.289184
   -0.302061
   -0.280216
   -0.256847
   -0.311845
   -0.322371
   -0.305506
   -0.305820
   -0.335863
   -0.327550
   -0.306023
   -0.298580
   -0.289733
   -0.303866
   -0.317554
   -0.311108
   -0.287584
   -0.270989
   -0.240634
   -0.205898
   -0.326173
   -0.316137
   -0.297533
   -0.281270
   -0.303887
   -0.311696
   -0.311253
   -0.291007
   -0.300074
   -0.326659
   -0.338333
   -0.302034
   -0.266364
   -0.209874
   -0.198265
   -0.213937
   -0.325002
   -0.301383
   -0.285862
   -0.275105
   -0.270089
   -0.293718
   -0.301376
   -0.313827
   -0.311218
   -0.321031
   -0.328693
   -0.284675
   -0.221875
   -0.205228
   -0.214867
   -0.260458
   -0.331335
   -0.345227
   -0.354302
   -0.345812
   -0.346456
   -0.349606
   -0.347926
   -0.344137
   -0.338622
   -0.344393
   -0.351214
   -0.351851
   -0.351107
   -0.353001
   -0.350765
   -0.349316
   -0.341783
   -0.347227
   -0.338503
   -0.335050
   -0.334730
   -0.331442
   -0.334683
   -0.347567
   -0.348536
   -0.344902
   -0.347073
   -0.351276
   -0.348059
   -0.352169
   -0.346796
   -0.345218
   -0.347248
   -0.340572
   -0.333781
   -0.332039
   -0.326068
   -0.318674
   -0.320902
   -0.330715
   -0.334453
   -0.338375
   -0.344927
   -0.349186
   -0.350713
   -0.347112
   -0.337221
   -0.320818
   -0.349280
   -0.355419
   -0.348135
   -0.338090
   -0.334778
   -0.334587
   -0.322621
   -0.325835
   -0.332235
   -0.348210
   -0.325256
   -0.334645
   -0.335601
   -0.320535
   -0.330446
   -0.330839
   -0.350707
   -0.347459
   -0.327213
   -0.333721
   -0.332821
   -0.332421
   -0.326877
   -0.322734
   -0.317629
   -0.318531
   -0.300313
   -0.316627
   -0.317694
   -0.335018
   -0.335508
   -0.332728
   -0.337267
   -0.339451
   -0.340519
   -0.336090
   -0.331315
   -0.329552
   -0.328889
   -0.314830
   -0.288500
   -0.282470
   -0.294831
   -0.284322
   -0.324788
   -0.341244
   -0.350230
   -0.348623
   -0.330247
   -0.344914
   -0.356139
   -0.345035
   -0.333602
   -0.331924
   -0.324238
   -0.299150
   -0.280135
   -0.277900
   -0.279572
   -0.282850
   -0.295051
   -0.326126
   -0.344927
   -0.330437
   -0.326826
   -0.339155
   -0.353551
   -0.350920
   -0.347878
   -0.338901
   -0.320047
   -0.298160
   -0.284000
   -0.283931
   -0.271953
   -0.291229
   -0.295376
   -0.294062
   -0.267781
   -0.252230
   -0.306997
   -0.321958
   -0.334780
   -0.349282
   -0.326156
   -0.318501
   -0.305851
   -0.302934
   -0.308445
   -0.304360
   -0.287646
   -0.300549
   -0.278202
   -0.232080
   -0.224374
   -0.237537
   -0.306426
   -0.314439
   -0.325301
   -0.326658
   -0.300921
   -0.303815
   -0.311999
   -0.328639
   -0.328958
   -0.307655
   -0.295427
   -0.260884
   -0.237656
   -0.230916
   -0.228395
   -0.260069
   -0.312276
   -0.309660
   -0.303953
   -0.315245
   -0.305693
   -0.331723
   -0.351522
   -0.349895
   -0.324913
   -0.290761
   -0.261501
   -0.224227
   -0.208860
   -0.230770
   -0.279107
   -0.292080
   -0.266032
   -0.286857
   -0.265786
   -0.322096
   -0.320914
   -0.322344
   -0.328740
   -0.312089
   -0.289977
   -0.248793
   -0.236102
   -0.221908
   -0.262772
   -0.286378
   -0.282458
   -0.281318
   -0.283418
   -0.290437
   -0.304466
   -0.324839
   -0.351430
   -0.342073
   -0.304028
   -0.269050
   -0.257640
   -0.252367
   -0.231677
   -0.265506
   -0.288255
   -0.289816
   -0.290889
   -0.271815
   -0.300751
   -0.316696
   -0.318714
   -0.305677
   -0.331399
   -0.296631
   -0.253025
   -0.247293
   -0.234061
   -0.280814
   -0.311974
   -0.306381
   -0.294533
   -0.283762
   -0.266874
   -0.258218
   -0.323511
   -0.313632
   -0.298016
   -0.242312
   -0.261584
   -0.248517
   -0.268915
   -0.242348
   -0.288251
   -0.323326
   -0.331442
   -0.304047
   -0.285801
   -0.258848
   -0.255937
   -0.265187
   -0.313435
   -0.299742
   -0.257565
   -0.186543
   -0.187405
   -0.241725
   -0.256322
   -0.316745
   -0.307726
   -0.320079
   -0.320953
   -0.306455
   -0.276983
   -0.270633
   -0.259883
   -0.286827
   -0.347241
   -0.347224
   -0.345732
   -0.348900
   -0.336272
   -0.334907
   -0.337644
   -0.328811
   -0.314443
   -0.319025
   -0.323317
   -0.325537
   -0.334878
   -0.346179
   -0.358872
   -0.353413
   -0.343873
   -0.343137
   -0.338920
   -0.337479
   -0.334482
   -0.322350
   -0.309177
   -0.306303
   -0.304445
   -0.312679
   -0.324077
   -0.338838
   -0.337087
   -0.348827
   -0.341447
   -0.333508
   -0.350469
   -0.341877
   -0.337304
   -0.332319
   -0.318878
   -0.299375
   -0.287959
   -0.287519
   -0.289265
   -0.301070
   -0.327159
   -0.343644
   -0.347048
   -0.346297
   -0.319361
   -0.267300
   -0.347482
   -0.344208
   -0.327961
   -0.313847
   -0.315972
   -0.317220
   -0.302897
   -0.300644
   -0.303534
   -0.316739
   -0.299627
   -0.300185
   -0.293090
   -0.265033
   -0.258927
   -0.283580
   -0.342305
   -0.329414
   -0.307306
   -0.316832
   -0.309526
   -0.311361
   -0.315308
   -0.312290
   -0.306481
   -0.299745
   -0.269991
   -0.250026
   -0.236410
   -0.263318
   -0.298447
   -0.326913
   -0.312530
   -0.317402
   -0.318980
   -0.316535
   -0.322633
   -0.329214
   -0.334215
   -0.324349
   -0.282688
   -0.244399
   -0.242565
   -0.216155
   -0.253574
   -0.300397
   -0.332699
   -0.349956
   -0.304200
   -0.318038
   -0.342205
   -0.338441
   -0.334018
   -0.345712
   -0.328420
   -0.277262
   -0.241683
   -0.231010
   -0.227070
   -0.252508
   -0.280309
   -0.305789
   -0.326954
   -0.323581
   -0.306938
   -0.330811
   -0.353757
   -0.349336
   -0.346455
   -0.315959
   -0.274172
   -0.245762
   -0.232846
   -0.246615
   -0.263546
   -0.299441
   -0.290809
   -0.284489
   -0.287120
   -0.293454
   -0.311243
   -0.323783
   -0.342907
   -0.330565
   -0.284919
   -0.263847
   -0.252238
   -0.258849
   -0.284110
   -0.299711
   -0.287124
   -0.315760
   -0.300890
   -0.278905
   -0.279866
   -0.293088
   -0.305619
   -0.309543
   -0.311142
   -0.272548
   -0.248906
   -0.253815
   -0.277931
   -0.319080
   -0.331686
   -0.313583
   -0.304114
   -0.297631
   -0.290426
   -0.290318
   -0.289284
   -0.297045
   -0.275809
   -0.271495
   -0.264055
   -0.250802
   -0.260996
   -0.302425
   -0.332601
   -0.335758
   -0.326257
   -0.313720
   -0.297277
   -0.286422
   -0.260643
   -0.285709
   -0.306934
   -0.300195
   -0.154167
   -0.229813
   -0.237520
   -0.285624
   -0.307744
   -0.317566
   -0.332724
   -0.319784
   -0.317868
   -0.303679
   -0.292686
   -0.274579
   -0.280964
   -0.302429
   -0.294495
   -0.282298
   -0.207376
   -0.213847
   -0.289963
   -0.314785
   -0.333436
   -0.337131
   -0.317719
   -0.309290
   -0.301282
   -0.306383
   -0.293539
   -0.285928
   -0.300580
   -0.300871
   -0.297711
   -0.289701
   -0.266893
   -0.290877
   -0.319766
   -0.319364
   -0.331623
   -0.317664
   -0.305371
   -0.300835
   -0.295536
   -0.313180
   -0.326212
   -0.301976
   -0.293637
   -0.290827
   -0.289239
   -0.282714
   -0.318975
   -0.306083
   -0.308533
   -0.296349
   -0.303440
   -0.295315
   -0.311217
   -0.295311
   -0.314093
   -0.325812
   -0.331268
   -0.296334
   -0.285954
   -0.282124
   -0.281535
   -0.285009
   -0.319407
   -0.305514
   -0.270034
   -0.263642
   -0.260650
   -0.292325
   -0.292140
   -0.315045
   -0.304149
   -0.320431
   -0.321336
   -0.311169
   -0.305261
   -0.285490
   -0.284351
   -0.277565
   -0.323445
   -0.323786
   -0.326844
   -0.355380
   -0.334543
   -0.323466
   -0.328657
   -0.313086
   -0.266785
   -0.244895
   -0.248322
   -0.258546
   -0.297061
   -0.334725
   -0.360738
   -0.353449
   -0.325639
   -0.330616
   -0.333415
   -0.333493
   -0.342731
   -0.323496
   -0.280841
   -0.259276
   -0.248189
   -0.243600
   -0.252454
   -0.321269
   -0.336614
   -0.334535
   -0.344732
   -0.339536
   -0.343702
   -0.337618
   -0.336300
   -0.331016
   -0.302435
   -0.263928
   -0.243097
   -0.234171
   -0.237399
   -0.264973
   -0.309664
   -0.324164
   -0.341957
   -0.343257
   -0.332434
   -0.316022
   -0.340480
   -0.337203
   -0.315488
   -0.271080
   -0.258878
   -0.254343
   -0.254978
   -0.275072
   -0.305006
   -0.318393
   -0.312561
   -0.311096
   -0.307599
   -0.301148
   -0.304375
   -0.317995
   -0.324091
   -0.280539
   -0.249467
   -0.244816
   -0.262403
   -0.289014
   -0.311681
   -0.314701
   -0.310662
   -0.317941
   -0.300380
   -0.304505
   -0.278200
   -0.296602
   -0.326084
   -0.340657
   -0.258736
   -0.267191
   -0.258778
   -0.282858
   -0.303717
   -0.328589
   -0.340147
   -0.328436
   -0.308731
   -0.299758
   -0.302637
   -0.281491
   -0.299158
   -0.317788
   -0.324908
   -0.336730
   -0.255382
   -0.270375
   -0.322004
   -0.343512
   -0.343042
   -0.346376
   -0.333527
   -0.307363
   -0.294920
   -0.294236
   -0.303229
   -0.296537
   -0.315237
   -0.301389
   -0.306899
   -0.322678
   -0.272897
   -0.317572
   -0.342889
   -0.345148
   -0.342169
   -0.334081
   -0.318631
   -0.305976
   -0.292470
   -0.298713
   -0.313400
   -0.310477
   -0.315838
   -0.303062
   -0.310013
   -0.326777
   -0.319221
   -0.318316
   -0.345633
   -0.333551
   -0.311296
   -0.305097
   -0.310959
   -0.315084
   -0.314815
   -0.309707
   -0.307806
   -0.318701
   -0.311853
   -0.304104
   -0.311660
   -0.319218
   -0.318493
   -0.332390
   -0.328104
   -0.320333
   -0.302967
   -0.303748
   -0.311922
   -0.331464
   -0.328289
   -0.314036
   -0.308658
   -0.297169
   -0.306586
   -0.292541
   -0.307833
   -0.311293
   -0.292477
   -0.296895
   -0.302771
   -0.302363
   -0.308681
   -0.326686
   -0.331475
   -0.328558
   -0.331483
   -0.321111
   -0.313684
   -0.286691
   -0.286153
   -0.303104
   -0.318647
   -0.297434
   -0.252488
   -0.295314
   -0.296515
   -0.315640
   -0.321558
   -0.327195
   -0.336107
   -0.323552
   -0.325730
   -0.329063
   -0.312888
   -0.306869
   -0.296928
   -0.314948
   -0.299811
   -0.285308
   -0.274761
   -0.284223
   -0.312249
   -0.323512
   -0.327134
   -0.333548
   -0.334896
   -0.330009
   -0.331259
   -0.333636
   -0.319102
   -0.298130
   -0.296528
   -0.299896
   -0.296288
   -0.289459
   -0.312790
   -0.297306
   -0.318547
   -0.321249
   -0.324783
   -0.328849
   -0.328986
   -0.319522
   -0.319069
   -0.325601
   -0.308274
   -0.302739
   -0.286541
   -0.291756
   -0.290455
   -0.282058
   -0.314147
   -0.315912
   -0.301629
   -0.319768
   -0.316491
   -0.318855
   -0.328792
   -0.319942
   -0.321372
   -0.327864
   -0.326809
   -0.292315
   -0.293015
   -0.299198
   -0.279285
   -0.272329
   -0.324244
   -0.306243
   -0.296862
   -0.302517
   -0.302212
   -0.313584
   -0.320274
   -0.318203
   -0.305431
   -0.312376
   -0.313959
   -0.313010
   -0.305115
   -0.271377
   -0.254095
   -0.261216
   -0.266321
   -0.270367
   -0.280220
   -0.338652
   -0.336664
   -0.323496
   -0.324759
   -0.326491
   -0.307678
   -0.296508
   -0.306011
   -0.313791
   -0.323733
   -0.334375
   -0.340119
   -0.342514
   -0.281495
   -0.302235
   -0.330204
   -0.342438
   -0.348230
   -0.335808
   -0.315558
   -0.307988
   -0.307618
   -0.304918
   -0.300583
   -0.328905
   -0.338336
   -0.332028
   -0.337995
   -0.339414
   -0.337076
   -0.343927
   -0.341357
   -0.342237
   -0.323556
   -0.305564
   -0.300589
   -0.308116
   -0.302046
   -0.306704
   -0.318178
   -0.320572
   -0.333976
   -0.333710
   -0.327593
   -0.327216
   -0.345195
   -0.342784
   -0.326500
   -0.296164
   -0.308142
   -0.318291
   -0.319649
   -0.312023
   -0.317189
   -0.311159
   -0.322926
   -0.318500
   -0.336006
   -0.322645
   -0.331775
   -0.341188
   -0.342340
   -0.315820
   -0.304498
   -0.299617
   -0.325084
   -0.341435
   -0.338582
   -0.326135
   -0.317348
   -0.325978
   -0.308990
   -0.324814
   -0.312364
   -0.330514
   -0.333376
   -0.336139
   -0.317538
   -0.332510
   -0.310325
   -0.326440
   -0.329864
   -0.329127
   -0.332872
   -0.327873
   -0.319082
   -0.327973
   -0.314102
   -0.322389
   -0.311029
   -0.336186
   -0.313082
   -0.312599
   -0.310097
   -0.314391
   -0.327935
   -0.345435
   -0.338234
   -0.337723
   -0.340570
   -0.324437
   -0.315204
   -0.319158
   -0.312666
   -0.319402
   -0.313338
   -0.318595
   -0.310184
   -0.320488
   -0.301809
   -0.333668
   -0.334176
   -0.345076
   -0.337248
   -0.342594
   -0.345264
   -0.331736
   -0.309286
   -0.313650
   -0.322718
   -0.315859
   -0.322134
   -0.318207
   -0.312113
   -0.320498
   -0.329069
   -0.330140
   -0.350053
   -0.344936
   -0.331521
   -0.328307
   -0.339842
   -0.332664
   -0.320541
   -0.318595
   -0.310346
   -0.315678
   -0.306038
   -0.315382
   -0.283049
   -0.290197
   -0.327628
   -0.335942
   -0.335411
   -0.339953
   -0.332579
   -0.330121
   -0.332708
   -0.342424
   -0.328653
   -0.315698
   -0.295695
   -0.307273
   -0.281672
   -0.272185
   -0.284712
   -0.294061
   -0.315241
   -0.317312
   -0.327091
   -0.325421
   -0.326216
   -0.340609
   -0.332246
   -0.326205
   -0.327397
   -0.308927
   -0.307826
   -0.285624
   -0.279375
   -0.276598
   -0.288864
   -0.283411
   -0.313714
   -0.323915
   -0.322038
   -0.334809
   -0.333129
   -0.327500
   -0.324060
   -0.324137
   -0.336410
   -0.324625
   -0.299017
   -0.280124
   -0.283961
   -0.287569
   -0.291461
   -0.291620
   -0.307417
   -0.311700
   -0.319301
   -0.325074
   -0.327702
   -0.337717
   -0.328860
   -0.330575
   -0.329954
   -0.305518
   -0.291653
   -0.278412
   -0.287484
   -0.291747
   -0.288674
   -0.290095
   -0.331730
   -0.302123
   -0.312546
   -0.316586
   -0.323718
   -0.326540
   -0.317619
   -0.305465
   -0.304458
   -0.307619
   -0.288923
   -0.310393
   -0.294814
   -0.285253
   -0.286416
   -0.253796
   -0.305154
   -0.309891
   -0.301370
   -0.307125
   -0.311067
   -0.306857
   -0.312305
   -0.302107
   -0.295145
   -0.306909
   -0.314839
   -0.287511
   -0.288032
   -0.296082
   -0.249775
   -0.214890
   -0.325466
   -0.297461
   -0.305289
   -0.287912
   -0.285903
   -0.299749
   -0.305729
   -0.289954
   -0.272717
   -0.263952
   -0.234293
   -0.242833
   -0.196327
   -0.148101
   -0.158031
   -0.190067
   -0.325397
   -0.325636
   -0.327198
   -0.355119
   -0.345029
   -0.328123
   -0.327942
   -0.325425
   -0.323438
   -0.322265
   -0.333826
   -0.334868
   -0.338835
   -0.341281
   -0.331691
   -0.329345
   -0.320376
   -0.326956
   -0.332553
   -0.339317
   -0.339037
   -0.331679
   -0.330229
   -0.326659
   -0.326557
   -0.326935
   -0.329413
   -0.334032
   -0.330450
   -0.330792
   -0.329401
   -0.325029
   -0.337045
   -0.347936
   -0.343545
   -0.343747
   -0.340425
   -0.326954
   -0.324388
   -0.324622
   -0.323242
   -0.321710
   -0.322707
   -0.328597
   -0.326221
   -0.329143
   -0.331091
   -0.329082
   -0.346836
   -0.338255
   -0.322660
   -0.319414
   -0.341433
   -0.346828
   -0.337636
   -0.321836
   -0.316409
   -0.313747
   -0.320681
   -0.313460
   -0.333207
   -0.323268
   -0.331558
   -0.322516
   -0.349129
   -0.339944
   -0.332887
   -0.336669
   -0.349024
   -0.346775
   -0.333413
   -0.320735
   -0.319161
   -0.320096
   -0.319114
   -0.314264
   -0.319470
   -0.302886
   -0.308362
   -0.308203
   -0.342571
   -0.345082
   -0.339638
   -0.342597
   -0.333855
   -0.329043
   -0.331271
   -0.322983
   -0.320203
   -0.315735
   -0.305620
   -0.300624
   -0.288919
   -0.303162
   -0.307572
   -0.310496
   -0.330100
   -0.329769
   -0.327994
   -0.337537
   -0.335022
   -0.339582
   -0.341428
   -0.321953
   -0.303048
   -0.298739
   -0.291260
   -0.294630
   -0.294015
   -0.307957
   -0.323654
   -0.324853
   -0.322992
   -0.333722
   -0.334940
   -0.339793
   -0.332814
   -0.341835
   -0.338419
   -0.310049
   -0.291984
   -0.295341
   -0.296096
   -0.299336
   -0.314476
   -0.313522
   -0.321551
   -0.305767
   -0.327980
   -0.338133
   -0.345785
   -0.342260
   -0.329308
   -0.321458
   -0.318948
   -0.305468
   -0.297545
   -0.295017
   -0.298929
   -0.300678
   -0.313342
   -0.308101
   -0.260267
   -0.250189
   -0.326957
   -0.329057
   -0.332580
   -0.325791
   -0.319025
   -0.313560
   -0.312854
   -0.316532
   -0.311895
   -0.302981
   -0.297377
   -0.315541
   -0.281270
   -0.248253
   -0.236874
   -0.255761
   -0.321646
   -0.319158
   -0.325501
   -0.302236
   -0.304211
   -0.313193
   -0.313574
   -0.323598
   -0.327734
   -0.313620
   -0.302211
   -0.274880
   -0.233929
   -0.233917
   -0.224502
   -0.259120
   -0.306308
   -0.302235
   -0.313619
   -0.321360
   -0.317656
   -0.317208
   -0.331551
   -0.328002
   -0.328129
   -0.304492
   -0.259015
   -0.237262
   -0.240408
   -0.251168
   -0.283028
   -0.310187
   -0.290050
   -0.294549
   -0.292396
   -0.313506
   -0.318684
   -0.340969
   -0.319466
   -0.324082
   -0.298706
   -0.257547
   -0.230415
   -0.244702
   -0.274606
   -0.301004
   -0.293465
   -0.305441
   -0.306246
   -0.299416
   -0.306948
   -0.311846
   -0.320412
   -0.315328
   -0.295663
   -0.268878
   -0.255664
   -0.255307
   -0.252210
   -0.288230
   -0.281251
   -0.268819
   -0.274104
   -0.257484
   -0.301302
   -0.304768
   -0.301457
   -0.290006
   -0.316422
   -0.279642
   -0.265848
   -0.248373
   -0.236476
   -0.221685
   -0.236204
   -0.196219
   -0.203400
   -0.186489
   -0.170219
   -0.169202
   -0.323228
   -0.296367
   -0.303058
   -0.239680
   -0.219815
   -0.242234
   -0.229955
   -0.183305
   -0.122312
   -0.080516
   -0.032060
   -0.028398
    0.049215
    0.064326
    0.014337
   -0.039116
   -0.259308
   -0.260713
   -0.261953
   -0.262737
   -0.255394
   -0.245611
   -0.245506
   -0.242275
   -0.242119
   -0.237100
   -0.257121
   -0.250201
   -0.253378
   -0.256008
   -0.244213
   -0.243003
   -0.259630
   -0.259964
   -0.253633
   -0.256503
   -0.252606
   -0.244190
   -0.242750
   -0.238420
   -0.239595
   -0.241601
   -0.244703
   -0.250674
   -0.250450
   -0.246095
   -0.240172
   -0.235100
   -0.257846
   -0.265878
   -0.256089
   -0.254298
   -0.255967
   -0.243711
   -0.240949
   -0.241650
   -0.240171
   -0.238386
   -0.236956
   -0.249357
   -0.249230
   -0.248762
   -0.239667
   -0.234031
   -0.257135
   -0.244344
   -0.229778
   -0.242639
   -0.255152
   -0.254080
   -0.242266
   -0.235122
   -0.233591
   -0.235467
   -0.238065
   -0.236131
   -0.246006
   -0.230564
   -0.208775
   -0.189518
   -0.257487
   -0.254207
   -0.252033
   -0.255397
   -0.262554
   -0.252501
   -0.238574
   -0.230642
   -0.234223
   -0.235765
   -0.247067
   -0.235673
   -0.202228
   -0.174606
   -0.178362
   -0.186971
   -0.254530
   -0.254128
   -0.257650
   -0.257871
   -0.244787
   -0.244066
   -0.249763
   -0.236996
   -0.234917
   -0.224014
   -0.210208
   -0.183337
   -0.173991
   -0.176370
   -0.192326
   -0.222561
   -0.245594
   -0.243766
   -0.239750
   -0.241956
   -0.251986
   -0.255440
   -0.255323
   -0.241523
   -0.210201
   -0.184720
   -0.172842
   -0.171226
   -0.178716
   -0.208044
   -0.241457
   -0.250054
   -0.243177
   -0.244826
   -0.244061
   -0.248161
   -0.244731
   -0.255812
   -0.242254
   -0.196330
   -0.173513
   -0.179317
   -0.175497
   -0.187112
   -0.222668
   -0.234210
   -0.236250
   -0.225023
   -0.239728
   -0.251583
   -0.256113
   -0.253567
   -0.241567
   -0.217294
   -0.191397
   -0.175916
   -0.172232
   -0.183471
   -0.207587
   -0.223369
   -0.223237
   -0.232516
   -0.220979
   -0.207114
   -0.238141
   -0.240214
   -0.244652
   -0.226702
   -0.205999
   -0.192409
   -0.188609
   -0.195808
   -0.209297
   -0.217283
   -0.221085
   -0.237334
   -0.227210
   -0.204018
   -0.199507
   -0.209820
   -0.235064
   -0.227466
   -0.228735
   -0.170081
   -0.175685
   -0.189668
   -0.207291
   -0.237227
   -0.248412
   -0.239011
   -0.224258
   -0.228790
   -0.201204
   -0.204229
   -0.206154
   -0.224027
   -0.185730
   -0.175541
   -0.189781
   -0.201621
   -0.202185
   -0.226453
   -0.244105
   -0.244003
   -0.248183
   -0.241003
   -0.216098
   -0.199843
   -0.204138
   -0.209069
   -0.226648
   -0.234918
   -0.167142
   -0.168642
   -0.185853
   -0.213276
   -0.235001
   -0.247235
   -0.238836
   -0.240527
   -0.231256
   -0.222071
   -0.201081
   -0.217970
   -0.222947
   -0.239474
   -0.212340
   -0.217266
   -0.186452
   -0.208834
   -0.224268
   -0.239254
   -0.238123
   -0.241222
   -0.233950
   -0.213436
   -0.202660
   -0.198284
   -0.199295
   -0.191677
   -0.199856
   -0.177163
   -0.174694
   -0.183084
   -0.214193
   -0.230455
   -0.229587
   -0.225759
   -0.242590
   -0.225686
   -0.211476
   -0.205250
   -0.161893
   -0.081765
   -0.054159
    0.029552
    0.045364
    0.062462
    0.063386
    0.034575
   -0.235449
   -0.220351
   -0.226763
   -0.203421
   -0.193410
   -0.186002
   -0.139133
   -0.027076
    0.063317
    0.069149
    0.062960
    0.079894
    0.127873
    0.131767
    0.106197
    0.089103
