   -0.282553
   -0.280060
   -0.282326
   -0.280306
   -0.282080
   -0.280528
   -0.281876
   -0.280769
   -0.281659
   -0.280872
   -0.281593
   -0.280988
   -0.281424
   -0.281154
   -0.281305
   -0.281186
   -0.279820
   -0.281802
   -0.280028
   -0.281578
   -0.280251
   -0.281380
   -0.280435
   -0.281159
   -0.280631
   -0.281065
   -0.280692
   -0.280960
   -0.280845
   -0.280810
   -0.280954
   -0.280780
   -0.282345
   -0.280259
   -0.282153
   -0.280464
   -0.281949
   -0.280642
   -0.281784
   -0.280843
   -0.281607
   -0.280926
   -0.281553
   -0.281024
   -0.281409
   -0.281162
   -0.281309
   -0.281191
   -0.279971
   -0.281656
   -0.280151
   -0.281465
   -0.280341
   -0.281302
   -0.280493
   -0.281115
   -0.280657
   -0.281033
   -0.280717
   -0.280933
   -0.280858
   -0.280801
   -0.280953
   -0.280770
   -0.282184
   -0.280409
   -0.282028
   -0.280575
   -0.281864
   -0.280716
   -0.281731
   -0.280883
   -0.281583
   -0.280957
   -0.281527
   -0.281052
   -0.281395
   -0.281175
   -0.281306
   -0.281205
   -0.280166
   -0.281477
   -0.280302
   -0.281334
   -0.280444
   -0.281210
   -0.280563
   -0.281059
   -0.280697
   -0.280989
   -0.280752
   -0.280900
   -0.280875
   -0.280786
   -0.280958
   -0.280755
   -0.281986
   -0.280594
   -0.281871
   -0.280714
   -0.281751
   -0.280818
   -0.281651
   -0.280947
   -0.281535
   -0.281010
   -0.281484
   -0.281090
   -0.281375
   -0.281191
   -0.281300
   -0.281221
   -0.280354
   -0.281297
   -0.280459
   -0.281189
   -0.280567
   -0.281095
   -0.280656
   -0.280982
   -0.280757
   -0.280924
   -0.280806
   -0.280853
   -0.280901
   -0.280765
   -0.278101
   -0.277874
   -0.281842
   -0.280736
   -0.281745
   -0.280834
   -0.281645
   -0.280922
   -0.281564
   -0.281021
   -0.281476
   -0.281074
   -0.281431
   -0.281137
   -0.281348
   -0.281213
   -0.278428
   -0.278377
   -0.280503
   -0.281154
   -0.280586
   -0.281069
   -0.280673
   -0.280990
   -0.280744
   -0.280909
   -0.280816
   -0.280863
   -0.280855
   -0.280810
   -0.280924
   -0.280745
   -0.278109
   -0.277859
   -0.281644
   -0.280919
   -0.281585
   -0.280982
   -0.281519
   -0.281043
   -0.281462
   -0.281106
   -0.281406
   -0.281144
   -0.281374
   -0.281184
   -0.281322
   -0.281233
   -0.278422
   -0.278389
   -0.280704
   -0.280964
   -0.280754
   -0.280913
   -0.280806
   -0.280866
   -0.280849
   -0.280819
   -0.280890
   -0.280790
   -0.280914
   -0.280761
   -0.280951
   -0.280725
   -0.278115
   -0.277846
   -0.281470
   -0.281088
   -0.281432
   -0.281125
   -0.281396
   -0.281157
   -0.281368
   -0.281188
   -0.281341
   -0.281207
   -0.281324
   -0.281227
   -0.281299
   -0.281251
   -0.278417
   -0.278401
   -0.280846
   -0.280829
   -0.280873
   -0.280802
   -0.280898
   -0.280780
   -0.280916
   -0.280761
   -0.280934
   -0.280746
   -0.280949
   -0.280730
   -0.280968
   -0.280712
   -0.278117
   -0.277838
   -0.281334
   -0.281214
   -0.281326
   -0.281223
   -0.281317
   -0.281230
   -0.281312
   -0.281235
   -0.281306
   -0.281243
   -0.281299
   -0.281250
   -0.281289
   -0.281261
   -0.278417
   -0.278406
   -0.280926
   -0.280755
   -0.280930
   -0.280749
   -0.280937
   -0.280743
   -0.280941
   -0.280738
   -0.280949
   -0.280728
   -0.280960
   -0.280716
   -0.280972
   -0.280704
   -0.280983
   -0.280696
   -0.347145
   -0.349206
   -0.347326
   -0.349000
   -0.347538
   -0.348811
   -0.347709
   -0.348592
   -0.347915
   -0.348494
   -0.347983
   -0.348379
   -0.348145
   -0.348215
   -0.348265
   -0.348186
   -0.349081
   -0.347167
   -0.348917
   -0.347353
   -0.348727
   -0.347520
   -0.348576
   -0.347715
   -0.348394
   -0.347800
   -0.348337
   -0.347899
   -0.348195
   -0.348043
   -0.348089
   -0.348068
   -0.347360
   -0.349007
   -0.347515
   -0.348835
   -0.347690
   -0.348684
   -0.347826
   -0.348506
   -0.347989
   -0.348432
   -0.348040
   -0.348341
   -0.348170
   -0.348211
   -0.348267
   -0.348187
   -0.348933
   -0.347303
   -0.348787
   -0.347464
   -0.348624
   -0.347603
   -0.348499
   -0.347766
   -0.348350
   -0.347837
   -0.348299
   -0.347924
   -0.348177
   -0.348043
   -0.348089
   -0.348066
   -0.347505
   -0.348879
   -0.347635
   -0.348738
   -0.347777
   -0.348616
   -0.347887
   -0.348470
   -0.348020
   -0.348407
   -0.348067
   -0.348327
   -0.348178
   -0.348220
   -0.348259
   -0.348198
   -0.348755
   -0.347459
   -0.348644
   -0.347578
   -0.348524
   -0.347682
   -0.348427
   -0.347811
   -0.348311
   -0.347866
   -0.348270
   -0.347936
   -0.348172
   -0.348030
   -0.348101
   -0.348050
   -0.347677
   -0.348727
   -0.347775
   -0.348626
   -0.347875
   -0.348538
   -0.347958
   -0.348427
   -0.348059
   -0.348378
   -0.348096
   -0.348317
   -0.348181
   -0.348236
   -0.348243
   -0.348216
   -0.348605
   -0.347594
   -0.348515
   -0.347684
   -0.348426
   -0.347763
   -0.348353
   -0.347858
   -0.348267
   -0.347901
   -0.348235
   -0.347952
   -0.348166
   -0.348017
   -0.345254
   -0.345170
   -0.347792
   -0.348623
   -0.347878
   -0.348539
   -0.347961
   -0.348464
   -0.348030
   -0.348381
   -0.348103
   -0.348342
   -0.348133
   -0.348299
   -0.348190
   -0.348245
   -0.345368
   -0.345365
   -0.348476
   -0.347707
   -0.348405
   -0.347776
   -0.348336
   -0.347840
   -0.348279
   -0.347906
   -0.348222
   -0.347936
   -0.348200
   -0.347967
   -0.348159
   -0.348007
   -0.345264
   -0.345155
   -0.347971
   -0.348468
   -0.348023
   -0.348419
   -0.348071
   -0.348371
   -0.348116
   -0.348321
   -0.348159
   -0.348298
   -0.348174
   -0.348278
   -0.348201
   -0.348253
   -0.345359
   -0.345379
   -0.348284
   -0.347876
   -0.348246
   -0.347910
   -0.348216
   -0.347940
   -0.348187
   -0.347971
   -0.348163
   -0.347981
   -0.348157
   -0.347989
   -0.348147
   -0.347999
   -0.345274
   -0.345141
   -0.348145
   -0.348314
   -0.348171
   -0.348292
   -0.348187
   -0.348277
   -0.348203
   -0.348260
   -0.348214
   -0.348257
   -0.348214
   -0.348257
   -0.348216
   -0.348255
   -0.345357
   -0.345386
   -0.348149
   -0.347992
   -0.348134
   -0.348002
   -0.348130
   -0.348007
   -0.348125
   -0.348013
   -0.348122
   -0.348011
   -0.348124
   -0.348008
   -0.348128
   -0.348005
   -0.345265
   -0.345146
   -0.348270
   -0.348210
   -0.348267
   -0.348215
   -0.348258
   -0.348223
   -0.348254
   -0.348227
   -0.348248
   -0.348233
   -0.348243
   -0.348240
   -0.348235
   -0.348246
   -0.345372
   -0.345374
   -0.348075
   -0.348048
   -0.348083
   -0.348039
   -0.348095
   -0.348029
   -0.348102
   -0.348023
   -0.348107
   -0.348020
   -0.348108
   -0.348016
   -0.348114
   -0.348013
   -0.348109
   -0.348023
   -0.351082
   -0.348966
   -0.350909
   -0.349162
   -0.350704
   -0.349355
   -0.350520
   -0.349579
   -0.350319
   -0.349687
   -0.350232
   -0.349804
   -0.350075
   -0.349961
   -0.349964
   -0.349987
   -0.349018
   -0.350908
   -0.349176
   -0.350729
   -0.349363
   -0.350556
   -0.349527
   -0.350354
   -0.349709
   -0.350257
   -0.349786
   -0.350151
   -0.349928
   -0.350010
   -0.350030
   -0.349985
   -0.350872
   -0.349174
   -0.350728
   -0.349335
   -0.350560
   -0.349488
   -0.350415
   -0.349667
   -0.350257
   -0.349751
   -0.350189
   -0.349845
   -0.350060
   -0.349972
   -0.349969
   -0.349995
   -0.349170
   -0.350755
   -0.349305
   -0.350606
   -0.349461
   -0.350466
   -0.349593
   -0.350302
   -0.349738
   -0.350222
   -0.349806
   -0.350129
   -0.349929
   -0.350011
   -0.350013
   -0.349989
   -0.350728
   -0.349315
   -0.350613
   -0.349442
   -0.350478
   -0.349563
   -0.350364
   -0.349705
   -0.350239
   -0.349774
   -0.350179
   -0.349858
   -0.350068
   -0.349964
   -0.349993
   -0.349982
   -0.349350
   -0.350583
   -0.349447
   -0.350477
   -0.349561
   -0.350374
   -0.349659
   -0.350251
   -0.349767
   -0.350191
   -0.349820
   -0.350117
   -0.349917
   -0.350025
   -0.349983
   -0.350009
   -0.350553
   -0.349485
   -0.350471
   -0.349571
   -0.350378
   -0.349655
   -0.350297
   -0.349757
   -0.350208
   -0.349806
   -0.350165
   -0.349868
   -0.350084
   -0.349943
   -0.350031
   -0.349954
   -0.349504
   -0.350429
   -0.349578
   -0.350355
   -0.349658
   -0.350282
   -0.349726
   -0.350198
   -0.349798
   -0.350159
   -0.349833
   -0.350109
   -0.349896
   -0.350053
   -0.349230
   -0.349344
   -0.350434
   -0.349608
   -0.350366
   -0.349672
   -0.350296
   -0.349737
   -0.350237
   -0.349804
   -0.350182
   -0.349833
   -0.350158
   -0.349868
   -0.350113
   -0.349907
   -0.349382
   -0.349190
   -0.349630
   -0.350303
   -0.349684
   -0.350253
   -0.349741
   -0.350199
   -0.349788
   -0.350150
   -0.349827
   -0.350131
   -0.349840
   -0.350110
   -0.349867
   -0.350088
   -0.349172
   -0.349397
   -0.350272
   -0.349763
   -0.350237
   -0.349793
   -0.350199
   -0.349830
   -0.350167
   -0.349863
   -0.350144
   -0.349870
   -0.350142
   -0.349877
   -0.350133
   -0.349880
   -0.349432
   -0.349145
   -0.349796
   -0.350142
   -0.349821
   -0.350124
   -0.349843
   -0.350103
   -0.349860
   -0.350087
   -0.349868
   -0.350092
   -0.349859
   -0.350099
   -0.349850
   -0.350113
   -0.349125
   -0.349440
   -0.350127
   -0.349907
   -0.350113
   -0.349911
   -0.350106
   -0.349917
   -0.350104
   -0.349917
   -0.350110
   -0.349902
   -0.350129
   -0.349883
   -0.350153
   -0.349854
   -0.349480
   -0.349101
   -0.349902
   -0.350037
   -0.349907
   -0.350041
   -0.349905
   -0.350045
   -0.349898
   -0.350054
   -0.349885
   -0.350073
   -0.349862
   -0.350099
   -0.349829
   -0.350138
   -0.349078
   -0.349483
   -0.350018
   -0.350011
   -0.350032
   -0.349988
   -0.350052
   -0.349967
   -0.350075
   -0.349943
   -0.350100
   -0.349914
   -0.350133
   -0.349876
   -0.350179
   -0.349825
   -0.349529
   -0.349054
   -0.349975
   -0.349967
   -0.349956
   -0.349995
   -0.349930
   -0.350022
   -0.349902
   -0.350050
   -0.349876
   -0.350080
   -0.349840
   -0.350121
   -0.349790
   -0.350176
   -0.349726
   -0.350244
   -0.349374
   -0.350736
   -0.349435
   -0.350648
   -0.349551
   -0.350522
   -0.349684
   -0.350345
   -0.349846
   -0.350268
   -0.349900
   -0.350189
   -0.350014
   -0.350069
   -0.350095
   -0.350060
   -0.350713
   -0.349483
   -0.350654
   -0.349567
   -0.350546
   -0.349680
   -0.350428
   -0.349840
   -0.350281
   -0.349909
   -0.350233
   -0.349980
   -0.350131
   -0.350086
   -0.350059
   -0.350094
   -0.349488
   -0.350626
   -0.349551
   -0.350544
   -0.349653
   -0.350440
   -0.349761
   -0.350295
   -0.349893
   -0.350232
   -0.349938
   -0.350165
   -0.350034
   -0.350067
   -0.350101
   -0.350058
   -0.350665
   -0.349532
   -0.350596
   -0.349616
   -0.350494
   -0.349715
   -0.350393
   -0.349851
   -0.350271
   -0.349912
   -0.350223
   -0.349980
   -0.350130
   -0.350071
   -0.350069
   -0.350078
   -0.349530
   -0.350590
   -0.349595
   -0.350511
   -0.349689
   -0.350422
   -0.349779
   -0.350300
   -0.349890
   -0.350242
   -0.349938
   -0.350173
   -0.350029
   -0.350087
   -0.350088
   -0.350077
   -0.350569
   -0.349615
   -0.350511
   -0.349682
   -0.350431
   -0.349758
   -0.350351
   -0.349866
   -0.350255
   -0.349918
   -0.350210
   -0.349981
   -0.350129
   -0.350057
   -0.350077
   -0.350067
   -0.349630
   -0.350500
   -0.349687
   -0.350440
   -0.349757
   -0.350374
   -0.349827
   -0.350279
   -0.349912
   -0.350230
   -0.349956
   -0.350171
   -0.350029
   -0.350103
   -0.350076
   -0.350092
   -0.350481
   -0.349696
   -0.350424
   -0.349751
   -0.350360
   -0.349810
   -0.350301
   -0.349890
   -0.350229
   -0.349933
   -0.350191
   -0.349984
   -0.350130
   -0.350036
   -0.350076
   -0.350024
   -0.349695
   -0.350441
   -0.349754
   -0.350385
   -0.349817
   -0.350328
   -0.349872
   -0.350259
   -0.349935
   -0.350220
   -0.349970
   -0.350173
   -0.350022
   -0.350130
   -0.350029
   -0.350105
   -0.350384
   -0.349779
   -0.350337
   -0.349822
   -0.350287
   -0.349868
   -0.350246
   -0.349917
   -0.350202
   -0.349945
   -0.350176
   -0.349979
   -0.350141
   -0.350007
   -0.350105
   -0.349987
   -0.349857
   -0.350302
   -0.349889
   -0.350276
   -0.349921
   -0.350246
   -0.349948
   -0.350212
   -0.349978
   -0.350193
   -0.349996
   -0.350169
   -0.350018
   -0.350155
   -0.350005
   -0.350137
   -0.350210
   -0.349930
   -0.350190
   -0.349944
   -0.350174
   -0.349956
   -0.350164
   -0.349971
   -0.350152
   -0.349977
   -0.350146
   -0.349988
   -0.350138
   -0.349988
   -0.350125
   -0.349961
   -0.350006
   -0.350173
   -0.350018
   -0.350169
   -0.350021
   -0.350169
   -0.350019
   -0.350168
   -0.350020
   -0.350169
   -0.350021
   -0.350163
   -0.350021
   -0.350171
   -0.349988
   -0.350160
   -0.350108
   -0.350015
   -0.350105
   -0.350009
   -0.350112
   -0.350000
   -0.350123
   -0.349990
   -0.350130
   -0.349984
   -0.350134
   -0.349985
   -0.350139
   -0.349972
   -0.350139
   -0.349939
   -0.350098
   -0.350101
   -0.350088
   -0.350119
   -0.350068
   -0.350141
   -0.350045
   -0.350162
   -0.350029
   -0.350174
   -0.350020
   -0.350179
   -0.350009
   -0.350198
   -0.349964
   -0.350195
   -0.350045
   -0.350059
   -0.350062
   -0.350033
   -0.350088
   -0.350005
   -0.350118
   -0.349977
   -0.350139
   -0.349963
   -0.350149
   -0.349957
   -0.350163
   -0.349933
   -0.350193
   -0.349910
   -0.350711
   -0.349391
   -0.350630
   -0.349485
   -0.350518
   -0.349607
   -0.350397
   -0.349770
   -0.350252
   -0.349827
   -0.350211
   -0.349909
   -0.350093
   -0.350023
   -0.350014
   -0.350039
   -0.349427
   -0.350651
   -0.349508
   -0.350560
   -0.349614
   -0.350448
   -0.349726
   -0.350296
   -0.349862
   -0.350240
   -0.349902
   -0.350165
   -0.350009
   -0.350063
   -0.350082
   -0.350046
   -0.350629
   -0.349487
   -0.350548
   -0.349574
   -0.350448
   -0.349677
   -0.350347
   -0.349815
   -0.350225
   -0.349865
   -0.350189
   -0.349933
   -0.350091
   -0.350026
   -0.350024
   -0.350042
   -0.349457
   -0.350605
   -0.349542
   -0.350516
   -0.349644
   -0.350416
   -0.349741
   -0.350285
   -0.349857
   -0.350234
   -0.349895
   -0.350166
   -0.349989
   -0.350081
   -0.350049
   -0.350068
   -0.350614
   -0.349514
   -0.350534
   -0.349597
   -0.350440
   -0.349688
   -0.350352
   -0.349808
   -0.350246
   -0.349856
   -0.350208
   -0.349920
   -0.350121
   -0.349998
   -0.350066
   -0.350010
   -0.349516
   -0.350541
   -0.349591
   -0.350466
   -0.349676
   -0.350382
   -0.349757
   -0.350272
   -0.349852
   -0.350230
   -0.349887
   -0.350172
   -0.349963
   -0.350104
   -0.350012
   -0.350091
   -0.350533
   -0.349601
   -0.350464
   -0.349666
   -0.350390
   -0.349738
   -0.350320
   -0.349833
   -0.350240
   -0.349867
   -0.350212
   -0.349915
   -0.350150
   -0.349971
   -0.350109
   -0.349981
   -0.349592
   -0.350456
   -0.349661
   -0.350394
   -0.349729
   -0.350329
   -0.349791
   -0.350247
   -0.349859
   -0.350219
   -0.349881
   -0.350181
   -0.349928
   -0.350141
   -0.349957
   -0.350133
   -0.350479
   -0.349665
   -0.350412
   -0.349724
   -0.350347
   -0.349785
   -0.350291
   -0.349854
   -0.350237
   -0.349874
   -0.350223
   -0.349900
   -0.350190
   -0.349927
   -0.350170
   -0.349930
   -0.349684
   -0.350361
   -0.349739
   -0.350314
   -0.349793
   -0.350263
   -0.349837
   -0.350212
   -0.349874
   -0.350202
   -0.349878
   -0.350189
   -0.349895
   -0.350176
   -0.349907
   -0.350172
   -0.350328
   -0.349810
   -0.350290
   -0.349840
   -0.350254
   -0.349876
   -0.350224
   -0.349909
   -0.350204
   -0.349906
   -0.350213
   -0.349904
   -0.350213
   -0.349902
   -0.350210
   -0.349903
   -0.349855
   -0.350197
   -0.349880
   -0.350179
   -0.349901
   -0.350160
   -0.349915
   -0.350145
   -0.349915
   -0.350165
   -0.349891
   -0.350184
   -0.349873
   -0.350202
   -0.349864
   -0.350201
   -0.350161
   -0.349973
   -0.350149
   -0.349977
   -0.350142
   -0.349981
   -0.350144
   -0.349978
   -0.350161
   -0.349944
   -0.350199
   -0.349910
   -0.350231
   -0.349880
   -0.350248
   -0.349877
   -0.349968
   -0.350084
   -0.349975
   -0.350085
   -0.349975
   -0.350087
   -0.349967
   -0.350098
   -0.349942
   -0.350140
   -0.349897
   -0.350182
   -0.349856
   -0.350218
   -0.349834
   -0.350220
   -0.350071
   -0.350062
   -0.350079
   -0.350047
   -0.350091
   -0.350032
   -0.350113
   -0.350007
   -0.350151
   -0.349954
   -0.350206
   -0.349901
   -0.350258
   -0.349857
   -0.350284
   -0.349851
   -0.350030
   -0.350022
   -0.350018
   -0.350041
   -0.350001
   -0.350061
   -0.349974
   -0.350091
   -0.349932
   -0.350148
   -0.349872
   -0.350206
   -0.349816
   -0.350254
   -0.349787
   -0.350260
   -0.349769
   -0.350374
   -0.349773
   -0.350347
   -0.349826
   -0.350287
   -0.349885
   -0.350190
   -0.349967
   -0.350190
   -0.349952
   -0.350153
   -0.350032
   -0.350064
   -0.350096
   -0.350062
   -0.350389
   -0.349786
   -0.350376
   -0.349818
   -0.350321
   -0.349878
   -0.350263
   -0.349972
   -0.350182
   -0.349977
   -0.350193
   -0.350014
   -0.350119
   -0.350092
   -0.350062
   -0.350093
   -0.349753
   -0.350384
   -0.349778
   -0.350345
   -0.349837
   -0.350284
   -0.349896
   -0.350192
   -0.349974
   -0.350183
   -0.349969
   -0.350146
   -0.350040
   -0.350074
   -0.350092
   -0.350072
   -0.350440
   -0.349741
   -0.350405
   -0.349788
   -0.350340
   -0.349852
   -0.350280
   -0.349942
   -0.350204
   -0.349956
   -0.350202
   -0.349995
   -0.350135
   -0.350059
   -0.350091
   -0.350057
   -0.349695
   -0.350440
   -0.349738
   -0.350389
   -0.349804
   -0.350323
   -0.349867
   -0.350233
   -0.349942
   -0.350213
   -0.349953
   -0.350171
   -0.350019
   -0.350108
   -0.350063
   -0.350108
   -0.350467
   -0.349712
   -0.350423
   -0.349761
   -0.350360
   -0.349826
   -0.350297
   -0.349911
   -0.350227
   -0.349931
   -0.350216
   -0.349969
   -0.350158
   -0.350023
   -0.350121
   -0.350022
   -0.349697
   -0.350442
   -0.349745
   -0.350395
   -0.349803
   -0.350334
   -0.349862
   -0.350257
   -0.349926
   -0.350236
   -0.349937
   -0.350204
   -0.349984
   -0.350159
   -0.350015
   -0.350162
   -0.350455
   -0.349721
   -0.350403
   -0.349768
   -0.350348
   -0.349825
   -0.350295
   -0.349893
   -0.350239
   -0.349910
   -0.350233
   -0.349933
   -0.350199
   -0.349964
   -0.350178
   -0.349956
   -0.349701
   -0.350440
   -0.349759
   -0.350390
   -0.349815
   -0.350333
   -0.349866
   -0.350273
   -0.349914
   -0.350259
   -0.349916
   -0.350245
   -0.349939
   -0.350224
   -0.349951
   -0.350235
   -0.350387
   -0.349779
   -0.350340
   -0.349816
   -0.350298
   -0.349860
   -0.350261
   -0.349900
   -0.350232
   -0.349901
   -0.350244
   -0.349899
   -0.350238
   -0.349905
   -0.350236
   -0.349891
   -0.349844
   -0.350317
   -0.349878
   -0.350294
   -0.349906
   -0.350263
   -0.349931
   -0.350238
   -0.349945
   -0.350247
   -0.349923
   -0.350262
   -0.349915
   -0.350267
   -0.349910
   -0.350283
   -0.350230
   -0.349914
   -0.350207
   -0.349926
   -0.350193
   -0.349942
   -0.350184
   -0.349949
   -0.350188
   -0.349925
   -0.350225
   -0.349894
   -0.350250
   -0.349874
   -0.350265
   -0.349855
   -0.349996
   -0.350186
   -0.350010
   -0.350183
   -0.350014
   -0.350176
   -0.350013
   -0.350181
   -0.349998
   -0.350213
   -0.349952
   -0.350255
   -0.349918
   -0.350282
   -0.349899
   -0.350301
   -0.350120
   -0.350007
   -0.350112
   -0.350005
   -0.350112
   -0.350007
   -0.350118
   -0.349996
   -0.350139
   -0.349959
   -0.350191
   -0.349910
   -0.350232
   -0.349879
   -0.350254
   -0.349860
   -0.350090
   -0.350109
   -0.350087
   -0.350121
   -0.350078
   -0.350129
   -0.350063
   -0.350149
   -0.350034
   -0.350192
   -0.349975
   -0.350249
   -0.349928
   -0.350283
   -0.349904
   -0.350303
   -0.350050
   -0.350060
   -0.350059
   -0.350043
   -0.350072
   -0.350030
   -0.350094
   -0.350003
   -0.350128
   -0.349956
   -0.350192
   -0.349895
   -0.350244
   -0.349856
   -0.350270
   -0.349834
   -0.350309
   -0.349766
   -0.350286
   -0.349811
   -0.350210
   -0.349894
   -0.350135
   -0.349989
   -0.350072
   -0.349974
   -0.350087
   -0.350001
   -0.350044
   -0.350049
   -0.350006
   -0.350039
   -0.349789
   -0.350315
   -0.349818
   -0.350266
   -0.349895
   -0.350186
   -0.349967
   -0.350094
   -0.350028
   -0.350104
   -0.350018
   -0.350076
   -0.350060
   -0.350033
   -0.350093
   -0.350042
   -0.350307
   -0.349786
   -0.350272
   -0.349837
   -0.350196
   -0.349913
   -0.350129
   -0.349998
   -0.350074
   -0.349989
   -0.350082
   -0.350016
   -0.350042
   -0.350053
   -0.350015
   -0.350043
   -0.349754
   -0.350330
   -0.349798
   -0.350273
   -0.349877
   -0.350196
   -0.349944
   -0.350113
   -0.349999
   -0.350115
   -0.350000
   -0.350082
   -0.350041
   -0.350047
   -0.350066
   -0.350058
   -0.350355
   -0.349755
   -0.350309
   -0.349812
   -0.350231
   -0.349887
   -0.350168
   -0.349964
   -0.350116
   -0.349966
   -0.350109
   -0.350001
   -0.350068
   -0.350035
   -0.350044
   -0.350027
   -0.349732
   -0.350340
   -0.349779
   -0.350285
   -0.349852
   -0.350215
   -0.349912
   -0.350143
   -0.349959
   -0.350140
   -0.349967
   -0.350106
   -0.350006
   -0.350075
   -0.350028
   -0.350080
   -0.350350
   -0.349771
   -0.350304
   -0.349820
   -0.350241
   -0.349880
   -0.350190
   -0.349939
   -0.350153
   -0.349938
   -0.350150
   -0.349964
   -0.350120
   -0.349987
   -0.350106
   -0.349980
   -0.349747
   -0.350313
   -0.349794
   -0.350266
   -0.349852
   -0.350214
   -0.349893
   -0.350168
   -0.349920
   -0.350172
   -0.349917
   -0.350157
   -0.349936
   -0.350145
   -0.349941
   -0.350156
   -0.350351
   -0.349783
   -0.350301
   -0.349828
   -0.350249
   -0.349873
   -0.350217
   -0.349906
   -0.350202
   -0.349894
   -0.350215
   -0.349897
   -0.350209
   -0.349897
   -0.350214
   -0.349880
   -0.349804
   -0.350250
   -0.349842
   -0.350218
   -0.349879
   -0.350188
   -0.349896
   -0.350175
   -0.349893
   -0.350199
   -0.349868
   -0.350210
   -0.349860
   -0.350222
   -0.349847
   -0.350240
   -0.350231
   -0.349900
   -0.350206
   -0.349918
   -0.350186
   -0.349932
   -0.350184
   -0.349927
   -0.350202
   -0.349894
   -0.350238
   -0.349868
   -0.350260
   -0.349844
   -0.350281
   -0.349824
   -0.349909
   -0.350145
   -0.349929
   -0.350135
   -0.349938
   -0.350133
   -0.349927
   -0.350153
   -0.349895
   -0.350196
   -0.349848
   -0.350235
   -0.349813
   -0.350270
   -0.349785
   -0.350290
   -0.350143
   -0.349990
   -0.350132
   -0.349993
   -0.350132
   -0.349983
   -0.350155
   -0.349950
   -0.350199
   -0.349898
   -0.350256
   -0.349847
   -0.350301
   -0.349804
   -0.350335
   -0.349784
   -0.349966
   -0.350085
   -0.349975
   -0.350084
   -0.349973
   -0.350097
   -0.349946
   -0.350133
   -0.349899
   -0.350188
   -0.349838
   -0.350244
   -0.349789
   -0.350289
   -0.349756
   -0.350305
   -0.350082
   -0.350052
   -0.350086
   -0.350042
   -0.350100
   -0.350016
   -0.350138
   -0.349967
   -0.350197
   -0.349904
   -0.350266
   -0.349839
   -0.350324
   -0.349787
   -0.350361
   -0.349770
   -0.350027
   -0.350024
   -0.350017
   -0.350040
   -0.349998
   -0.350073
   -0.349951
   -0.350130
   -0.349887
   -0.350198
   -0.349811
   -0.350269
   -0.349747
   -0.350325
   -0.349707
   -0.350344
   -0.349965
   -0.350163
   -0.349981
   -0.350133
   -0.350043
   -0.350069
   -0.350098
   -0.350011
   -0.350111
   -0.350069
   -0.350052
   -0.350087
   -0.350064
   -0.350054
   -0.350100
   -0.350062
   -0.350197
   -0.349990
   -0.350179
   -0.350020
   -0.350118
   -0.350081
   -0.350066
   -0.350137
   -0.350051
   -0.350088
   -0.350100
   -0.350075
   -0.350089
   -0.350102
   -0.350057
   -0.350096
   -0.349936
   -0.350194
   -0.349961
   -0.350159
   -0.350023
   -0.350098
   -0.350077
   -0.350040
   -0.350096
   -0.350079
   -0.350058
   -0.350083
   -0.350074
   -0.350056
   -0.350104
   -0.350060
   -0.350273
   -0.349914
   -0.350239
   -0.349956
   -0.350173
   -0.350019
   -0.350117
   -0.350079
   -0.350092
   -0.350052
   -0.350118
   -0.350056
   -0.350099
   -0.350080
   -0.350074
   -0.350075
   -0.349845
   -0.350286
   -0.349886
   -0.350239
   -0.349955
   -0.350172
   -0.350015
   -0.350107
   -0.350048
   -0.350121
   -0.350034
   -0.350109
   -0.350058
   -0.350083
   -0.350084
   -0.350084
   -0.350335
   -0.349848
   -0.350293
   -0.349893
   -0.350228
   -0.349957
   -0.350168
   -0.350021
   -0.350136
   -0.350010
   -0.350147
   -0.350021
   -0.350127
   -0.350041
   -0.350107
   -0.350039
   -0.349816
   -0.350320
   -0.349861
   -0.350277
   -0.349921
   -0.350217
   -0.349978
   -0.350159
   -0.350006
   -0.350169
   -0.349993
   -0.350164
   -0.350004
   -0.350153
   -0.350015
   -0.350159
   -0.350344
   -0.349834
   -0.350297
   -0.349873
   -0.350245
   -0.349926
   -0.350197
   -0.349973
   -0.350178
   -0.349958
   -0.350199
   -0.349949
   -0.350202
   -0.349946
   -0.350205
   -0.349931
   -0.349805
   -0.350336
   -0.349855
   -0.350298
   -0.349902
   -0.350251
   -0.349944
   -0.350214
   -0.349954
   -0.350233
   -0.349925
   -0.350254
   -0.349910
   -0.350269
   -0.349897
   -0.350290
   -0.350286
   -0.349879
   -0.350249
   -0.349901
   -0.350221
   -0.349931
   -0.350197
   -0.349945
   -0.350207
   -0.349911
   -0.350254
   -0.349870
   -0.350288
   -0.349838
   -0.350313
   -0.349811
   -0.349931
   -0.350232
   -0.349956
   -0.350223
   -0.349968
   -0.350210
   -0.349976
   -0.350213
   -0.349950
   -0.350260
   -0.349887
   -0.350319
   -0.349837
   -0.350365
   -0.349799
   -0.350398
   -0.350174
   -0.349971
   -0.350157
   -0.349969
   -0.350160
   -0.349967
   -0.350168
   -0.349946
   -0.350213
   -0.349883
   -0.350293
   -0.349804
   -0.350360
   -0.349742
   -0.350412
   -0.349701
   -0.350024
   -0.350156
   -0.350034
   -0.350166
   -0.350020
   -0.350180
   -0.350001
   -0.350214
   -0.349944
   -0.350286
   -0.349853
   -0.350378
   -0.349775
   -0.350449
   -0.349716
   -0.350491
   -0.350112
   -0.350018
   -0.350108
   -0.350001
   -0.350128
   -0.349981
   -0.350154
   -0.349938
   -0.350220
   -0.349859
   -0.350321
   -0.349756
   -0.350407
   -0.349678
   -0.350471
   -0.349635
   -0.350085
   -0.350113
   -0.350078
   -0.350139
   -0.350047
   -0.350170
   -0.350011
   -0.350224
   -0.349935
   -0.350311
   -0.349824
   -0.350426
   -0.349729
   -0.350509
   -0.349661
   -0.350553
   -0.350049
   -0.350062
   -0.350065
   -0.350026
   -0.350105
   -0.349985
   -0.350152
   -0.349919
   -0.350239
   -0.349823
   -0.350362
   -0.349696
   -0.350465
   -0.349605
   -0.350540
   -0.349556
   -0.350172
   -0.349898
   -0.350176
   -0.349914
   -0.350126
   -0.349968
   -0.350067
   -0.350037
   -0.350040
   -0.349988
   -0.350086
   -0.349989
   -0.350066
   -0.350029
   -0.350016
   -0.350033
   -0.349916
   -0.350193
   -0.349917
   -0.350174
   -0.349968
   -0.350122
   -0.350024
   -0.350055
   -0.350053
   -0.350093
   -0.350017
   -0.350088
   -0.350038
   -0.350052
   -0.350085
   -0.350045
   -0.350189
   -0.349897
   -0.350183
   -0.349917
   -0.350135
   -0.349966
   -0.350082
   -0.350029
   -0.350053
   -0.349998
   -0.350082
   -0.350006
   -0.350061
   -0.350038
   -0.350019
   -0.350043
   -0.349850
   -0.350240
   -0.349869
   -0.350210
   -0.349924
   -0.350154
   -0.349981
   -0.350089
   -0.350017
   -0.350106
   -0.350002
   -0.350089
   -0.350026
   -0.350059
   -0.350063
   -0.350056
   -0.350276
   -0.349828
   -0.350252
   -0.349863
   -0.350193
   -0.349921
   -0.350133
   -0.349989
   -0.350094
   -0.349982
   -0.350098
   -0.350005
   -0.350072
   -0.350033
   -0.350038
   -0.350037
   -0.349795
   -0.350281
   -0.349825
   -0.350244
   -0.349882
   -0.350186
   -0.349942
   -0.350119
   -0.349983
   -0.350119
   -0.349984
   -0.350096
   -0.350007
   -0.350072
   -0.350036
   -0.350069
   -0.350295
   -0.349822
   -0.350265
   -0.349854
   -0.350216
   -0.349905
   -0.350162
   -0.349964
   -0.350127
   -0.349964
   -0.350127
   -0.349980
   -0.350113
   -0.349994
   -0.350094
   -0.349993
   -0.349794
   -0.350269
   -0.349828
   -0.350237
   -0.349873
   -0.350191
   -0.349921
   -0.350142
   -0.349950
   -0.350141
   -0.349945
   -0.350134
   -0.349949
   -0.350131
   -0.349957
   -0.350139
   -0.350302
   -0.349828
   -0.350265
   -0.349858
   -0.350226
   -0.349898
   -0.350185
   -0.349938
   -0.350163
   -0.349936
   -0.350174
   -0.349933
   -0.350180
   -0.349926
   -0.350182
   -0.349913
   -0.349844
   -0.350212
   -0.349872
   -0.350193
   -0.349899
   -0.350164
   -0.349927
   -0.350140
   -0.349937
   -0.350148
   -0.349919
   -0.350163
   -0.349900
   -0.350179
   -0.349893
   -0.350193
   -0.350201
   -0.349929
   -0.350182
   -0.349938
   -0.350168
   -0.349953
   -0.350152
   -0.349964
   -0.350154
   -0.349950
   -0.350183
   -0.349921
   -0.350214
   -0.349893
   -0.350230
   -0.349876
   -0.349920
   -0.350133
   -0.349939
   -0.350126
   -0.349945
   -0.350120
   -0.349953
   -0.350117
   -0.349944
   -0.350136
   -0.349909
   -0.350175
   -0.349869
   -0.350212
   -0.349846
   -0.350230
   -0.350132
   -0.350002
   -0.350121
   -0.350001
   -0.350124
   -0.349997
   -0.350125
   -0.349991
   -0.350142
   -0.349969
   -0.350184
   -0.349918
   -0.350233
   -0.349874
   -0.350263
   -0.349854
   -0.349975
   -0.350074
   -0.349985
   -0.350076
   -0.349980
   -0.350082
   -0.349978
   -0.350090
   -0.349961
   -0.350110
   -0.349918
   -0.350165
   -0.349864
   -0.350212
   -0.349834
   -0.350228
   -0.350078
   -0.350060
   -0.350077
   -0.350049
   -0.350092
   -0.350032
   -0.350103
   -0.350017
   -0.350125
   -0.349995
   -0.350173
   -0.349932
   -0.350233
   -0.349879
   -0.350266
   -0.349864
   -0.350026
   -0.350021
   -0.350023
   -0.350036
   -0.350003
   -0.350057
   -0.349988
   -0.350076
   -0.349965
   -0.350097
   -0.349916
   -0.350163
   -0.349853
   -0.350218
   -0.349819
   -0.350232
   -0.349821
   -0.350278
   -0.349881
   -0.350216
   -0.349972
   -0.350126
   -0.350047
   -0.350051
   -0.350078
   -0.350097
   -0.350035
   -0.350105
   -0.350045
   -0.350070
   -0.350089
   -0.350065
   -0.350316
   -0.349895
   -0.350259
   -0.349955
   -0.350174
   -0.350037
   -0.350107
   -0.350105
   -0.350076
   -0.350066
   -0.350113
   -0.350060
   -0.350104
   -0.350092
   -0.350063
   -0.350098
   -0.349857
   -0.350254
   -0.349912
   -0.350198
   -0.349991
   -0.350123
   -0.350053
   -0.350060
   -0.350082
   -0.350093
   -0.350051
   -0.350095
   -0.350062
   -0.350066
   -0.350101
   -0.350056
   -0.350320
   -0.349882
   -0.350263
   -0.349940
   -0.350185
   -0.350012
   -0.350126
   -0.350073
   -0.350095
   -0.350048
   -0.350118
   -0.350051
   -0.350106
   -0.350078
   -0.350069
   -0.350088
   -0.349811
   -0.350307
   -0.349872
   -0.350244
   -0.349952
   -0.350171
   -0.350015
   -0.350106
   -0.350053
   -0.350116
   -0.350043
   -0.350105
   -0.350062
   -0.350074
   -0.350101
   -0.350058
   -0.350353
   -0.349841
   -0.350293
   -0.349900
   -0.350220
   -0.349967
   -0.350160
   -0.350029
   -0.350123
   -0.350022
   -0.350132
   -0.350032
   -0.350116
   -0.350058
   -0.350082
   -0.350074
   -0.349814
   -0.350315
   -0.349871
   -0.350262
   -0.349935
   -0.350202
   -0.349990
   -0.350146
   -0.350025
   -0.350150
   -0.350016
   -0.350144
   -0.350026
   -0.350125
   -0.350054
   -0.350108
   -0.350330
   -0.349851
   -0.350278
   -0.349897
   -0.350224
   -0.349945
   -0.350179
   -0.349990
   -0.350154
   -0.349983
   -0.350171
   -0.349976
   -0.350173
   -0.349983
   -0.350157
   -0.349992
   -0.349829
   -0.350312
   -0.349880
   -0.350270
   -0.349927
   -0.350227
   -0.349967
   -0.350190
   -0.349988
   -0.350197
   -0.349966
   -0.350213
   -0.349953
   -0.350216
   -0.349962
   -0.350209
   -0.350261
   -0.349903
   -0.350225
   -0.349928
   -0.350195
   -0.349955
   -0.350170
   -0.349976
   -0.350163
   -0.349960
   -0.350197
   -0.349929
   -0.350225
   -0.349914
   -0.350224
   -0.349920
   -0.349952
   -0.350211
   -0.349977
   -0.350198
   -0.349991
   -0.350186
   -0.350004
   -0.350179
   -0.349999
   -0.350203
   -0.349954
   -0.350250
   -0.349911
   -0.350278
   -0.349902
   -0.350274
   -0.350172
   -0.349975
   -0.350152
   -0.349981
   -0.350148
   -0.349981
   -0.350146
   -0.349977
   -0.350161
   -0.349946
   -0.350217
   -0.349886
   -0.350272
   -0.349846
   -0.350289
   -0.349848
   -0.350021
   -0.350158
   -0.350034
   -0.350159
   -0.350029
   -0.350168
   -0.350023
   -0.350181
   -0.350002
   -0.350214
   -0.349939
   -0.350285
   -0.349874
   -0.350332
   -0.349853
   -0.350328
   -0.350103
   -0.350025
   -0.350100
   -0.350016
   -0.350111
   -0.350000
   -0.350125
   -0.349980
   -0.350152
   -0.349941
   -0.350223
   -0.349862
   -0.350296
   -0.349808
   -0.350320
   -0.349814
   -0.350087
   -0.350110
   -0.350082
   -0.350128
   -0.350063
   -0.350152
   -0.350042
   -0.350179
   -0.350009
   -0.350221
   -0.349932
   -0.350309
   -0.349851
   -0.350368
   -0.349826
   -0.350359
   -0.350052
   -0.350059
   -0.350064
   -0.350035
   -0.350091
   -0.350002
   -0.350118
   -0.349969
   -0.350155
   -0.349925
   -0.350239
   -0.349829
   -0.350329
   -0.349763
   -0.350356
   -0.349773
   -0.350432
   -0.349684
   -0.350347
   -0.349777
   -0.350235
   -0.349876
   -0.350143
   -0.349976
   -0.350088
   -0.349967
   -0.350094
   -0.349982
   -0.350072
   -0.350023
   -0.350023
   -0.350034
   -0.349691
   -0.350377
   -0.349771
   -0.350291
   -0.349875
   -0.350199
   -0.349960
   -0.350106
   -0.350013
   -0.350111
   -0.350011
   -0.350096
   -0.350031
   -0.350059
   -0.350075
   -0.350048
   -0.350358
   -0.349760
   -0.350288
   -0.349835
   -0.350197
   -0.349915
   -0.350123
   -0.349997
   -0.350078
   -0.349989
   -0.350083
   -0.350000
   -0.350068
   -0.350029
   -0.350031
   -0.350038
   -0.349734
   -0.350330
   -0.349804
   -0.350257
   -0.349891
   -0.350180
   -0.349962
   -0.350102
   -0.350007
   -0.350105
   -0.350005
   -0.350093
   -0.350018
   -0.350068
   -0.350053
   -0.350061
   -0.350362
   -0.349764
   -0.350295
   -0.349834
   -0.350212
   -0.349906
   -0.350144
   -0.349982
   -0.350098
   -0.349985
   -0.350095
   -0.349998
   -0.350082
   -0.350021
   -0.350050
   -0.350031
   -0.349736
   -0.350322
   -0.349800
   -0.350259
   -0.349874
   -0.350193
   -0.349937
   -0.350121
   -0.349982
   -0.350116
   -0.349983
   -0.350106
   -0.349994
   -0.350087
   -0.350021
   -0.350078
   -0.350317
   -0.349812
   -0.350264
   -0.349861
   -0.350206
   -0.349912
   -0.350155
   -0.349971
   -0.350120
   -0.349971
   -0.350127
   -0.349970
   -0.350127
   -0.349978
   -0.350111
   -0.349982
   -0.349799
   -0.350257
   -0.349846
   -0.350218
   -0.349892
   -0.350178
   -0.349931
   -0.350133
   -0.349956
   -0.350139
   -0.349939
   -0.350152
   -0.349928
   -0.350156
   -0.349932
   -0.350159
   -0.350274
   -0.349859
   -0.350233
   -0.349888
   -0.350200
   -0.349916
   -0.350173
   -0.349946
   -0.350159
   -0.349934
   -0.350186
   -0.349908
   -0.350210
   -0.349890
   -0.350221
   -0.349879
   -0.349877
   -0.350180
   -0.349904
   -0.350164
   -0.349924
   -0.350150
   -0.349936
   -0.350136
   -0.349937
   -0.350155
   -0.349901
   -0.350193
   -0.349866
   -0.350219
   -0.349850
   -0.350230
   -0.350162
   -0.349966
   -0.350148
   -0.349967
   -0.350145
   -0.349964
   -0.350150
   -0.349959
   -0.350165
   -0.349929
   -0.350215
   -0.349874
   -0.350266
   -0.349833
   -0.350294
   -0.349816
   -0.349957
   -0.350100
   -0.349967
   -0.350103
   -0.349963
   -0.350116
   -0.349949
   -0.350131
   -0.349926
   -0.350163
   -0.349869
   -0.350228
   -0.349811
   -0.350276
   -0.349777
   -0.350293
   -0.350109
   -0.350022
   -0.350106
   -0.350012
   -0.350117
   -0.349992
   -0.350139
   -0.349968
   -0.350168
   -0.349934
   -0.350229
   -0.349863
   -0.350293
   -0.349808
   -0.350332
   -0.349792
   -0.349997
   -0.350056
   -0.349997
   -0.350068
   -0.349986
   -0.350089
   -0.349962
   -0.350115
   -0.349933
   -0.350145
   -0.349875
   -0.350215
   -0.349813
   -0.350267
   -0.349777
   -0.350277
   -0.350073
   -0.350061
   -0.350080
   -0.350044
   -0.350096
   -0.350016
   -0.350128
   -0.349983
   -0.350159
   -0.349954
   -0.350220
   -0.349880
   -0.350286
   -0.349824
   -0.350323
   -0.349817
   -0.350025
   -0.350024
   -0.350015
   -0.350044
   -0.349998
   -0.350074
   -0.349964
   -0.350109
   -0.349934
   -0.350133
   -0.349874
   -0.350209
   -0.349806
   -0.350267
   -0.349769
   -0.350272
   -0.349858
   -0.350250
   -0.349914
   -0.350183
   -0.349998
   -0.350111
   -0.350062
   -0.350050
   -0.350077
   -0.350081
   -0.350048
   -0.350095
   -0.350043
   -0.350077
   -0.350077
   -0.350069
   -0.350252
   -0.349949
   -0.350205
   -0.350006
   -0.350131
   -0.350068
   -0.350076
   -0.350120
   -0.350066
   -0.350089
   -0.350096
   -0.350072
   -0.350104
   -0.350085
   -0.350076
   -0.350091
   -0.349944
   -0.350180
   -0.349984
   -0.350130
   -0.350049
   -0.350076
   -0.350097
   -0.350030
   -0.350105
   -0.350061
   -0.350076
   -0.350077
   -0.350066
   -0.350069
   -0.350091
   -0.350063
   -0.350210
   -0.349977
   -0.350172
   -0.350026
   -0.350109
   -0.350077
   -0.350064
   -0.350121
   -0.350054
   -0.350094
   -0.350081
   -0.350079
   -0.350092
   -0.350084
   -0.350071
   -0.350088
   -0.349945
   -0.350189
   -0.349984
   -0.350141
   -0.350045
   -0.350090
   -0.350091
   -0.350044
   -0.350107
   -0.350061
   -0.350089
   -0.350069
   -0.350083
   -0.350061
   -0.350106
   -0.350053
   -0.350190
   -0.349984
   -0.350159
   -0.350023
   -0.350108
   -0.350065
   -0.350070
   -0.350105
   -0.350056
   -0.350089
   -0.350076
   -0.350077
   -0.350084
   -0.350082
   -0.350067
   -0.350087
   -0.350000
   -0.350150
   -0.350024
   -0.350123
   -0.350062
   -0.350090
   -0.350092
   -0.350058
   -0.350103
   -0.350075
   -0.350078
   -0.350093
   -0.350064
   -0.350096
   -0.350073
   -0.350094
   -0.350143
   -0.350017
   -0.350124
   -0.350037
   -0.350095
   -0.350060
   -0.350073
   -0.350085
   -0.350066
   -0.350067
   -0.350096
   -0.350043
   -0.350117
   -0.350031
   -0.350118
   -0.350026
   -0.350016
   -0.350146
   -0.350033
   -0.350132
   -0.350054
   -0.350114
   -0.350071
   -0.350095
   -0.350077
   -0.350111
   -0.350046
   -0.350138
   -0.350019
   -0.350158
   -0.350011
   -0.350168
   -0.350109
   -0.350036
   -0.350102
   -0.350040
   -0.350091
   -0.350049
   -0.350083
   -0.350058
   -0.350082
   -0.350043
   -0.350115
   -0.350011
   -0.350147
   -0.349985
   -0.350160
   -0.349975
   -0.350073
   -0.350106
   -0.350075
   -0.350109
   -0.350077
   -0.350108
   -0.350078
   -0.350106
   -0.350075
   -0.350122
   -0.350038
   -0.350161
   -0.349999
   -0.350195
   -0.349979
   -0.350208
   -0.350068
   -0.350063
   -0.350070
   -0.350056
   -0.350073
   -0.350052
   -0.350076
   -0.350049
   -0.350082
   -0.350034
   -0.350122
   -0.349989
   -0.350166
   -0.349949
   -0.350191
   -0.349934
   -0.350092
   -0.350099
   -0.350091
   -0.350104
   -0.350089
   -0.350107
   -0.350088
   -0.350108
   -0.350087
   -0.350114
   -0.350053
   -0.350156
   -0.350011
   -0.350194
   -0.349989
   -0.350203
   -0.350065
   -0.350055
   -0.350067
   -0.350051
   -0.350066
   -0.350050
   -0.350067
   -0.350051
   -0.350062
   -0.350054
   -0.350089
   -0.350018
   -0.350126
   -0.349983
   -0.350143
   -0.349981
   -0.350098
   -0.350104
   -0.350095
   -0.350108
   -0.350097
   -0.350109
   -0.350097
   -0.350106
   -0.350107
   -0.350094
   -0.350086
   -0.350125
   -0.350055
   -0.350155
   -0.350043
   -0.350151
   -0.350054
   -0.350054
   -0.350062
   -0.350047
   -0.350059
   -0.350046
   -0.350060
   -0.350050
   -0.350044
   -0.350073
   -0.350058
   -0.350046
   -0.350085
   -0.350020
   -0.350093
   -0.350027
   -0.349892
   -0.350167
   -0.349906
   -0.350165
   -0.349896
   -0.350165
   -0.349896
   -0.350166
   -0.349938
   -0.350094
   -0.349996
   -0.350046
   -0.350041
   -0.350026
   -0.350029
   -0.350030
   -0.350193
   -0.349921
   -0.350180
   -0.349924
   -0.350188
   -0.349926
   -0.350187
   -0.349925
   -0.350149
   -0.349990
   -0.350097
   -0.350033
   -0.350057
   -0.350050
   -0.350069
   -0.350044
   -0.349898
   -0.350170
   -0.349913
   -0.350165
   -0.349908
   -0.350161
   -0.349910
   -0.350160
   -0.349945
   -0.350101
   -0.349993
   -0.350063
   -0.350029
   -0.350047
   -0.350018
   -0.350055
   -0.350176
   -0.349930
   -0.350162
   -0.349933
   -0.350168
   -0.349936
   -0.350168
   -0.349933
   -0.350140
   -0.349984
   -0.350100
   -0.350016
   -0.350068
   -0.350028
   -0.350081
   -0.350018
   -0.349927
   -0.350150
   -0.349941
   -0.350147
   -0.349935
   -0.350145
   -0.349933
   -0.350152
   -0.349952
   -0.350111
   -0.349985
   -0.350084
   -0.350012
   -0.350075
   -0.349999
   -0.350087
   -0.350151
   -0.349946
   -0.350137
   -0.349953
   -0.350138
   -0.349957
   -0.350139
   -0.349949
   -0.350126
   -0.349983
   -0.350095
   -0.350008
   -0.350070
   -0.350017
   -0.350082
   -0.350004
   -0.349941
   -0.350145
   -0.349957
   -0.350131
   -0.349964
   -0.350121
   -0.349969
   -0.350124
   -0.349983
   -0.350090
   -0.350018
   -0.350060
   -0.350047
   -0.350045
   -0.350044
   -0.350052
   -0.350121
   -0.349964
   -0.350108
   -0.349980
   -0.350098
   -0.349992
   -0.350091
   -0.349991
   -0.350078
   -0.350023
   -0.350039
   -0.350059
   -0.350006
   -0.350080
   -0.350001
   -0.350080
   -0.349988
   -0.350110
   -0.350001
   -0.350091
   -0.350017
   -0.350074
   -0.350028
   -0.350070
   -0.350041
   -0.350038
   -0.350086
   -0.349995
   -0.350127
   -0.349965
   -0.350142
   -0.349957
   -0.350099
   -0.349976
   -0.350085
   -0.350000
   -0.350064
   -0.350020
   -0.350049
   -0.350031
   -0.350033
   -0.350061
   -0.349985
   -0.350109
   -0.349941
   -0.350143
   -0.349923
   -0.350151
   -0.349992
   -0.350114
   -0.350009
   -0.350085
   -0.350036
   -0.350060
   -0.350057
   -0.350042
   -0.350077
   -0.350009
   -0.350133
   -0.349952
   -0.350186
   -0.349909
   -0.350212
   -0.349896
   -0.350077
   -0.349990
   -0.350062
   -0.350018
   -0.350036
   -0.350041
   -0.350017
   -0.350057
   -0.350000
   -0.350086
   -0.349944
   -0.350146
   -0.349888
   -0.350193
   -0.349859
   -0.350205
   -0.350023
   -0.350093
   -0.350038
   -0.350065
   -0.350062
   -0.350045
   -0.350078
   -0.350032
   -0.350090
   -0.350009
   -0.350145
   -0.349947
   -0.350202
   -0.349899
   -0.350231
   -0.349890
   -0.350044
   -0.350013
   -0.350033
   -0.350035
   -0.350016
   -0.350047
   -0.350007
   -0.350052
   -0.350005
   -0.350063
   -0.349959
   -0.350119
   -0.349908
   -0.350163
   -0.349883
   -0.350165
   -0.350058
   -0.350068
   -0.350068
   -0.350048
   -0.350081
   -0.350040
   -0.350085
   -0.350041
   -0.350079
   -0.350040
   -0.350120
   -0.349988
   -0.350167
   -0.349946
   -0.350188
   -0.349949
   -0.350021
   -0.350027
   -0.350011
   -0.350046
   -0.350003
   -0.350048
   -0.350004
   -0.350040
   -0.350021
   -0.350027
   -0.349990
   -0.350073
   -0.349948
   -0.350110
   -0.349932
   -0.350101
   -0.350150
   -0.349844
   -0.350129
   -0.349864
   -0.350118
   -0.349876
   -0.350121
   -0.349861
   -0.350109
   -0.349901
   -0.350060
   -0.349955
   -0.350014
   -0.349979
   -0.350007
   -0.349990
   -0.349871
   -0.350160
   -0.349889
   -0.350142
   -0.349898
   -0.350130
   -0.349897
   -0.350144
   -0.349908
   -0.350107
   -0.349953
   -0.350058
   -0.349995
   -0.350035
   -0.350001
   -0.350026
   -0.350130
   -0.349870
   -0.350114
   -0.349884
   -0.350108
   -0.349893
   -0.350111
   -0.349880
   -0.350103
   -0.349912
   -0.350062
   -0.349954
   -0.350027
   -0.349973
   -0.350023
   -0.349978
   -0.349894
   -0.350129
   -0.349909
   -0.350118
   -0.349911
   -0.350112
   -0.349907
   -0.350127
   -0.349911
   -0.350101
   -0.349945
   -0.350065
   -0.349975
   -0.350051
   -0.349975
   -0.350048
   -0.350108
   -0.349901
   -0.350095
   -0.349908
   -0.350096
   -0.349911
   -0.350102
   -0.349893
   -0.350106
   -0.349909
   -0.350081
   -0.349936
   -0.350060
   -0.349943
   -0.350064
   -0.349941
   -0.349910
   -0.350104
   -0.349924
   -0.350096
   -0.349923
   -0.350093
   -0.349918
   -0.350112
   -0.349909
   -0.350102
   -0.349929
   -0.350079
   -0.349946
   -0.350075
   -0.349941
   -0.350080
   -0.350091
   -0.349925
   -0.350079
   -0.349934
   -0.350079
   -0.349937
   -0.350083
   -0.349919
   -0.350093
   -0.349927
   -0.350071
   -0.349952
   -0.350053
   -0.349957
   -0.350056
   -0.349954
   -0.349929
   -0.350079
   -0.349939
   -0.350069
   -0.349941
   -0.350064
   -0.349941
   -0.350078
   -0.349932
   -0.350070
   -0.349957
   -0.350042
   -0.349978
   -0.350032
   -0.349981
   -0.350030
   -0.350067
   -0.349955
   -0.350059
   -0.349964
   -0.350057
   -0.349969
   -0.350056
   -0.349957
   -0.350068
   -0.349961
   -0.350042
   -0.349990
   -0.350020
   -0.350003
   -0.350014
   -0.350006
   -0.349943
   -0.350058
   -0.349951
   -0.350047
   -0.349956
   -0.350041
   -0.349959
   -0.350050
   -0.349946
   -0.350050
   -0.349971
   -0.350020
   -0.349994
   -0.350006
   -0.349999
   -0.350005
   -0.350061
   -0.349969
   -0.350055
   -0.349979
   -0.350051
   -0.349983
   -0.350048
   -0.349974
   -0.350063
   -0.349971
   -0.350038
   -0.350003
   -0.350013
   -0.350020
   -0.350008
   -0.350019
   -0.349948
   -0.350044
   -0.349955
   -0.350034
   -0.349959
   -0.350032
   -0.349959
   -0.350043
   -0.349940
   -0.350051
   -0.349963
   -0.350019
   -0.349988
   -0.350001
   -0.349993
   -0.350005
   -0.350047
   -0.349991
   -0.350045
   -0.349994
   -0.350051
   -0.349985
   -0.350059
   -0.349965
   -0.350090
   -0.349944
   -0.350077
   -0.349969
   -0.350057
   -0.349982
   -0.350059
   -0.349970
   -0.349980
   -0.350008
   -0.349976
   -0.350012
   -0.349960
   -0.350032
   -0.349942
   -0.350061
   -0.349899
   -0.350097
   -0.349901
   -0.350080
   -0.349913
   -0.350074
   -0.349906
   -0.350093
   -0.350020
   -0.350022
   -0.350028
   -0.350011
   -0.350054
   -0.349982
   -0.350080
   -0.349942
   -0.350136
   -0.349891
   -0.350147
   -0.349898
   -0.350143
   -0.349898
   -0.350158
   -0.349870
   -0.349985
   -0.349994
   -0.349979
   -0.350008
   -0.349947
   -0.350043
   -0.349916
   -0.350090
   -0.349847
   -0.350157
   -0.349825
   -0.350158
   -0.349821
   -0.350164
   -0.349801
   -0.350198
   -0.347387
   -0.347310
   -0.347382
   -0.347322
   -0.347357
   -0.347345
   -0.347335
   -0.347376
   -0.347312
   -0.347378
   -0.347320
   -0.347373
   -0.347320
   -0.347380
   -0.347308
   -0.347378
   -0.347455
   -0.347637
   -0.347460
   -0.347626
   -0.347483
   -0.347606
   -0.347503
   -0.347577
   -0.347524
   -0.347575
   -0.347517
   -0.347578
   -0.347518
   -0.347571
   -0.347531
   -0.347571
   -0.347371
   -0.347332
   -0.347367
   -0.347342
   -0.347345
   -0.347362
   -0.347326
   -0.347389
   -0.347306
   -0.347391
   -0.347312
   -0.347389
   -0.347312
   -0.347395
   -0.347300
   -0.347396
   -0.347471
   -0.347616
   -0.347475
   -0.347604
   -0.347500
   -0.347581
   -0.347520
   -0.347554
   -0.347540
   -0.347551
   -0.347536
   -0.347553
   -0.347537
   -0.347545
   -0.347549
   -0.347542
   -0.347356
   -0.347351
   -0.347353
   -0.347364
   -0.347327
   -0.347388
   -0.347305
   -0.347418
   -0.347281
   -0.347427
   -0.347281
   -0.347428
   -0.347278
   -0.347437
   -0.347264
   -0.347444
   -0.347482
   -0.347600
   -0.347485
   -0.347587
   -0.347513
   -0.347560
   -0.347538
   -0.347527
   -0.347567
   -0.347513
   -0.347570
   -0.347509
   -0.347575
   -0.347499
   -0.347590
   -0.347489
   -0.347347
   -0.347366
   -0.347346
   -0.347377
   -0.347320
   -0.347402
   -0.347296
   -0.347434
   -0.347268
   -0.347447
   -0.347269
   -0.347444
   -0.347270
   -0.347448
   -0.347261
   -0.347457
   -0.347490
   -0.347585
   -0.347494
   -0.347573
   -0.347520
   -0.347547
   -0.347545
   -0.347514
   -0.347575
   -0.347500
   -0.347571
   -0.347507
   -0.347566
   -0.347507
   -0.347571
   -0.347501
   -0.347337
   -0.347383
   -0.347334
   -0.347393
   -0.347310
   -0.347419
   -0.347285
   -0.347450
   -0.347254
   -0.347467
   -0.347260
   -0.347455
   -0.347272
   -0.347448
   -0.347271
   -0.347452
   -0.347502
   -0.347568
   -0.347505
   -0.347557
   -0.347531
   -0.347528
   -0.347560
   -0.347493
   -0.347596
   -0.347470
   -0.347592
   -0.347483
   -0.347580
   -0.347491
   -0.347580
   -0.347484
   -0.347330
   -0.347395
   -0.347328
   -0.347406
   -0.347301
   -0.347438
   -0.347270
   -0.347473
   -0.347232
   -0.347499
   -0.347237
   -0.347482
   -0.347254
   -0.347469
   -0.347258
   -0.347474
   -0.347511
   -0.347556
   -0.347512
   -0.347544
   -0.347542
   -0.347506
   -0.347579
   -0.347466
   -0.347623
   -0.347432
   -0.347621
   -0.347450
   -0.347603
   -0.347465
   -0.347598
   -0.347459
   -0.347326
   -0.347403
   -0.347323
   -0.347421
   -0.347285
   -0.347467
   -0.347240
   -0.347516
   -0.347186
   -0.347560
   -0.347182
   -0.347544
   -0.347199
   -0.347529
   -0.347203
   -0.347538
   -0.347502
   -0.347557
   -0.347509
   -0.347532
   -0.347558
   -0.347474
   -0.347615
   -0.347413
   -0.347683
   -0.347353
   -0.347698
   -0.347361
   -0.347689
   -0.347371
   -0.347687
   -0.347358
   -0.347338
   -0.347398
   -0.347330
   -0.347428
   -0.347273
   -0.347494
   -0.347208
   -0.347565
   -0.347128
   -0.347640
   -0.347102
   -0.347638
   -0.347106
   -0.347631
   -0.347105
   -0.347648
   -0.347491
   -0.347563
   -0.347500
   -0.347527
   -0.347568
   -0.347450
   -0.347643
   -0.347367
   -0.347740
   -0.347274
   -0.347778
   -0.347267
   -0.347781
   -0.347268
   -0.347787
   -0.347247
   -0.256755
   -0.256948
   -0.256748
   -0.256953
   -0.256744
   -0.256955
   -0.256747
   -0.256947
   -0.256756
   -0.256938
   -0.256765
   -0.256930
   -0.256773
   -0.256920
   -0.256782
   -0.256915
   -0.257181
   -0.257257
   -0.257187
   -0.257251
   -0.257190
   -0.257251
   -0.257187
   -0.257259
   -0.257177
   -0.257269
   -0.257166
   -0.257280
   -0.257156
   -0.257291
   -0.257145
   -0.257300
   -0.256762
   -0.256943
   -0.256758
   -0.256945
   -0.256761
   -0.256939
   -0.256770
   -0.256925
   -0.256786
   -0.256909
   -0.256801
   -0.256894
   -0.256816
   -0.256879
   -0.256833
   -0.256862
   -0.257177
   -0.257256
   -0.257180
   -0.257260
   -0.257170
   -0.257272
   -0.257156
   -0.257291
   -0.257134
   -0.257312
   -0.257114
   -0.257332
   -0.257095
   -0.257353
   -0.257072
   -0.257377
   -0.256765
   -0.256944
   -0.256766
   -0.256936
   -0.256783
   -0.256916
   -0.256806
   -0.256886
   -0.256842
   -0.256849
   -0.256873
   -0.256818
   -0.256904
   -0.256785
   -0.256940
   -0.256747
   -0.257173
   -0.257258
   -0.257171
   -0.257268
   -0.257150
   -0.257293
   -0.257122
   -0.257330
   -0.257076
   -0.257375
   -0.257041
   -0.257409
   -0.257006
   -0.257447
   -0.256964
   -0.257493
   -0.256768
   -0.256945
   -0.256772
   -0.256934
   -0.256794
   -0.256906
   -0.256825
   -0.256865
   -0.256876
   -0.256816
   -0.256908
   -0.256787
   -0.256939
   -0.256752
   -0.256980
   -0.256704
   -0.257170
   -0.257257
   -0.257165
   -0.257269
   -0.257141
   -0.257299
   -0.257109
   -0.257342
   -0.257052
   -0.257395
   -0.257024
   -0.257418
   -0.257000
   -0.257445
   -0.256965
   -0.257488
   -0.256773
   -0.256943
   -0.256780
   -0.256929
   -0.256807
   -0.256895
   -0.256843
   -0.256847
   -0.256909
   -0.256785
   -0.256939
   -0.256765
   -0.256957
   -0.256743
   -0.256991
   -0.256699
   -0.257161
   -0.257261
   -0.257155
   -0.257275
   -0.257126
   -0.257314
   -0.257085
   -0.257367
   -0.257009
   -0.257440
   -0.256978
   -0.257458
   -0.256959
   -0.257480
   -0.256924
   -0.257529
   -0.256784
   -0.256939
   -0.256790
   -0.256924
   -0.256822
   -0.256879
   -0.256869
   -0.256822
   -0.256952
   -0.256739
   -0.256985
   -0.256725
   -0.256999
   -0.256706
   -0.257033
   -0.256657
   -0.257151
   -0.257265
   -0.257145
   -0.257281
   -0.257107
   -0.257336
   -0.257051
   -0.257403
   -0.256955
   -0.257498
   -0.256917
   -0.257513
   -0.256902
   -0.257533
   -0.256866
   -0.257586
   -0.256792
   -0.256936
   -0.256801
   -0.256912
   -0.256853
   -0.256841
   -0.256923
   -0.256760
   -0.257037
   -0.256645
   -0.257086
   -0.256624
   -0.257108
   -0.256598
   -0.257152
   -0.256534
   -0.257147
   -0.257264
   -0.257135
   -0.257296
   -0.257069
   -0.257382
   -0.256985
   -0.257482
   -0.256848
   -0.257622
   -0.256779
   -0.257659
   -0.256743
   -0.257698
   -0.256684
   -0.257778
   -0.256793
   -0.256940
   -0.256806
   -0.256902
   -0.256885
   -0.256802
   -0.256982
   -0.256686
   -0.257142
   -0.256519
   -0.257230
   -0.256469
   -0.257279
   -0.256417
   -0.257351
   -0.256322
   -0.257146
   -0.257259
   -0.257132
   -0.257302
   -0.257043
   -0.257416
   -0.256933
   -0.257548
   -0.256748
   -0.257744
   -0.256641
   -0.257807
   -0.256580
   -0.257869
   -0.256497
   -0.257974
