   -0.272309
   -0.280071
   -0.281172
   -0.247828
   -0.240237
   -0.224324
   -0.075880
   -0.256416
   -0.087874
   -0.269144
   -0.278967
   -0.278833
   -0.230762
   -0.226394
   -0.080799
   -0.196168
   -0.292471
   -0.274906
   -0.258083
   -0.214328
   -0.270796
   -0.095473
   -0.195890
   -0.265747
   -0.109113
   -0.255662
   -0.282722
   -0.269059
   -0.218387
   -0.205677
   -0.067667
   -0.144557
   -0.281945
   -0.279154
   -0.216819
   -0.274988
   -0.153475
   -0.188602
   -0.213275
   -0.270726
   -0.114344
   -0.272180
   -0.292899
   -0.249827
   -0.250113
   -0.104820
   -0.190871
   -0.128084
   -0.276550
   -0.226374
   -0.245967
   -0.247688
   -0.117257
   -0.277982
   -0.223169
   -0.274209
   -0.099448
   -0.266024
   -0.276165
   -0.227518
   -0.284729
   -0.041740
   -0.258198
   -0.113095
   -0.246153
   -0.222894
   -0.281526
   -0.116101
   -0.248874
   -0.268586
   -0.217543
   -0.269522
   -0.110076
   -0.269043
   -0.267696
   -0.246123
   -0.217264
   -0.116450
   -0.276109
   -0.100569
   -0.222155
   -0.265379
   -0.212108
   -0.169065
   -0.264226
   -0.276142
   -0.218843
   -0.276978
   -0.099350
   -0.273644
   -0.229626
   -0.282829
   -0.134561
   -0.204079
   -0.273266
   -0.118267
   -0.220541
   -0.265453
   -0.099431
   -0.256751
   -0.271629
   -0.276334
   -0.236654
   -0.282125
   -0.101786
   -0.261140
   -0.239389
   -0.257889
   -0.123906
   -0.257798
   -0.258876
   -0.172221
   -0.192410
   -0.111045
   -0.211641
   -0.274807
   -0.271443
   -0.274681
   -0.236226
   -0.275894
   -0.113362
   -0.231020
   -0.279768
   -0.170062
   -0.201224
   -0.252402
   -0.253574
   -0.224198
   -0.182413
   -0.084955
   -0.263125
   -0.279052
   -0.281227
   -0.266875
   -0.238518
   -0.276755
   -0.119520
   -0.220928
   -0.284891
   -0.125675
   -0.258649
   -0.255459
   -0.248916
   -0.255869
   -0.045751
   -0.172848
   -0.262340
   -0.272590
   -0.270783
   -0.254098
   -0.245892
   -0.280798
   -0.090408
   -0.251930
   -0.241341
   -0.147033
   -0.283612
   -0.278798
   -0.236157
   -0.278794
    0.026749
   -0.187686
   -0.241754
   -0.278665
   -0.280831
   -0.243950
   -0.253091
   -0.277517
   -0.065908
   -0.281988
   -0.155923
   -0.220838
   -0.297185
   -0.268933
   -0.235468
   -0.282132
   -0.004541
   -0.160933
   -0.202698
   -0.268446
   -0.252573
   -0.244209
   -0.261404
   -0.215693
   -0.121789
   -0.259609
   -0.115308
   -0.279673
   -0.280997
   -0.274886
   -0.238495
   -0.286475
   -0.033073
   -0.147404
   -0.223801
   -0.258436
   -0.281712
   -0.240582
   -0.270035
   -0.200837
   -0.132636
   -0.183027
   -0.174142
   -0.287536
   -0.280923
   -0.278307
   -0.240953
   -0.266257
    0.013430
   -0.004753
   -0.172179
   -0.225110
   -0.274518
   -0.232131
   -0.197048
   -0.209547
   -0.125167
   -0.122350
   -0.246256
   -0.287142
   -0.276687
   -0.277864
   -0.242569
   -0.253341
   -0.023878
    0.106076
   -0.049030
   -0.173590
   -0.266286
   -0.207606
   -0.126990
   -0.216972
   -0.103641
   -0.137555
   -0.275948
   -0.282379
   -0.278650
   -0.281035
   -0.244893
   -0.249824
   -0.036879
    0.069964
    0.037193
   -0.155557
   -0.234827
   -0.170114
   -0.086560
   -0.193683
   -0.085949
   -0.214627
   -0.275878
   -0.280585
   -0.283993
   -0.281168
   -0.244370
   -0.252608
   -0.308193
   -0.299299
   -0.323070
   -0.235346
   -0.201112
   -0.298974
   -0.140457
   -0.298798
   -0.293139
   -0.343297
   -0.330515
   -0.278896
   -0.187971
   -0.172249
   -0.278749
   -0.329061
   -0.278680
   -0.300299
   -0.293836
   -0.162140
   -0.305429
   -0.264413
   -0.185642
   -0.311225
   -0.283001
   -0.339555
   -0.296809
   -0.271145
   -0.146538
   -0.150615
   -0.293750
   -0.311041
   -0.274146
   -0.312413
   -0.148835
   -0.317343
   -0.255341
   -0.299189
   -0.168280
   -0.312241
   -0.294914
   -0.336998
   -0.322372
   -0.195872
   -0.225924
   -0.127357
   -0.317133
   -0.313612
   -0.252013
   -0.157543
   -0.243338
   -0.333922
   -0.248311
   -0.344755
   -0.164479
   -0.330193
   -0.282062
   -0.287014
   -0.334840
   -0.118679
   -0.329658
   -0.113840
   -0.326369
   -0.306865
   -0.199778
   -0.086726
   -0.324822
   -0.295321
   -0.302862
   -0.322456
   -0.182446
   -0.332380
   -0.276644
   -0.304525
   -0.274655
   -0.211311
   -0.315759
   -0.161671
   -0.320411
   -0.297058
   -0.064409
   -0.206293
   -0.292405
   -0.306859
   -0.297394
   -0.331466
   -0.158550
   -0.337858
   -0.239244
   -0.344137
   -0.190420
   -0.307613
   -0.288232
   -0.198888
   -0.306621
   -0.298483
   -0.044299
   -0.258698
   -0.229910
   -0.332551
   -0.286036
   -0.331500
   -0.196205
   -0.325226
   -0.240346
   -0.300203
   -0.215490
   -0.316202
   -0.271675
   -0.246550
   -0.278940
   -0.319924
   -0.044552
   -0.174316
   -0.274593
   -0.317659
   -0.295833
   -0.315430
   -0.202261
   -0.288722
   -0.291187
   -0.198555
   -0.312275
   -0.282950
   -0.291648
   -0.273846
   -0.262430
   -0.337319
   -0.170688
   -0.142100
   -0.275098
   -0.277755
   -0.321903
   -0.301674
   -0.198264
   -0.302790
   -0.283762
   -0.193840
   -0.348929
   -0.288983
   -0.319665
   -0.292463
   -0.251825
   -0.344171
   -0.056772
   -0.022152
   -0.241915
   -0.262515
   -0.320370
   -0.272177
   -0.177886
   -0.350978
   -0.185344
   -0.279348
   -0.340877
   -0.297620
   -0.323958
   -0.328956
   -0.219766
   -0.334874
    0.031039
   -0.047983
   -0.123361
   -0.265068
   -0.313798
   -0.242008
   -0.222112
   -0.336656
   -0.137735
   -0.338333
   -0.301320
   -0.309933
   -0.313378
   -0.334817
   -0.214263
   -0.332441
   -0.043613
   -0.044708
   -0.022326
   -0.245693
   -0.271158
   -0.187279
   -0.272704
   -0.228773
   -0.227913
   -0.337785
   -0.283638
   -0.339386
   -0.299004
   -0.343345
   -0.222657
   -0.355604
   -0.135867
   -0.040303
   -0.099221
   -0.237395
   -0.304066
   -0.188336
   -0.277747
   -0.183080
   -0.277995
   -0.322257
   -0.313400
   -0.346448
   -0.306569
   -0.338682
   -0.215115
   -0.326309
   -0.189599
    0.017054
   -0.011921
   -0.133591
   -0.273942
   -0.188870
   -0.197372
   -0.221312
   -0.264194
   -0.280856
   -0.335402
   -0.347128
   -0.302288
   -0.335970
   -0.218865
   -0.298149
   -0.258214
   -0.037925
   -0.000329
    0.051707
   -0.215227
   -0.099889
   -0.150811
   -0.254256
   -0.221665
   -0.253703
   -0.328255
   -0.356353
   -0.295623
   -0.345415
   -0.232448
   -0.274170
   -0.261229
   -0.114710
   -0.006913
   -0.001070
   -0.125794
   -0.077742
   -0.167112
   -0.207748
   -0.176151
   -0.274744
   -0.313493
   -0.353897
   -0.301052
   -0.345453
   -0.245781
   -0.259464
   -0.238404
   -0.187882
   -0.235991
   -0.254339
   -0.216106
   -0.253870
   -0.292166
   -0.336096
   -0.351077
   -0.279402
   -0.258540
   -0.097042
   -0.279949
   -0.306846
   -0.353430
   -0.359870
   -0.069646
   -0.092897
   -0.253849
   -0.242478
   -0.218494
   -0.275651
   -0.299752
   -0.344794
   -0.296209
   -0.297360
   -0.153545
   -0.156514
   -0.273293
   -0.283190
   -0.360227
   -0.363880
   -0.094380
   -0.179339
   -0.190936
   -0.297315
   -0.189339
   -0.300017
   -0.290435
   -0.329977
   -0.286749
   -0.274743
   -0.201979
   -0.154124
   -0.277913
   -0.302175
   -0.353148
   -0.366327
   -0.056310
   -0.016875
   -0.230914
   -0.278565
   -0.196574
   -0.322681
   -0.298678
   -0.282071
   -0.342041
   -0.153214
   -0.306945
   -0.144207
   -0.287759
   -0.297051
   -0.348055
   -0.353423
   -0.051955
    0.075095
   -0.228573
   -0.265922
   -0.181630
   -0.312032
   -0.281932
   -0.307964
   -0.268288
   -0.217418
   -0.294148
   -0.209854
   -0.292648
   -0.303827
   -0.344130
   -0.351266
    0.016769
    0.025275
   -0.171425
   -0.240673
   -0.148070
   -0.329937
   -0.233070
   -0.333251
   -0.184955
   -0.309030
   -0.266397
   -0.244777
   -0.288889
   -0.307372
   -0.342571
   -0.348887
    0.000983
   -0.058617
   -0.101104
   -0.232236
   -0.130122
   -0.311026
   -0.270407
   -0.283506
   -0.214799
   -0.329916
   -0.272466
   -0.260303
   -0.263319
   -0.327123
   -0.335695
   -0.353554
   -0.108984
   -0.044359
   -0.110432
   -0.171604
   -0.173999
   -0.286582
   -0.310207
   -0.192459
   -0.320811
   -0.291730
   -0.311535
   -0.280143
   -0.255979
   -0.336580
   -0.327713
   -0.356446
   -0.265302
   -0.196163
   -0.133662
   -0.132841
   -0.192833
   -0.284716
   -0.246252
   -0.217927
   -0.342854
   -0.295043
   -0.332943
   -0.303851
   -0.264132
   -0.338702
   -0.319098
   -0.357695
   -0.236978
    0.043673
   -0.063538
   -0.016774
   -0.206068
   -0.230849
   -0.148570
   -0.316617
   -0.317083
   -0.312835
   -0.329820
   -0.327141
   -0.242055
   -0.341495
   -0.312492
   -0.344861
   -0.143652
   -0.076665
    0.029162
   -0.028175
   -0.154316
   -0.167065
   -0.187534
   -0.346298
   -0.301324
   -0.338674
   -0.301787
   -0.320904
   -0.227280
   -0.344365
   -0.322988
   -0.345628
   -0.198486
   -0.161505
   -0.003809
   -0.040508
   -0.082225
   -0.073811
   -0.249763
   -0.306205
   -0.325505
   -0.335311
   -0.297553
   -0.326760
   -0.220755
   -0.352480
   -0.320698
   -0.359001
   -0.234953
   -0.205007
   -0.051885
   -0.092036
   -0.132885
   -0.116922
   -0.277645
   -0.282053
   -0.346064
   -0.336483
   -0.314697
   -0.338505
   -0.212076
   -0.343834
   -0.312919
   -0.345222
   -0.290184
   -0.178124
   -0.110765
   -0.066390
   -0.105846
   -0.131787
   -0.227613
   -0.293480
   -0.335338
   -0.293433
   -0.307116
   -0.333161
   -0.196911
   -0.340915
   -0.302419
   -0.332758
   -0.303920
   -0.248186
   -0.196353
   -0.018355
   -0.087452
    0.065771
   -0.172177
   -0.239676
   -0.322278
   -0.225613
   -0.257737
   -0.312683
   -0.188488
   -0.338962
   -0.311300
   -0.328862
   -0.293447
   -0.280008
   -0.193176
   -0.105632
   -0.079956
    0.062167
   -0.115810
   -0.220261
   -0.285317
   -0.161598
   -0.207720
   -0.289136
   -0.181695
   -0.339075
   -0.320438
   -0.323985
   -0.276894
   -0.206500
   -0.207275
   -0.166841
   -0.276104
   -0.313367
   -0.332682
   -0.296323
   -0.271669
   -0.123772
   -0.227342
   -0.262961
   -0.347799
   -0.358055
   -0.362819
   -0.360848
   -0.059899
    0.093563
   -0.037710
   -0.116713
   -0.222097
   -0.322093
   -0.307009
   -0.330744
   -0.152332
   -0.219417
   -0.201393
   -0.282068
   -0.330577
   -0.359478
   -0.368694
   -0.359886
   -0.174472
   -0.041181
   -0.063193
   -0.151941
   -0.232775
   -0.295666
   -0.283927
   -0.315344
   -0.139175
   -0.269056
   -0.194885
   -0.284812
   -0.354187
   -0.359931
   -0.355139
   -0.359127
   -0.151662
   -0.016099
   -0.063282
   -0.086059
   -0.209590
   -0.283054
   -0.336809
   -0.177667
   -0.276113
   -0.243531
   -0.246145
   -0.305529
   -0.333448
   -0.346362
   -0.350350
   -0.353893
   -0.194543
   -0.005764
   -0.105345
   -0.046331
   -0.178071
   -0.261147
   -0.260965
   -0.222594
   -0.268829
   -0.267159
   -0.250052
   -0.314463
   -0.335159
   -0.349336
   -0.349590
   -0.353684
   -0.199586
   -0.124222
   -0.082612
   -0.010008
   -0.123703
   -0.262911
   -0.144664
   -0.290413
   -0.257168
   -0.283993
   -0.232713
   -0.317921
   -0.336772
   -0.349395
   -0.351208
   -0.351248
   -0.249144
   -0.175379
   -0.082760
   -0.016981
   -0.045990
   -0.154945
   -0.177663
   -0.312077
   -0.275769
   -0.296069
   -0.229523
   -0.316403
   -0.329390
   -0.348331
   -0.355474
   -0.352567
   -0.272929
   -0.185392
   -0.102044
    0.016873
   -0.048935
   -0.102152
   -0.284069
   -0.281534
   -0.318845
   -0.307906
   -0.258968
   -0.326696
   -0.324516
   -0.353020
   -0.354205
   -0.353010
   -0.314067
   -0.157490
   -0.170859
   -0.210266
   -0.107758
   -0.142758
   -0.243407
   -0.256863
   -0.329579
   -0.322060
   -0.280929
   -0.329583
   -0.322598
   -0.356335
   -0.348433
   -0.352843
   -0.311461
   -0.045065
   -0.183516
    0.016055
   -0.098321
    0.009020
   -0.205969
   -0.270047
   -0.325272
   -0.319856
   -0.263285
   -0.343054
   -0.314058
   -0.350913
   -0.345225
   -0.351005
   -0.135839
   -0.020715
   -0.164741
   -0.014514
   -0.030800
    0.032590
   -0.137870
   -0.277983
   -0.322104
   -0.317766
   -0.229509
   -0.350894
   -0.308859
   -0.337206
   -0.351100
   -0.352541
   -0.143331
   -0.156303
   -0.162213
   -0.131552
   -0.012503
    0.011913
   -0.061730
   -0.237588
   -0.286664
   -0.299317
   -0.226400
   -0.334335
   -0.312127
   -0.346629
   -0.357260
   -0.356440
   -0.188431
   -0.184499
   -0.120535
   -0.239213
   -0.092389
   -0.073920
   -0.149057
   -0.248017
   -0.296933
   -0.301704
   -0.221838
   -0.344251
   -0.305643
   -0.346018
   -0.357215
   -0.346629
   -0.234051
   -0.147700
   -0.215338
   -0.271427
   -0.160477
   -0.051456
   -0.042163
   -0.203408
   -0.275046
   -0.289467
   -0.220295
   -0.322470
   -0.300400
   -0.356304
   -0.340179
   -0.345466
   -0.210954
   -0.198261
   -0.309250
   -0.280036
   -0.242303
    0.008634
   -0.016533
   -0.003312
   -0.251262
   -0.207095
   -0.193523
   -0.222419
   -0.273588
   -0.303742
   -0.348321
   -0.345645
   -0.187875
   -0.293673
   -0.310264
   -0.291037
   -0.274411
   -0.043630
   -0.022614
    0.015694
   -0.202847
   -0.161239
   -0.181134
   -0.131134
   -0.242631
   -0.301877
   -0.337978
   -0.354343
   -0.311163
   -0.170218
   -0.312019
   -0.254169
   -0.216265
   -0.286880
   -0.267391
   -0.177604
   -0.143841
   -0.278171
   -0.317271
   -0.351811
   -0.358361
   -0.359055
   -0.356977
   -0.360037
   -0.219945
   -0.103022
   -0.076974
    0.038277
   -0.042733
   -0.246259
   -0.141508
   -0.247042
   -0.147322
   -0.313050
   -0.319769
   -0.342514
   -0.335421
   -0.363197
   -0.375511
   -0.357345
   -0.202408
   -0.210688
   -0.226850
   -0.079996
   -0.056859
   -0.184382
   -0.120285
   -0.306926
   -0.126048
   -0.344200
   -0.323771
   -0.348751
   -0.369620
   -0.365768
   -0.358848
   -0.354809
   -0.158570
   -0.241269
   -0.238979
    0.005710
   -0.050971
   -0.076004
   -0.238318
   -0.229637
   -0.187316
   -0.332773
   -0.323756
   -0.359094
   -0.351953
   -0.347552
   -0.357312
   -0.355896
   -0.167272
   -0.270918
   -0.232996
   -0.034698
   -0.071236
   -0.074530
   -0.220366
   -0.191427
   -0.187805
   -0.332863
   -0.319074
   -0.360035
   -0.360018
   -0.351391
   -0.353637
   -0.355769
   -0.190041
   -0.284451
   -0.231980
   -0.126689
   -0.095642
   -0.054783
   -0.133339
   -0.193099
   -0.184513
   -0.329248
   -0.315684
   -0.360465
   -0.364893
   -0.351423
   -0.348395
   -0.354975
   -0.260378
   -0.267208
   -0.284359
   -0.097867
   -0.078108
   -0.017729
   -0.037967
   -0.219414
   -0.186628
   -0.338180
   -0.308711
   -0.344991
   -0.356221
   -0.348627
   -0.350150
   -0.351259
   -0.265779
   -0.305762
   -0.231372
   -0.151673
   -0.074762
    0.011587
   -0.140905
   -0.184284
   -0.216450
   -0.340490
   -0.323743
   -0.342467
   -0.353873
   -0.352297
   -0.357272
   -0.349452
   -0.277781
   -0.253293
   -0.170117
   -0.274273
   -0.263871
   -0.159882
   -0.078948
   -0.182748
   -0.227051
   -0.313153
   -0.326582
   -0.352163
   -0.356155
   -0.351640
   -0.353736
   -0.346965
   -0.301250
   -0.132531
   -0.243756
   -0.180403
   -0.223038
    0.040202
   -0.065609
   -0.048304
   -0.184181
   -0.273561
   -0.316386
   -0.358462
   -0.352759
   -0.358010
   -0.349810
   -0.343798
   -0.184769
   -0.083694
   -0.169264
   -0.077942
   -0.184313
   -0.010453
    0.014939
   -0.034645
   -0.127387
   -0.250430
   -0.296729
   -0.348066
   -0.345510
   -0.345818
   -0.347128
   -0.347803
   -0.079502
   -0.184763
   -0.225412
   -0.261858
   -0.210375
   -0.128365
    0.017087
    0.002854
   -0.063366
   -0.242391
   -0.271845
   -0.341759
   -0.355164
   -0.334736
   -0.366474
   -0.351395
   -0.147024
   -0.254541
   -0.246357
   -0.285224
   -0.246760
   -0.194973
   -0.048375
   -0.076867
   -0.131189
   -0.252296
   -0.273097
   -0.346504
   -0.340054
   -0.352020
   -0.342001
   -0.341375
   -0.283512
   -0.283150
   -0.305927
   -0.331687
   -0.299272
   -0.209139
   -0.054768
   -0.042166
   -0.047442
   -0.230005
   -0.240027
   -0.340026
   -0.343405
   -0.333202
   -0.351886
   -0.349966
   -0.287776
   -0.300282
   -0.331066
   -0.343067
   -0.330303
   -0.209699
   -0.174929
    0.021047
   -0.034953
   -0.035401
   -0.207619
   -0.252736
   -0.323739
   -0.224794
   -0.350099
   -0.316407
   -0.287078
   -0.331122
   -0.337468
   -0.341934
   -0.341806
   -0.231744
   -0.211582
   -0.025433
   -0.071744
    0.017544
   -0.192528
   -0.222338
   -0.301858
   -0.162275
   -0.309491
   -0.318847
   -0.349695
   -0.293818
   -0.363910
   -0.285992
   -0.287131
   -0.137182
   -0.150218
   -0.253121
   -0.259954
   -0.337536
   -0.356314
   -0.353229
   -0.372087
   -0.345333
   -0.357120
   -0.353865
   -0.321391
   -0.293120
   -0.255032
   -0.212618
   -0.047391
   -0.074594
   -0.036763
   -0.190801
   -0.215288
   -0.334065
   -0.349095
   -0.348568
   -0.345563
   -0.366763
   -0.366549
   -0.360541
   -0.308243
   -0.322269
   -0.295702
   -0.243979
   -0.089270
   -0.113912
   -0.056288
   -0.214841
   -0.207047
   -0.331022
   -0.361474
   -0.353799
   -0.358216
   -0.361540
   -0.363783
   -0.356273
   -0.275809
   -0.298792
   -0.327173
   -0.102902
   -0.197143
   -0.074834
   -0.084028
   -0.088085
   -0.196826
   -0.287273
   -0.347665
   -0.364637
   -0.343040
   -0.347986
   -0.363688
   -0.352395
   -0.238128
   -0.352524
   -0.219877
   -0.215632
   -0.208670
   -0.063371
   -0.098252
    0.036617
   -0.171775
   -0.252501
   -0.336562
   -0.355324
   -0.356242
   -0.354192
   -0.357090
   -0.354975
   -0.252589
   -0.297988
   -0.216553
   -0.305668
   -0.233874
   -0.161186
   -0.090747
    0.014191
   -0.111177
   -0.260101
   -0.320582
   -0.351121
   -0.354991
   -0.358586
   -0.353507
   -0.355037
   -0.242007
   -0.166264
   -0.347979
   -0.281199
   -0.253554
   -0.190408
   -0.069108
   -0.049793
   -0.044901
   -0.251272
   -0.288940
   -0.347257
   -0.347360
   -0.350329
   -0.352213
   -0.352146
   -0.134826
   -0.266490
   -0.322920
   -0.311118
   -0.249144
   -0.215898
   -0.170068
   -0.023703
   -0.052167
   -0.219439
   -0.287321
   -0.342302
   -0.341238
   -0.356460
   -0.357283
   -0.353548
   -0.149443
   -0.269960
   -0.285682
   -0.268916
   -0.285103
   -0.221568
   -0.151906
   -0.199946
   -0.108267
   -0.201198
   -0.303100
   -0.325896
   -0.353209
   -0.337519
   -0.353282
   -0.346629
   -0.223104
   -0.238765
   -0.286481
   -0.216004
   -0.285462
   -0.112414
   -0.166943
    0.054155
   -0.020140
   -0.044341
   -0.247566
   -0.292186
   -0.349086
   -0.357684
   -0.359210
   -0.353115
   -0.177080
   -0.192557
   -0.207069
   -0.053514
   -0.140162
   -0.013075
   -0.107666
    0.020985
    0.051122
    0.014752
   -0.194348
   -0.258553
   -0.336628
   -0.346422
   -0.356783
   -0.350934
   -0.039171
   -0.203486
   -0.194270
   -0.163884
   -0.228907
   -0.141811
   -0.157785
   -0.119812
   -0.001246
   -0.019730
   -0.134320
   -0.263455
   -0.325517
   -0.344348
   -0.361183
   -0.351240
    0.009238
   -0.216591
   -0.236690
   -0.244580
   -0.260358
   -0.142700
   -0.204533
   -0.212068
   -0.025415
   -0.068002
   -0.175157
   -0.255653
   -0.321032
   -0.348753
   -0.344791
   -0.337525
   -0.280541
   -0.327871
   -0.314033
   -0.281980
   -0.325268
   -0.187691
   -0.254138
   -0.257201
   -0.012705
   -0.054774
   -0.030976
   -0.249455
   -0.271641
   -0.332559
   -0.352250
   -0.311790
   -0.317781
   -0.347885
   -0.317412
   -0.299039
   -0.329537
   -0.179409
   -0.314247
   -0.242424
   -0.118074
   -0.045725
    0.008480
   -0.133875
   -0.251494
   -0.289429
   -0.344638
   -0.258706
   -0.343604
   -0.327590
   -0.311414
   -0.309930
   -0.336107
   -0.185603
   -0.320794
   -0.267602
   -0.202519
   -0.023061
   -0.002010
   -0.090746
   -0.243658
   -0.255113
   -0.292084
   -0.202067
   -0.283556
   -0.290145
   -0.359090
   -0.144859
   -0.259903
   -0.193253
   -0.286004
   -0.321729
   -0.263975
   -0.334110
   -0.332026
   -0.348657
   -0.359816
   -0.349814
   -0.358105
   -0.346310
   -0.262963
   -0.284112
   -0.209175
   -0.237297
   -0.188305
   -0.196373
   -0.184551
   -0.052456
   -0.046558
   -0.202417
   -0.256004
   -0.338221
   -0.350313
   -0.356026
   -0.363094
   -0.366062
   -0.281740
   -0.243452
   -0.190773
   -0.323970
   -0.198386
   -0.265855
   -0.231648
   -0.111334
   -0.051656
   -0.173630
   -0.269209
   -0.327861
   -0.350607
   -0.361987
   -0.357675
   -0.356775
   -0.319443
   -0.210235
   -0.304957
   -0.283006
   -0.207116
   -0.256961
   -0.243318
   -0.050391
   -0.023336
   -0.063203
   -0.246303
   -0.273547
   -0.339704
   -0.357158
   -0.359577
   -0.348021
   -0.170113
   -0.328231
   -0.244294
   -0.335698
   -0.192828
   -0.271519
   -0.259803
   -0.025662
   -0.055866
    0.015699
   -0.234757
   -0.260313
   -0.348657
   -0.349687
   -0.353553
   -0.354141
   -0.145899
   -0.251111
   -0.252990
   -0.342425
   -0.203262
   -0.315259
   -0.283253
   -0.158338
   -0.029257
   -0.036985
   -0.162432
   -0.248848
   -0.311848
   -0.364274
   -0.358433
   -0.358405
   -0.041434
   -0.169791
   -0.289025
   -0.307285
   -0.244350
   -0.327866
   -0.279810
   -0.223887
    0.000730
   -0.022556
   -0.066524
   -0.262643
   -0.290216
   -0.349066
   -0.354897
   -0.350386
    0.015765
   -0.144180
   -0.276969
   -0.294554
   -0.240471
   -0.344504
   -0.298000
   -0.257344
   -0.042500
   -0.003008
   -0.035593
   -0.217997
   -0.270787
   -0.344661
   -0.344900
   -0.356506
    0.006362
   -0.091632
   -0.250924
   -0.216872
   -0.235825
   -0.278663
   -0.274784
   -0.300690
   -0.203548
   -0.236505
   -0.197066
   -0.248808
   -0.294637
   -0.324328
   -0.352100
   -0.337100
    0.005951
   -0.090552
   -0.244520
   -0.144630
   -0.242740
   -0.221328
   -0.320421
   -0.157926
   -0.173523
    0.023959
   -0.046057
   -0.059497
   -0.260956
   -0.287893
   -0.343733
   -0.359529
   -0.043051
   -0.016719
   -0.177808
   -0.054613
   -0.169495
   -0.070020
   -0.125972
   -0.049353
   -0.140484
    0.033424
    0.034033
    0.018777
   -0.212006
   -0.267398
   -0.350908
   -0.349231
    0.012602
   -0.027371
   -0.069682
   -0.068045
   -0.193897
   -0.152351
   -0.233973
   -0.263473
   -0.222253
   -0.085530
   -0.029223
   -0.023154
   -0.181280
   -0.276094
   -0.353037
   -0.354178
    0.093304
   -0.011115
   -0.035928
   -0.093226
   -0.251396
   -0.239546
   -0.251215
   -0.267957
   -0.237884
   -0.189897
   -0.025395
   -0.015817
   -0.184857
   -0.273414
   -0.333650
   -0.342944
   -0.258312
   -0.300574
   -0.277403
   -0.186763
   -0.318959
   -0.278693
   -0.338306
   -0.354321
   -0.255571
   -0.222733
    0.020265
   -0.033525
   -0.034834
   -0.268753
   -0.304847
   -0.321917
   -0.280336
   -0.323863
   -0.282323
   -0.221547
   -0.326838
   -0.285554
   -0.348940
   -0.330097
   -0.296129
   -0.266613
   -0.053936
   -0.073211
   -0.002528
   -0.215195
   -0.251074
   -0.314431
   -0.286809
   -0.324229
   -0.270556
   -0.234135
   -0.344090
   -0.292658
   -0.336384
   -0.337393
   -0.315451
   -0.273509
   -0.099155
   -0.040294
    0.015535
   -0.160935
   -0.243497
   -0.289164
   -0.039268
   -0.091398
   -0.262353
   -0.128975
   -0.318393
   -0.298841
   -0.340047
   -0.346602
   -0.313664
   -0.319266
   -0.251707
   -0.331781
   -0.337428
   -0.347454
   -0.353044
   -0.362507
   -0.002635
   -0.123695
   -0.183023
   -0.166791
   -0.302023
   -0.321639
   -0.312286
   -0.264949
   -0.143866
   -0.009907
   -0.029081
   -0.214651
   -0.255381
   -0.333827
   -0.350763
   -0.355855
   -0.099798
   -0.106569
   -0.136716
   -0.247795
   -0.310508
   -0.340598
   -0.342509
   -0.278067
   -0.230256
   -0.098320
   -0.068309
   -0.197308
   -0.250203
   -0.311975
   -0.350216
   -0.353033
   -0.306506
   -0.290381
   -0.217195
   -0.307993
   -0.302383
   -0.333131
   -0.346289
   -0.285695
   -0.231381
   -0.043972
   -0.052161
   -0.036386
   -0.237046
   -0.289780
   -0.352218
   -0.352329
   -0.231649
   -0.303860
   -0.148633
   -0.352399
   -0.290059
   -0.347232
   -0.334019
   -0.290728
   -0.251781
   -0.016812
   -0.064649
    0.018223
   -0.234181
   -0.256736
   -0.345581
   -0.343339
   -0.094695
   -0.082271
   -0.116254
   -0.250677
   -0.245982
   -0.350262
   -0.331722
   -0.318790
   -0.266947
   -0.179027
   -0.016195
    0.001444
   -0.164830
   -0.267108
   -0.321210
   -0.357191
    0.014438
   -0.011067
   -0.068636
   -0.229321
   -0.247851
   -0.339623
   -0.330019
   -0.353380
   -0.260435
   -0.201895
    0.021889
   -0.021562
   -0.081998
   -0.254057
   -0.318993
   -0.345055
    0.041526
    0.033540
   -0.046329
   -0.176144
   -0.246752
   -0.333937
   -0.335624
   -0.361192
   -0.274895
   -0.257316
    0.001263
   -0.002815
   -0.034153
   -0.229831
   -0.258619
   -0.346594
    0.062667
    0.063107
   -0.020670
   -0.105631
   -0.235256
   -0.283547
   -0.311505
   -0.301377
   -0.292877
   -0.291866
   -0.238425
   -0.232483
   -0.167342
   -0.263924
   -0.307034
   -0.335371
    0.103654
    0.060801
   -0.051841
   -0.068874
   -0.224125
   -0.248258
   -0.333530
   -0.224289
   -0.313012
   -0.180955
   -0.159588
    0.037136
   -0.023254
   -0.075391
   -0.234465
   -0.312014
    0.053869
    0.049777
   -0.032598
    0.023468
   -0.183652
   -0.172466
   -0.168044
   -0.084606
   -0.115411
   -0.080669
   -0.153860
    0.064690
    0.017901
   -0.013591
   -0.226535
   -0.292380
   -0.062611
   -0.029616
    0.005284
    0.016070
   -0.118125
   -0.195111
   -0.245986
   -0.200295
   -0.279829
   -0.231472
   -0.242082
   -0.050236
   -0.028521
   -0.036476
   -0.242517
   -0.295113
    0.047576
    0.021950
    0.045987
    0.011342
   -0.097350
   -0.239177
   -0.243860
   -0.270053
   -0.267767
   -0.266621
   -0.247748
   -0.117648
   -0.038702
   -0.038552
   -0.211652
   -0.252419
   -0.082401
   -0.187254
   -0.314733
   -0.290379
   -0.312981
   -0.316351
   -0.329808
   -0.342082
   -0.351056
   -0.330754
   -0.243153
   -0.167547
    0.004497
   -0.029298
   -0.103438
   -0.250674
   -0.199218
   -0.297139
   -0.308359
   -0.300602
   -0.325741
   -0.348655
   -0.352781
   -0.339024
   -0.344092
   -0.340664
   -0.276237
   -0.257051
   -0.044161
   -0.105519
   -0.000302
   -0.270416
   -0.186421
   -0.314240
   -0.310602
   -0.304313
   -0.333764
   -0.329426
   -0.338303
   -0.345714
   -0.329095
   -0.349817
   -0.294016
   -0.260972
   -0.056065
   -0.075693
    0.022852
   -0.214467
    0.022942
    0.006762
   -0.026649
   -0.102067
   -0.275599
   -0.292514
   -0.354304
   -0.347025
   -0.336190
   -0.335872
   -0.313396
   -0.354790
   -0.285833
   -0.336537
   -0.335604
   -0.363815
    0.072122
   -0.005196
   -0.011118
   -0.049379
   -0.276906
   -0.281138
   -0.343372
   -0.337986
   -0.315073
   -0.251453
   -0.190112
   -0.031670
   -0.028313
   -0.204178
   -0.252477
   -0.336694
    0.064367
   -0.010479
   -0.030000
   -0.091714
   -0.272318
   -0.278991
   -0.348178
   -0.341025
   -0.337781
   -0.271536
   -0.230856
   -0.100113
   -0.031077
   -0.146846
   -0.258892
   -0.293727
   -0.178046
   -0.280152
   -0.315974
   -0.332765
   -0.341065
   -0.336510
   -0.349650
   -0.360457
   -0.343725
   -0.275954
   -0.235120
   -0.008313
   -0.034429
   -0.045088
   -0.248418
   -0.280426
   -0.187091
   -0.310705
   -0.263900
   -0.350291
   -0.273657
   -0.346334
   -0.322908
   -0.369349
   -0.341642
   -0.280831
   -0.262640
   -0.004580
   -0.057832
    0.032665
   -0.232013
   -0.242789
   -0.141905
   -0.142492
   -0.084603
   -0.035472
   -0.109954
   -0.258657
   -0.276770
   -0.351880
   -0.344415
   -0.311550
   -0.264037
   -0.122058
   -0.017633
   -0.013893
   -0.200447
   -0.244274
    0.013520
    0.034798
    0.037013
   -0.008985
   -0.043322
   -0.242301
   -0.259181
   -0.359751
   -0.351803
   -0.330789
   -0.247476
   -0.170792
    0.011052
   -0.017815
   -0.123958
   -0.242535
    0.000764
    0.059574
    0.040333
    0.010977
   -0.039073
   -0.211279
   -0.266328
   -0.330505
   -0.347354
   -0.366297
   -0.265347
   -0.235023
   -0.007529
   -0.009651
   -0.011968
   -0.242478
    0.047983
    0.075680
    0.054633
    0.020534
   -0.016813
   -0.149616
   -0.256266
   -0.292716
   -0.325139
   -0.304958
   -0.287315
   -0.295312
   -0.231616
   -0.260973
   -0.211633
   -0.306851
    0.079494
    0.076843
    0.033704
    0.019135
   -0.026619
   -0.108456
   -0.266582
   -0.224067
   -0.317252
   -0.256526
   -0.299363
   -0.177291
   -0.105446
    0.056639
    0.019090
   -0.144172
    0.061686
    0.032407
    0.056176
    0.056438
   -0.024489
   -0.027593
   -0.214265
   -0.175868
   -0.147107
   -0.114972
   -0.106777
   -0.119441
   -0.138274
    0.059538
    0.027030
   -0.083193
   -0.024887
   -0.077720
   -0.087911
   -0.034623
   -0.006134
   -0.018456
   -0.166290
   -0.206783
   -0.231870
   -0.180030
   -0.293341
   -0.224333
   -0.223979
   -0.030472
   -0.063315
   -0.093882
   -0.223025
   -0.107793
    0.015028
    0.039014
    0.030822
   -0.019003
   -0.134730
   -0.242738
   -0.256537
   -0.277838
   -0.280358
   -0.247912
   -0.237996
   -0.073993
   -0.042807
    0.016407
    0.008335
   -0.043362
   -0.200697
   -0.284923
   -0.322536
   -0.330960
   -0.327130
   -0.334480
   -0.342802
   -0.337405
   -0.341036
   -0.304754
   -0.241714
   -0.103700
   -0.000220
   -0.006286
   -0.232475
   -0.301259
   -0.328842
   -0.322458
   -0.328384
   -0.359202
   -0.337951
   -0.350943
   -0.359097
   -0.337375
   -0.341392
   -0.337194
   -0.281885
   -0.222501
    0.002109
   -0.125805
   -0.270476
   -0.318268
   -0.316383
   -0.347148
   -0.343589
   -0.338633
   -0.335261
   -0.349931
   -0.334297
   -0.339327
   -0.343477
   -0.352314
   -0.286774
   -0.262106
    0.030519
   -0.002439
    0.014492
    0.042603
    0.048721
    0.001912
   -0.042357
   -0.137867
   -0.273634
   -0.289118
   -0.339900
   -0.336631
   -0.356912
   -0.348205
   -0.317847
   -0.350559
   -0.303032
   -0.341694
    0.033524
    0.037115
    0.037388
    0.020454
   -0.051269
   -0.087662
   -0.262487
   -0.265447
   -0.347836
   -0.343876
   -0.331104
   -0.242943
   -0.208793
   -0.052490
   -0.020373
   -0.206396
    0.062189
    0.032413
    0.040880
   -0.000633
   -0.072071
   -0.090582
   -0.268042
   -0.279899
   -0.344662
   -0.351912
   -0.346287
   -0.267914
   -0.212471
   -0.092667
   -0.033371
   -0.113646
   -0.135941
   -0.237195
   -0.309070
   -0.330131
   -0.361933
   -0.339731
   -0.350059
   -0.344485
   -0.343421
   -0.354271
   -0.336775
   -0.262523
   -0.230229
   -0.016582
   -0.030287
   -0.040769
   -0.280244
   -0.332269
   -0.301305
   -0.352046
   -0.318922
   -0.333816
   -0.265604
   -0.358279
   -0.331216
   -0.351682
   -0.337128
   -0.275684
   -0.271436
    0.009115
   -0.039126
    0.040234
   -0.280292
   -0.270887
   -0.186963
   -0.106215
   -0.070622
   -0.032866
   -0.080565
   -0.258346
   -0.289391
   -0.336707
   -0.347664
   -0.296100
   -0.261830
   -0.109602
   -0.034452
    0.039833
    0.005953
    0.040247
    0.046852
    0.060229
    0.041182
   -0.031658
   -0.039488
   -0.258164
   -0.277536
   -0.337965
   -0.345006
   -0.325153
   -0.253981
   -0.152602
    0.022882
    0.038020
   -0.002962
    0.034917
    0.052820
    0.078592
    0.056604
   -0.004879
   -0.017707
   -0.204871
   -0.271265
   -0.341911
   -0.346126
   -0.353463
   -0.258926
   -0.234057
    0.010478
    0.028032
    0.047953
    0.052811
    0.061844
    0.073761
    0.069317
   -0.013112
   -0.013107
   -0.167461
   -0.266969
   -0.301875
   -0.311273
   -0.314359
   -0.296428
   -0.307752
   -0.196145
   -0.267990
    0.064840
    0.061694
    0.060303
    0.051547
    0.055755
    0.022086
   -0.023177
   -0.106787
   -0.270653
   -0.249160
   -0.313018
   -0.255746
   -0.281050
   -0.162509
   -0.043614
    0.004927
    0.065647
    0.059295
    0.075852
    0.059551
    0.074659
    0.045903
   -0.056314
   -0.050557
   -0.215675
   -0.171802
   -0.144106
   -0.137770
   -0.099598
   -0.101854
   -0.107492
    0.020895
    0.055804
    0.005297
   -0.049297
   -0.120258
   -0.102471
   -0.004808
   -0.027058
   -0.042512
   -0.180059
   -0.181693
   -0.226502
   -0.194821
   -0.297092
   -0.193372
   -0.180182
   -0.058052
   -0.306430
   -0.287780
   -0.194228
   -0.056033
    0.035976
    0.053570
   -0.021392
   -0.026669
   -0.178544
   -0.252868
   -0.266479
   -0.267046
   -0.273126
   -0.208273
   -0.207800
   -0.022117
   -0.097362
   -0.006324
   -0.031632
   -0.119433
   -0.223073
   -0.309516
   -0.331256
   -0.334642
   -0.313919
   -0.328847
   -0.340860
   -0.326505
   -0.332775
   -0.247517
   -0.215114
   -0.035524
   -0.076343
   -0.198475
   -0.320081
   -0.333182
   -0.323023
   -0.342801
   -0.340495
   -0.344465
   -0.342559
   -0.343526
   -0.356776
   -0.336075
   -0.341337
   -0.284417
   -0.263407
   -0.098999
   -0.268405
   -0.302429
   -0.318423
   -0.345410
   -0.346912
   -0.344241
   -0.344826
   -0.346162
   -0.326876
   -0.336751
   -0.338967
   -0.358113
   -0.322419
   -0.317539
   -0.253537
   -0.094044
    0.025022
    0.048955
    0.058909
    0.039561
    0.012774
    0.007087
   -0.028381
   -0.116035
   -0.265890
   -0.295456
   -0.349801
   -0.337947
   -0.355643
   -0.351526
   -0.335689
   -0.290072
    0.036120
    0.040214
    0.037075
    0.049546
    0.045996
    0.028983
   -0.034733
   -0.060721
   -0.253466
   -0.274763
   -0.357979
   -0.330934
   -0.337174
   -0.265385
   -0.210408
   -0.035680
    0.048005
    0.030809
    0.053597
    0.031284
    0.023835
    0.019586
   -0.084930
   -0.080206
   -0.258514
   -0.292634
   -0.358275
   -0.337945
   -0.334593
   -0.277696
   -0.192663
   -0.059261
   -0.046413
   -0.127907
   -0.204365
   -0.276205
   -0.326930
   -0.336259
   -0.341978
   -0.332735
   -0.366331
   -0.339185
   -0.346475
   -0.352525
   -0.340310
   -0.262712
   -0.180411
   -0.004275
   -0.325404
   -0.351918
   -0.328213
   -0.330143
   -0.328863
   -0.335712
   -0.304817
   -0.325325
   -0.286944
   -0.347342
   -0.334900
   -0.342273
   -0.348178
   -0.258407
   -0.209640
    0.020522
   -0.316784
   -0.334077
   -0.285613
   -0.246761
   -0.170566
   -0.081172
   -0.046944
   -0.038558
   -0.111360
   -0.251815
   -0.302162
   -0.337393
   -0.348873
   -0.252439
   -0.237560
   -0.016085
   -0.069159
   -0.003592
    0.042364
    0.052715
    0.042795
    0.029096
    0.015648
   -0.018062
   -0.052639
   -0.265462
   -0.290967
   -0.339218
   -0.342038
   -0.258214
   -0.235526
   -0.031142
    0.028540
    0.046020
    0.051661
    0.064281
    0.066850
    0.056752
    0.044018
    0.005419
   -0.027645
   -0.231451
   -0.282307
   -0.352640
   -0.319060
   -0.300268
   -0.241879
   -0.091650
    0.057078
    0.049742
    0.045498
    0.066974
    0.064707
    0.044877
    0.056477
   -0.005828
   -0.029010
   -0.188555
   -0.273154
   -0.333018
   -0.302266
   -0.304427
   -0.231299
   -0.213304
    0.063939
    0.062316
    0.056339
    0.045147
    0.040165
    0.042783
    0.051889
    0.033415
   -0.044152
   -0.155659
   -0.278541
   -0.261869
   -0.281528
   -0.251080
   -0.145062
   -0.173317
    0.071816
    0.080905
    0.074829
    0.063279
    0.060330
    0.058042
    0.049216
    0.021353
   -0.050185
   -0.056794
   -0.219379
   -0.194370
   -0.104299
   -0.148091
   -0.045882
   -0.147205
    0.083688
    0.055445
    0.031074
   -0.050684
   -0.089141
   -0.108512
   -0.083454
   -0.020944
   -0.031514
   -0.024289
   -0.193897
   -0.198949
   -0.227525
   -0.154003
   -0.148427
   -0.221826
   -0.241028
   -0.300884
   -0.306900
   -0.262579
   -0.141582
   -0.014760
    0.017255
    0.050151
   -0.021886
   -0.041433
   -0.186855
   -0.240337
   -0.280489
   -0.162773
   -0.209279
   -0.227343
   -0.266558
   -0.158109
   -0.066705
   -0.020569
   -0.055486
   -0.150974
   -0.246748
   -0.318878
   -0.318569
   -0.316298
   -0.313294
   -0.273574
   -0.339745
   -0.188975
   -0.290991
   -0.263243
    0.004208
   -0.035088
   -0.148843
   -0.263186
   -0.312208
   -0.345316
   -0.345487
   -0.329655
   -0.335449
   -0.333842
   -0.309550
   -0.322933
   -0.327734
   -0.193991
   -0.332482
   -0.276543
   -0.123250
   -0.229222
   -0.265860
   -0.321107
   -0.340944
   -0.346676
   -0.343264
   -0.348385
   -0.330707
   -0.343128
   -0.275731
   -0.356294
   -0.272976
   -0.228194
   -0.346700
   -0.297370
    0.020963
    0.040699
    0.064635
    0.056587
    0.046597
    0.054587
    0.038338
    0.006717
   -0.026974
   -0.115580
   -0.275327
   -0.294338
   -0.346364
   -0.291643
   -0.351339
   -0.116343
    0.039577
    0.047500
    0.051043
    0.070061
    0.066513
    0.053170
    0.044623
    0.031245
   -0.025104
   -0.059992
   -0.258260
   -0.275562
   -0.347802
   -0.295115
   -0.306608
   -0.078121
    0.043284
    0.034011
    0.045098
    0.040481
    0.049997
    0.047981
    0.032932
    0.012776
   -0.067641
   -0.067226
   -0.255771
   -0.276789
   -0.317541
   -0.318624
   -0.254254
   -0.186293
    0.041454
    0.000350
   -0.059872
   -0.134548
   -0.206825
   -0.265184
   -0.300386
   -0.329916
   -0.364895
   -0.345409
   -0.348790
   -0.348974
   -0.299964
   -0.344787
   -0.153161
   -0.231935
   -0.327574
   -0.351887
   -0.350429
   -0.345095
   -0.330124
   -0.322058
   -0.328512
   -0.331379
   -0.330338
   -0.330335
   -0.315290
   -0.326486
   -0.304362
   -0.315600
   -0.200004
   -0.262575
   -0.306419
   -0.324265
   -0.333342
   -0.326152
   -0.288114
   -0.232411
   -0.168944
   -0.093053
   -0.067509
   -0.040280
   -0.142070
   -0.248432
   -0.297314
   -0.233300
   -0.263403
   -0.273109
   -0.163273
   -0.103534
   -0.041874
    0.012479
    0.043367
    0.046198
    0.033747
    0.033482
    0.023739
   -0.034222
   -0.090449
   -0.255674
   -0.288262
   -0.172166
   -0.325625
   -0.275643
    0.052561
    0.049456
    0.048196
    0.049367
    0.054875
    0.054450
    0.044754
    0.050267
    0.057135
   -0.031719
   -0.048660
   -0.258695
   -0.229645
   -0.211314
   -0.343249
   -0.297626
    0.060274
    0.053298
    0.046360
    0.042120
    0.043588
    0.054344
    0.049899
    0.050157
    0.046023
   -0.015348
   -0.054205
   -0.232294
   -0.174738
   -0.260206
   -0.309596
   -0.290974
    0.043309
    0.061576
    0.069620
    0.058481
    0.043182
    0.035738
    0.033384
    0.066498
    0.055199
    0.004503
   -0.066545
   -0.176317
   -0.126563
   -0.263353
   -0.248517
   -0.289119
    0.046743
    0.064743
    0.080573
    0.073852
    0.061155
    0.056352
    0.052907
    0.058541
    0.040986
    0.003163
   -0.051353
   -0.082000
   -0.085890
   -0.222990
   -0.099211
   -0.205366
    0.070354
    0.065038
    0.080281
    0.040993
    0.001153
   -0.028835
   -0.094914
   -0.128907
   -0.094217
    0.002807
   -0.029715
   -0.033009
   -0.165985
   -0.178418
   -0.133242
   -0.221951
   -0.118468
   -0.209024
   -0.257233
   -0.300606
   -0.301490
   -0.238146
   -0.140954
   -0.018102
    0.049238
    0.028474
    0.016989
   -0.034593
   -0.218344
   -0.218460
   -0.270762
   -0.265074
   -0.335506
   -0.294227
   -0.240265
   -0.141821
   -0.046989
    0.000836
   -0.057443
   -0.177860
   -0.229750
   -0.301144
   -0.273081
   -0.159286
   -0.314199
   -0.275301
   -0.319805
   -0.329146
   -0.149362
   -0.045929
    0.016380
   -0.077294
   -0.178893
   -0.284183
   -0.327658
   -0.312739
   -0.289289
   -0.335634
   -0.202093
   -0.272099
   -0.342746
   -0.300264
   -0.335967
   -0.333580
   -0.042914
   -0.145668
   -0.096635
   -0.268498
   -0.274688
   -0.334897
   -0.334876
   -0.306785
   -0.324778
   -0.335901
   -0.193855
   -0.325082
   -0.322374
   -0.316976
   -0.351526
   -0.344853
    0.047603
    0.051756
    0.047628
    0.046818
    0.054482
    0.059196
    0.061959
    0.051689
    0.056648
    0.023500
   -0.033515
   -0.095326
   -0.273863
   -0.130311
   -0.280132
   -0.154567
    0.052000
    0.051569
    0.050703
    0.059393
    0.066321
    0.070178
    0.067703
    0.063642
    0.045855
    0.027031
   -0.005289
   -0.077908
   -0.240158
   -0.104814
   -0.295758
   -0.178074
    0.061396
    0.048231
    0.037383
    0.050090
    0.055949
    0.055826
    0.066330
    0.053741
    0.035039
    0.009223
   -0.023129
   -0.078114
   -0.163864
   -0.202910
   -0.274147
   -0.264620
    0.046396
    0.040939
    0.026543
   -0.021083
   -0.071093
   -0.146154
   -0.222416
   -0.259709
   -0.300788
   -0.318514
   -0.299308
   -0.321577
   -0.170704
   -0.322219
   -0.232390
   -0.323806
   -0.243264
   -0.302291
   -0.355663
   -0.359704
   -0.343792
   -0.333117
   -0.342322
   -0.323820
   -0.334690
   -0.299896
   -0.292132
   -0.281024
   -0.204634
   -0.319292
   -0.258699
   -0.345189
   -0.258642
   -0.281361
   -0.324065
   -0.334513
   -0.335085
   -0.315179
   -0.296980
   -0.253522
   -0.184119
   -0.061965
   -0.079523
   -0.030406
   -0.118118
   -0.233011
   -0.261256
   -0.341052
   -0.202960
   -0.170060
   -0.137409
   -0.077062
   -0.012971
    0.020215
    0.021706
    0.033266
    0.050523
    0.031912
    0.034293
   -0.036101
   -0.093344
   -0.218734
   -0.280772
   -0.332848
    0.049504
    0.051104
    0.052733
    0.038433
    0.042090
    0.040562
    0.028057
    0.035679
    0.069024
    0.050913
    0.077755
   -0.051407
   -0.046761
   -0.221643
   -0.284371
   -0.326001
    0.050527
    0.061680
    0.057569
    0.040348
    0.040025
    0.036799
    0.036660
    0.050337
    0.043610
    0.053885
    0.042664
   -0.031029
   -0.022810
   -0.214771
   -0.276494
   -0.327305
    0.036695
    0.051984
    0.067382
    0.065641
    0.064010
    0.051704
    0.032346
    0.073750
    0.051634
    0.073657
    0.042323
    0.009144
   -0.015909
   -0.209824
   -0.250569
   -0.264725
    0.048002
    0.055997
    0.063707
    0.067669
    0.067925
    0.059463
    0.046954
    0.055785
    0.053174
    0.080782
    0.031453
    0.003275
   -0.007691
   -0.167903
   -0.210029
   -0.242623
    0.067264
    0.051467
    0.068420
    0.061749
    0.058020
    0.038773
    0.014370
   -0.048488
   -0.080833
   -0.036526
   -0.059527
   -0.008981
   -0.027605
   -0.124273
   -0.199919
   -0.189501
   -0.041725
   -0.106287
   -0.169517
   -0.225123
   -0.285694
   -0.306587
   -0.243003
   -0.232484
   -0.053395
   -0.023778
    0.023794
    0.026394
   -0.027204
   -0.113713
   -0.243248
   -0.257652
   -0.344991
   -0.335494
   -0.319518
   -0.274245
   -0.217678
   -0.065086
   -0.015906
   -0.018364
   -0.040855
   -0.154159
   -0.230299
   -0.240729
   -0.290577
   -0.268569
   -0.319403
   -0.289272
   -0.288317
   -0.206850
   -0.082841
   -0.031211
   -0.011017
   -0.097779
   -0.201356
   -0.241686
   -0.200587
   -0.327437
   -0.276582
   -0.309035
   -0.332086
   -0.323930
   -0.353276
   -0.310487
   -0.002670
   -0.016558
   -0.064965
   -0.177553
   -0.127474
   -0.284025
   -0.313154
   -0.198112
   -0.279900
   -0.345948
   -0.319516
   -0.328478
   -0.343360
   -0.358302
   -0.340070
   -0.294661
    0.054729
    0.053278
    0.052612
    0.048812
    0.047299
    0.050941
    0.055879
    0.039203
    0.060239
    0.075679
    0.051695
    0.060891
   -0.052216
   -0.037886
   -0.140704
   -0.246536
    0.064331
    0.060262
    0.056241
    0.055203
    0.053969
    0.057358
    0.063394
    0.051793
    0.068714
    0.067228
    0.072495
    0.047751
   -0.029187
   -0.008857
   -0.135381
   -0.239311
    0.052236
    0.060984
    0.054118
    0.049098
    0.053863
    0.053328
    0.048483
    0.054421
    0.058311
    0.034046
    0.086659
    0.012286
    0.006557
   -0.036542
   -0.116741
   -0.268442
    0.050986
    0.054812
    0.059472
    0.023910
    0.016335
   -0.041192
   -0.098150
   -0.116852
   -0.158143
   -0.229369
   -0.116773
   -0.279098
   -0.231490
   -0.292477
   -0.159012
   -0.324766
   -0.098586
   -0.156252
   -0.273312
   -0.317673
   -0.342314
   -0.348749
   -0.350082
   -0.311219
   -0.306594
   -0.244335
   -0.213743
   -0.309320
   -0.251465
   -0.315536
   -0.184125
   -0.333563
   -0.197486
   -0.202052
   -0.279930
   -0.282112
   -0.325667
   -0.325244
   -0.337912
   -0.263135
   -0.275320
   -0.130910
   -0.200297
   -0.141576
   -0.080109
   -0.093772
   -0.112798
   -0.277114
   -0.199531
   -0.157927
   -0.195411
   -0.146933
   -0.115725
   -0.066122
    0.004339
    0.015108
    0.052447
    0.026246
    0.058507
    0.028885
    0.029012
   -0.040722
   -0.074933
   -0.241456
    0.036593
    0.052181
    0.062176
    0.035563
    0.034394
    0.047206
    0.042458
    0.031562
    0.069935
    0.036133
    0.071772
    0.048564
    0.052943
   -0.042045
   -0.069694
   -0.210064
    0.025709
    0.045809
    0.055731
    0.038910
    0.048270
    0.038384
    0.040416
    0.051234
    0.017142
    0.059325
    0.054665
    0.041131
    0.049683
   -0.050103
   -0.073287
   -0.212485
    0.044600
    0.036366
    0.038584
    0.050833
    0.067929
    0.064449
    0.050910
    0.107318
    0.042388
    0.050647
    0.051677
    0.057919
    0.041673
   -0.033322
   -0.095915
   -0.160570
    0.064848
    0.058154
    0.031898
    0.057070
    0.064500
    0.049463
    0.062586
    0.061757
    0.066001
    0.070804
    0.026479
    0.030123
    0.034751
   -0.078717
   -0.046905
   -0.133690
    0.070309
    0.037707
    0.049163
    0.053649
    0.055018
    0.075476
    0.083222
    0.010192
   -0.002795
   -0.010277
   -0.069356
   -0.095313
   -0.072716
   -0.027089
   -0.021203
   -0.075292
    0.006520
   -0.027140
   -0.063323
   -0.117289
   -0.172677
   -0.234774
   -0.145226
   -0.288695
   -0.273600
   -0.234730
   -0.156029
   -0.052575
    0.025889
   -0.004485
   -0.025239
   -0.094292
   -0.329914
   -0.343339
   -0.333559
   -0.279895
   -0.306538
   -0.171864
   -0.134279
   -0.108525
   -0.057627
   -0.042556
   -0.079011
   -0.152470
   -0.217616
   -0.236725
   -0.251136
   -0.144154
   -0.333919
   -0.316792
   -0.236063
   -0.142604
   -0.067209
   -0.018269
   -0.038653
   -0.124037
   -0.182700
   -0.286478
   -0.313160
   -0.343323
   -0.315876
   -0.273741
   -0.331967
   -0.195681
   -0.148731
   -0.032384
    0.010483
   -0.062153
   -0.092962
   -0.127367
   -0.220878
   -0.240614
   -0.299343
   -0.321671
   -0.363000
   -0.344280
   -0.328504
   -0.296824
   -0.353618
   -0.198070
    0.064532
    0.039280
    0.047924
    0.045414
    0.044784
    0.046334
    0.042420
    0.046492
    0.035948
    0.086551
    0.032704
    0.054082
    0.039679
    0.026524
    0.005729
   -0.086014
    0.059865
    0.060449
    0.052961
    0.052036
    0.051278
    0.052773
    0.067402
    0.052104
    0.066864
    0.069363
    0.055848
    0.060071
    0.047967
    0.029072
    0.022402
   -0.070157
    0.030475
    0.056921
    0.042463
    0.039213
    0.045748
    0.053339
    0.057425
    0.046152
    0.080164
    0.018884
    0.059445
    0.020369
    0.044003
    0.040091
    0.026005
   -0.072943
    0.039591
    0.049689
    0.046042
    0.031213
    0.064511
    0.041746
    0.023784
    0.015704
    0.013759
   -0.089007
   -0.068748
   -0.167948
   -0.112169
   -0.244539
   -0.230270
   -0.260340
   -0.056591
   -0.102926
   -0.135766
   -0.160821
   -0.266057
   -0.290350
   -0.323768
   -0.248913
   -0.247034
   -0.314672
   -0.248055
   -0.303009
   -0.186234
   -0.306457
   -0.221392
   -0.324520
   -0.306464
   -0.292721
   -0.222869
   -0.173440
   -0.250211
   -0.256232
   -0.309539
   -0.153714
   -0.289735
   -0.284635
   -0.258494
   -0.273564
   -0.137179
   -0.200693
   -0.131599
   -0.155736
   -0.306329
   -0.270891
   -0.211969
   -0.141570
   -0.159433
   -0.146568
   -0.082595
   -0.061985
   -0.031268
   -0.017376
    0.026741
    0.003862
    0.046322
    0.017128
    0.011095
   -0.050999
   -0.013147
    0.026862
    0.061217
    0.051600
    0.049948
    0.071769
    0.035239
    0.032191
    0.059665
    0.030720
    0.069930
    0.042525
    0.051162
   -0.002478
   -0.018143
   -0.023585
    0.014804
    0.026413
    0.050354
    0.067049
    0.048285
    0.062572
    0.036335
    0.041909
    0.033147
    0.037616
    0.042309
    0.024649
    0.067647
   -0.027479
   -0.018905
   -0.033294
    0.038344
    0.036161
    0.051712
    0.062084
    0.065333
    0.048677
    0.045779
    0.071933
    0.064807
    0.048568
    0.045111
    0.013795
    0.035281
   -0.023477
    0.000492
   -0.023251
    0.068995
    0.052927
    0.054043
    0.060898
    0.067692
    0.025127
    0.050102
    0.047619
    0.047947
    0.045445
    0.026394
    0.004290
    0.061979
   -0.033656
    0.041919
   -0.025992
    0.080720
    0.065533
    0.055779
    0.034353
    0.046779
    0.034172
    0.040696
    0.030970
    0.032454
    0.017677
    0.014384
   -0.024473
   -0.019627
   -0.019884
    0.024416
   -0.015270
    0.048279
    0.036017
    0.000448
   -0.012722
   -0.058429
   -0.130376
   -0.143234
   -0.222158
   -0.280157
   -0.303754
   -0.273258
   -0.207455
   -0.094685
   -0.079567
   -0.020666
   -0.008817
   -0.268658
   -0.314717
   -0.329748
   -0.192102
   -0.322447
   -0.293745
   -0.278667
   -0.264797
   -0.221572
   -0.132228
   -0.014542
   -0.022424
   -0.072649
   -0.059808
   -0.119559
   -0.163507
   -0.290868
   -0.321428
   -0.254943
   -0.205225
   -0.259112
   -0.202983
   -0.080602
   -0.056109
   -0.036842
   -0.126840
   -0.205340
   -0.286199
   -0.275434
   -0.165392
   -0.310751
   -0.285282
   -0.277239
   -0.210730
   -0.043717
   -0.069321
   -0.038648
   -0.052629
   -0.163248
   -0.134507
   -0.258588
   -0.285375
   -0.291705
   -0.309247
   -0.312872
   -0.177640
   -0.338582
   -0.296283
    0.035687
    0.027050
    0.029711
    0.026044
    0.032950
    0.035052
    0.031684
    0.061898
    0.011566
    0.056296
    0.024477
    0.004975
    0.034062
    0.032528
    0.023519
    0.020870
    0.039914
    0.040460
    0.041587
    0.046567
    0.048467
    0.047141
    0.053262
    0.054131
    0.034699
    0.040727
    0.053126
    0.024275
    0.040731
    0.034575
    0.043150
    0.025043
    0.020917
    0.020389
    0.031014
    0.044482
    0.044467
    0.047370
    0.053126
    0.012531
    0.035392
    0.021043
    0.033416
    0.004267
    0.020643
    0.034817
    0.042654
    0.008267
    0.030403
    0.037057
    0.037114
    0.034676
    0.059378
    0.052581
    0.047100
    0.028313
    0.042826
    0.007688
    0.004555
   -0.048263
   -0.048247
   -0.122664
   -0.129865
   -0.135297
   -0.025769
   -0.045581
   -0.083073
   -0.099016
   -0.084949
   -0.092202
   -0.192208
   -0.210815
   -0.231598
   -0.249100
   -0.135445
   -0.213315
   -0.215927
   -0.235785
   -0.117734
   -0.216863
   -0.256961
   -0.262615
   -0.210352
   -0.191853
   -0.077898
   -0.072946
   -0.217253
   -0.174209
   -0.228357
   -0.232381
   -0.122862
   -0.218833
   -0.206493
   -0.229897
   -0.078511
   -0.167619
   -0.259308
   -0.232181
   -0.220327
   -0.194614
   -0.030504
   -0.076373
   -0.146763
   -0.118340
   -0.091018
   -0.070357
    0.020577
   -0.037993
   -0.009475
    0.002749
   -0.004220
    0.011210
   -0.021817
    0.005646
    0.026779
    0.041225
    0.023687
    0.048550
    0.022547
    0.041577
    0.056404
    0.029672
    0.052172
   -0.019942
   -0.011106
    0.010607
   -0.015045
    0.028212
    0.026575
    0.028864
    0.037695
    0.058503
    0.033983
    0.053478
    0.045821
    0.034960
    0.023598
   -0.001278
    0.019513
   -0.001697
    0.019284
   -0.003877
    0.012566
    0.037883
    0.042519
    0.032763
    0.050172
    0.038893
    0.056765
    0.023906
    0.037356
    0.017540
    0.019829
    0.023047
    0.044537
   -0.005653
    0.013601
   -0.018559
    0.020261
    0.021371
    0.051344
    0.041591
    0.056862
    0.037971
    0.046584
    0.029795
    0.012684
    0.012123
    0.025398
    0.048837
    0.052436
   -0.026411
    0.048055
   -0.002948
    0.034795
    0.003003
    0.048425
    0.061577
    0.021460
    0.023735
    0.021100
   -0.001275
    0.008496
    0.033930
    0.027457
    0.017375
    0.057053
   -0.020749
    0.015961
   -0.001803
   -0.004799
   -0.024288
    0.050290
    0.050102
    0.016156
   -0.006090
   -0.039429
   -0.056882
   -0.087131
   -0.106281
   -0.153028
   -0.200511
   -0.144231
   -0.124700
   -0.115635
   -0.187088
   -0.114845
   -0.012772
   -0.103968
   -0.191500
   -0.241891
   -0.201177
   -0.242588
   -0.251521
   -0.248394
   -0.238739
   -0.228056
   -0.194733
   -0.059640
   -0.015777
   -0.026807
    0.035991
   -0.007895
   -0.070543
   -0.131109
   -0.230455
   -0.231478
   -0.208583
   -0.247501
   -0.227065
   -0.156315
   -0.094163
   -0.031645
   -0.023603
   -0.020948
   -0.106841
   -0.144483
   -0.180046
   -0.242390
   -0.257343
   -0.194282
   -0.238498
   -0.160421
   -0.117504
   -0.032009
    0.016643
   -0.037943
   -0.065940
   -0.160015
   -0.115952
   -0.128350
   -0.172024
   -0.239391
   -0.189883
   -0.246956
   -0.246658
