   -0.263306
   -0.251997
   -0.264391
   -0.279694
   -0.279874
   -0.272446
   -0.283716
   -0.282393
   -0.277056
   -0.279206
   -0.280331
   -0.280787
   -0.279378
   -0.261112
   -0.260598
   -0.255363
   -0.278065
   -0.283898
   -0.289482
   -0.289536
   -0.276709
   -0.278304
   -0.277099
   -0.273600
   -0.276786
   -0.278340
   -0.282809
   -0.273101
   -0.249259
   -0.244990
   -0.250422
   -0.265790
   -0.287969
   -0.269135
   -0.280335
   -0.284103
   -0.277934
   -0.283810
   -0.281237
   -0.275699
   -0.280275
   -0.279331
   -0.273327
   -0.252699
   -0.255818
   -0.243365
   -0.257596
   -0.286647
   -0.272824
   -0.279867
   -0.292019
   -0.278244
   -0.275355
   -0.282420
   -0.289208
   -0.284209
   -0.282891
   -0.270895
   -0.262745
   -0.246580
   -0.256801
   -0.266271
   -0.282104
   -0.264445
   -0.226634
   -0.268092
   -0.281831
   -0.270469
   -0.268881
   -0.284089
   -0.287433
   -0.287374
   -0.278496
   -0.260772
   -0.254414
   -0.254079
   -0.264509
   -0.284184
   -0.270774
   -0.264287
   -0.144940
   -0.239153
   -0.267203
   -0.273068
   -0.276922
   -0.274242
   -0.277514
   -0.277499
   -0.267596
   -0.259900
   -0.263585
   -0.275273
   -0.286201
   -0.272764
   -0.260825
   -0.207887
   -0.019883
   -0.166380
   -0.257390
   -0.274247
   -0.277970
   -0.265987
   -0.257454
   -0.268225
   -0.258485
   -0.261372
   -0.282114
   -0.279848
   -0.280149
   -0.274173
   -0.224501
   -0.202497
    0.027740
   -0.026470
   -0.188144
   -0.254327
   -0.276162
   -0.244251
   -0.226815
   -0.235471
   -0.259984
   -0.289145
   -0.285019
   -0.281538
   -0.281702
   -0.231515
   -0.209552
   -0.192041
    0.038339
    0.018303
   -0.005213
   -0.184992
   -0.245101
   -0.244008
   -0.241240
   -0.241586
   -0.277146
   -0.301417
   -0.270054
   -0.269678
   -0.225613
   -0.203618
   -0.225963
   -0.236610
    0.101310
    0.036709
    0.025101
   -0.030382
   -0.179710
   -0.236271
   -0.260239
   -0.266810
   -0.265921
   -0.267311
   -0.261728
   -0.221358
   -0.218753
   -0.218417
   -0.245803
   -0.279461
    0.006579
    0.097548
    0.058296
    0.031222
   -0.029793
   -0.167661
   -0.229204
   -0.258044
   -0.261231
   -0.249388
   -0.178817
   -0.214543
   -0.205555
   -0.236005
   -0.272748
   -0.285956
   -0.205701
    0.040939
    0.071770
    0.041625
    0.022103
   -0.034617
   -0.181950
   -0.229418
   -0.253041
   -0.189418
   -0.124850
   -0.138757
   -0.234402
   -0.274059
   -0.276613
   -0.287392
   -0.206150
   -0.215318
    0.068252
    0.079699
    0.044244
    0.005311
   -0.030994
   -0.191771
   -0.216995
   -0.215431
   -0.168970
   -0.193233
   -0.223184
   -0.239930
   -0.245438
   -0.269941
   -0.226728
   -0.206095
   -0.187907
    0.053887
    0.063530
    0.033086
    0.029179
   -0.007975
   -0.178650
   -0.215842
   -0.230769
   -0.086997
   -0.172590
   -0.181913
   -0.200757
   -0.240057
   -0.223680
   -0.204270
   -0.193122
   -0.196975
    0.048468
    0.092493
    0.047729
    0.040461
   -0.015450
   -0.162526
   -0.219016
    0.020426
   -0.083226
   -0.041161
   -0.135110
   -0.147989
   -0.226138
   -0.223445
   -0.214579
   -0.205147
   -0.200109
    0.044016
    0.084851
    0.047845
    0.029297
   -0.006375
   -0.145544
   -0.215230
   -0.126046
   -0.080088
   -0.058941
   -0.149258
   -0.330526
   -0.332756
   -0.330672
   -0.345483
   -0.348570
   -0.332804
   -0.340954
   -0.328981
   -0.319973
   -0.346341
   -0.339293
   -0.340798
   -0.329337
   -0.287469
   -0.261604
   -0.273102
   -0.346300
   -0.342616
   -0.335411
   -0.354218
   -0.324316
   -0.334385
   -0.327332
   -0.320749
   -0.344151
   -0.345720
   -0.348247
   -0.324842
   -0.281775
   -0.262151
   -0.279174
   -0.311538
   -0.350412
   -0.333944
   -0.334137
   -0.320059
   -0.321350
   -0.324946
   -0.338996
   -0.334846
   -0.343166
   -0.350570
   -0.329824
   -0.281556
   -0.263483
   -0.268736
   -0.316123
   -0.352040
   -0.331411
   -0.336506
   -0.319476
   -0.301631
   -0.312782
   -0.336664
   -0.362868
   -0.352098
   -0.342317
   -0.323135
   -0.290908
   -0.264092
   -0.276365
   -0.308139
   -0.344034
   -0.344407
   -0.294896
   -0.332686
   -0.318905
   -0.309783
   -0.324501
   -0.355161
   -0.357670
   -0.354511
   -0.334200
   -0.283222
   -0.267884
   -0.285876
   -0.320684
   -0.350919
   -0.343139
   -0.338501
   -0.190554
   -0.296903
   -0.314771
   -0.325206
   -0.342948
   -0.331421
   -0.324378
   -0.317050
   -0.298321
   -0.286845
   -0.286002
   -0.330507
   -0.347174
   -0.347354
   -0.350384
   -0.327194
   -0.024816
   -0.184827
   -0.307592
   -0.324018
   -0.338020
   -0.309037
   -0.268583
   -0.277507
   -0.276881
   -0.283166
   -0.331972
   -0.351586
   -0.339483
   -0.339341
   -0.330758
   -0.322124
    0.034616
   -0.031901
   -0.230763
   -0.326384
   -0.311584
   -0.250561
   -0.194618
   -0.189796
   -0.291265
   -0.359684
   -0.349504
   -0.344816
   -0.350204
   -0.327865
   -0.326517
   -0.305143
    0.047620
    0.029738
   -0.011952
   -0.221756
   -0.301819
   -0.247541
   -0.210492
   -0.221775
   -0.317293
   -0.362147
   -0.347304
   -0.350254
   -0.326180
   -0.326092
   -0.337910
   -0.330800
    0.122088
    0.048363
    0.033922
   -0.029579
   -0.221588
   -0.272122
   -0.273802
   -0.298868
   -0.311291
   -0.323687
   -0.342231
   -0.321928
   -0.325238
   -0.325648
   -0.332772
   -0.337204
    0.017063
    0.113177
    0.059473
    0.048528
   -0.043203
   -0.219041
   -0.287052
   -0.274789
   -0.281127
   -0.329432
   -0.314146
   -0.319561
   -0.306015
   -0.297650
   -0.315894
   -0.343920
   -0.261722
    0.048973
    0.096058
    0.050778
    0.028641
   -0.034277
   -0.216038
   -0.282411
   -0.304393
   -0.301058
   -0.279816
   -0.295426
   -0.290281
   -0.285058
   -0.306582
   -0.280037
   -0.260231
   -0.258619
    0.073693
    0.101291
    0.061168
    0.016753
   -0.033343
   -0.225487
   -0.275248
   -0.308831
   -0.292481
   -0.286593
   -0.137841
   -0.214373
   -0.199538
   -0.269187
   -0.280968
   -0.256289
   -0.243276
    0.057613
    0.095086
    0.049935
    0.050854
   -0.018191
   -0.219168
   -0.274967
   -0.252083
   -0.165665
   -0.049077
   -0.166828
   -0.114078
   -0.216659
   -0.280081
   -0.258641
   -0.244537
   -0.254346
    0.048009
    0.098185
    0.062511
    0.053583
   -0.014477
   -0.195730
   -0.268328
   -0.024359
   -0.077395
   -0.100529
   -0.123809
   -0.071310
   -0.272807
   -0.270978
   -0.259580
   -0.262936
   -0.247214
    0.054747
    0.107877
    0.063613
    0.051653
   -0.005644
   -0.168380
   -0.268828
   -0.178827
   -0.212455
   -0.041121
   -0.024799
   -0.301109
   -0.322165
   -0.343523
   -0.353652
   -0.347751
   -0.308375
   -0.298413
   -0.287455
   -0.286940
   -0.338930
   -0.344118
   -0.348778
   -0.340899
   -0.320381
   -0.311219
   -0.325597
   -0.349694
   -0.338428
   -0.334208
   -0.343487
   -0.289860
   -0.290515
   -0.282409
   -0.291018
   -0.340952
   -0.348869
   -0.353348
   -0.343832
   -0.319867
   -0.311452
   -0.320834
   -0.336209
   -0.350471
   -0.319089
   -0.291096
   -0.241498
   -0.269599
   -0.276771
   -0.313913
   -0.336045
   -0.341668
   -0.356161
   -0.344219
   -0.327260
   -0.310745
   -0.317614
   -0.338331
   -0.346261
   -0.325453
   -0.292438
   -0.250457
   -0.194753
   -0.236757
   -0.315856
   -0.360398
   -0.353236
   -0.352730
   -0.347928
   -0.333408
   -0.321565
   -0.322959
   -0.336984
   -0.346176
   -0.347996
   -0.295664
   -0.297484
   -0.252815
   -0.233869
   -0.287919
   -0.339270
   -0.357248
   -0.364676
   -0.349082
   -0.327421
   -0.338241
   -0.328510
   -0.345299
   -0.349895
   -0.338717
   -0.347488
   -0.178673
   -0.291849
   -0.282118
   -0.298542
   -0.319771
   -0.333838
   -0.338110
   -0.334248
   -0.333640
   -0.332276
   -0.331680
   -0.343559
   -0.352514
   -0.350019
   -0.348595
   -0.349153
   -0.020027
   -0.181006
   -0.308038
   -0.298847
   -0.315944
   -0.308750
   -0.296250
   -0.320566
   -0.326346
   -0.318524
   -0.341281
   -0.356178
   -0.350112
   -0.350537
   -0.350447
   -0.345494
    0.037077
   -0.012588
   -0.217912
   -0.326812
   -0.276092
   -0.252280
   -0.251033
   -0.282046
   -0.336579
   -0.340909
   -0.350504
   -0.345496
   -0.348064
   -0.347717
   -0.352713
   -0.334276
    0.055567
    0.031740
   -0.027495
   -0.220644
   -0.312423
   -0.259863
   -0.234767
   -0.249637
   -0.306089
   -0.334802
   -0.329894
   -0.354886
   -0.346988
   -0.350002
   -0.362193
   -0.340980
    0.117793
    0.052597
    0.042262
   -0.028017
   -0.215888
   -0.295290
   -0.270706
   -0.268725
   -0.283918
   -0.300431
   -0.346665
   -0.345852
   -0.349937
   -0.350359
   -0.304525
   -0.284548
    0.009550
    0.104333
    0.048556
    0.049458
   -0.028802
   -0.231451
   -0.299924
   -0.270336
   -0.266226
   -0.322492
   -0.339093
   -0.332212
   -0.340046
   -0.237755
   -0.223782
   -0.315477
   -0.264851
    0.036132
    0.094425
    0.050811
    0.034923
   -0.018011
   -0.218473
   -0.281394
   -0.287983
   -0.326301
   -0.336991
   -0.342521
   -0.292838
   -0.125381
   -0.199401
   -0.130046
   -0.280083
   -0.252278
    0.035051
    0.107803
    0.074170
    0.027643
   -0.031203
   -0.205817
   -0.280871
   -0.317349
   -0.323475
   -0.237221
   -0.120698
   -0.044386
   -0.174150
   -0.161565
   -0.280623
   -0.264760
   -0.257288
    0.039472
    0.086073
    0.050472
    0.057102
   -0.016591
   -0.202760
   -0.291774
   -0.243533
   -0.105596
   -0.081507
   -0.113728
   -0.113422
   -0.162476
   -0.285080
   -0.268871
   -0.276467
   -0.269466
    0.019475
    0.107547
    0.053061
    0.052298
   -0.004388
   -0.179448
   -0.267387
   -0.167482
   -0.116361
   -0.126861
   -0.216334
   -0.019037
   -0.272431
   -0.274307
   -0.262264
   -0.252448
   -0.250715
    0.012876
    0.118421
    0.050602
    0.056109
    0.008802
   -0.158566
   -0.271553
   -0.173453
   -0.182742
   -0.121123
   -0.028482
   -0.227131
   -0.293249
   -0.344003
   -0.346572
   -0.354998
   -0.349789
   -0.341815
   -0.327411
   -0.317419
   -0.338928
   -0.349052
   -0.347182
   -0.346222
   -0.342622
   -0.339319
   -0.343669
   -0.325579
   -0.330243
   -0.339954
   -0.346508
   -0.331846
   -0.330697
   -0.334747
   -0.335963
   -0.346141
   -0.348297
   -0.350854
   -0.347700
   -0.343531
   -0.340020
   -0.340121
   -0.343646
   -0.336921
   -0.318141
   -0.308585
   -0.311398
   -0.310657
   -0.316150
   -0.334704
   -0.348060
   -0.353226
   -0.356770
   -0.349743
   -0.345658
   -0.340896
   -0.339234
   -0.343229
   -0.346436
   -0.312973
   -0.290276
   -0.298546
   -0.280536
   -0.286273
   -0.328527
   -0.347644
   -0.349521
   -0.354169
   -0.358979
   -0.343911
   -0.345086
   -0.342508
   -0.343878
   -0.346756
   -0.348474
   -0.291173
   -0.286830
   -0.262612
   -0.271494
   -0.288030
   -0.325421
   -0.340421
   -0.346615
   -0.352368
   -0.352771
   -0.353725
   -0.344280
   -0.347441
   -0.346643
   -0.343305
   -0.344286
   -0.170791
   -0.294416
   -0.294703
   -0.278999
   -0.289290
   -0.307392
   -0.320894
   -0.328518
   -0.345277
   -0.348573
   -0.348271
   -0.342064
   -0.347607
   -0.347615
   -0.342710
   -0.334585
   -0.011270
   -0.181250
   -0.304826
   -0.274018
   -0.271845
   -0.275418
   -0.285377
   -0.314447
   -0.332977
   -0.334447
   -0.337406
   -0.338641
   -0.342652
   -0.344630
   -0.337695
   -0.324388
    0.035024
   -0.005710
   -0.200033
   -0.328073
   -0.281568
   -0.273012
   -0.273816
   -0.288890
   -0.317837
   -0.305617
   -0.324966
   -0.322032
   -0.337927
   -0.340112
   -0.330753
   -0.320952
    0.079550
    0.020437
   -0.022924
   -0.200302
   -0.303865
   -0.271225
   -0.255883
   -0.267240
   -0.278743
   -0.293600
   -0.299348
   -0.337015
   -0.337708
   -0.326131
   -0.333476
   -0.290888
    0.097136
    0.057777
    0.038866
   -0.034712
   -0.211596
   -0.308815
   -0.278525
   -0.264270
   -0.284880
   -0.305320
   -0.334364
   -0.335603
   -0.333598
   -0.321847
   -0.199548
   -0.132221
   -0.029150
    0.099919
    0.064624
    0.040647
   -0.032254
   -0.213934
   -0.300814
   -0.268556
   -0.278527
   -0.307728
   -0.309785
   -0.304677
   -0.333651
   -0.261584
   -0.081646
   -0.186330
   -0.272499
   -0.011307
    0.100433
    0.051338
    0.039853
   -0.017986
   -0.208312
   -0.289131
   -0.263950
   -0.314513
   -0.322195
   -0.312424
   -0.219563
   -0.126294
   -0.043693
   -0.170578
   -0.272450
   -0.257041
   -0.011690
    0.104331
    0.054176
    0.047376
   -0.024782
   -0.202431
   -0.280926
   -0.304701
   -0.302488
   -0.283261
   -0.082816
   -0.088943
   -0.112611
   -0.158877
   -0.287461
   -0.277272
   -0.250387
    0.007989
    0.074064
    0.035600
    0.050422
   -0.020237
   -0.197484
   -0.289984
   -0.285364
   -0.181794
   -0.178450
   -0.115952
   -0.071068
   -0.198237
   -0.270150
   -0.256924
   -0.270052
   -0.262565
    0.002843
    0.119098
    0.054872
    0.044709
   -0.018884
   -0.175996
   -0.258272
   -0.142970
   -0.065701
   -0.120408
   -0.153316
   -0.119103
   -0.269940
   -0.269170
   -0.255041
   -0.249166
   -0.262668
   -0.004311
    0.126342
    0.046899
    0.041132
   -0.021631
   -0.169623
   -0.272333
   -0.096421
   -0.092047
   -0.172803
   -0.156020
   -0.278953
   -0.309004
   -0.318642
   -0.335685
   -0.351902
   -0.361921
   -0.360588
   -0.352084
   -0.347058
   -0.349302
   -0.352716
   -0.349238
   -0.341355
   -0.338366
   -0.315351
   -0.315126
   -0.286230
   -0.297124
   -0.326449
   -0.335456
   -0.339235
   -0.348692
   -0.358673
   -0.359253
   -0.353271
   -0.350104
   -0.357525
   -0.346348
   -0.334899
   -0.317606
   -0.314467
   -0.321986
   -0.293034
   -0.292758
   -0.293386
   -0.321433
   -0.322353
   -0.323739
   -0.341928
   -0.350813
   -0.349554
   -0.354554
   -0.349600
   -0.339379
   -0.321003
   -0.311693
   -0.319724
   -0.348750
   -0.314741
   -0.297764
   -0.297964
   -0.299705
   -0.299855
   -0.314429
   -0.326774
   -0.336415
   -0.344394
   -0.349419
   -0.337938
   -0.322693
   -0.319857
   -0.319581
   -0.347351
   -0.350192
   -0.299909
   -0.281891
   -0.279730
   -0.283232
   -0.283203
   -0.303226
   -0.315742
   -0.317429
   -0.325579
   -0.322538
   -0.320290
   -0.312009
   -0.317983
   -0.341687
   -0.343078
   -0.336985
   -0.169793
   -0.294671
   -0.299619
   -0.280975
   -0.282303
   -0.283801
   -0.302663
   -0.303174
   -0.302377
   -0.310958
   -0.304087
   -0.308497
   -0.334074
   -0.331699
   -0.332609
   -0.303800
    0.000789
   -0.174388
   -0.304134
   -0.274887
   -0.260617
   -0.266954
   -0.270215
   -0.280322
   -0.298963
   -0.297686
   -0.298730
   -0.306804
   -0.317039
   -0.335788
   -0.306857
   -0.277317
    0.033630
   -0.010621
   -0.198957
   -0.317078
   -0.293062
   -0.265032
   -0.251108
   -0.269834
   -0.295256
   -0.289890
   -0.303977
   -0.294638
   -0.331936
   -0.299690
   -0.273587
   -0.260024
    0.063692
    0.024666
   -0.022186
   -0.194081
   -0.300479
   -0.255323
   -0.252215
   -0.269825
   -0.285521
   -0.291918
   -0.303226
   -0.321396
   -0.297891
   -0.286346
   -0.274410
   -0.182865
    0.105243
    0.057375
    0.042587
   -0.046034
   -0.226259
   -0.305909
   -0.268952
   -0.270291
   -0.306243
   -0.303055
   -0.323873
   -0.326198
   -0.293191
   -0.270689
   -0.193744
   -0.038726
   -0.038176
    0.117259
    0.048232
    0.038174
   -0.027826
   -0.214866
   -0.290596
   -0.263496
   -0.290253
   -0.281965
   -0.270303
   -0.254313
   -0.303108
   -0.180443
   -0.093461
   -0.063595
   -0.271505
   -0.027178
    0.097186
    0.039830
    0.033222
   -0.035307
   -0.203084
   -0.286485
   -0.265823
   -0.267497
   -0.267568
   -0.256034
   -0.244738
   -0.145530
   -0.104585
   -0.118899
   -0.271154
   -0.268004
    0.002427
    0.103586
    0.035861
    0.039346
   -0.042031
   -0.200243
   -0.278781
   -0.286978
   -0.266293
   -0.284238
   -0.174565
   -0.152288
   -0.155222
   -0.086507
   -0.275828
   -0.274659
   -0.254663
   -0.014745
    0.089794
    0.042782
    0.035886
   -0.021896
   -0.194196
   -0.292688
   -0.280549
   -0.162736
   -0.153429
   -0.049134
   -0.062248
   -0.199258
   -0.278044
   -0.249265
   -0.249242
   -0.253704
   -0.010752
    0.100119
    0.050215
    0.030158
   -0.033839
   -0.179671
   -0.273398
   -0.111181
   -0.051098
   -0.089146
   -0.094031
   -0.234021
   -0.262652
   -0.250160
   -0.225206
   -0.207170
   -0.222985
   -0.018183
    0.115783
    0.045159
    0.039944
   -0.034351
   -0.170355
   -0.267648
   -0.096026
   -0.131905
   -0.123830
   -0.273165
   -0.303722
   -0.285446
   -0.285308
   -0.312598
   -0.324501
   -0.336162
   -0.325998
   -0.328130
   -0.336854
   -0.337783
   -0.338203
   -0.360887
   -0.327471
   -0.323546
   -0.274505
   -0.263858
   -0.279026
   -0.290418
   -0.306089
   -0.296839
   -0.299606
   -0.307426
   -0.311124
   -0.323409
   -0.334129
   -0.343572
   -0.364532
   -0.346705
   -0.300651
   -0.274079
   -0.272214
   -0.284289
   -0.294775
   -0.279472
   -0.281726
   -0.284423
   -0.291261
   -0.276300
   -0.306403
   -0.321177
   -0.315429
   -0.340344
   -0.341963
   -0.312165
   -0.260277
   -0.266204
   -0.280040
   -0.347934
   -0.342282
   -0.292649
   -0.292452
   -0.267017
   -0.274998
   -0.304742
   -0.308407
   -0.314457
   -0.319915
   -0.304215
   -0.289007
   -0.262400
   -0.268849
   -0.280028
   -0.340803
   -0.337336
   -0.303444
   -0.296861
   -0.282446
   -0.261817
   -0.264863
   -0.311400
   -0.317718
   -0.309589
   -0.301384
   -0.257765
   -0.241171
   -0.239982
   -0.248555
   -0.323008
   -0.327693
   -0.336580
   -0.172617
   -0.307807
   -0.294127
   -0.275882
   -0.288322
   -0.271638
   -0.303986
   -0.289412
   -0.256116
   -0.259360
   -0.237068
   -0.260705
   -0.302834
   -0.285959
   -0.332322
   -0.320986
    0.005197
   -0.179113
   -0.305338
   -0.297678
   -0.279963
   -0.265972
   -0.243121
   -0.242502
   -0.260293
   -0.254463
   -0.261511
   -0.306052
   -0.292028
   -0.344116
   -0.306428
   -0.323147
    0.048930
   -0.027298
   -0.195256
   -0.314123
   -0.290111
   -0.246793
   -0.214829
   -0.213279
   -0.247831
   -0.280609
   -0.299519
   -0.300437
   -0.330627
   -0.324968
   -0.326910
   -0.306692
    0.053033
    0.026907
   -0.009045
   -0.195493
   -0.302868
   -0.248057
   -0.216134
   -0.234948
   -0.267859
   -0.305005
   -0.290390
   -0.315775
   -0.324490
   -0.329998
   -0.320113
   -0.190982
    0.114773
    0.049578
    0.041460
   -0.034275
   -0.230347
   -0.294255
   -0.251295
   -0.261820
   -0.289163
   -0.290578
   -0.313821
   -0.335690
   -0.325184
   -0.329950
   -0.168123
   -0.080292
   -0.022941
    0.105598
    0.030120
    0.038072
   -0.036533
   -0.214521
   -0.297391
   -0.277210
   -0.278314
   -0.287674
   -0.318890
   -0.315020
   -0.322094
   -0.279173
   -0.120956
   -0.123342
   -0.274561
   -0.007698
    0.094951
    0.045946
    0.033776
   -0.046544
   -0.215327
   -0.295586
   -0.272675
   -0.284267
   -0.304554
   -0.320830
   -0.302895
   -0.185909
   -0.115190
   -0.151070
   -0.279766
   -0.258612
   -0.017565
    0.080738
    0.044138
    0.028286
   -0.043863
   -0.187975
   -0.277873
   -0.298623
   -0.310930
   -0.321247
   -0.147505
   -0.178749
   -0.058776
   -0.075927
   -0.261031
   -0.274947
   -0.246259
   -0.009308
    0.081420
    0.042585
    0.040950
   -0.012138
   -0.191067
   -0.299931
   -0.315964
   -0.238979
   -0.092421
   -0.072562
   -0.095237
   -0.111083
   -0.263896
   -0.216480
   -0.190387
   -0.175882
    0.012927
    0.085061
    0.045037
    0.030090
   -0.031040
   -0.177740
   -0.276040
   -0.103147
   -0.171395
   -0.078776
   -0.133680
   -0.151013
   -0.140694
   -0.112295
   -0.073485
   -0.007964
   -0.029415
    0.054976
    0.067795
    0.043478
    0.054120
   -0.014541
   -0.151745
   -0.265618
   -0.066768
   -0.092255
   -0.023218
   -0.262671
   -0.302876
   -0.282512
   -0.289069
   -0.325332
   -0.308223
   -0.304115
   -0.261017
   -0.265673
   -0.269182
   -0.298247
   -0.325229
   -0.341485
   -0.323362
   -0.342784
   -0.322818
   -0.311318
   -0.287075
   -0.300796
   -0.299326
   -0.289058
   -0.293518
   -0.257722
   -0.243012
   -0.252848
   -0.272943
   -0.316364
   -0.354825
   -0.338580
   -0.308877
   -0.319557
   -0.309681
   -0.313122
   -0.303449
   -0.279143
   -0.283875
   -0.238402
   -0.257335
   -0.237277
   -0.274725
   -0.291429
   -0.298578
   -0.315298
   -0.318047
   -0.292246
   -0.267622
   -0.303485
   -0.312094
   -0.333830
   -0.346653
   -0.283101
   -0.279264
   -0.218669
   -0.220550
   -0.284105
   -0.301619
   -0.324890
   -0.327304
   -0.306467
   -0.285046
   -0.282705
   -0.278258
   -0.297925
   -0.308411
   -0.322818
   -0.305663
   -0.300904
   -0.262906
   -0.235677
   -0.235604
   -0.297364
   -0.314356
   -0.316711
   -0.322815
   -0.297722
   -0.282094
   -0.294990
   -0.284177
   -0.298282
   -0.304842
   -0.326053
   -0.159587
   -0.305036
   -0.287623
   -0.272365
   -0.286636
   -0.273867
   -0.310983
   -0.296809
   -0.300490
   -0.299628
   -0.293553
   -0.303591
   -0.295368
   -0.301887
   -0.340210
   -0.333498
   -0.006604
   -0.186244
   -0.306945
   -0.299783
   -0.295090
   -0.279764
   -0.272111
   -0.296704
   -0.300282
   -0.292813
   -0.291983
   -0.308213
   -0.290541
   -0.345574
   -0.331533
   -0.337141
    0.042244
   -0.032299
   -0.188780
   -0.307966
   -0.299193
   -0.268991
   -0.269631
   -0.282130
   -0.293363
   -0.293682
   -0.303486
   -0.308141
   -0.332732
   -0.340650
   -0.347931
   -0.328686
    0.048871
    0.030883
   -0.009896
   -0.195515
   -0.304362
   -0.287350
   -0.252805
   -0.251141
   -0.287757
   -0.319508
   -0.297606
   -0.305244
   -0.347504
   -0.336995
   -0.336732
   -0.137374
    0.105783
    0.042020
    0.033864
   -0.023325
   -0.217222
   -0.299913
   -0.267761
   -0.267969
   -0.288376
   -0.295831
   -0.309111
   -0.336499
   -0.349338
   -0.348095
   -0.258181
   -0.111255
   -0.030196
    0.095724
    0.034473
    0.035566
   -0.036442
   -0.194498
   -0.297098
   -0.291927
   -0.272683
   -0.294151
   -0.323328
   -0.324525
   -0.346485
   -0.327387
   -0.178045
   -0.098312
   -0.276049
   -0.016183
    0.097319
    0.045556
    0.043820
   -0.039903
   -0.210340
   -0.302044
   -0.279391
   -0.287143
   -0.326773
   -0.343609
   -0.323792
   -0.149789
   -0.140861
   -0.054652
   -0.269654
   -0.255974
   -0.044088
    0.070469
    0.056685
    0.033714
   -0.036272
   -0.189480
   -0.279116
   -0.295639
   -0.325205
   -0.341654
   -0.223822
   -0.124941
   -0.074477
   -0.117458
   -0.213619
   -0.193926
   -0.144193
    0.049879
    0.091949
    0.053865
    0.040116
   -0.014541
   -0.174400
   -0.309502
   -0.285125
   -0.254676
   -0.147705
   -0.149033
   -0.125993
   -0.108216
   -0.125843
   -0.047346
    0.019494
    0.088753
    0.119049
    0.086041
    0.044090
    0.032826
   -0.032830
   -0.175285
   -0.276416
   -0.081804
   -0.121759
   -0.050919
   -0.090928
   -0.010778
    0.182787
    0.200216
    0.190806
    0.222424
    0.190143
    0.161797
    0.066460
    0.046391
    0.035160
   -0.008042
   -0.124854
   -0.274486
   -0.069072
   -0.125873
   -0.004691
   -0.087576
   -0.274861
   -0.268996
   -0.279174
   -0.333588
   -0.323796
   -0.320421
   -0.290228
   -0.299124
   -0.288096
   -0.306584
   -0.315513
   -0.306363
   -0.307750
   -0.337583
   -0.323681
   -0.324960
   -0.290080
   -0.301487
   -0.296992
   -0.312722
   -0.319013
   -0.302705
   -0.291261
   -0.291889
   -0.302149
   -0.314144
   -0.329414
   -0.307511
   -0.286962
   -0.305719
   -0.314827
   -0.310885
   -0.312607
   -0.288593
   -0.300421
   -0.280763
   -0.294112
   -0.292229
   -0.312155
   -0.311485
   -0.317342
   -0.312701
   -0.314101
   -0.300811
   -0.277351
   -0.286228
   -0.288563
   -0.281289
   -0.347822
   -0.297019
   -0.300925
   -0.267050
   -0.270562
   -0.309512
   -0.317478
   -0.332865
   -0.325089
   -0.321537
   -0.306416
   -0.297557
   -0.294689
   -0.278059
   -0.280515
   -0.288700
   -0.306280
   -0.318048
   -0.282082
   -0.268246
   -0.269739
   -0.302350
   -0.316613
   -0.323182
   -0.326793
   -0.320901
   -0.309905
   -0.307639
   -0.300887
   -0.281856
   -0.299868
   -0.324009
   -0.140493
   -0.312662
   -0.300902
   -0.282301
   -0.289663
   -0.284370
   -0.313867
   -0.303237
   -0.322572
   -0.313133
   -0.319539
   -0.309396
   -0.305032
   -0.308422
   -0.335268
   -0.332916
   -0.001568
   -0.171252
   -0.316302
   -0.293223
   -0.288394
   -0.289635
   -0.292430
   -0.308209
   -0.312431
   -0.314907
   -0.314637
   -0.315421
   -0.302684
   -0.339923
   -0.341661
   -0.341654
    0.043754
   -0.017184
   -0.166232
   -0.308272
   -0.299783
   -0.276205
   -0.279483
   -0.302485
   -0.315595
   -0.304231
   -0.303464
   -0.310064
   -0.310226
   -0.331998
   -0.322995
   -0.317448
    0.066536
    0.042781
   -0.011665
   -0.173718
   -0.302748
   -0.294929
   -0.274851
   -0.270267
   -0.298032
   -0.317883
   -0.300649
   -0.298199
   -0.332635
   -0.328370
   -0.323911
   -0.172170
    0.111760
    0.052710
    0.032767
   -0.018019
   -0.187562
   -0.307110
   -0.281163
   -0.270880
   -0.298602
   -0.294495
   -0.305519
   -0.335318
   -0.335513
   -0.333083
   -0.281186
   -0.179296
   -0.064369
    0.101074
    0.062725
    0.031436
   -0.024683
   -0.177173
   -0.295111
   -0.285181
   -0.269905
   -0.292959
   -0.287276
   -0.290004
   -0.330838
   -0.330739
   -0.108542
   -0.102556
   -0.282676
   -0.056552
    0.105350
    0.046955
    0.043621
   -0.011136
   -0.189179
   -0.308995
   -0.235241
   -0.225988
   -0.281200
   -0.282831
   -0.305693
   -0.221844
   -0.159324
   -0.096806
   -0.213909
   -0.177280
   -0.006969
    0.093274
    0.064894
    0.038541
   -0.010297
   -0.183892
   -0.280209
   -0.221626
   -0.262064
   -0.277029
   -0.226257
   -0.169263
   -0.132534
   -0.179526
   -0.027699
    0.059162
    0.157403
    0.154692
    0.099806
    0.052054
    0.025112
   -0.014311
   -0.155120
   -0.296417
   -0.196589
   -0.155310
   -0.147431
   -0.102934
   -0.110040
   -0.064592
    0.200405
    0.221921
    0.222698
    0.275192
    0.213721
    0.114390
    0.057600
    0.030864
   -0.025581
   -0.138120
   -0.276171
   -0.096059
   -0.159171
   -0.059620
   -0.066831
   -0.018219
    0.289344
    0.315349
    0.308093
    0.296100
    0.268656
    0.191252
    0.091085
    0.064283
    0.037055
    0.004432
   -0.125990
   -0.266386
   -0.187878
   -0.167104
   -0.107890
   -0.049157
   -0.297654
   -0.283750
   -0.290159
   -0.334144
   -0.349551
   -0.337212
   -0.320895
   -0.316799
   -0.308906
   -0.306678
   -0.303910
   -0.296939
   -0.287919
   -0.308642
   -0.292037
   -0.298470
   -0.310820
   -0.316269
   -0.301405
   -0.316032
   -0.337442
   -0.333158
   -0.322769
   -0.316386
   -0.313500
   -0.313106
   -0.321613
   -0.302805
   -0.292067
   -0.275077
   -0.273545
   -0.251267
   -0.325657
   -0.306578
   -0.303870
   -0.300270
   -0.317627
   -0.325911
   -0.327457
   -0.318417
   -0.315859
   -0.322733
   -0.328191
   -0.306469
   -0.283606
   -0.245544
   -0.239233
   -0.253808
   -0.341274
   -0.301422
   -0.304978
   -0.297878
   -0.297025
   -0.317944
   -0.324917
   -0.325734
   -0.321505
   -0.324268
   -0.324944
   -0.297335
   -0.273000
   -0.243248
   -0.260753
   -0.280413
   -0.304772
   -0.319966
   -0.304306
   -0.285622
   -0.283623
   -0.304507
   -0.317839
   -0.324943
   -0.323778
   -0.317989
   -0.304631
   -0.281822
   -0.273907
   -0.260693
   -0.287323
   -0.323701
   -0.127633
   -0.313487
   -0.310986
   -0.291350
   -0.285942
   -0.289446
   -0.304906
   -0.310003
   -0.312610
   -0.297862
   -0.288904
   -0.291870
   -0.298234
   -0.290517
   -0.324750
   -0.333025
    0.006251
   -0.155570
   -0.313442
   -0.305077
   -0.285295
   -0.281910
   -0.286618
   -0.286121
   -0.293037
   -0.290479
   -0.286857
   -0.300200
   -0.294889
   -0.307121
   -0.331418
   -0.325318
    0.037282
   -0.002129
   -0.150073
   -0.305226
   -0.299530
   -0.268670
   -0.239946
   -0.257304
   -0.269599
   -0.287606
   -0.311822
   -0.316207
   -0.307081
   -0.328111
   -0.306877
   -0.274125
    0.071131
    0.028036
   -0.007743
   -0.182411
   -0.305369
   -0.273288
   -0.261494
   -0.241783
   -0.286010
   -0.300228
   -0.296619
   -0.315887
   -0.306549
   -0.289881
   -0.286278
   -0.226809
    0.121057
    0.056521
    0.029572
   -0.023882
   -0.177901
   -0.320291
   -0.276217
   -0.242030
   -0.260165
   -0.275601
   -0.303224
   -0.305601
   -0.284834
   -0.283686
   -0.245296
   -0.118622
   -0.096751
    0.098810
    0.047936
    0.036595
   -0.018698
   -0.186622
   -0.292752
   -0.184761
   -0.166632
   -0.196971
   -0.172004
   -0.158044
   -0.255262
   -0.264994
   -0.178079
   -0.146005
   -0.233324
   -0.019865
    0.109929
    0.050263
    0.038711
   -0.007565
   -0.185791
   -0.288479
   -0.050064
   -0.031675
   -0.088027
   -0.115907
   -0.159564
   -0.174061
   -0.214379
   -0.128811
   -0.048549
    0.103455
    0.141364
    0.095979
    0.060199
    0.017811
   -0.012556
   -0.157998
   -0.276201
   -0.063722
   -0.049687
   -0.084175
   -0.123124
   -0.168715
   -0.123396
   -0.155687
    0.216182
    0.255348
    0.281848
    0.205671
    0.099083
    0.053942
    0.017186
   -0.007626
   -0.139750
   -0.281354
   -0.127370
   -0.094431
   -0.124676
   -0.173440
   -0.126181
   -0.153467
    0.299497
    0.306577
    0.304420
    0.307045
    0.232917
    0.120750
    0.065280
    0.031506
   -0.011024
   -0.137251
   -0.276166
   -0.128122
   -0.185529
   -0.193000
   -0.213800
   -0.194578
    0.302048
    0.329081
    0.324316
    0.297877
    0.270955
    0.179129
    0.108002
    0.057925
    0.028000
    0.014456
   -0.127252
   -0.258986
   -0.226420
   -0.222013
   -0.238625
   -0.225030
   -0.308351
   -0.311195
   -0.299403
   -0.336515
   -0.356363
   -0.338673
   -0.318420
   -0.302175
   -0.298386
   -0.289981
   -0.280684
   -0.288585
   -0.289244
   -0.301698
   -0.280643
   -0.256266
   -0.312699
   -0.322791
   -0.305986
   -0.306326
   -0.336161
   -0.327954
   -0.306679
   -0.298571
   -0.290453
   -0.304214
   -0.317706
   -0.311601
   -0.287483
   -0.271398
   -0.240154
   -0.206538
   -0.325310
   -0.315719
   -0.297049
   -0.280763
   -0.303588
   -0.311285
   -0.310603
   -0.291001
   -0.299372
   -0.326287
   -0.338206
   -0.301510
   -0.266497
   -0.209427
   -0.198790
   -0.213246
   -0.325869
   -0.301806
   -0.286345
   -0.275619
   -0.270385
   -0.294137
   -0.302020
   -0.313845
   -0.311908
   -0.321421
   -0.328804
   -0.285220
   -0.221720
   -0.205700
   -0.214311
   -0.261186
   -0.296995
   -0.303874
   -0.296597
   -0.266018
   -0.254746
   -0.285148
   -0.310510
   -0.324373
   -0.317428
   -0.298050
   -0.276543
   -0.233349
   -0.241484
   -0.224758
   -0.270100
   -0.316875
   -0.126421
   -0.313315
   -0.308093
   -0.275645
   -0.276408
   -0.284260
   -0.297967
   -0.305614
   -0.292423
   -0.258819
   -0.232774
   -0.234775
   -0.252616
   -0.299037
   -0.301501
   -0.329380
    0.022116
   -0.149415
   -0.297341
   -0.313093
   -0.288204
   -0.274012
   -0.263580
   -0.243383
   -0.241557
   -0.244136
   -0.237733
   -0.273841
   -0.287052
   -0.298370
   -0.337231
   -0.342980
    0.040616
    0.003373
   -0.132982
   -0.303882
   -0.309552
   -0.263755
   -0.181275
   -0.150635
   -0.191416
   -0.242198
   -0.300763
   -0.308506
   -0.292910
   -0.324349
   -0.326152
   -0.320887
    0.071549
    0.028241
    0.004595
   -0.170663
   -0.303156
   -0.239331
   -0.188681
   -0.103217
   -0.173482
   -0.229826
   -0.244088
   -0.292106
   -0.283331
   -0.303317
   -0.330729
   -0.304974
    0.130497
    0.064118
    0.041127
   -0.022285
   -0.175779
   -0.298703
   -0.142514
   -0.079285
   -0.069401
   -0.168386
   -0.205464
   -0.210630
   -0.229655
   -0.267170
   -0.280888
   -0.214900
   -0.099098
    0.123006
    0.050223
    0.024081
   -0.000353
   -0.187435
   -0.288234
    0.072144
    0.143104
    0.071802
    0.031377
   -0.029212
   -0.161886
   -0.232011
   -0.186637
   -0.230227
   -0.080120
    0.136043
    0.116122
    0.040625
    0.041025
   -0.030333
   -0.172269
   -0.279655
    0.121790
    0.177305
    0.063491
   -0.019236
   -0.043480
   -0.101907
   -0.196509
   -0.133845
    0.221350
    0.279744
    0.212150
    0.103006
    0.055954
    0.025558
   -0.001145
   -0.145562
   -0.291830
    0.052412
    0.086187
   -0.042943
   -0.075699
   -0.154361
   -0.190779
   -0.199958
    0.305338
    0.318731
    0.303484
    0.241904
    0.115486
    0.057960
    0.027189
   -0.003305
   -0.125105
   -0.282472
   -0.059249
   -0.032697
   -0.145560
   -0.228518
   -0.216003
   -0.241541
    0.306168
    0.333411
    0.315207
    0.309340
    0.219550
    0.111428
    0.058891
    0.038563
   -0.001060
   -0.135291
   -0.271059
   -0.146883
   -0.179348
   -0.227515
   -0.243500
   -0.265390
    0.291459
    0.331809
    0.331447
    0.284800
    0.244985
    0.198328
    0.115703
    0.054020
    0.027767
    0.009051
   -0.119295
   -0.265973
   -0.195631
   -0.204492
   -0.279672
   -0.285557
   -0.282594
   -0.289909
   -0.303979
   -0.324477
   -0.350879
   -0.342032
   -0.303140
   -0.269317
   -0.256628
   -0.252502
   -0.230887
   -0.265758
   -0.287876
   -0.290204
   -0.290616
   -0.272239
   -0.301588
   -0.317220
   -0.319211
   -0.306033
   -0.331962
   -0.296660
   -0.253932
   -0.247006
   -0.235099
   -0.280653
   -0.312795
   -0.306095
   -0.294950
   -0.283330
   -0.267196
   -0.257738
   -0.322658
   -0.313119
   -0.297504
   -0.241965
   -0.261007
   -0.248501
   -0.267990
   -0.242653
   -0.287189
   -0.323508
   -0.330595
   -0.304359
   -0.285354
   -0.259313
   -0.255575
   -0.265713
   -0.314301
   -0.300248
   -0.258090
   -0.186883
   -0.187993
   -0.241732
   -0.257259
   -0.316430
   -0.308802
   -0.319886
   -0.321813
   -0.306130
   -0.277444
   -0.270151
   -0.260265
   -0.286276
   -0.288240
   -0.296333
   -0.263020
   -0.200017
   -0.191919
   -0.254527
   -0.306889
   -0.321661
   -0.325006
   -0.313591
   -0.311491
   -0.301498
   -0.294079
   -0.289452
   -0.290113
   -0.300217
   -0.134086
   -0.307709
   -0.288829
   -0.248270
   -0.271017
   -0.285503
   -0.306921
   -0.318049
   -0.322397
   -0.298726
   -0.286001
   -0.291186
   -0.296302
   -0.309512
   -0.312330
   -0.314660
    0.011357
   -0.144758
   -0.291938
   -0.318628
   -0.290664
   -0.273401
   -0.270827
   -0.272946
   -0.278216
   -0.294561
   -0.275709
   -0.301476
   -0.302392
   -0.299982
   -0.329173
   -0.342175
    0.036592
    0.005232
   -0.139641
   -0.304568
   -0.286857
   -0.235074
   -0.185115
   -0.177795
   -0.190792
   -0.203679
   -0.225862
   -0.236980
   -0.256870
   -0.287079
   -0.306199
   -0.335806
    0.074343
    0.041859
    0.005168
   -0.161961
   -0.306217
   -0.142967
   -0.036325
    0.071009
   -0.014643
   -0.031452
   -0.081281
   -0.166727
   -0.184730
   -0.237451
   -0.277847
   -0.294363
    0.152856
    0.060251
    0.045355
   -0.017383
   -0.179851
   -0.265265
    0.092686
    0.186685
    0.190499
    0.082242
    0.041494
    0.012626
   -0.030312
   -0.128432
   -0.218287
   -0.179346
   -0.034581
    0.133137
    0.052126
    0.036938
    0.000885
   -0.176634
   -0.273141
    0.199077
    0.264894
    0.186843
    0.115616
    0.063520
   -0.058974
   -0.109078
   -0.128360
   -0.199717
    0.197652
    0.229835
    0.101574
    0.051792
    0.045312
   -0.036484
   -0.176084
   -0.283855
    0.191339
    0.230335
    0.077237
    0.030241
   -0.014816
   -0.102385
   -0.184874
   -0.216638
    0.316719
    0.312739
    0.239103
    0.095763
    0.044933
    0.026896
    0.001672
   -0.147742
   -0.297639
    0.086274
    0.102649
   -0.068615
   -0.093897
   -0.175586
   -0.229317
   -0.261319
    0.286407
    0.317172
    0.308124
    0.235791
    0.104751
    0.060490
    0.030062
   -0.002674
   -0.136190
   -0.278297
    0.027972
    0.069050
   -0.091597
   -0.204104
   -0.221845
   -0.258561
    0.308927
    0.335087
    0.313233
    0.315062
    0.210574
    0.110245
    0.054981
    0.029750
   -0.016457
   -0.152912
   -0.280973
   -0.076382
   -0.092296
   -0.140015
   -0.194186
   -0.234825
    0.299792
    0.314545
    0.302960
    0.280203
    0.238500
    0.199496
    0.108019
    0.046997
    0.015818
    0.001660
   -0.121331
   -0.250548
   -0.168945
   -0.176017
   -0.238481
   -0.238914
   -0.206812
   -0.213137
   -0.289474
   -0.314447
   -0.332786
   -0.336974
   -0.317082
   -0.309195
   -0.300714
   -0.306235
   -0.293253
   -0.285998
   -0.300952
   -0.300583
   -0.298146
   -0.289294
   -0.267494
   -0.291562
   -0.320281
   -0.319686
   -0.332286
   -0.317818
   -0.306006
   -0.300942
   -0.296088
   -0.313351
   -0.326474
   -0.301937
   -0.293229
   -0.291155
   -0.288758
   -0.283173
   -0.318360
   -0.305403
   -0.308009
   -0.296029
   -0.302777
   -0.295152
   -0.310592
   -0.295185
   -0.313561
   -0.325614
   -0.331036
   -0.296339
   -0.286401
   -0.281753
   -0.282064
   -0.284493
   -0.320035
   -0.306191
   -0.270563
   -0.263963
   -0.261315
   -0.292493
   -0.292762
   -0.315182
   -0.304671
   -0.320645
   -0.321555
   -0.311182
   -0.304793
   -0.285884
   -0.283795
   -0.278115
   -0.299763
   -0.317336
   -0.277399
   -0.258300
   -0.267969
   -0.302444
   -0.315949
   -0.323104
   -0.321815
   -0.322450
   -0.321980
   -0.320952
   -0.308394
   -0.297299
   -0.291679
   -0.290568
   -0.146326
   -0.309408
   -0.307183
   -0.282557
   -0.296135
   -0.293854
   -0.310621
   -0.307189
   -0.316439
   -0.300533
   -0.294851
   -0.292682
   -0.296157
   -0.290212
   -0.292264
   -0.306894
    0.000028
   -0.159259
   -0.308310
   -0.303832
   -0.260662
   -0.231689
   -0.208981
   -0.215752
   -0.214914
   -0.214774
   -0.197377
   -0.219647
   -0.220925
   -0.230521
   -0.246592
   -0.280112
    0.046064
   -0.003918
   -0.181786
   -0.309917
   -0.162655
   -0.056093
    0.015263
    0.031120
    0.027152
    0.031150
    0.018036
   -0.016625
   -0.094067
   -0.137204
   -0.177113
   -0.263724
    0.074481
    0.038888
   -0.002461
   -0.184085
   -0.284354
    0.127758
    0.201213
    0.232868
    0.145712
    0.129282
    0.099978
    0.048835
    0.005178
   -0.060640
   -0.083307
   -0.136381
    0.147275
    0.056061
    0.033679
   -0.029737
   -0.196551
   -0.262397
    0.226854
    0.293795
    0.258550
    0.173965
    0.135881
    0.091928
    0.049464
   -0.054826
   -0.103340
   -0.109882
    0.068251
    0.125724
    0.040184
    0.037088
   -0.015435
   -0.180086
   -0.257705
    0.248296
    0.261658
    0.198330
    0.085825
    0.065436
   -0.001853
   -0.065284
   -0.102410
   -0.175384
    0.256021
    0.223270
    0.106935
    0.060300
    0.025188
   -0.034575
   -0.168857
   -0.268296
    0.194335
    0.199118
    0.074935
    0.019344
   -0.064055
   -0.147656
   -0.208907
   -0.226877
    0.269601
    0.291615
    0.220587
    0.087919
    0.059414
    0.021105
   -0.014752
   -0.152786
   -0.274446
    0.157597
    0.162654
    0.037520
    0.012185
   -0.096417
   -0.183965
   -0.256293
    0.199447
    0.312656
    0.308786
    0.199776
    0.097567
    0.042060
    0.001723
   -0.015902
   -0.166837
   -0.267428
    0.073630
    0.084050
   -0.034403
   -0.121228
   -0.160212
   -0.214818
    0.307260
    0.325454
    0.304245
    0.326501
    0.187385
    0.105345
    0.052800
    0.018047
   -0.020669
   -0.144406
   -0.264393
   -0.009424
   -0.043872
   -0.104617
   -0.168411
   -0.172408
    0.307372
    0.298803
    0.294767
    0.264850
    0.214021
    0.172221
    0.091150
    0.055046
    0.015274
    0.000891
   -0.125313
   -0.257623
   -0.126153
   -0.141323
   -0.181819
   -0.157910
   -0.274104
   -0.283702
   -0.311614
   -0.323468
   -0.326358
   -0.333582
   -0.334043
   -0.330060
   -0.330400
   -0.333730
   -0.318496
   -0.298622
   -0.296439
   -0.300178
   -0.296154
   -0.289707
   -0.313418
   -0.297860
   -0.319160
   -0.321314
   -0.325549
   -0.328821
   -0.329846
   -0.319460
   -0.319947
   -0.325486
   -0.308908
   -0.302213
   -0.286665
   -0.291433
   -0.290633
   -0.281760
   -0.313529
   -0.315344
   -0.301024
   -0.319696
   -0.315724
   -0.318888
   -0.327920
   -0.320021
   -0.320468
   -0.328008
   -0.326141
   -0.292879
   -0.292850
   -0.299568
   -0.279053
   -0.272689
   -0.324849
   -0.306828
   -0.297459
   -0.302599
   -0.302977
   -0.313550
   -0.321155
   -0.318115
   -0.306352
   -0.312215
   -0.314649
   -0.312422
   -0.305305
   -0.270980
   -0.254356
   -0.260823
   -0.310663
   -0.327009
   -0.296428
   -0.293998
   -0.302504
   -0.312755
   -0.318350
   -0.322942
   -0.295742
   -0.276657
   -0.274127
   -0.257727
   -0.249955
   -0.241504
   -0.236746
   -0.259604
   -0.153771
   -0.292054
   -0.320933
   -0.303488
   -0.297714
   -0.260486
   -0.219655
   -0.189316
   -0.183207
   -0.175300
   -0.183815
   -0.176650
   -0.200921
   -0.188361
   -0.188048
   -0.206692
   -0.012999
   -0.177285
   -0.307264
   -0.264353
   -0.159808
   -0.046888
    0.039697
    0.054036
    0.052550
    0.063038
    0.069759
    0.031833
    0.016535
   -0.015150
   -0.024049
   -0.086202
    0.047056
    0.001644
   -0.196729
   -0.313069
    0.100122
    0.216667
    0.221395
    0.174350
    0.134591
    0.141427
    0.128413
    0.109277
    0.052736
    0.017667
    0.015257
   -0.015403
    0.068649
    0.037981
   -0.014682
   -0.186474
   -0.280016
    0.217611
    0.270989
    0.246139
    0.190114
    0.167679
    0.163375
    0.109552
    0.061756
   -0.016232
   -0.025738
   -0.038443
    0.121124
    0.051801
    0.028422
   -0.050357
   -0.207867
   -0.250794
    0.238272
    0.274504
    0.248437
    0.156550
    0.133306
    0.061506
    0.013252
   -0.021925
   -0.069917
   -0.093362
    0.102783
    0.106249
    0.035541
    0.029557
   -0.020480
   -0.186931
   -0.255647
    0.260312
    0.244848
    0.156063
    0.082297
    0.086671
    0.019935
   -0.034668
   -0.087798
   -0.164994
    0.129922
    0.181985
    0.129710
    0.058207
    0.029856
   -0.037049
   -0.180926
   -0.252760
    0.215633
    0.250033
    0.134804
    0.062438
    0.006922
   -0.060760
   -0.105621
   -0.170319
    0.181846
    0.222670
    0.187420
    0.101236
    0.059372
    0.035331
   -0.018002
   -0.164899
   -0.248826
    0.148909
    0.125686
    0.038305
    0.001630
   -0.066691
   -0.131114
   -0.185513
    0.263557
    0.306801
    0.308776
    0.166922
    0.089821
    0.035705
    0.021112
   -0.011463
   -0.170494
   -0.262849
    0.056144
    0.039516
   -0.035535
   -0.062980
   -0.148129
   -0.202687
    0.290447
    0.316255
    0.293131
    0.302077
    0.163390
    0.104714
    0.053097
    0.022725
   -0.012106
   -0.156924
   -0.267417
   -0.021110
   -0.016455
   -0.056415
   -0.171037
   -0.203740
    0.308196
    0.298974
    0.294337
    0.267456
    0.148464
    0.153549
    0.095625
    0.050523
    0.015157
   -0.006318
   -0.136810
   -0.257910
   -0.114717
   -0.101014
   -0.173162
   -0.198232
   -0.306807
   -0.311102
   -0.318660
   -0.324992
   -0.327059
   -0.337546
   -0.328384
   -0.330446
   -0.329641
   -0.305318
   -0.291621
   -0.278543
   -0.288019
   -0.291649
   -0.289356
   -0.289799
   -0.332360
   -0.302708
   -0.313204
   -0.316657
   -0.324368
   -0.326713
   -0.318089
   -0.305609
   -0.304751
   -0.307844
   -0.288926
   -0.310296
   -0.294237
   -0.285396
   -0.285684
   -0.254147
   -0.304522
   -0.309303
   -0.300710
   -0.307051
   -0.310420
   -0.306673
   -0.311849
   -0.301943
   -0.294877
   -0.306654
   -0.314871
   -0.287569
   -0.288654
   -0.295890
   -0.250564
   -0.214478
   -0.326105
   -0.298047
   -0.305956
   -0.287984
   -0.286552
   -0.299938
   -0.306178
   -0.290130
   -0.272969
   -0.264227
   -0.234237
   -0.242801
   -0.195672
   -0.148327
   -0.157204
   -0.190520
   -0.300292
   -0.325768
   -0.292029
   -0.276752
   -0.270653
   -0.269579
   -0.253618
   -0.213175
   -0.150512
   -0.119099
   -0.092271
   -0.076767
   -0.042964
   -0.048018
   -0.061239
   -0.137353
   -0.164988
   -0.297912
   -0.305288
   -0.279514
   -0.224121
   -0.104294
    0.009064
    0.086113
    0.112458
    0.103355
    0.061285
    0.049668
    0.010752
    0.059238
    0.068549
    0.054038
   -0.004891
   -0.188609
   -0.319548
   -0.138418
    0.106048
    0.221107
    0.218607
    0.168391
    0.151646
    0.149263
    0.144017
    0.100814
    0.091925
    0.094650
    0.107729
    0.064286
    0.023848
   -0.004528
   -0.209519
   -0.286408
    0.219920
    0.307884
    0.267043
    0.185179
    0.106583
    0.149053
    0.152772
    0.127971
    0.091656
    0.055976
    0.062031
    0.049310
    0.074232
    0.051743
   -0.023282
   -0.187023
   -0.253172
    0.219392
    0.232257
    0.170670
    0.132190
    0.120767
    0.133914
    0.085090
    0.026866
   -0.021968
   -0.050481
   -0.041859
    0.118073
    0.038924
    0.026100
   -0.036900
   -0.216267
   -0.254720
    0.153637
    0.194763
    0.192480
    0.107883
    0.121547
    0.113819
    0.065524
    0.028370
   -0.028817
   -0.090364
    0.100133
    0.102175
    0.051457
    0.031349
   -0.011677
   -0.196644
   -0.239815
    0.221248
    0.240896
    0.191091
    0.144177
    0.136092
    0.094676
    0.040671
   -0.032046
   -0.122579
    0.227027
    0.184509
    0.112422
    0.051951
    0.031008
   -0.024598
   -0.207029
   -0.241474
    0.246351
    0.293682
    0.170775
    0.137943
    0.086523
    0.013591
   -0.057592
   -0.130504
    0.262960
    0.279240
    0.180320
    0.114272
    0.063184
    0.025933
   -0.021024
   -0.177100
   -0.229362
    0.196195
    0.195542
    0.078449
    0.012817
   -0.024053
   -0.087308
   -0.168577
    0.320879
    0.305812
    0.304784
    0.161398
    0.093926
    0.052413
    0.037331
   -0.018803
   -0.173939
   -0.227387
    0.135091
    0.079755
    0.001777
   -0.056023
   -0.100630
   -0.185984
    0.295283
    0.315532
    0.310384
    0.288390
    0.144354
    0.102895
    0.044731
    0.026874
   -0.000162
   -0.174675
   -0.264651
    0.017040
   -0.007251
   -0.057343
   -0.129965
   -0.214373
    0.311993
    0.297646
    0.275065
    0.280924
    0.157047
    0.117268
    0.103457
    0.053140
    0.019439
    0.000632
   -0.155145
   -0.267601
   -0.123298
   -0.085833
   -0.176582
   -0.221977
   -0.289748
   -0.294021
   -0.291915
   -0.313353
   -0.318138
   -0.340885
   -0.319103
   -0.324293
   -0.298458
   -0.257787
   -0.230294
   -0.245354
   -0.274711
   -0.301457
   -0.293529
   -0.305832
   -0.306538
   -0.299953
   -0.307424
   -0.312004
   -0.320959
   -0.315407
   -0.296036
   -0.268652
   -0.255931
   -0.255044
   -0.252356
   -0.287545
   -0.281179
   -0.268326
   -0.274081
   -0.257046
   -0.301008
   -0.304231
   -0.300979
   -0.289849
   -0.315870
   -0.279570
   -0.265462
   -0.248617
   -0.236189
   -0.221972
   -0.236031
   -0.196937
   -0.203436
   -0.187023
   -0.170197
   -0.169690
   -0.323520
   -0.296907
   -0.303535
   -0.239839
   -0.220370
   -0.242302
   -0.230348
   -0.183051
   -0.122612
   -0.080213
   -0.032249
   -0.027659
    0.049230
    0.064885
    0.014289
   -0.038598
   -0.304327
   -0.312241
   -0.255337
   -0.231999
   -0.197226
   -0.147699
   -0.052214
    0.047841
    0.106390
    0.099510
    0.103033
    0.095067
    0.139427
    0.121525
    0.116843
    0.062054
   -0.168367
   -0.300671
   -0.278195
   -0.200949
   -0.040003
    0.127279
    0.177039
    0.190242
    0.192081
    0.190327
    0.159899
    0.147625
    0.127591
    0.152061
    0.129872
    0.115992
   -0.018973
   -0.205658
   -0.310960
   -0.042358
    0.235943
    0.295914
    0.259936
    0.188372
    0.172319
    0.179527
    0.166839
    0.125057
    0.107621
    0.105668
    0.104276
    0.086510
    0.027196
   -0.013593
   -0.222952
   -0.270579
    0.224477
    0.327045
    0.286392
    0.221988
    0.175238
    0.180532
    0.151966
    0.106131
    0.065007
    0.046458
    0.064993
    0.044829
    0.072416
    0.046485
   -0.025927
   -0.198073
   -0.219423
    0.269593
    0.280450
    0.239333
    0.175775
    0.140316
    0.108105
    0.111395
    0.095968
    0.074666
    0.053720
    0.065907
    0.097815
    0.033270
    0.033850
   -0.042471
   -0.219871
   -0.207862
    0.237017
    0.253571
    0.188894
    0.133966
    0.148224
    0.151097
    0.125775
    0.083099
    0.038412
   -0.009266
    0.060704
    0.097998
    0.058450
    0.038678
   -0.024972
   -0.206423
   -0.194717
    0.219619
    0.249962
    0.194347
    0.178453
    0.151958
    0.138364
    0.079353
   -0.005834
   -0.072581
    0.161184
    0.171973
    0.097057
    0.047901
    0.023344
   -0.024536
   -0.210854
   -0.210937
    0.250381
    0.285811
    0.154326
    0.145698
    0.097462
    0.014358
   -0.029185
   -0.087479
    0.231564
    0.313970
    0.165244
    0.095207
    0.050896
    0.023476
   -0.021859
   -0.197172
   -0.198232
    0.239368
    0.209444
    0.108869
    0.028150
   -0.021188
   -0.058332
   -0.129281
    0.287167
    0.317891
    0.334331
    0.176243
    0.089350
    0.051752
    0.031768
   -0.038038
   -0.185585
   -0.206983
    0.166914
    0.105452
    0.005926
   -0.062703
   -0.077981
   -0.133613
    0.267695
    0.320427
    0.322413
    0.284030
    0.144786
    0.097727
    0.052489
    0.020643
   -0.011412
   -0.189331
   -0.246664
    0.053495
    0.008175
   -0.083869
   -0.105599
   -0.185363
    0.248922
    0.302325
    0.289740
    0.296051
    0.230994
    0.102421
    0.090748
    0.052153
    0.016859
    0.005762
   -0.179368
   -0.265492
   -0.089340
   -0.103846
   -0.186009
   -0.206063
   -0.167001
   -0.168606
   -0.185666
   -0.213269
   -0.234849
   -0.247129
   -0.238855
   -0.240412
   -0.231447
   -0.221908
   -0.201420
   -0.217917
   -0.223383
   -0.239249
   -0.212780
   -0.216861
   -0.186587
   -0.208878
   -0.224448
   -0.239268
   -0.238263
   -0.241345
   -0.233907
   -0.213584
   -0.202428
   -0.198493
   -0.198904
   -0.191788
   -0.199353
   -0.177461
   -0.174174
   -0.183576
   -0.214068
   -0.230401
   -0.229416
   -0.225734
   -0.242466
   -0.225539
   -0.211551
   -0.205061
   -0.162176
   -0.081499
   -0.054615
    0.029739
    0.044775
    0.062856
    0.062761
    0.035183
   -0.235563
   -0.220416
   -0.226926
   -0.203455
   -0.193521
   -0.186169
   -0.139030
   -0.027300
    0.063644
    0.068834
    0.063469
    0.079646
    0.128528
    0.131300
    0.106900
    0.088411
   -0.232764
   -0.219658
   -0.185689
   -0.201529
   -0.144091
   -0.018520
    0.091123
    0.117746
    0.128829
    0.128579
    0.121945
    0.109264
    0.145141
    0.163366
    0.160002
    0.124672
   -0.138928
   -0.231374
   -0.198278
   -0.100606
    0.093845
    0.187696
    0.163226
    0.138214
    0.129297
    0.130011
    0.120279
    0.117748
    0.115734
    0.127793
    0.112124
    0.098409
   -0.012288
   -0.161582
   -0.231042
   -0.013739
    0.190258
    0.232504
    0.196040
    0.148291
    0.137844
    0.144138
    0.133793
    0.100473
    0.069737
    0.055573
    0.072382
    0.070441
    0.029160
   -0.015308
   -0.177891
   -0.212566
    0.084235
    0.225716
    0.213741
    0.176828
    0.152342
    0.146509
    0.096320
    0.064606
    0.088295
    0.099042
    0.107967
    0.087521
    0.034993
    0.024321
   -0.024615
   -0.161061
   -0.146191
    0.210660
    0.226572
    0.195800
    0.148139
    0.110507
    0.098283
    0.107757
    0.096393
    0.086478
    0.084623
    0.104040
    0.051803
    0.033160
    0.032390
   -0.046947
   -0.169834
   -0.126043
    0.206602
    0.210614
    0.129552
    0.116075
    0.123517
    0.115467
    0.111539
    0.074063
    0.050727
    0.026150
    0.023957
    0.063768
    0.043765
    0.019966
   -0.039053
   -0.171517
   -0.116271
    0.177034
    0.176704
    0.149550
    0.132927
    0.105379
    0.092333
    0.068752
   -0.005859
   -0.042891
   -0.017298
    0.129598
    0.061280
    0.038855
    0.028123
   -0.028026
   -0.167075
   -0.138880
    0.183435
    0.200709
    0.107108
    0.087832
    0.071372
    0.005552
   -0.027553
   -0.045774
    0.032614
    0.229042
    0.124768
    0.064784
    0.030433
    0.019074
   -0.014664
   -0.164895
   -0.128441
    0.174741
    0.141991
    0.066015
    0.030090
   -0.004361
   -0.045999
   -0.072974
    0.099754
    0.240290
    0.246063
    0.142134
    0.055664
    0.029358
    0.035274
   -0.035865
   -0.148103
   -0.144341
    0.109193
    0.056938
   -0.012663
   -0.029115
   -0.076097
   -0.080438
    0.090971
    0.233708
    0.229255
    0.219883
    0.121372
    0.063536
    0.038087
    0.010675
   -0.013070
   -0.148768
   -0.179384
    0.052124
    0.003213
   -0.057572
   -0.059068
   -0.104128
    0.036843
    0.222002
    0.231757
    0.222774
    0.199440
    0.104136
    0.062126
    0.038368
    0.006082
    0.002820
   -0.123561
   -0.192131
   -0.067889
   -0.058129
   -0.097409
   -0.108766
