   -0.286250
   -0.283665
   -0.271597
   -0.262068
   -0.278243
   -0.269737
   -0.298322
   -0.205881
   -0.022147
    0.171480
    0.208374
    0.220636
    0.246057
    0.226594
    0.125139
   -0.011784
   -0.261069
   -0.272251
   -0.278499
   -0.262231
   -0.243962
    0.162805
    0.155721
   -0.097763
   -0.243493
   -0.273589
   -0.188852
    0.068678
    0.221681
    0.236281
    0.218331
    0.230095
   -0.278779
   -0.252120
   -0.266415
   -0.272181
   -0.241694
    0.030705
    0.236637
    0.248573
    0.176597
   -0.102614
   -0.228811
   -0.260965
   -0.266028
   -0.132735
    0.086270
    0.212649
   -0.262329
   -0.285770
   -0.269963
   -0.199863
   -0.115438
   -0.252820
   -0.184465
    0.157451
    0.225926
    0.238837
    0.197815
   -0.073290
   -0.236485
   -0.235180
   -0.259686
   -0.226554
   -0.277774
   -0.250262
   -0.251061
    0.182490
    0.229397
   -0.000204
   -0.226386
   -0.254395
   -0.073514
    0.214610
    0.221645
    0.237985
    0.182491
   -0.033996
   -0.247162
   -0.253214
   -0.216693
    0.112427
   -0.150853
   -0.241807
    0.156654
    0.203728
    0.130580
   -0.216317
   -0.238888
   -0.242784
    0.047541
    0.238362
    0.210743
    0.225194
    0.202435
   -0.001132
   -0.215437
    0.178139
    0.173365
   -0.225644
   -0.244736
    0.135149
    0.204618
    0.198965
   -0.126382
   -0.257535
   -0.266723
   -0.136414
    0.133573
    0.215906
    0.223597
    0.222598
   -0.263796
   -0.111949
    0.200673
    0.163207
   -0.231258
   -0.250974
    0.081655
    0.212903
    0.215946
    0.010376
   -0.241624
   -0.245147
   -0.264303
   -0.036813
    0.193729
    0.240736
   -0.089558
   -0.231574
    0.086063
    0.203154
    0.090796
   -0.244336
   -0.265128
    0.041017
    0.205323
    0.211640
    0.114882
   -0.213088
   -0.237329
   -0.249306
   -0.209044
    0.054225
    0.180496
   -0.243348
   -0.229379
    0.187961
    0.191297
    0.041088
   -0.249174
   -0.257193
    0.018802
    0.216734
    0.199929
    0.149383
   -0.135612
   -0.264299
   -0.253295
   -0.261790
    0.221561
   -0.029461
   -0.260622
   -0.144357
    0.200746
    0.205721
   -0.006299
   -0.266145
   -0.262038
   -0.030618
    0.213752
    0.202598
    0.184046
   -0.052036
   -0.262932
   -0.244282
    0.222274
    0.193184
   -0.218419
   -0.258544
    0.030199
    0.246975
    0.200575
   -0.082370
   -0.253846
   -0.246907
   -0.039203
    0.197255
    0.199696
    0.192323
    0.067945
   -0.231142
    0.131625
    0.244978
    0.044920
   -0.257826
   -0.218156
    0.162717
    0.228015
    0.197480
   -0.150444
   -0.250650
   -0.247568
   -0.064745
    0.192261
    0.218712
    0.187680
    0.159622
   -0.112523
    0.239038
    0.199748
   -0.204030
   -0.241159
   -0.165300
    0.205964
    0.208074
    0.178059
   -0.190285
   -0.261857
   -0.252075
   -0.082108
    0.207783
    0.208804
    0.189964
   -0.250797
    0.208798
    0.248319
    0.099533
   -0.249801
   -0.252788
   -0.018089
    0.226953
    0.216486
    0.130573
   -0.220037
   -0.280896
   -0.244994
   -0.117961
    0.204205
    0.223935
   -0.254014
   -0.041189
    0.249493
    0.215269
   -0.166886
   -0.272524
   -0.237122
    0.142967
    0.233755
    0.232291
    0.114616
   -0.241479
   -0.265118
   -0.258479
   -0.143021
    0.199772
   -0.353505
   -0.343712
   -0.340071
   -0.323213
   -0.345006
   -0.339410
   -0.337035
   -0.149284
    0.113830
    0.250210
    0.277073
    0.295369
    0.263854
    0.138310
   -0.040025
   -0.182038
   -0.339966
   -0.343529
   -0.343410
   -0.337688
   -0.314210
    0.208925
    0.058846
   -0.234892
   -0.329032
   -0.267515
   -0.043344
    0.204671
    0.269843
    0.265806
    0.286032
    0.290707
   -0.356789
   -0.323611
   -0.338197
   -0.325804
   -0.283649
    0.155491
    0.290929
    0.285910
    0.038877
   -0.220263
   -0.304276
   -0.335549
   -0.215594
    0.053576
    0.228736
    0.254772
   -0.317338
   -0.357455
   -0.339968
   -0.205827
   -0.260117
   -0.319303
   -0.067853
    0.242703
    0.286746
    0.281954
    0.068403
   -0.231654
   -0.283442
   -0.313048
   -0.279603
   -0.104368
   -0.337478
   -0.320004
   -0.302967
    0.266702
    0.242646
   -0.132928
   -0.292167
   -0.258324
    0.107132
    0.270653
    0.270809
    0.277650
    0.063935
   -0.216086
   -0.306579
   -0.310316
   -0.248423
    0.086151
   -0.284675
   -0.188944
    0.238397
    0.273921
   -0.017093
   -0.288021
   -0.324332
   -0.150448
    0.215477
    0.276908
    0.265690
    0.278202
    0.080189
   -0.195917
   -0.140238
    0.253526
    0.116598
   -0.304472
   -0.204298
    0.224777
    0.267087
    0.100658
   -0.276273
   -0.311047
   -0.272656
    0.043822
    0.235788
    0.264336
    0.277861
    0.264080
   -0.320998
    0.043238
    0.241516
    0.033499
   -0.299604
   -0.226164
    0.220534
    0.261543
    0.204196
   -0.168455
   -0.302512
   -0.339638
   -0.172325
    0.143528
    0.266522
    0.276868
   -0.248864
   -0.281348
    0.208677
    0.255679
   -0.072679
   -0.303466
   -0.231553
    0.180629
    0.250139
    0.247432
   -0.065192
   -0.305016
   -0.288712
   -0.305700
   -0.054527
    0.206461
    0.089306
   -0.319046
   -0.164307
    0.255089
    0.233897
   -0.144070
   -0.313934
   -0.239973
    0.171942
    0.240591
    0.238682
    0.011408
   -0.280422
   -0.311771
   -0.294355
   -0.234245
    0.249740
   -0.205199
   -0.318299
    0.050058
    0.263861
    0.220429
   -0.206394
   -0.307912
   -0.260907
    0.148109
    0.253812
    0.247745
    0.103278
   -0.220486
   -0.332614
   -0.308483
    0.290843
    0.116243
   -0.309071
   -0.280055
    0.193617
    0.279913
    0.191016
   -0.265863
   -0.300344
   -0.227432
    0.153989
    0.269690
    0.242257
    0.184308
   -0.162654
   -0.311055
    0.244156
    0.274850
   -0.171966
   -0.318828
   -0.128490
    0.262112
    0.264107
    0.105779
   -0.278360
   -0.296921
   -0.242100
    0.141591
    0.251332
    0.253830
    0.215427
   -0.027089
    0.087666
    0.315646
    0.127527
   -0.297495
   -0.294870
    0.040268
    0.260991
    0.248297
    0.040961
   -0.302729
   -0.304192
   -0.239737
    0.145594
    0.258892
    0.236028
    0.216990
   -0.178298
    0.281305
    0.292527
   -0.133321
   -0.322537
   -0.250145
    0.175066
    0.274935
    0.231628
   -0.048159
   -0.312721
   -0.332953
   -0.253505
    0.107106
    0.261272
    0.261216
   -0.289756
    0.181869
    0.300684
    0.140338
   -0.298376
   -0.322005
   -0.138877
    0.270038
    0.268026
    0.221758
   -0.106811
   -0.320419
   -0.314341
   -0.259700
    0.087645
    0.272115
   -0.358465
   -0.345331
   -0.338827
   -0.336917
   -0.347370
   -0.334117
   -0.233837
    0.033579
    0.238511
    0.269393
    0.291164
    0.243432
    0.105858
   -0.081492
   -0.230669
   -0.286455
   -0.344606
   -0.346230
   -0.336147
   -0.346744
   -0.332145
    0.123713
   -0.137185
   -0.331866
   -0.280221
   -0.086804
    0.180156
    0.255619
    0.265776
    0.267119
    0.274033
    0.168799
   -0.363936
   -0.341973
   -0.342255
   -0.322802
   -0.238745
    0.251458
    0.273796
    0.173131
   -0.148123
   -0.295986
   -0.328982
   -0.216903
    0.027367
    0.231285
    0.274980
    0.247959
   -0.325692
   -0.352039
   -0.329095
   -0.235347
   -0.322849
   -0.244044
    0.129486
    0.261684
    0.288488
    0.131864
   -0.156738
   -0.285803
   -0.290696
   -0.267332
   -0.085642
    0.145586
   -0.345578
   -0.323426
   -0.268242
    0.307397
    0.114057
   -0.254094
   -0.322673
   -0.077758
    0.236465
    0.266385
    0.287135
    0.124819
   -0.157396
   -0.298085
   -0.309025
   -0.318074
   -0.249008
   -0.034967
   -0.321688
   -0.014345
    0.268245
    0.190758
   -0.209801
   -0.295121
   -0.254148
    0.089899
    0.279562
    0.269857
    0.270291
    0.121960
   -0.167101
   -0.318070
    0.046069
    0.285031
   -0.061984
   -0.318008
   -0.014709
    0.256442
    0.257079
   -0.136785
   -0.315581
   -0.307135
   -0.090590
    0.211661
    0.251276
    0.257411
    0.245606
    0.086600
   -0.310801
    0.219738
    0.256931
   -0.165190
   -0.300370
   -0.028531
    0.255429
    0.262320
   -0.001688
   -0.282056
   -0.312752
   -0.271060
    0.070234
    0.263595
    0.262025
    0.262662
   -0.327781
   -0.156538
    0.253152
    0.215842
   -0.250461
   -0.322708
   -0.000066
    0.247917
    0.247536
    0.064159
   -0.251498
   -0.314349
   -0.290604
   -0.149821
    0.190473
    0.249110
   -0.148281
   -0.312421
    0.049142
    0.261891
    0.150857
   -0.289084
   -0.324070
   -0.009595
    0.239977
    0.237193
    0.151801
   -0.221568
   -0.315494
   -0.310877
   -0.242282
    0.041332
    0.162173
   -0.308945
   -0.271485
    0.222620
    0.263102
    0.049425
   -0.307471
   -0.305075
   -0.038419
    0.230239
    0.235483
    0.185659
   -0.136976
   -0.310232
   -0.319991
   -0.301810
    0.279858
   -0.135780
   -0.312789
   -0.105594
    0.272574
    0.260575
   -0.051651
   -0.314479
   -0.302615
    0.005976
    0.257910
    0.260481
    0.220095
   -0.067224
   -0.307092
   -0.322133
    0.289622
    0.185843
   -0.311906
   -0.305007
    0.108105
    0.268892
    0.241448
   -0.164925
   -0.317163
   -0.297198
    0.002052
    0.242509
    0.240130
    0.214041
    0.030520
   -0.258727
    0.275188
    0.312923
   -0.115116
   -0.321580
   -0.223969
    0.225807
    0.251548
    0.179582
   -0.213568
   -0.316330
   -0.284831
    0.002012
    0.263323
    0.249792
    0.217379
    0.099832
    0.086221
    0.290329
    0.170770
   -0.302495
   -0.317283
   -0.033000
    0.262383
    0.278207
    0.109312
   -0.262971
   -0.322250
   -0.303827
   -0.014020
    0.228279
    0.255055
    0.255810
   -0.143610
    0.291013
    0.293389
   -0.105425
   -0.318835
   -0.290503
    0.127484
    0.278693
    0.269547
    0.050709
   -0.282291
   -0.331403
   -0.268956
   -0.023539
    0.243872
    0.261097
   -0.359304
   -0.344021
   -0.341629
   -0.337259
   -0.350699
   -0.321410
   -0.039656
    0.197093
    0.295610
    0.259638
    0.211438
    0.026550
   -0.168003
   -0.260108
   -0.294488
   -0.300886
   -0.347411
   -0.345467
   -0.336687
   -0.351297
   -0.351393
   -0.066041
   -0.280843
   -0.329891
   -0.136680
    0.142411
    0.263482
    0.279406
    0.299191
    0.246539
    0.094573
   -0.108528
   -0.357210
   -0.352739
   -0.338265
   -0.330678
   -0.189283
    0.299048
    0.238195
   -0.029289
   -0.261587
   -0.322237
   -0.237159
    0.062131
    0.232550
    0.263417
    0.266253
    0.275245
   -0.317108
   -0.334104
   -0.322078
   -0.312774
   -0.335500
   -0.063101
    0.247213
    0.279914
    0.203185
   -0.107500
   -0.270710
   -0.311324
   -0.285408
   -0.055518
    0.183491
    0.271096
   -0.345621
   -0.339823
   -0.258112
    0.290277
   -0.076028
   -0.308386
   -0.262341
    0.155229
    0.258162
    0.291734
    0.186594
   -0.156820
   -0.273867
   -0.315402
   -0.299441
   -0.166439
   -0.276446
   -0.180180
   -0.293852
    0.174249
    0.281875
   -0.000847
   -0.288836
   -0.305076
   -0.040572
    0.245849
    0.260255
    0.277935
    0.124085
   -0.160514
   -0.304222
   -0.317392
    0.177667
    0.269809
   -0.225871
   -0.280182
    0.177530
    0.272348
    0.111493
   -0.272890
   -0.323581
   -0.217381
    0.157798
    0.261081
    0.268397
    0.264267
    0.064875
   -0.190361
   -0.208387
    0.267893
    0.185814
   -0.286696
   -0.257777
    0.168133
    0.263891
    0.172824
   -0.224751
   -0.303599
   -0.296342
   -0.030259
    0.227252
    0.270073
    0.251475
    0.237454
   -0.332005
    0.030687
    0.269903
    0.056135
   -0.297484
   -0.247153
    0.195632
    0.253556
    0.196437
   -0.192609
   -0.298733
   -0.320386
   -0.175557
    0.146161
    0.266166
    0.263524
   -0.310243
   -0.279282
    0.215437
    0.256275
   -0.074830
   -0.305510
   -0.229464
    0.202234
    0.238146
    0.221151
   -0.094247
   -0.316301
   -0.314737
   -0.289606
   -0.014913
    0.239349
   -0.042544
   -0.326116
   -0.098717
    0.264981
    0.231666
   -0.196367
   -0.306725
   -0.217865
    0.171384
    0.233893
    0.234406
   -0.056109
   -0.292553
   -0.314749
   -0.308427
   -0.153788
    0.232673
   -0.287197
   -0.292640
    0.148411
    0.277088
    0.178583
   -0.270514
   -0.304183
   -0.192110
    0.203439
    0.245671
    0.241740
    0.027465
   -0.281188
   -0.341511
   -0.309637
    0.284986
   -0.054379
   -0.316299
   -0.197342
    0.252486
    0.271760
    0.098783
   -0.315390
   -0.316802
   -0.173809
    0.200639
    0.253370
    0.240085
    0.070298
   -0.227118
   -0.309782
    0.318881
    0.216989
   -0.301292
   -0.320742
    0.015038
    0.281161
    0.221158
   -0.032558
   -0.312724
   -0.312392
   -0.148291
    0.226185
    0.269590
    0.236932
    0.157718
   -0.175951
    0.248187
    0.300303
   -0.090059
   -0.329035
   -0.278120
    0.206292
    0.260737
    0.259256
   -0.154136
   -0.326175
   -0.305407
   -0.120900
    0.188335
    0.260435
    0.244364
    0.204663
    0.137624
    0.305652
    0.210040
   -0.285813
   -0.307355
   -0.117508
    0.261143
    0.266525
    0.183805
   -0.224097
   -0.321376
   -0.305584
   -0.087582
    0.209919
    0.282027
    0.255156
   -0.344351
   -0.339661
   -0.336695
   -0.338587
   -0.349057
   -0.321349
    0.154865
    0.264339
    0.294293
    0.201799
    0.028191
   -0.174728
   -0.282833
   -0.311826
   -0.319178
   -0.305021
   -0.350119
   -0.349293
   -0.330866
   -0.347817
   -0.346924
   -0.207473
   -0.326235
   -0.208334
    0.066664
    0.255987
    0.276185
    0.304848
    0.228022
    0.052139
   -0.151115
   -0.283847
   -0.347713
   -0.347263
   -0.341391
   -0.338046
   -0.138684
    0.288825
    0.107317
   -0.209197
   -0.311975
   -0.259768
   -0.024238
    0.222132
    0.262673
    0.267919
    0.266946
    0.216843
   -0.322690
   -0.337461
   -0.332280
   -0.339630
   -0.283496
    0.132885
    0.284913
    0.259870
    0.034295
   -0.248153
   -0.312631
   -0.299489
   -0.099412
    0.167343
    0.271463
    0.280888
   -0.341117
   -0.357711
   -0.224485
    0.197435
   -0.226149
   -0.336291
   -0.053270
    0.270627
    0.281805
    0.252983
   -0.029027
   -0.296799
   -0.303086
   -0.287050
   -0.145843
    0.098645
   -0.272393
   -0.276209
   -0.150312
    0.258741
    0.238482
   -0.209741
   -0.300615
   -0.214006
    0.168078
    0.254248
    0.277158
    0.202579
   -0.115469
   -0.313529
   -0.309382
   -0.312618
    0.233714
    0.134389
   -0.306780
   -0.127360
    0.247423
    0.243081
   -0.134819
   -0.295615
   -0.296173
   -0.004514
    0.265044
    0.265276
    0.280383
    0.111563
   -0.178523
   -0.294862
    0.005407
    0.264730
   -0.027012
   -0.322000
   -0.083392
    0.230413
    0.258359
   -0.055508
   -0.294655
   -0.309992
   -0.138400
    0.188629
    0.250426
    0.242851
    0.243135
    0.055933
   -0.290632
    0.194451
    0.254896
   -0.158511
   -0.310342
   -0.012423
    0.243862
    0.248151
    0.009910
   -0.302545
   -0.305916
   -0.261799
    0.085653
    0.263060
    0.278887
    0.257936
   -0.348750
   -0.090821
    0.256864
    0.206387
   -0.259287
   -0.312501
    0.014196
    0.261460
    0.237156
    0.060789
   -0.279830
   -0.310030
   -0.320562
   -0.081406
    0.194062
    0.277754
   -0.237162
   -0.310826
    0.130877
    0.256009
    0.071276
   -0.301077
   -0.308513
    0.018199
    0.232281
    0.232330
    0.107981
   -0.256610
   -0.317012
   -0.305521
   -0.194998
    0.136934
    0.045530
   -0.332097
   -0.188282
    0.254916
    0.265399
   -0.053889
   -0.319559
   -0.293090
    0.044648
    0.262357
    0.239339
    0.139560
   -0.224145
   -0.330499
   -0.330374
   -0.273858
    0.232509
   -0.260235
   -0.305197
    0.049702
    0.267039
    0.245041
   -0.173658
   -0.322702
   -0.285320
    0.080384
    0.239480
    0.245069
    0.173948
   -0.192065
   -0.305050
   -0.316315
    0.299209
   -0.027857
   -0.331117
   -0.243576
    0.229612
    0.280452
    0.152728
   -0.251132
   -0.324914
   -0.280252
    0.119024
    0.274593
    0.247464
    0.187516
   -0.103081
   -0.313905
    0.276793
    0.228359
   -0.279671
   -0.323833
   -0.073169
    0.284303
    0.252036
    0.083003
   -0.307042
   -0.311519
   -0.238608
    0.154592
    0.265873
    0.254984
    0.215284
   -0.046661
    0.289830
    0.295224
   -0.058458
   -0.340746
   -0.274136
    0.174445
    0.272818
    0.258821
   -0.055206
   -0.315964
   -0.334563
   -0.206960
    0.182302
    0.265101
    0.275560
    0.225014
   -0.348736
   -0.345716
   -0.332265
   -0.348355
   -0.334208
   -0.332610
    0.276216
    0.275347
    0.216194
    0.024859
   -0.189472
   -0.281942
   -0.308057
   -0.326893
   -0.308003
   -0.208741
   -0.346985
   -0.343052
   -0.341516
   -0.339992
   -0.339244
   -0.300640
   -0.263813
   -0.001831
    0.239554
    0.289018
    0.290615
    0.192389
   -0.014115
   -0.194830
   -0.302862
   -0.306189
   -0.336305
   -0.335291
   -0.341348
   -0.344604
   -0.146950
    0.238366
   -0.091972
   -0.308211
   -0.288025
   -0.049915
    0.177680
    0.249370
    0.272388
    0.268215
    0.155670
   -0.022892
   -0.342791
   -0.343114
   -0.347815
   -0.336211
   -0.095309
    0.245172
    0.294592
    0.138765
   -0.175178
   -0.296893
   -0.303567
   -0.098435
    0.166386
    0.273947
    0.263433
    0.275544
   -0.337458
   -0.340685
   -0.251729
   -0.009102
   -0.299149
   -0.256671
    0.145508
    0.280872
    0.299971
    0.046413
   -0.237380
   -0.311256
   -0.300641
   -0.118544
    0.111759
    0.243502
   -0.305710
   -0.323635
    0.090721
    0.277335
    0.062516
   -0.285167
   -0.311070
    0.011407
    0.251293
    0.258888
    0.241255
   -0.045777
   -0.269828
   -0.312937
   -0.292926
   -0.175694
    0.272004
   -0.076904
   -0.339553
    0.109089
    0.253930
    0.114286
   -0.278515
   -0.325082
   -0.152497
    0.216022
    0.255883
    0.259775
    0.159762
   -0.147957
   -0.295245
   -0.309529
    0.172802
    0.239900
   -0.236226
   -0.307393
    0.169270
    0.241629
    0.171520
   -0.253420
   -0.305483
   -0.245279
    0.116317
    0.262861
    0.266446
    0.223571
    0.081335
   -0.202910
   -0.152380
    0.273297
    0.163649
   -0.285019
   -0.279284
    0.194827
    0.239396
    0.161987
   -0.222300
   -0.309871
   -0.302093
   -0.019011
    0.251183
    0.260043
    0.241026
    0.205026
   -0.337391
    0.141132
    0.258246
   -0.008618
   -0.311482
   -0.244567
    0.213300
    0.261398
    0.176593
   -0.195690
   -0.318044
   -0.318527
   -0.160766
    0.179197
    0.255272
    0.263591
   -0.304647
   -0.211796
    0.263768
    0.257717
   -0.174813
   -0.305140
   -0.207523
    0.195454
    0.235927
    0.181200
   -0.157226
   -0.313736
   -0.317567
   -0.246039
    0.074626
    0.251929
   -0.189525
   -0.324248
    0.044894
    0.274180
    0.204051
   -0.256192
   -0.326097
   -0.150145
    0.207583
    0.242973
    0.213662
   -0.114727
   -0.321934
   -0.325988
   -0.307678
   -0.057459
    0.057269
   -0.322845
   -0.236437
    0.236145
    0.269635
    0.087886
   -0.304880
   -0.300934
   -0.073962
    0.230579
    0.246101
    0.216152
   -0.089889
   -0.298192
   -0.316076
   -0.301828
    0.246810
   -0.241556
   -0.327944
    0.008725
    0.286101
    0.249427
   -0.077501
   -0.328011
   -0.313927
   -0.063451
    0.245270
    0.241583
    0.218307
   -0.057120
   -0.280444
   -0.334321
    0.295482
   -0.013387
   -0.322419
   -0.276399
    0.201876
    0.285471
    0.208898
   -0.206281
   -0.330268
   -0.288845
    0.009250
    0.265790
    0.263182
    0.245383
    0.023006
   -0.273101
    0.308713
    0.216739
   -0.279526
   -0.332469
   -0.077093
    0.293386
    0.276475
    0.139135
   -0.269495
   -0.321871
   -0.284909
    0.062355
    0.272611
    0.244330
    0.233062
    0.065933
   -0.359967
   -0.344601
   -0.330097
   -0.350288
   -0.338805
   -0.333395
    0.321840
    0.219118
    0.048963
   -0.184369
   -0.290412
   -0.353962
   -0.341433
   -0.265580
   -0.112699
    0.064231
   -0.348267
   -0.320249
   -0.340749
   -0.339131
   -0.347312
   -0.314689
   -0.104563
    0.179240
    0.293425
    0.326379
    0.181155
   -0.051599
   -0.225894
   -0.289504
   -0.315575
   -0.324215
   -0.337609
   -0.336148
   -0.331801
   -0.340888
   -0.192211
    0.077165
   -0.273720
   -0.329204
   -0.134562
    0.172051
    0.235468
    0.279142
    0.269008
    0.124976
   -0.101360
   -0.256862
   -0.342410
   -0.333454
   -0.335756
   -0.341829
    0.107308
    0.274245
    0.257283
   -0.085018
   -0.279028
   -0.340594
   -0.143431
    0.174632
    0.265989
    0.278951
    0.292997
    0.248689
   -0.342700
   -0.347989
   -0.266043
   -0.187079
   -0.336787
   -0.049357
    0.243547
    0.308520
    0.166012
   -0.184007
   -0.287954
   -0.334073
   -0.143664
    0.139725
    0.258035
    0.245239
   -0.342668
   -0.330559
    0.246752
    0.259846
   -0.155980
   -0.298603
   -0.198115
    0.229417
    0.251777
    0.270452
    0.023685
   -0.263345
   -0.303767
   -0.312141
   -0.152260
    0.114781
    0.253425
   -0.250454
   -0.262800
    0.227241
    0.259722
   -0.114210
   -0.296958
   -0.289416
    0.105756
    0.255418
    0.251294
    0.196208
   -0.112152
   -0.278493
   -0.314758
   -0.326064
    0.249725
    0.131967
   -0.302629
   -0.168152
    0.263924
    0.246787
   -0.081465
   -0.300259
   -0.305094
   -0.007581
    0.239688
    0.264530
    0.281808
    0.105417
   -0.202498
   -0.290791
    0.055186
    0.281781
   -0.055576
   -0.313396
   -0.087519
    0.269883
    0.254440
   -0.060316
   -0.300197
   -0.325148
   -0.143823
    0.209283
    0.262992
    0.249489
    0.223285
   -0.034782
   -0.262747
    0.258664
    0.244828
   -0.227932
   -0.321368
   -0.012772
    0.266736
    0.249299
   -0.041956
   -0.303140
   -0.312810
   -0.249051
    0.120551
    0.259554
    0.251642
    0.261788
   -0.317927
    0.022437
    0.281339
    0.166686
   -0.297538
   -0.312272
    0.058462
    0.245022
    0.255047
   -0.019747
   -0.307851
   -0.312940
   -0.297044
    0.026943
    0.238063
    0.272276
   -0.310565
   -0.270927
    0.210023
    0.273452
   -0.009895
   -0.314620
   -0.301654
    0.111154
    0.252649
    0.239634
    0.007303
   -0.283085
   -0.329753
   -0.318182
   -0.104149
    0.203159
   -0.192786
   -0.327402
   -0.008945
    0.276087
    0.270676
   -0.178961
   -0.333595
   -0.257478
    0.186349
    0.250810
    0.256470
    0.028253
   -0.286221
   -0.320248
   -0.318263
   -0.197217
    0.095256
   -0.312403
   -0.277186
    0.221443
    0.267510
    0.165938
   -0.278190
   -0.327038
   -0.231392
    0.184168
    0.266009
    0.227462
    0.056828
   -0.276399
   -0.324810
   -0.312672
    0.246168
   -0.252445
   -0.320993
   -0.076313
    0.308169
    0.265924
    0.004902
   -0.314041
   -0.317434
   -0.141826
    0.222075
    0.261315
    0.245096
    0.096476
   -0.238336
   -0.351272
    0.286087
   -0.035146
   -0.337347
   -0.281594
    0.189390
    0.290909
    0.268592
   -0.146393
   -0.321425
   -0.314542
   -0.068821
    0.235123
    0.267118
    0.230509
    0.111261
   -0.225216
   -0.351574
   -0.339058
   -0.329704
   -0.333701
   -0.344597
   -0.317955
    0.298041
    0.138340
   -0.099196
   -0.279091
   -0.325106
   -0.351648
   -0.252433
   -0.073380
    0.107228
    0.227850
   -0.341694
   -0.321839
   -0.332888
   -0.333618
   -0.347401
   -0.256553
    0.049454
    0.258393
    0.307587
    0.268187
    0.017633
   -0.222021
   -0.276367
   -0.303584
   -0.314664
   -0.295524
   -0.346252
   -0.347043
   -0.328575
   -0.343060
   -0.161538
   -0.103079
   -0.326117
   -0.256279
    0.050347
    0.266300
    0.268842
    0.293770
    0.117520
   -0.090095
   -0.255530
   -0.321903
   -0.328922
   -0.338109
   -0.318313
   -0.330941
    0.239128
    0.280934
    0.132311
   -0.216196
   -0.317450
   -0.263626
    0.073294
    0.265217
    0.277754
    0.284696
    0.247400
    0.084242
   -0.338377
   -0.362895
   -0.242236
   -0.277025
   -0.298980
    0.127455
    0.279701
    0.275361
   -0.023020
   -0.280071
   -0.314113
   -0.251220
    0.088614
    0.261643
    0.270932
    0.261536
   -0.342289
   -0.283573
    0.299013
    0.182772
   -0.281042
   -0.300500
   -0.005130
    0.294590
    0.286158
    0.175280
   -0.177070
   -0.302970
   -0.308979
   -0.213636
    0.085159
    0.275305
    0.150198
   -0.325057
   -0.068588
    0.251814
    0.166334
   -0.266451
   -0.302166
   -0.155837
    0.244772
    0.249719
    0.253770
   -0.002257
   -0.273459
   -0.306547
   -0.328927
   -0.219192
    0.264111
   -0.053635
   -0.301170
    0.036328
    0.265243
    0.171755
   -0.279611
   -0.298525
   -0.212554
    0.201705
    0.250586
    0.252739
    0.185803
   -0.134587
   -0.309556
   -0.304102
    0.224826
    0.250545
   -0.234009
   -0.303358
    0.135536
    0.279135
    0.175702
   -0.237424
   -0.314773
   -0.293475
    0.082046
    0.267453
    0.246527
    0.246538
    0.083699
   -0.250556
   -0.061978
    0.263388
    0.131319
   -0.308905
   -0.263799
    0.197148
    0.278964
    0.160051
   -0.239726
   -0.318788
   -0.304221
   -0.011372
    0.233830
    0.247611
    0.243268
    0.211517
   -0.290883
    0.204789
    0.258424
   -0.055767
   -0.301376
   -0.224047
    0.218151
    0.245873
    0.187848
   -0.224043
   -0.330244
   -0.308733
   -0.110562
    0.215190
    0.272812
    0.235670
   -0.325165
   -0.106684
    0.262171
    0.216748
   -0.240496
   -0.325555
   -0.144567
    0.234615
    0.250967
    0.182713
   -0.217391
   -0.333130
   -0.300919
   -0.210250
    0.163690
    0.259283
   -0.306769
   -0.277172
    0.194717
    0.259783
    0.130425
   -0.308080
   -0.336118
   -0.056923
    0.261617
    0.235865
    0.176857
   -0.224857
   -0.332725
   -0.309533
   -0.266424
    0.039481
   -0.183600
   -0.311882
   -0.084622
    0.276735
    0.266964
   -0.061580
   -0.325309
   -0.300525
    0.026500
    0.255091
    0.246783
    0.171130
   -0.205198
   -0.321337
   -0.327937
   -0.270112
    0.065919
   -0.330899
   -0.276873
    0.183024
    0.299251
    0.203884
   -0.240373
   -0.325247
   -0.272910
    0.119265
    0.286748
    0.262918
    0.182965
   -0.187984
   -0.339224
   -0.334038
    0.235120
   -0.261927
   -0.329792
   -0.089847
    0.286319
    0.272820
    0.126347
   -0.295740
   -0.322893
   -0.254915
    0.180534
    0.280528
    0.260242
    0.169031
   -0.137999
   -0.322025
   -0.341896
   -0.341274
   -0.341130
   -0.326785
   -0.352781
   -0.331250
    0.210945
   -0.047927
   -0.248377
   -0.329390
   -0.313658
   -0.202476
    0.011417
    0.198432
    0.246706
    0.242378
   -0.344612
   -0.338336
   -0.341680
   -0.338303
   -0.337094
   -0.151081
    0.215749
    0.289984
    0.264080
    0.066860
   -0.185291
   -0.290138
   -0.298797
   -0.323041
   -0.251725
   -0.083888
   -0.350829
   -0.345192
   -0.323805
   -0.335186
   -0.194547
   -0.270741
   -0.315620
   -0.057050
    0.213011
    0.275712
    0.301078
    0.169651
   -0.113695
   -0.274053
   -0.291949
   -0.319108
   -0.328559
   -0.334496
   -0.325427
   -0.314703
    0.284733
    0.256313
   -0.076407
   -0.294210
   -0.289354
   -0.014035
    0.249001
    0.251740
    0.295267
    0.244013
    0.030126
   -0.198003
   -0.341989
   -0.351797
   -0.271485
   -0.317646
   -0.145836
    0.251903
    0.300983
    0.121517
   -0.218364
   -0.312437
   -0.296507
    0.036848
    0.256701
    0.267186
    0.270821
    0.268446
   -0.321853
   -0.213563
    0.286281
   -0.018864
   -0.319069
   -0.221710
    0.206637
    0.266336
    0.272382
   -0.074679
   -0.275976
   -0.312798
   -0.234348
    0.060334
    0.263059
    0.275022
   -0.047249
   -0.339298
    0.139055
    0.279882
   -0.049708
   -0.303632
   -0.292287
    0.102782
    0.243256
    0.258522
    0.122385
   -0.226351
   -0.298540
   -0.332493
   -0.208119
    0.056769
    0.260991
   -0.241974
   -0.267145
    0.199783
    0.273189
   -0.051444
   -0.325144
   -0.309653
    0.027641
    0.274063
    0.263548
    0.220042
   -0.083182
   -0.299694
   -0.315189
   -0.314095
    0.273662
    0.150324
   -0.312908
   -0.193379
    0.233260
    0.276836
   -0.060431
   -0.299947
   -0.328083
   -0.074302
    0.224534
    0.267623
    0.245697
    0.107999
   -0.201674
   -0.306339
    0.167080
    0.253242
   -0.121260
   -0.307161
   -0.068522
    0.280026
    0.276959
   -0.073812
   -0.306620
   -0.320391
   -0.156496
    0.203292
    0.232380
    0.241620
    0.213908
   -0.061729
   -0.151124
    0.274635
    0.206308
   -0.249863
   -0.296558
    0.038906
    0.256991
    0.254774
   -0.070221
   -0.295760
   -0.311546
   -0.216626
    0.155561
    0.268210
    0.253440
    0.234360
   -0.305334
    0.139730
    0.269412
    0.041377
   -0.312244
   -0.303268
    0.124605
    0.245025
    0.252790
   -0.064861
   -0.324012
   -0.329566
   -0.260989
    0.096272
    0.271506
    0.259067
   -0.322593
   -0.107167
    0.273784
    0.262114
   -0.137891
   -0.323346
   -0.270418
    0.187680
    0.246933
    0.239234
   -0.076026
   -0.324852
   -0.321937
   -0.292566
    0.002962
    0.219548
   -0.328368
   -0.289088
    0.190902
    0.280639
    0.190280
   -0.267605
   -0.326663
   -0.167380
    0.230510
    0.248920
    0.212600
   -0.106092
   -0.298115
   -0.321493
   -0.310082
   -0.071946
   -0.198816
   -0.332494
   -0.080599
    0.293299
    0.272321
    0.008760
   -0.327194
   -0.318882
   -0.064287
    0.255982
    0.272635
    0.228941
   -0.098535
   -0.306341
   -0.345733
   -0.317216
    0.021653
   -0.330185
   -0.299606
    0.179573
    0.273610
    0.240778
   -0.191031
   -0.323387
   -0.309780
    0.033925
    0.265747
    0.282873
    0.226124
   -0.094600
   -0.293636
   -0.318319
   -0.334691
   -0.344190
   -0.346485
   -0.344900
   -0.353150
   -0.350046
    0.089830
   -0.201379
   -0.339993
   -0.321270
   -0.183760
    0.029665
    0.214891
    0.280026
    0.258827
    0.248072
   -0.343769
   -0.343851
   -0.343798
   -0.348478
   -0.336602
   -0.041016
    0.289439
    0.292521
    0.155194
   -0.125829
   -0.280713
   -0.325982
   -0.310416
   -0.221832
   -0.035866
    0.162014
   -0.359276
   -0.343650
   -0.329531
   -0.332045
   -0.250463
   -0.353796
   -0.231444
    0.117718
    0.261109
    0.279332
    0.201710
   -0.057616
   -0.260318
   -0.302419
   -0.303644
   -0.322986
   -0.325382
   -0.329954
   -0.345872
   -0.281617
    0.302753
    0.149951
   -0.222494
   -0.336517
   -0.163022
    0.182814
    0.293305
    0.276154
    0.256359
    0.069806
   -0.205238
   -0.301016
   -0.335882
   -0.331876
   -0.305375
   -0.319417
    0.051081
    0.272786
    0.276023
   -0.070642
   -0.279298
   -0.328905
   -0.115023
    0.238580
    0.283924
    0.272552
    0.277479
    0.146156
   -0.313084
   -0.130312
    0.265238
   -0.187084
   -0.328240
   -0.049539
    0.256306
    0.263667
    0.132087
   -0.251583
   -0.291962
   -0.304679
   -0.035031
    0.250870
    0.289528
    0.268831
   -0.197397
   -0.294739
    0.222445
    0.259723
   -0.235019
   -0.323555
   -0.155341
    0.236581
    0.236775
    0.226907
   -0.122508
   -0.297179
   -0.321617
   -0.260734
    0.019200
    0.225148
    0.172076
   -0.305674
   -0.150135
    0.253151
    0.245509
   -0.239705
   -0.309797
   -0.224850
    0.202498
    0.265185
    0.267241
    0.058823
   -0.263010
   -0.304220
   -0.331608
   -0.220759
    0.258270
   -0.023534
   -0.319765
    0.005833
    0.245952
    0.218674
   -0.240878
   -0.308243
   -0.261823
    0.171386
    0.252372
    0.255176
    0.199540
   -0.145815
   -0.315502
   -0.313144
    0.265582
    0.225138
   -0.276932
   -0.306221
    0.152779
    0.272752
    0.195169
   -0.254989
   -0.294762
   -0.283893
    0.102607
    0.256683
    0.237628
    0.225381
    0.032700
   -0.270868
    0.063430
    0.294971
    0.067822
   -0.290765
   -0.252290
    0.201214
    0.246694
    0.162039
   -0.276089
   -0.309542
   -0.301204
    0.027301
    0.239377
    0.252356
    0.241873
    0.149183
   -0.225350
    0.254525
    0.245182
   -0.163676
   -0.313143
   -0.154769
    0.244509
    0.250284
    0.151644
   -0.262463
   -0.335045
   -0.318016
   -0.063695
    0.256328
    0.273782
    0.260186
   -0.314078
    0.118968
    0.285421
    0.170286
   -0.293868
   -0.313878
   -0.046453
    0.255669
    0.250864
    0.125478
   -0.253924
   -0.338191
   -0.309526
   -0.113026
    0.214103
    0.260182
   -0.338523
   -0.172825
    0.269592
    0.286423
   -0.032803
   -0.325406
   -0.306087
    0.080592
    0.265568
    0.255638
    0.074462
   -0.292478
   -0.317527
   -0.311890
   -0.187334
    0.182561
   -0.320156
   -0.314464
    0.167027
    0.305695
    0.227229
   -0.222570
   -0.321651
   -0.252940
    0.181063
    0.282592
    0.260573
    0.059179
   -0.288913
   -0.335090
   -0.326596
   -0.213498
   -0.228442
   -0.318534
   -0.139237
    0.293819
    0.267897
    0.060272
   -0.317075
   -0.321280
   -0.155924
    0.228161
    0.274793
    0.258423
    0.067809
   -0.290238
   -0.326296
   -0.318397
   -0.337957
   -0.348469
   -0.334958
   -0.352366
   -0.343670
   -0.345190
   -0.084018
   -0.303304
   -0.331879
   -0.196644
    0.038784
    0.219483
    0.271569
    0.259796
    0.268173
    0.270413
   -0.337913
   -0.345583
   -0.340326
   -0.344312
   -0.346712
    0.068908
    0.300686
    0.217841
   -0.041396
   -0.248772
   -0.322530
   -0.308762
   -0.187315
    0.021769
    0.196180
    0.282720
   -0.352703
   -0.339868
   -0.328349
   -0.334488
   -0.305300
   -0.336882
   -0.067573
    0.226169
    0.276134
    0.214043
    0.006096
   -0.227481
   -0.292913
   -0.301087
   -0.301064
   -0.200125
   -0.330045
   -0.346520
   -0.352817
   -0.234026
    0.294176
   -0.030948
   -0.301626
   -0.274545
    0.059810
    0.259000
    0.293011
    0.267354
    0.072327
   -0.161732
   -0.294987
   -0.307397
   -0.339593
   -0.322063
   -0.334580
   -0.241588
    0.203850
    0.283474
    0.128998
   -0.228561
   -0.297796
   -0.183474
    0.133743
    0.277553
    0.277433
    0.261123
    0.142219
   -0.099659
   -0.325541
   -0.058157
    0.167012
   -0.292940
   -0.293925
    0.134308
    0.252325
    0.230275
   -0.107287
   -0.298219
   -0.291045
   -0.111100
    0.189841
    0.299477
    0.281994
    0.273752
   -0.287083
   -0.124334
    0.249003
    0.121707
   -0.298392
   -0.304126
    0.059149
    0.245588
    0.260533
    0.054533
   -0.281891
   -0.314253
   -0.275832
   -0.035944
    0.204143
    0.258378
   -0.002029
   -0.313557
    0.057312
    0.274319
    0.086788
   -0.315761
   -0.288675
    0.012450
    0.261111
    0.256799
    0.159918
   -0.177637
   -0.298397
   -0.303427
   -0.231715
    0.040377
    0.222952
   -0.217598
   -0.281726
    0.190520
    0.249144
    0.043009
   -0.305126
   -0.296163
   -0.052991
    0.272441
    0.246018
    0.221654
   -0.042393
   -0.298324
   -0.319488
   -0.308838
    0.276555
    0.087024
   -0.310068
   -0.194560
    0.239289
    0.240598
   -0.024072
   -0.314105
   -0.303805
   -0.101200
    0.243650
    0.273117
    0.243025
    0.088532
   -0.208646
   -0.306618
    0.207392
    0.261864
   -0.154004
   -0.292340
   -0.055982
    0.237618
    0.219639
   -0.068343
   -0.325454
   -0.310065
   -0.137897
    0.215140
    0.258815
    0.239679
    0.182955
   -0.104001
    0.001106
    0.288586
    0.149119
   -0.287305
   -0.289597
    0.086790
    0.262964
    0.222929
   -0.102279
   -0.319496
   -0.322186
   -0.168842
    0.193535
    0.263537
    0.256522
    0.219776
   -0.240864
    0.259302
    0.278847
   -0.067398
   -0.319588
   -0.238076
    0.186598
    0.264563
    0.207103
   -0.133745
   -0.311862
   -0.319438
   -0.201214
    0.146172
    0.261360
    0.261186
   -0.327310
    0.082200
    0.264213
    0.230239
   -0.254152
   -0.319708
   -0.150854
    0.246369
    0.246149
    0.203240
   -0.180345
   -0.324612
   -0.316719
   -0.231568
    0.115139
    0.266807
   -0.344823
   -0.188251
    0.286987
    0.276784
    0.050174
   -0.308963
   -0.294746
   -0.014253
    0.268183
    0.266155
    0.186510
   -0.210838
   -0.324520
   -0.324724
   -0.250347
    0.062969
   -0.321271
   -0.290528
    0.151299
    0.293131
    0.216223
   -0.187345
   -0.335790
   -0.273986
    0.132390
    0.268771
    0.265636
    0.148058
   -0.214390
   -0.332987
   -0.321504
   -0.274272
   -0.347416
   -0.347408
   -0.329970
   -0.345794
   -0.338769
   -0.325542
   -0.281143
   -0.312432
   -0.172010
    0.059969
    0.216391
    0.277861
    0.271911
    0.291699
    0.275565
    0.178425
   -0.343796
   -0.346555
   -0.332499
   -0.337603
   -0.347207
    0.167119
    0.269978
    0.018001
   -0.238416
   -0.309451
   -0.294131
   -0.118867
    0.113072
    0.239894
    0.263410
    0.261591
   -0.354073
   -0.344063
   -0.332093
   -0.341764
   -0.337483
   -0.195978
    0.140243
    0.262255
    0.234198
    0.021507
   -0.206155
   -0.296999
   -0.321444
   -0.285850
   -0.107758
    0.099000
   -0.340108
   -0.357174
   -0.351292
   -0.226731
    0.170315
   -0.224195
   -0.315244
   -0.058899
    0.223313
    0.265543
    0.281385
    0.065178
   -0.187070
   -0.283249
   -0.309792
   -0.314284
   -0.335340
   -0.317394
   -0.351559
   -0.026611
    0.264579
    0.259162
   -0.109652
   -0.307014
   -0.252799
    0.095383
    0.236212
    0.250416
    0.260242
    0.093831
   -0.157365
   -0.275825
   -0.344240
   -0.043735
   -0.031835
   -0.329156
   -0.093697
    0.234703
    0.264523
    0.033717
   -0.272685
   -0.303202
   -0.159293
    0.174072
    0.269266
    0.273800
    0.254288
    0.123531
   -0.322299
    0.105380
    0.247868
   -0.137393
   -0.307352
   -0.123799
    0.214203
    0.256649
    0.155257
   -0.207360
   -0.302281
   -0.291337
   -0.035730
    0.198677
    0.271077
    0.276097
   -0.231140
   -0.253610
    0.220532
    0.245826
   -0.187473
   -0.325406
   -0.155280
    0.209260
    0.252888
    0.213183
   -0.102994
   -0.279990
   -0.307732
   -0.212734
    0.073362
    0.248360
    0.098320
   -0.310515
   -0.103423
    0.274712
    0.204158
   -0.210957
   -0.307423
   -0.162722
    0.190897
    0.243360
    0.250963
    0.007692
   -0.279154
   -0.309313
   -0.319970
   -0.152743
    0.252927
   -0.162215
   -0.305078
    0.058580
    0.254133
    0.166495
   -0.255420
   -0.313774
   -0.209436
    0.167608
    0.275681
    0.275149
    0.145261
   -0.180330
   -0.292280
   -0.308497
    0.246273
    0.154188
   -0.289695
   -0.254690
    0.181340
    0.238916
    0.088727
   -0.273142
   -0.321841
   -0.229183
    0.133414
    0.264675
    0.249691
    0.198176
   -0.087084
   -0.289757
    0.218163
    0.275853
   -0.106518
   -0.317423
   -0.129155
    0.231195
    0.235907
    0.056142
   -0.281799
   -0.314415
   -0.242915
    0.123682
    0.257332
    0.246627
    0.235078
    0.001831
    0.006815
    0.292995
    0.193125
   -0.276732
   -0.298030
    0.017492
    0.266578
    0.255782
   -0.011842
   -0.292574
   -0.320632
   -0.232126
    0.106444
    0.244108
    0.261661
    0.255240
   -0.215171
    0.267502
    0.263769
   -0.005379
   -0.314115
   -0.277100
    0.137342
    0.260188
    0.227801
   -0.048033
   -0.296952
   -0.315280
   -0.246555
    0.070234
    0.247510
    0.261712
   -0.320329
    0.128088
    0.276171
    0.191684
   -0.220505
   -0.319280
   -0.173751
    0.215142
    0.270162
    0.218845
   -0.103209
   -0.316676
   -0.331971
   -0.254109
    0.038792
    0.228463
   -0.327662
   -0.129126
    0.286265
    0.274479
    0.006703
   -0.317307
   -0.329506
   -0.041986
    0.257065
    0.260690
    0.199362
   -0.139148
   -0.330252
   -0.336018
   -0.270487
   -0.010113
   -0.347292
   -0.339204
   -0.333910
   -0.344445
   -0.344607
   -0.337339
   -0.330878
   -0.192082
    0.061294
    0.222542
    0.281487
    0.288691
    0.282808
    0.241572
    0.098498
   -0.060653
   -0.340368
   -0.351088
   -0.332463
   -0.338735
   -0.334619
    0.164668
    0.111611
   -0.196751
   -0.317365
   -0.284027
   -0.119430
    0.147732
    0.248930
    0.261836
    0.258631
    0.258822
   -0.353813
   -0.345340
   -0.334771
   -0.338132
   -0.327029
    0.006415
    0.253282
    0.277607
    0.068800
   -0.175999
   -0.297672
   -0.332122
   -0.259064
   -0.077334
    0.134975
    0.263928
   -0.337925
   -0.357066
   -0.345518
   -0.189346
   -0.059948
   -0.303740
   -0.189475
    0.172573
    0.268717
    0.283478
    0.118911
   -0.187238
   -0.283347
   -0.310131
   -0.301523
   -0.186558
   -0.349564
   -0.315990
   -0.374476
    0.190546
    0.292560
    0.080050
   -0.269382
   -0.314232
   -0.019935
    0.253200
    0.231077
    0.225582
    0.087041
   -0.166076
   -0.286265
   -0.307608
   -0.348731
   -0.056149
   -0.213879
   -0.289012
    0.145484
    0.263025
    0.184085
   -0.203766
   -0.299760
   -0.236551
    0.090260
    0.277972
    0.271250
    0.236711
    0.105986
   -0.154506
   -0.235366
    0.216574
    0.151457
   -0.293712
   -0.293736
    0.122062
    0.249766
    0.232406
   -0.104352
   -0.292660
   -0.315788
   -0.096584
    0.185723
    0.271705
    0.266617
    0.250031
   -0.335692
   -0.030702
    0.258964
    0.058384
   -0.302351
   -0.282306
    0.093666
    0.249462
    0.251199
    0.013234
   -0.280813
   -0.298695
   -0.240558
    0.054400
    0.256215
    0.279701
   -0.156110
   -0.290975
    0.129992
    0.278248
   -0.004497
   -0.297567
   -0.285170
    0.094331
    0.258029
    0.219400
    0.115987
   -0.250989
   -0.310455
   -0.317930
   -0.178150
    0.138731
    0.154544
   -0.300994
   -0.196521
    0.213763
    0.253088
   -0.073447
   -0.326329
   -0.290885
    0.073968
    0.259721
    0.263722
    0.187926
   -0.132199
   -0.287031
   -0.306816
   -0.270477
    0.264472
   -0.086830
   -0.316244
   -0.028105
    0.255477
    0.216874
   -0.158150
   -0.318486
   -0.285325
    0.032383
    0.241506
    0.243504
    0.237625
   -0.030661
   -0.291012
   -0.325197
    0.289513
    0.173270
   -0.300512
   -0.279528
    0.127234
    0.254480
    0.175308
   -0.207182
   -0.321025
   -0.299042
    0.009123
    0.253450
    0.244785
    0.228326
    0.058725
   -0.257387
    0.225601
    0.277466
   -0.068940
   -0.316434
   -0.204919
    0.230322
    0.253512
    0.147842
   -0.257778
   -0.324822
   -0.286985
    0.035736
    0.259691
    0.251990
    0.247619
    0.144608
    0.076248
    0.295274
    0.183986
   -0.253530
   -0.300953
   -0.054992
    0.259582
    0.257503
    0.079945
   -0.250707
   -0.306937
   -0.298431
    0.020610
    0.244377
    0.252843
    0.251426
   -0.167804
    0.292279
    0.282028
   -0.042553
   -0.325083
   -0.265490
    0.111176
    0.263750
    0.228071
    0.020499
   -0.293296
   -0.324790
   -0.279358
   -0.018033
    0.242488
    0.261047
   -0.272595
    0.168519
    0.296455
    0.202280
   -0.244842
   -0.335441
   -0.205044
    0.209802
    0.264496
    0.249214
   -0.037318
   -0.296061
   -0.322797
   -0.288400
   -0.051195
    0.219064
   -0.335278
   -0.339386
   -0.336141
   -0.349710
   -0.346146
   -0.344653
   -0.217530
    0.017481
    0.202983
    0.251362
    0.297216
    0.262360
    0.156223
   -0.014187
   -0.165863
   -0.261331
   -0.346386
   -0.339461
   -0.340558
   -0.346204
   -0.327555
    0.098412
   -0.124452
   -0.315914
   -0.293912
   -0.111005
    0.151793
    0.240983
    0.247212
    0.266835
    0.274762
    0.202212
   -0.351724
   -0.350999
   -0.342352
   -0.335887
   -0.283143
    0.193310
    0.285282
    0.181915
   -0.145953
   -0.279893
   -0.318003
   -0.244816
   -0.004064
    0.185750
    0.250726
    0.268153
   -0.326836
   -0.357545
   -0.333977
   -0.203727
   -0.251521
   -0.277623
    0.060377
    0.259094
    0.265053
    0.162737
   -0.148694
   -0.279322
   -0.309999
   -0.287812
   -0.121367
    0.105807
   -0.365890
   -0.332936
   -0.348177
    0.276247
    0.260280
   -0.154887
   -0.320162
   -0.162487
    0.184247
    0.253413
    0.253371
    0.084756
   -0.183604
   -0.285619
   -0.298239
   -0.317748
   -0.334325
   -0.122266
   -0.322636
   -0.102144
    0.236585
    0.255275
   -0.042668
   -0.293977
   -0.286646
    0.014861
    0.255937
    0.267167
    0.251764
    0.077216
   -0.179635
   -0.303814
   -0.048287
    0.268569
   -0.064163
   -0.332393
   -0.115563
    0.235037
    0.271658
    0.045764
   -0.259818
   -0.298655
   -0.192123
    0.160929
    0.251526
    0.271504
    0.236970
    0.055305
   -0.347647
    0.177588
    0.249006
   -0.195599
   -0.329263
   -0.093811
    0.245304
    0.242241
    0.147029
   -0.229799
   -0.324151
   -0.278230
    0.002246
    0.242420
    0.266612
    0.254596
   -0.306787
   -0.161523
    0.237318
    0.223562
   -0.234458
   -0.309238
   -0.109178
    0.234351
    0.250724
    0.184771
   -0.155598
   -0.319268
   -0.310640
   -0.185439
    0.124113
    0.262423
   -0.099053
   -0.327702
    0.046677
    0.249044
    0.148343
   -0.266540
   -0.313053
   -0.117765
    0.240123
    0.246325
    0.237363
   -0.068860
   -0.282884
   -0.304394
   -0.273880
   -0.019486
    0.211401
   -0.280740
   -0.277955
    0.193207
    0.240770
    0.047089
   -0.289285
   -0.308760
   -0.114121
    0.231965
    0.262705
    0.237698
    0.022070
   -0.271152
   -0.321255
   -0.313869
    0.290265
   -0.088753
   -0.336749
   -0.101546
    0.233193
    0.245399
   -0.048412
   -0.304830
   -0.309598
   -0.105447
    0.211012
    0.261018
    0.237659
    0.092360
   -0.222748
   -0.323136
    0.283994
    0.201639
   -0.273047
   -0.295549
    0.061372
    0.264605
    0.235462
   -0.138095
   -0.329059
   -0.313453
   -0.105114
    0.216994
    0.259387
    0.245045
    0.143874
   -0.153021
    0.257108
    0.296556
   -0.058968
   -0.336241
   -0.256290
    0.198228
    0.258673
    0.209456
   -0.195285
   -0.305772
   -0.299789
   -0.118027
    0.227131
    0.245669
    0.245136
    0.207807
    0.122371
    0.298848
    0.233673
   -0.267958
   -0.313270
   -0.076900
    0.261717
    0.275597
    0.140639
   -0.241491
   -0.329697
   -0.301906
   -0.081257
    0.214234
    0.276791
    0.249792
   -0.087299
    0.295952
    0.277429
   -0.045784
   -0.317283
   -0.300264
    0.110263
    0.272490
    0.255061
    0.101669
   -0.272875
   -0.337836
   -0.272540
   -0.094766
    0.201478
    0.262286
   -0.348427
   -0.334713
   -0.339850
   -0.348844
   -0.340278
   -0.341244
   -0.049111
    0.184783
    0.265977
    0.262906
    0.244724
    0.102848
   -0.084053
   -0.224319
   -0.299101
   -0.311199
   -0.343767
   -0.333697
   -0.351425
   -0.344676
   -0.339247
   -0.062286
   -0.285483
   -0.308291
   -0.148207
    0.099412
    0.260516
    0.252850
    0.288544
    0.262274
    0.162338
   -0.023374
   -0.350823
   -0.346584
   -0.343121
   -0.334637
   -0.208085
    0.276828
    0.234596
   -0.030343
   -0.269484
   -0.310010
   -0.234105
    0.029063
    0.212937
    0.265749
    0.269576
    0.274666
   -0.328062
   -0.348744
   -0.334448
   -0.275587
   -0.325232
   -0.144621
    0.217107
    0.288395
    0.201579
   -0.081506
   -0.279456
   -0.301804
   -0.266731
   -0.094753
    0.135398
    0.259603
   -0.355817
   -0.349448
   -0.289732
    0.282187
    0.092941
   -0.281936
   -0.279522
    0.072674
    0.237718
    0.268929
    0.161427
   -0.152349
   -0.298953
   -0.301439
   -0.300491
   -0.170227
   -0.324313
   -0.229821
   -0.316425
    0.111005
    0.260050
    0.130657
   -0.218526
   -0.310193
   -0.101516
    0.218111
    0.260936
    0.247827
    0.107241
   -0.160469
   -0.305104
   -0.312368
    0.075858
    0.233861
   -0.245756
   -0.314805
    0.111429
    0.249600
    0.220880
   -0.186839
   -0.297990
   -0.233299
    0.059291
    0.245050
    0.270971
    0.241508
    0.060856
   -0.199794
   -0.248073
    0.248687
    0.155442
   -0.310332
   -0.302938
    0.128979
    0.258853
    0.233075
   -0.101555
   -0.288632
   -0.312643
   -0.094836
    0.208267
    0.266624
    0.268203
    0.223353
   -0.318148
    0.036118
    0.263286
    0.041803
   -0.306675
   -0.276779
    0.122412
    0.246690
    0.236469
   -0.025089
   -0.292582
   -0.323725
   -0.220405
    0.106690
    0.255086
    0.257093
   -0.280851
   -0.257309
    0.202605
    0.248978
   -0.080597
   -0.311585
   -0.270437
    0.132621
    0.255481
    0.247331
    0.059446
   -0.262253
   -0.284818
   -0.291313
   -0.059644
    0.223274
    0.032734
   -0.329424
   -0.113342
    0.275113
    0.224677
   -0.195939
   -0.305832
   -0.253760
    0.132907
    0.267212
    0.247831
    0.118271
   -0.241595
   -0.316910
   -0.287628
   -0.217043
    0.243780
   -0.271519
   -0.294750
    0.122786
    0.236908
    0.162342
   -0.242183
   -0.311561
   -0.242785
    0.162507
    0.255070
    0.238343
    0.161083
   -0.180347
   -0.318750
   -0.317888
    0.286304
    0.000882
   -0.316564
   -0.193432
    0.216623
    0.251218
    0.093724
   -0.311516
   -0.331920
   -0.240403
    0.156110
    0.245543
    0.233921
    0.197136
   -0.131346
   -0.291541
    0.290612
    0.215807
   -0.269940
   -0.333947
   -0.020757
    0.264015
    0.235089
   -0.011060
   -0.312456
   -0.322762
   -0.214062
    0.169133
    0.249002
    0.230337
    0.219114
   -0.035231
    0.266982
    0.283870
   -0.012299
   -0.321846
   -0.267501
    0.157663
    0.266950
    0.233186
   -0.116738
   -0.317303
   -0.324025
   -0.183331
    0.164035
    0.287529
    0.256665
    0.219755
    0.166258
    0.288577
    0.201150
   -0.263172
   -0.319694
   -0.129074
    0.264666
    0.260155
    0.195642
   -0.185055
   -0.319725
   -0.315103
   -0.143382
    0.157906
    0.284436
    0.256684
   -0.258590
   -0.253410
   -0.255253
   -0.255685
   -0.247855
   -0.253517
    0.062162
    0.184744
    0.216816
    0.191639
    0.084273
   -0.059778
   -0.169081
   -0.212396
   -0.238092
   -0.241481
   -0.252683
   -0.251940
   -0.259196
   -0.254656
   -0.247777
   -0.152149
   -0.257845
   -0.172786
    0.019641
    0.166482
    0.190312
    0.227400
    0.218472
    0.116224
   -0.034928
   -0.167784
   -0.256066
   -0.253062
   -0.254008
   -0.255472
   -0.111346
    0.221674
    0.110469
   -0.138749
   -0.239444
   -0.226420
   -0.041251
    0.160226
    0.198670
    0.191535
    0.218662
    0.217096
   -0.251053
   -0.253559
   -0.244120
   -0.231984
   -0.242205
    0.019086
    0.186718
    0.216442
    0.035050
   -0.167268
   -0.220888
   -0.234441
   -0.095839
    0.093549
    0.187516
    0.208063
   -0.271531
   -0.262073
   -0.174809
    0.195111
   -0.049123
   -0.246103
   -0.104354
    0.161352
    0.205709
    0.194114
   -0.024728
   -0.207395
   -0.234542
   -0.238220
   -0.154235
    0.033580
   -0.230562
   -0.211897
   -0.171984
    0.166065
    0.184503
   -0.026332
   -0.212310
   -0.208489
    0.079946
    0.171386
    0.210265
    0.151566
   -0.076553
   -0.216058
   -0.228700
   -0.248600
    0.086741
    0.085637
   -0.228780
   -0.173814
    0.158741
    0.195661
    0.045375
   -0.198174
   -0.229899
   -0.046438
    0.165441
    0.184470
    0.219950
    0.106238
   -0.114241
   -0.223251
   -0.062755
    0.187437
   -0.015476
   -0.238352
   -0.162753
    0.173061
    0.197382
    0.109448
   -0.190483
   -0.221442
   -0.175316
    0.096485
    0.197887
    0.182281
    0.195633
    0.077810
   -0.229567
    0.144682
    0.200655
   -0.121513
   -0.224389
   -0.128544
    0.165468
    0.175010
    0.133655
   -0.167644
   -0.224326
   -0.239612
   -0.012792
    0.170620
    0.192160
    0.187386
   -0.235434
   -0.086282
    0.185644
    0.175069
   -0.184882
   -0.239965
   -0.097518
    0.182210
    0.191206
    0.165356
   -0.119094
   -0.222704
   -0.232904
   -0.137049
    0.122378
    0.211768
   -0.126831
   -0.237883
    0.072775
    0.189994
    0.109928
   -0.225001
   -0.236095
   -0.065140
    0.173310
    0.188032
    0.182087
   -0.087557
   -0.235110
   -0.223387
   -0.215822
    0.016232
    0.098662
   -0.243040
   -0.173997
    0.170433
    0.164639
   -0.002572
   -0.219868
   -0.235312
   -0.049248
    0.204452
    0.186947
    0.164471
   -0.032342
   -0.223866
   -0.240995
   -0.252002
    0.217125
   -0.160414
   -0.230382
   -0.000991
    0.188457
    0.178634
   -0.093778
   -0.252577
   -0.253050
   -0.034494
    0.177177
    0.190479
    0.172376
    0.005623
   -0.208172
   -0.239003
    0.218735
    0.035367
   -0.239038
   -0.228960
    0.121793
    0.199999
    0.158256
   -0.175637
   -0.238372
   -0.249820
    0.007434
    0.188213
    0.185999
    0.160421
    0.078753
   -0.192508
    0.221194
    0.195565
   -0.178172
   -0.230443
   -0.103868
    0.187029
    0.188559
    0.098526
   -0.204289
   -0.228599
   -0.246572
    0.044740
    0.175358
    0.197970
    0.187501
    0.115186
    0.216538
    0.211019
    0.013349
   -0.248995
   -0.239582
    0.091172
    0.210501
    0.201508
    0.014584
   -0.222557
   -0.231502
   -0.221507
    0.081978
    0.189718
    0.198229
    0.191603
