   -0.280187
   -0.282108
   -0.280622
   -0.281681
   -0.280982
   -0.281377
   -0.281266
   -0.281174
   -0.281393
   -0.281121
   -0.281388
   -0.281160
   -0.327489
   -0.327332
   -0.321700
   -0.327330
   -0.281994
   -0.279919
   -0.281598
   -0.280305
   -0.281275
   -0.280577
   -0.281018
   -0.280765
   -0.280899
   -0.280816
   -0.280900
   -0.280786
   -0.327056
   -0.326846
   -0.321302
   -0.326853
   -0.280324
   -0.282011
   -0.280688
   -0.281656
   -0.280984
   -0.281405
   -0.281226
   -0.281224
   -0.281344
   -0.281168
   -0.281352
   -0.281186
   -0.327480
   -0.327339
   -0.321705
   -0.327334
   -0.281901
   -0.279976
   -0.281568
   -0.280301
   -0.281294
   -0.280534
   -0.281069
   -0.280708
   -0.280953
   -0.280766
   -0.280935
   -0.280761
   -0.327064
   -0.326837
   -0.321302
   -0.326844
   -0.280418
   -0.281951
   -0.280723
   -0.281653
   -0.280975
   -0.281439
   -0.281180
   -0.281277
   -0.281292
   -0.281217
   -0.281317
   -0.281212
   -0.327469
   -0.327352
   -0.321700
   -0.327349
   -0.281758
   -0.280082
   -0.281489
   -0.280346
   -0.281264
   -0.280537
   -0.281084
   -0.280680
   -0.280982
   -0.280735
   -0.280959
   -0.280743
   -0.327072
   -0.326823
   -0.321310
   -0.326828
   -0.280553
   -0.281852
   -0.280797
   -0.281609
   -0.281005
   -0.281434
   -0.281171
   -0.281299
   -0.281269
   -0.281242
   -0.281298
   -0.281230
   -0.327461
   -0.327368
   -0.321690
   -0.327366
   -0.281619
   -0.280185
   -0.281409
   -0.280398
   -0.281225
   -0.280552
   -0.281082
   -0.280667
   -0.280998
   -0.280717
   -0.280971
   -0.280728
   -0.327077
   -0.326808
   -0.321320
   -0.326810
   -0.280759
   -0.281686
   -0.280936
   -0.281506
   -0.281091
   -0.281376
   -0.281210
   -0.281281
   -0.281279
   -0.281241
   -0.281300
   -0.281234
   -0.327463
   -0.327378
   -0.321683
   -0.327383
   -0.281447
   -0.280321
   -0.281298
   -0.280474
   -0.281165
   -0.280586
   -0.281063
   -0.280668
   -0.281002
   -0.280706
   -0.280980
   -0.280717
   -0.327081
   -0.326796
   -0.321326
   -0.326795
   -0.280986
   -0.281500
   -0.281089
   -0.281394
   -0.281180
   -0.281317
   -0.281250
   -0.281262
   -0.281289
   -0.281242
   -0.281297
   -0.281243
   -0.327459
   -0.327390
   -0.321678
   -0.327397
   -0.281135
   -0.280586
   -0.281074
   -0.280650
   -0.281019
   -0.280695
   -0.280978
   -0.280727
   -0.280958
   -0.280731
   -0.280964
   -0.280719
   -0.327079
   -0.326786
   -0.321329
   -0.326781
   -0.281241
   -0.281285
   -0.281269
   -0.281255
   -0.281295
   -0.281234
   -0.281314
   -0.281221
   -0.281320
   -0.281226
   -0.281307
   -0.281241
   -0.327461
   -0.327397
   -0.321678
   -0.327408
   -0.280980
   -0.280712
   -0.280970
   -0.280723
   -0.280961
   -0.280730
   -0.280955
   -0.280734
   -0.280954
   -0.280728
   -0.280965
   -0.280715
   -0.327078
   -0.326780
   -0.321326
   -0.326774
   -0.281309
   -0.281234
   -0.281312
   -0.281233
   -0.281312
   -0.281232
   -0.281313
   -0.281232
   -0.281311
   -0.281237
   -0.281303
   -0.281246
   -0.327463
   -0.327401
   -0.321682
   -0.327413
   -0.280928
   -0.280752
   -0.280932
   -0.280747
   -0.280939
   -0.280741
   -0.280944
   -0.280735
   -0.280952
   -0.280724
   -0.280963
   -0.280712
   -0.327075
   -0.326776
   -0.321324
   -0.326767
   -0.349726
   -0.346935
   -0.349252
   -0.347419
   -0.348823
   -0.347789
   -0.348488
   -0.348036
   -0.348317
   -0.348144
   -0.348247
   -0.348181
   -0.405408
   -0.405320
   -0.398271
   -0.405322
   -0.346753
   -0.349213
   -0.347184
   -0.348777
   -0.347567
   -0.348444
   -0.347873
   -0.348216
   -0.348032
   -0.348113
   -0.348101
   -0.348074
   -0.405219
   -0.405181
   -0.398081
   -0.405181
   -0.349518
   -0.347109
   -0.349126
   -0.347506
   -0.348778
   -0.347810
   -0.348494
   -0.348027
   -0.348342
   -0.348126
   -0.348273
   -0.348168
   -0.405419
   -0.405321
   -0.398273
   -0.405325
   -0.346924
   -0.349073
   -0.347280
   -0.348712
   -0.347598
   -0.348433
   -0.347860
   -0.348228
   -0.348007
   -0.348129
   -0.348078
   -0.348081
   -0.405214
   -0.405177
   -0.398081
   -0.405176
   -0.349338
   -0.347262
   -0.349017
   -0.347586
   -0.348731
   -0.347837
   -0.348495
   -0.348026
   -0.348357
   -0.348119
   -0.348287
   -0.348169
   -0.405417
   -0.405333
   -0.398265
   -0.405337
   -0.347138
   -0.348887
   -0.347421
   -0.348599
   -0.347677
   -0.348376
   -0.347886
   -0.348206
   -0.348012
   -0.348120
   -0.348078
   -0.348071
   -0.405221
   -0.405163
   -0.398090
   -0.405160
   -0.349151
   -0.347422
   -0.348897
   -0.347683
   -0.348663
   -0.347887
   -0.348473
   -0.348044
   -0.348353
   -0.348128
   -0.348287
   -0.348179
   -0.405410
   -0.405347
   -0.398254
   -0.405357
   -0.347324
   -0.348726
   -0.347544
   -0.348497
   -0.347751
   -0.348318
   -0.347916
   -0.348181
   -0.348021
   -0.348106
   -0.348081
   -0.348059
   -0.405231
   -0.405146
   -0.398102
   -0.405140
   -0.348894
   -0.347649
   -0.348714
   -0.347839
   -0.348541
   -0.347988
   -0.348405
   -0.348101
   -0.348319
   -0.348162
   -0.348270
   -0.348200
   -0.405395
   -0.405365
   -0.398243
   -0.405374
   -0.347552
   -0.348525
   -0.347703
   -0.348365
   -0.347851
   -0.348236
   -0.347967
   -0.348139
   -0.348044
   -0.348082
   -0.348091
   -0.348043
   -0.405242
   -0.405130
   -0.398115
   -0.405121
   -0.348630
   -0.347883
   -0.348525
   -0.347997
   -0.348420
   -0.348088
   -0.348339
   -0.348155
   -0.348285
   -0.348193
   -0.348256
   -0.348217
   -0.405385
   -0.405382
   -0.398231
   -0.405393
   -0.347874
   -0.348237
   -0.347941
   -0.348162
   -0.348013
   -0.348100
   -0.348067
   -0.348054
   -0.348104
   -0.348031
   -0.348120
   -0.348016
   -0.405256
   -0.405112
   -0.398128
   -0.405102
   -0.348376
   -0.348112
   -0.348339
   -0.348155
   -0.348296
   -0.348192
   -0.348265
   -0.348219
   -0.348244
   -0.348230
   -0.348239
   -0.348236
   -0.405378
   -0.405395
   -0.398223
   -0.405405
   -0.348024
   -0.348100
   -0.348047
   -0.348073
   -0.348077
   -0.348047
   -0.348097
   -0.348029
   -0.348112
   -0.348019
   -0.348118
   -0.348013
   -0.405252
   -0.405111
   -0.398124
   -0.405103
   -0.348304
   -0.348181
   -0.348292
   -0.348196
   -0.348273
   -0.348211
   -0.348262
   -0.348222
   -0.348252
   -0.348228
   -0.348248
   -0.348235
   -0.405386
   -0.405391
   -0.398234
   -0.405397
   -0.348080
   -0.348043
   -0.348088
   -0.348033
   -0.348101
   -0.348023
   -0.348107
   -0.348018
   -0.348112
   -0.348015
   -0.348113
   -0.348011
   -0.405245
   -0.405114
   -0.398110
   -0.405114
   -0.348237
   -0.351479
   -0.348751
   -0.350967
   -0.349216
   -0.350546
   -0.349599
   -0.350250
   -0.349825
   -0.350090
   -0.349941
   -0.350008
   -0.407400
   -0.407416
   -0.400230
   -0.407415
   -0.351589
   -0.348637
   -0.351127
   -0.349095
   -0.350714
   -0.349468
   -0.350372
   -0.349735
   -0.350169
   -0.349879
   -0.350064
   -0.349955
   -0.407472
   -0.407417
   -0.400283
   -0.407417
   -0.348527
   -0.351243
   -0.348949
   -0.350825
   -0.349325
   -0.350485
   -0.349642
   -0.350233
   -0.349835
   -0.350095
   -0.349937
   -0.350020
   -0.407403
   -0.407422
   -0.400237
   -0.407422
   -0.351343
   -0.348833
   -0.350963
   -0.349210
   -0.350625
   -0.349517
   -0.350337
   -0.349749
   -0.350157
   -0.349878
   -0.350059
   -0.349954
   -0.407458
   -0.407422
   -0.400266
   -0.407422
   -0.348788
   -0.351032
   -0.349129
   -0.350694
   -0.349432
   -0.350419
   -0.349690
   -0.350208
   -0.349856
   -0.350087
   -0.349950
   -0.350013
   -0.407424
   -0.407411
   -0.400260
   -0.407409
   -0.351063
   -0.349065
   -0.350763
   -0.349364
   -0.350494
   -0.349606
   -0.350269
   -0.349793
   -0.350119
   -0.349902
   -0.350034
   -0.349970
   -0.407431
   -0.407437
   -0.400238
   -0.407443
   -0.349028
   -0.350837
   -0.349299
   -0.350563
   -0.349545
   -0.350343
   -0.349751
   -0.350169
   -0.349892
   -0.350064
   -0.349976
   -0.349996
   -0.407453
   -0.407391
   -0.400295
   -0.407378
   -0.350835
   -0.349249
   -0.350601
   -0.349489
   -0.350384
   -0.349683
   -0.350204
   -0.349836
   -0.350080
   -0.349930
   -0.350002
   -0.349993
   -0.407394
   -0.407467
   -0.400191
   -0.407486
   -0.349292
   -0.350619
   -0.349493
   -0.350410
   -0.349681
   -0.350242
   -0.349837
   -0.350108
   -0.349947
   -0.350022
   -0.350020
   -0.349961
   -0.407502
   -0.407351
   -0.400354
   -0.407323
   -0.350608
   -0.349435
   -0.350437
   -0.349614
   -0.350274
   -0.349760
   -0.350140
   -0.349878
   -0.350040
   -0.349958
   -0.349968
   -0.350020
   -0.407351
   -0.407503
   -0.400133
   -0.407540
   -0.349580
   -0.350377
   -0.349705
   -0.350243
   -0.349826
   -0.350135
   -0.349926
   -0.350046
   -0.350002
   -0.349984
   -0.350058
   -0.349934
   -0.407541
   -0.407320
   -0.400405
   -0.407277
   -0.350247
   -0.349743
   -0.350164
   -0.349836
   -0.350081
   -0.349910
   -0.350011
   -0.349974
   -0.349956
   -0.350019
   -0.349916
   -0.350056
   -0.407309
   -0.407536
   -0.400084
   -0.407583
   -0.349884
   -0.350119
   -0.349935
   -0.350057
   -0.349991
   -0.350007
   -0.350037
   -0.349964
   -0.350076
   -0.349930
   -0.350107
   -0.349899
   -0.407582
   -0.407287
   -0.400455
   -0.407234
   -0.350057
   -0.349901
   -0.350023
   -0.349945
   -0.349982
   -0.349982
   -0.349948
   -0.350016
   -0.349915
   -0.350048
   -0.349883
   -0.350082
   -0.407272
   -0.407565
   -0.400036
   -0.407624
   -0.349978
   -0.350045
   -0.350004
   -0.350010
   -0.350036
   -0.349979
   -0.350067
   -0.349947
   -0.350098
   -0.349914
   -0.350134
   -0.349875
   -0.407621
   -0.407254
   -0.400506
   -0.407188
   -0.349982
   -0.349959
   -0.349963
   -0.349989
   -0.349936
   -0.350015
   -0.349908
   -0.350044
   -0.349881
   -0.350074
   -0.349846
   -0.350116
   -0.407224
   -0.407609
   -0.399975
   -0.407681
   -0.351544
   -0.348809
   -0.351102
   -0.349246
   -0.350712
   -0.349588
   -0.350400
   -0.349832
   -0.350219
   -0.349954
   -0.350140
   -0.350011
   -0.407522
   -0.407452
   -0.400362
   -0.407502
   -0.348756
   -0.351219
   -0.349154
   -0.350827
   -0.349501
   -0.350522
   -0.349783
   -0.350299
   -0.349949
   -0.350186
   -0.350023
   -0.350132
   -0.407457
   -0.407506
   -0.400339
   -0.407537
   -0.351314
   -0.349007
   -0.350953
   -0.349363
   -0.350638
   -0.349641
   -0.350377
   -0.349852
   -0.350220
   -0.349959
   -0.350147
   -0.350013
   -0.407526
   -0.407458
   -0.400365
   -0.407504
   -0.348948
   -0.351056
   -0.349271
   -0.350735
   -0.349557
   -0.350481
   -0.349798
   -0.350283
   -0.349949
   -0.350177
   -0.350023
   -0.350097
   -0.407488
   -0.407485
   -0.400329
   -0.407519
   -0.351103
   -0.349189
   -0.350816
   -0.349474
   -0.350562
   -0.349702
   -0.350346
   -0.349881
   -0.350208
   -0.349978
   -0.350138
   -0.350014
   -0.407531
   -0.407481
   -0.400332
   -0.407527
   -0.349177
   -0.350855
   -0.349428
   -0.350603
   -0.349655
   -0.350400
   -0.349846
   -0.350238
   -0.349973
   -0.350149
   -0.350037
   -0.350076
   -0.407499
   -0.407469
   -0.400337
   -0.407501
   -0.350913
   -0.349356
   -0.350688
   -0.349585
   -0.350481
   -0.349771
   -0.350306
   -0.349920
   -0.350187
   -0.350005
   -0.350125
   -0.350035
   -0.407521
   -0.407498
   -0.400321
   -0.407548
   -0.349345
   -0.350706
   -0.349542
   -0.350502
   -0.349729
   -0.350333
   -0.349887
   -0.350199
   -0.349993
   -0.350122
   -0.350052
   -0.350053
   -0.407514
   -0.407446
   -0.400353
   -0.407474
   -0.350701
   -0.349546
   -0.350536
   -0.349720
   -0.350375
   -0.349866
   -0.350240
   -0.349981
   -0.350149
   -0.350046
   -0.350098
   -0.350068
   -0.407498
   -0.407528
   -0.400298
   -0.407583
   -0.349544
   -0.350528
   -0.349684
   -0.350378
   -0.349824
   -0.350249
   -0.349942
   -0.350148
   -0.350025
   -0.350086
   -0.350075
   -0.350023
   -0.407535
   -0.407417
   -0.400379
   -0.407437
   -0.350451
   -0.349773
   -0.350352
   -0.349881
   -0.350250
   -0.349974
   -0.350164
   -0.350048
   -0.350105
   -0.350090
   -0.350072
   -0.350097
   -0.407480
   -0.407554
   -0.400277
   -0.407614
   -0.349854
   -0.350245
   -0.349919
   -0.350170
   -0.349990
   -0.350104
   -0.350051
   -0.350051
   -0.350093
   -0.350023
   -0.350113
   -0.350029
   -0.407532
   -0.407434
   -0.400397
   -0.407410
   -0.350202
   -0.350000
   -0.350164
   -0.350048
   -0.350118
   -0.350091
   -0.350078
   -0.350126
   -0.350052
   -0.350141
   -0.350044
   -0.350165
   -0.407448
   -0.407614
   -0.400262
   -0.407637
   -0.349998
   -0.350110
   -0.350026
   -0.350073
   -0.350062
   -0.350038
   -0.350095
   -0.350008
   -0.350119
   -0.349991
   -0.350130
   -0.350006
   -0.407542
   -0.407415
   -0.400408
   -0.407392
   -0.350132
   -0.350071
   -0.350114
   -0.350098
   -0.350086
   -0.350126
   -0.350058
   -0.350152
   -0.350037
   -0.350167
   -0.350027
   -0.350193
   -0.407431
   -0.407642
   -0.400241
   -0.407667
   -0.350052
   -0.350053
   -0.350068
   -0.350027
   -0.350095
   -0.349998
   -0.350125
   -0.349970
   -0.350145
   -0.349956
   -0.350156
   -0.349969
   -0.407568
   -0.407377
   -0.400438
   -0.407351
   -0.348430
   -0.351413
   -0.348884
   -0.350961
   -0.349297
   -0.350587
   -0.349642
   -0.350309
   -0.349862
   -0.350158
   -0.349950
   -0.350101
   -0.406006
   -0.406086
   -0.400267
   -0.407475
   -0.351517
   -0.348799
   -0.351108
   -0.349206
   -0.350740
   -0.349540
   -0.350428
   -0.349794
   -0.350227
   -0.349931
   -0.350147
   -0.349982
   -0.406148
   -0.406057
   -0.400360
   -0.407489
   -0.348694
   -0.351200
   -0.349068
   -0.350827
   -0.349405
   -0.350519
   -0.349697
   -0.350279
   -0.349887
   -0.350147
   -0.349967
   -0.350094
   -0.406025
   -0.406081
   -0.400284
   -0.407475
   -0.351280
   -0.348988
   -0.350946
   -0.349322
   -0.350644
   -0.349600
   -0.350378
   -0.349822
   -0.350199
   -0.349949
   -0.350118
   -0.349295
   -0.406822
   -0.406080
   -0.399613
   -0.407514
   -0.348947
   -0.350995
   -0.349244
   -0.350697
   -0.349514
   -0.350448
   -0.349753
   -0.350246
   -0.349920
   -0.350125
   -0.350000
   -0.349362
   -0.406774
   -0.406047
   -0.399627
   -0.407439
   -0.350998
   -0.349221
   -0.350742
   -0.349480
   -0.350508
   -0.349696
   -0.350301
   -0.349872
   -0.350153
   -0.349982
   -0.350079
   -0.349324
   -0.406782
   -0.406106
   -0.399573
   -0.407544
   -0.349195
   -0.350792
   -0.349424
   -0.350559
   -0.349635
   -0.350363
   -0.349823
   -0.350201
   -0.349963
   -0.350093
   -0.350041
   -0.349331
   -0.406816
   -0.406018
   -0.399672
   -0.407403
   -0.350784
   -0.349395
   -0.350587
   -0.349599
   -0.350401
   -0.349771
   -0.350236
   -0.349914
   -0.350112
   -0.350015
   -0.350035
   -0.349361
   -0.406732
   -0.406145
   -0.399516
   -0.407593
   -0.349445
   -0.350585
   -0.349610
   -0.350410
   -0.349769
   -0.350263
   -0.349910
   -0.350140
   -0.350020
   -0.350048
   -0.350094
   -0.349285
   -0.406875
   -0.405969
   -0.399740
   -0.407342
   -0.350549
   -0.349590
   -0.350413
   -0.349735
   -0.350280
   -0.349859
   -0.350162
   -0.349962
   -0.350066
   -0.350049
   -0.349992
   -0.349396
   -0.406684
   -0.406184
   -0.399458
   -0.407642
   -0.349722
   -0.350351
   -0.349818
   -0.350246
   -0.349913
   -0.350157
   -0.349999
   -0.350081
   -0.350074
   -0.350009
   -0.350137
   -0.349254
   -0.406915
   -0.405939
   -0.399787
   -0.407305
   -0.350239
   -0.349853
   -0.350180
   -0.349923
   -0.350116
   -0.349981
   -0.350057
   -0.350037
   -0.350000
   -0.350095
   -0.349946
   -0.350848
   -0.405934
   -0.407635
   -0.399407
   -0.407683
   -0.349985
   -0.350126
   -0.350020
   -0.350081
   -0.350061
   -0.350044
   -0.350100
   -0.350005
   -0.350145
   -0.349954
   -0.350193
   -0.350623
   -0.406256
   -0.407316
   -0.399835
   -0.407268
   -0.350087
   -0.349979
   -0.350066
   -0.350008
   -0.350039
   -0.350034
   -0.350009
   -0.350065
   -0.349969
   -0.350117
   -0.349917
   -0.350869
   -0.405902
   -0.407657
   -0.399369
   -0.407709
   -0.350050
   -0.350078
   -0.350066
   -0.350055
   -0.350087
   -0.350033
   -0.350114
   -0.350002
   -0.350157
   -0.349945
   -0.350215
   -0.350603
   -0.406289
   -0.407291
   -0.399876
   -0.407236
   -0.350041
   -0.350011
   -0.350030
   -0.350029
   -0.350013
   -0.350049
   -0.349986
   -0.350080
   -0.349944
   -0.350137
   -0.349883
   -0.350900
   -0.405860
   -0.407692
   -0.399318
   -0.407753
   -0.351320
   -0.349013
   -0.350933
   -0.349386
   -0.350610
   -0.349667
   -0.350352
   -0.349862
   -0.350210
   -0.349951
   -0.350169
   -0.349991
   -0.401818
   -0.401720
   -0.400366
   -0.407501
   -0.348952
   -0.351045
   -0.349304
   -0.350708
   -0.349593
   -0.350456
   -0.349827
   -0.350276
   -0.349960
   -0.350192
   -0.350000
   -0.350151
   -0.401715
   -0.401788
   -0.400341
   -0.407539
   -0.351141
   -0.349167
   -0.350818
   -0.349477
   -0.350554
   -0.349709
   -0.350335
   -0.349880
   -0.350207
   -0.349965
   -0.350163
   -0.350009
   -0.401807
   -0.401740
   -0.400356
   -0.407516
   -0.349112
   -0.350909
   -0.349401
   -0.350630
   -0.349641
   -0.350419
   -0.349843
   -0.350256
   -0.349968
   -0.350170
   -0.350019
   -0.347231
   -0.404631
   -0.401747
   -0.397487
   -0.407500
   -0.350950
   -0.349332
   -0.350696
   -0.349578
   -0.350485
   -0.349764
   -0.350306
   -0.349910
   -0.350190
   -0.349993
   -0.350137
   -0.347166
   -0.404656
   -0.401780
   -0.397442
   -0.407559
   -0.349330
   -0.350719
   -0.349549
   -0.350503
   -0.349734
   -0.350342
   -0.349890
   -0.350212
   -0.349996
   -0.350132
   -0.350051
   -0.347189
   -0.404665
   -0.401706
   -0.397519
   -0.407456
   -0.350761
   -0.349497
   -0.350568
   -0.349690
   -0.350401
   -0.349836
   -0.350259
   -0.349957
   -0.350158
   -0.350038
   -0.350096
   -0.347218
   -0.404612
   -0.401833
   -0.397395
   -0.407620
   -0.349477
   -0.350589
   -0.349647
   -0.350415
   -0.349799
   -0.350281
   -0.349929
   -0.350170
   -0.350025
   -0.350088
   -0.350093
   -0.347134
   -0.404715
   -0.401645
   -0.397577
   -0.407383
   -0.350589
   -0.349651
   -0.350447
   -0.349801
   -0.350313
   -0.349919
   -0.350199
   -0.350017
   -0.350113
   -0.350094
   -0.350044
   -0.347282
   -0.404552
   -0.401903
   -0.397327
   -0.407704
   -0.349651
   -0.350433
   -0.349770
   -0.350304
   -0.349887
   -0.350201
   -0.349986
   -0.350113
   -0.350067
   -0.350036
   -0.350141
   -0.347075
   -0.404768
   -0.401581
   -0.397639
   -0.407306
   -0.350363
   -0.349855
   -0.350282
   -0.349948
   -0.350199
   -0.350020
   -0.350127
   -0.350086
   -0.350064
   -0.350148
   -0.349999
   -0.347333
   -0.404511
   -0.401954
   -0.397281
   -0.407763
   -0.349921
   -0.350187
   -0.349973
   -0.350123
   -0.350031
   -0.350072
   -0.350085
   -0.350021
   -0.350136
   -0.349966
   -0.350196
   -0.352790
   -0.401924
   -0.407304
   -0.397680
   -0.407256
   -0.350164
   -0.350036
   -0.350139
   -0.350074
   -0.350105
   -0.350102
   -0.350073
   -0.350135
   -0.350036
   -0.350179
   -0.349983
   -0.353117
   -0.401622
   -0.407734
   -0.397267
   -0.407785
   -0.350044
   -0.350073
   -0.350059
   -0.350047
   -0.350081
   -0.350029
   -0.350105
   -0.350001
   -0.350139
   -0.349956
   -0.350196
   -0.352784
   -0.401917
   -0.407305
   -0.397671
   -0.407257
   -0.350137
   -0.350066
   -0.350126
   -0.350086
   -0.350109
   -0.350101
   -0.350087
   -0.350127
   -0.350053
   -0.350174
   -0.349992
   -0.353119
   -0.401628
   -0.407736
   -0.397273
   -0.407789
   -0.350065
   -0.350046
   -0.350073
   -0.350029
   -0.350086
   -0.350016
   -0.350108
   -0.349989
   -0.350141
   -0.349942
   -0.350206
   -0.352762
   -0.401931
   -0.407281
   -0.397689
   -0.407226
   -0.349065
   -0.350842
   -0.349385
   -0.350533
   -0.349645
   -0.350316
   -0.349838
   -0.350179
   -0.349939
   -0.350129
   -0.349935
   -0.350122
   -0.400265
   -0.400384
   -0.400263
   -0.407477
   -0.350943
   -0.349316
   -0.350655
   -0.349592
   -0.350426
   -0.349784
   -0.350251
   -0.349910
   -0.350159
   -0.349956
   -0.350163
   -0.349961
   -0.400441
   -0.400303
   -0.400368
   -0.407484
   -0.349215
   -0.350730
   -0.349481
   -0.350476
   -0.349691
   -0.350297
   -0.349858
   -0.350173
   -0.349951
   -0.350122
   -0.349955
   -0.350111
   -0.400286
   -0.400377
   -0.400278
   -0.407477
   -0.350804
   -0.349418
   -0.350569
   -0.349643
   -0.350383
   -0.349803
   -0.350230
   -0.349919
   -0.350141
   -0.349971
   -0.350131
   -0.346415
   -0.403974
   -0.400326
   -0.396763
   -0.407504
   -0.349370
   -0.350614
   -0.349578
   -0.350414
   -0.349743
   -0.350271
   -0.349882
   -0.350162
   -0.349968
   -0.350109
   -0.349985
   -0.346519
   -0.403891
   -0.400355
   -0.396742
   -0.407456
   -0.350640
   -0.349543
   -0.350461
   -0.349717
   -0.350317
   -0.349844
   -0.350193
   -0.349943
   -0.350111
   -0.349998
   -0.350089
   -0.346448
   -0.403929
   -0.400357
   -0.396720
   -0.407539
   -0.349501
   -0.350517
   -0.349663
   -0.350357
   -0.349798
   -0.350237
   -0.349917
   -0.350137
   -0.350004
   -0.350073
   -0.350039
   -0.346472
   -0.403951
   -0.400306
   -0.396806
   -0.407397
   -0.350535
   -0.349619
   -0.350393
   -0.349763
   -0.350268
   -0.349877
   -0.350155
   -0.349975
   -0.350067
   -0.350044
   -0.350021
   -0.346512
   -0.403848
   -0.400429
   -0.396628
   -0.407627
   -0.349634
   -0.350415
   -0.349757
   -0.350285
   -0.349872
   -0.350178
   -0.349980
   -0.350082
   -0.350068
   -0.350008
   -0.350125
   -0.346388
   -0.404054
   -0.400210
   -0.396923
   -0.407282
   -0.350391
   -0.349733
   -0.350288
   -0.349844
   -0.350186
   -0.349940
   -0.350090
   -0.350028
   -0.350006
   -0.350102
   -0.349943
   -0.346585
   -0.403759
   -0.400512
   -0.396525
   -0.407727
   -0.349832
   -0.350251
   -0.349905
   -0.350169
   -0.349981
   -0.350095
   -0.350059
   -0.350020
   -0.350132
   -0.349954
   -0.350192
   -0.346332
   -0.404123
   -0.400151
   -0.397002
   -0.407209
   -0.350172
   -0.349914
   -0.350126
   -0.349970
   -0.350072
   -0.350025
   -0.350011
   -0.350089
   -0.349946
   -0.350148
   -0.349890
   -0.353770
   -0.400135
   -0.407699
   -0.396460
   -0.407786
   -0.350033
   -0.350083
   -0.350057
   -0.350049
   -0.350093
   -0.350008
   -0.350142
   -0.349954
   -0.350200
   -0.349897
   -0.350257
   -0.353417
   -0.400617
   -0.407235
   -0.397077
   -0.407141
   -0.350060
   -0.350002
   -0.350047
   -0.350022
   -0.350023
   -0.350055
   -0.349981
   -0.350105
   -0.349923
   -0.350164
   -0.349861
   -0.353790
   -0.400102
   -0.407723
   -0.396416
   -0.407821
   -0.350060
   -0.350070
   -0.350072
   -0.350051
   -0.350095
   -0.350018
   -0.350140
   -0.349963
   -0.350203
   -0.349896
   -0.350275
   -0.353403
   -0.400646
   -0.407212
   -0.397120
   -0.407103
   -0.350041
   -0.350010
   -0.350031
   -0.350026
   -0.350012
   -0.350058
   -0.349966
   -0.350115
   -0.349901
   -0.350184
   -0.349825
   -0.353824
   -0.400054
   -0.407767
   -0.396350
   -0.407885
   -0.351249
   -0.349040
   -0.350936
   -0.349358
   -0.350659
   -0.349596
   -0.350445
   -0.349756
   -0.350324
   -0.349831
   -0.350294
   -0.349895
   -0.400483
   -0.400259
   -0.400382
   -0.407498
   -0.349051
   -0.350990
   -0.349330
   -0.350707
   -0.349573
   -0.350498
   -0.349764
   -0.350355
   -0.349872
   -0.350288
   -0.349897
   -0.350232
   -0.400235
   -0.400412
   -0.400326
   -0.407543
   -0.351005
   -0.349261
   -0.350755
   -0.349512
   -0.350541
   -0.349699
   -0.350369
   -0.349828
   -0.350270
   -0.349889
   -0.350248
   -0.349938
   -0.400457
   -0.400284
   -0.400377
   -0.407504
   -0.349277
   -0.350785
   -0.349495
   -0.350565
   -0.349683
   -0.350400
   -0.349838
   -0.350282
   -0.349928
   -0.350225
   -0.349951
   -0.346587
   -0.403864
   -0.400373
   -0.396757
   -0.407516
   -0.350776
   -0.349469
   -0.350587
   -0.349660
   -0.350425
   -0.349801
   -0.350293
   -0.349902
   -0.350213
   -0.349954
   -0.350191
   -0.346407
   -0.404001
   -0.400331
   -0.396755
   -0.407542
   -0.349492
   -0.350589
   -0.349655
   -0.350422
   -0.349797
   -0.350298
   -0.349913
   -0.350208
   -0.349988
   -0.350155
   -0.350014
   -0.346520
   -0.403918
   -0.400317
   -0.396799
   -0.407466
   -0.350595
   -0.349634
   -0.350452
   -0.349784
   -0.350324
   -0.349896
   -0.350220
   -0.349979
   -0.350148
   -0.350034
   -0.350112
   -0.346494
   -0.403924
   -0.400415
   -0.396682
   -0.407629
   -0.349638
   -0.350455
   -0.349762
   -0.350319
   -0.349882
   -0.350214
   -0.349980
   -0.350133
   -0.350054
   -0.350071
   -0.350103
   -0.346418
   -0.404014
   -0.400210
   -0.396900
   -0.407350
   -0.350447
   -0.349771
   -0.350341
   -0.349891
   -0.350233
   -0.349988
   -0.350143
   -0.350065
   -0.350070
   -0.350130
   -0.350010
   -0.346612
   -0.403808
   -0.400544
   -0.396556
   -0.407771
   -0.349795
   -0.350309
   -0.349881
   -0.350205
   -0.349978
   -0.350120
   -0.350056
   -0.350050
   -0.350127
   -0.349981
   -0.350197
   -0.346308
   -0.404120
   -0.400091
   -0.397015
   -0.407218
   -0.350237
   -0.349965
   -0.350182
   -0.350039
   -0.350111
   -0.350101
   -0.350053
   -0.350158
   -0.349990
   -0.350222
   -0.349919
   -0.346715
   -0.403713
   -0.400651
   -0.396452
   -0.407892
   -0.350034
   -0.350087
   -0.350066
   -0.350035
   -0.350118
   -0.349989
   -0.350164
   -0.349939
   -0.350224
   -0.349875
   -0.350300
   -0.353375
   -0.400638
   -0.407150
   -0.397136
   -0.407082
   -0.350086
   -0.350105
   -0.350073
   -0.350139
   -0.350036
   -0.350172
   -0.350002
   -0.350215
   -0.349944
   -0.350280
   -0.349863
   -0.353966
   -0.400059
   -0.407912
   -0.396372
   -0.407987
   -0.350095
   -0.350028
   -0.350104
   -0.349999
   -0.350138
   -0.349967
   -0.350173
   -0.349918
   -0.350240
   -0.349841
   -0.350336
   -0.353320
   -0.400690
   -0.407081
   -0.397203
   -0.407001
   -0.350116
   -0.350084
   -0.350104
   -0.350115
   -0.350068
   -0.350151
   -0.350029
   -0.350208
   -0.349950
   -0.350296
   -0.349839
   -0.354013
   -0.400013
   -0.407976
   -0.396310
   -0.408064
   -0.350069
   -0.350042
   -0.350083
   -0.350008
   -0.350123
   -0.349968
   -0.350168
   -0.349902
   -0.350255
   -0.349807
   -0.350377
   -0.353257
   -0.400749
   -0.407004
   -0.397277
   -0.406912
   -0.348754
   -0.351147
   -0.349095
   -0.350803
   -0.349398
   -0.350542
   -0.349624
   -0.350373
   -0.349756
   -0.350285
   -0.349807
   -0.350223
   -0.400161
   -0.400395
   -0.400251
   -0.407478
   -0.351211
   -0.349052
   -0.350906
   -0.349358
   -0.350640
   -0.349588
   -0.350438
   -0.349739
   -0.350319
   -0.349819
   -0.350275
   -0.349872
   -0.400459
   -0.400217
   -0.400379
   -0.407482
   -0.349007
   -0.350937
   -0.349282
   -0.350662
   -0.349520
   -0.350456
   -0.349703
   -0.350316
   -0.349814
   -0.350240
   -0.349857
   -0.350191
   -0.400195
   -0.400379
   -0.400268
   -0.407480
   -0.350969
   -0.349253
   -0.350728
   -0.349494
   -0.350520
   -0.349675
   -0.350357
   -0.349801
   -0.350255
   -0.349871
   -0.350215
   -0.346326
   -0.403999
   -0.400249
   -0.396752
   -0.407503
   -0.349243
   -0.350741
   -0.349455
   -0.350530
   -0.349636
   -0.350373
   -0.349778
   -0.350262
   -0.349869
   -0.350198
   -0.349907
   -0.346565
   -0.403825
   -0.400356
   -0.396706
   -0.407466
   -0.350740
   -0.349443
   -0.350558
   -0.349625
   -0.350401
   -0.349761
   -0.350279
   -0.349858
   -0.350197
   -0.349919
   -0.350159
   -0.346369
   -0.403951
   -0.400282
   -0.396713
   -0.407529
   -0.349436
   -0.350584
   -0.349597
   -0.350420
   -0.349740
   -0.350295
   -0.349851
   -0.350205
   -0.349932
   -0.350142
   -0.349977
   -0.346506
   -0.403892
   -0.400302
   -0.396770
   -0.407412
   -0.350581
   -0.349570
   -0.350441
   -0.349716
   -0.350312
   -0.349830
   -0.350210
   -0.349915
   -0.350132
   -0.349979
   -0.350080
   -0.346441
   -0.403869
   -0.400353
   -0.396629
   -0.407605
   -0.349594
   -0.350457
   -0.349715
   -0.350327
   -0.349833
   -0.350221
   -0.349927
   -0.350141
   -0.350002
   -0.350076
   -0.350062
   -0.346427
   -0.403982
   -0.400221
   -0.396865
   -0.407323
   -0.350404
   -0.349715
   -0.350308
   -0.349823
   -0.350208
   -0.349912
   -0.350130
   -0.349979
   -0.350065
   -0.350037
   -0.350007
   -0.346504
   -0.403798
   -0.400412
   -0.396556
   -0.407671
   -0.349838
   -0.350251
   -0.349902
   -0.350174
   -0.349975
   -0.350110
   -0.350029
   -0.350060
   -0.350080
   -0.350014
   -0.350132
   -0.346370
   -0.404043
   -0.400175
   -0.396924
   -0.407271
   -0.350154
   -0.349926
   -0.350118
   -0.349976
   -0.350069
   -0.350019
   -0.350034
   -0.350053
   -0.349997
   -0.350088
   -0.349950
   -0.353707
   -0.400183
   -0.407605
   -0.396529
   -0.407733
   -0.350043
   -0.350079
   -0.350059
   -0.350048
   -0.350090
   -0.350020
   -0.350112
   -0.349997
   -0.350141
   -0.349969
   -0.350185
   -0.353491
   -0.400519
   -0.407298
   -0.396998
   -0.407242
   -0.350044
   -0.350011
   -0.350041
   -0.350028
   -0.350019
   -0.350049
   -0.350006
   -0.350066
   -0.349982
   -0.350090
   -0.349937
   -0.353711
   -0.400170
   -0.407608
   -0.396509
   -0.407744
   -0.350067
   -0.350068
   -0.350071
   -0.350052
   -0.350093
   -0.350029
   -0.350108
   -0.350010
   -0.350133
   -0.349985
   -0.350183
   -0.353498
   -0.400523
   -0.407303
   -0.397010
   -0.407239
   -0.350033
   -0.350013
   -0.350031
   -0.350027
   -0.350012
   -0.350048
   -0.349998
   -0.350066
   -0.349976
   -0.350086
   -0.349927
   -0.353715
   -0.400157
   -0.407613
   -0.396489
   -0.407757
   -0.351133
   -0.349147
   -0.350844
   -0.349427
   -0.350601
   -0.349643
   -0.350416
   -0.349778
   -0.350305
   -0.349854
   -0.350273
   -0.349898
   -0.400479
   -0.400253
   -0.400381
   -0.407506
   -0.349114
   -0.350931
   -0.349379
   -0.350676
   -0.349598
   -0.350479
   -0.349769
   -0.350354
   -0.349873
   -0.350280
   -0.349905
   -0.350238
   -0.400230
   -0.400420
   -0.400323
   -0.407539
   -0.350960
   -0.349304
   -0.350721
   -0.349533
   -0.350526
   -0.349708
   -0.350372
   -0.349822
   -0.350276
   -0.349890
   -0.350246
   -0.349929
   -0.400462
   -0.400274
   -0.400379
   -0.407510
   -0.349312
   -0.350749
   -0.349525
   -0.350548
   -0.349696
   -0.350392
   -0.349834
   -0.350289
   -0.349920
   -0.350227
   -0.349948
   -0.346600
   -0.403853
   -0.400385
   -0.396750
   -0.407515
   -0.350742
   -0.349505
   -0.350556
   -0.349679
   -0.350410
   -0.349811
   -0.350295
   -0.349896
   -0.350223
   -0.349947
   -0.350201
   -0.346386
   -0.404019
   -0.400309
   -0.396771
   -0.407533
   -0.349521
   -0.350558
   -0.349681
   -0.350408
   -0.349807
   -0.350292
   -0.349907
   -0.350218
   -0.349972
   -0.350169
   -0.349997
   -0.346546
   -0.403893
   -0.400342
   -0.396777
   -0.407482
   -0.350566
   -0.349665
   -0.350427
   -0.349797
   -0.350315
   -0.349900
   -0.350227
   -0.349967
   -0.350166
   -0.350016
   -0.350136
   -0.346461
   -0.403955
   -0.400380
   -0.396712
   -0.407603
   -0.349655
   -0.350435
   -0.349778
   -0.350315
   -0.349882
   -0.350217
   -0.349967
   -0.350150
   -0.350030
   -0.350095
   -0.350074
   -0.346455
   -0.403978
   -0.400247
   -0.396864
   -0.407381
   -0.350435
   -0.349786
   -0.350331
   -0.349891
   -0.350238
   -0.349979
   -0.350161
   -0.350042
   -0.350102
   -0.350096
   -0.350051
   -0.346562
   -0.403856
   -0.400492
   -0.396605
   -0.407726
   -0.349802
   -0.350300
   -0.349887
   -0.350209
   -0.349968
   -0.350134
   -0.350032
   -0.350079
   -0.350086
   -0.350027
   -0.350142
   -0.346373
   -0.404054
   -0.400159
   -0.396947
   -0.407282
   -0.350243
   -0.349962
   -0.350186
   -0.350026
   -0.350128
   -0.350081
   -0.350083
   -0.350123
   -0.350040
   -0.350167
   -0.349984
   -0.346641
   -0.403786
   -0.400574
   -0.396527
   -0.407821
   -0.350014
   -0.350105
   -0.350048
   -0.350061
   -0.350089
   -0.350020
   -0.350122
   -0.349987
   -0.350158
   -0.349948
   -0.350215
   -0.352759
   -0.401254
   -0.406533
   -0.397755
   -0.407876
   -0.350100
   -0.350093
   -0.350085
   -0.350120
   -0.350058
   -0.350148
   -0.350036
   -0.350173
   -0.350006
   -0.350208
   -0.349948
   -0.353166
   -0.400859
   -0.407106
   -0.397177
   -0.408599
   -0.350082
   -0.350040
   -0.350091
   -0.350019
   -0.350114
   -0.349992
   -0.350136
   -0.349966
   -0.350167
   -0.349928
   -0.350234
   -0.352725
   -0.401287
   -0.406485
   -0.397804
   -0.407812
   -0.350108
   -0.350092
   -0.350099
   -0.350113
   -0.350075
   -0.350142
   -0.350052
   -0.350171
   -0.350017
   -0.350213
   -0.349941
   -0.353193
   -0.400833
   -0.407150
   -0.397132
   -0.408660
   -0.350069
   -0.350043
   -0.350079
   -0.350021
   -0.350105
   -0.349989
   -0.350131
   -0.349957
   -0.350167
   -0.349913
   -0.350250
   -0.352689
   -0.401321
   -0.406433
   -0.397855
   -0.407743
   -0.349204
   -0.350771
   -0.349395
   -0.350592
   -0.349546
   -0.350452
   -0.349669
   -0.350360
   -0.349763
   -0.350283
   -0.349804
   -0.350233
   -0.400155
   -0.400392
   -0.400255
   -0.407486
   -0.350840
   -0.349359
   -0.350665
   -0.349523
   -0.350527
   -0.349652
   -0.350412
   -0.349739
   -0.350323
   -0.349813
   -0.350283
   -0.349860
   -0.400464
   -0.400222
   -0.400370
   -0.407479
   -0.349342
   -0.350660
   -0.349500
   -0.350512
   -0.349624
   -0.350394
   -0.349730
   -0.350313
   -0.349813
   -0.350243
   -0.349852
   -0.350198
   -0.400194
   -0.400370
   -0.400279
   -0.407479
   -0.350666
   -0.349504
   -0.350528
   -0.349634
   -0.350420
   -0.349737
   -0.350325
   -0.349811
   -0.350250
   -0.349875
   -0.350214
   -0.346324
   -0.403996
   -0.400260
   -0.396739
   -0.407505
   -0.349507
   -0.350521
   -0.349630
   -0.350406
   -0.349726
   -0.350313
   -0.349811
   -0.350247
   -0.349880
   -0.350188
   -0.349914
   -0.346561
   -0.403834
   -0.400341
   -0.396722
   -0.407460
   -0.350513
   -0.349631
   -0.350408
   -0.349733
   -0.350322
   -0.349816
   -0.350246
   -0.349876
   -0.350182
   -0.349933
   -0.350147
   -0.346379
   -0.403936
   -0.400302
   -0.396691
   -0.407541
   -0.349642
   -0.350412
   -0.349736
   -0.350317
   -0.349817
   -0.350238
   -0.349891
   -0.350178
   -0.349954
   -0.350119
   -0.349996
   -0.346488
   -0.403914
   -0.400275
   -0.396797
   -0.407395
   -0.350413
   -0.349710
   -0.350328
   -0.349799
   -0.350249
   -0.349879
   -0.350174
   -0.349943
   -0.350106
   -0.350007
   -0.350053
   -0.346467
   -0.403837
   -0.400390
   -0.396592
   -0.407633
   -0.349741
   -0.350333
   -0.349816
   -0.350249
   -0.349892
   -0.350172
   -0.349967
   -0.350105
   -0.350036
   -0.350040
   -0.350097
   -0.346390
   -0.404027
   -0.400171
   -0.396917
   -0.407278
   -0.350281
   -0.349819
   -0.350221
   -0.349890
   -0.350156
   -0.349957
   -0.350091
   -0.350016
   -0.350030
   -0.350075
   -0.349968
   -0.346546
   -0.403747
   -0.400469
   -0.396496
   -0.407724
   -0.349915
   -0.350185
   -0.349958
   -0.350129
   -0.350010
   -0.350074
   -0.350064
   -0.350021
   -0.350120
   -0.349968
   -0.350183
   -0.346313
   -0.404113
   -0.400096
   -0.397008
   -0.407191
   -0.350110
   -0.349965
   -0.350083
   -0.350005
   -0.350045
   -0.350049
   -0.350000
   -0.350094
   -0.349953
   -0.350138
   -0.349893
   -0.350908
   -0.402967
   -0.404828
   -0.399300
   -0.410688
   -0.350060
   -0.350063
   -0.350074
   -0.350035
   -0.350101
   -0.350001
   -0.350137
   -0.349963
   -0.350176
   -0.349927
   -0.350234
   -0.350570
   -0.403456
   -0.404350
   -0.399953
   -0.410012
   -0.350027
   -0.350029
   -0.350020
   -0.350049
   -0.350001
   -0.350078
   -0.349969
   -0.350110
   -0.349937
   -0.350140
   -0.349882
   -0.350910
   -0.402957
   -0.404829
   -0.399283
   -0.410698
   -0.350073
   -0.350060
   -0.350083
   -0.350039
   -0.350102
   -0.350008
   -0.350136
   -0.349974
   -0.350169
   -0.349945
   -0.350228
   -0.350582
   -0.403455
   -0.404358
   -0.399962
   -0.410009
   -0.350026
   -0.350023
   -0.350017
   -0.350041
   -0.350001
   -0.350071
   -0.349968
   -0.350104
   -0.349939
   -0.350127
   -0.349881
   -0.350907
   -0.402947
   -0.404833
   -0.399260
   -0.410718
   -0.351094
   -0.349153
   -0.350870
   -0.349365
   -0.350684
   -0.349533
   -0.350527
   -0.349683
   -0.350372
   -0.349821
   -0.350279
   -0.349893
   -0.400478
   -0.400256
   -0.400382
   -0.407509
   -0.349148
   -0.350927
   -0.349354
   -0.350732
   -0.349522
   -0.350580
   -0.349666
   -0.350441
   -0.349811
   -0.350312
   -0.349900
   -0.350243
   -0.400231
   -0.400417
   -0.400324
   -0.407533
   -0.350921
   -0.349314
   -0.350738
   -0.349487
   -0.350591
   -0.349620
   -0.350463
   -0.349743
   -0.350335
   -0.349860
   -0.350254
   -0.349920
   -0.400465
   -0.400273
   -0.400382
   -0.407513
   -0.349345
   -0.350743
   -0.349506
   -0.350592
   -0.349634
   -0.350476
   -0.349746
   -0.350367
   -0.349860
   -0.350262
   -0.349934
   -0.346616
   -0.403841
   -0.400395
   -0.396738
   -0.407522
   -0.350724
   -0.349499
   -0.350584
   -0.349630
   -0.350476
   -0.349727
   -0.350382
   -0.349818
   -0.350286
   -0.349907
   -0.350223
   -0.346362
   -0.404039
   -0.400290
   -0.396790
   -0.407519
   -0.349526
   -0.350574
   -0.349646
   -0.350461
   -0.349739
   -0.350376
   -0.349821
   -0.350297
   -0.349906
   -0.350217
   -0.349965
   -0.346581
   -0.403861
   -0.400373
   -0.396746
   -0.407509
   -0.350563
   -0.349650
   -0.350460
   -0.349749
   -0.350378
   -0.349824
   -0.350306
   -0.349893
   -0.350231
   -0.349967
   -0.350172
   -0.346421
   -0.403992
   -0.400342
   -0.396750
   -0.407567
   -0.349651
   -0.350455
   -0.349742
   -0.350365
   -0.349818
   -0.350295
   -0.349887
   -0.350228
   -0.349957
   -0.350158
   -0.350019
   -0.346515
   -0.403918
   -0.400309
   -0.396799
   -0.407446
   -0.350443
   -0.349765
   -0.350367
   -0.349844
   -0.350298
   -0.349908
   -0.350235
   -0.349968
   -0.350175
   -0.350029
   -0.350114
   -0.346491
   -0.403929
   -0.400414
   -0.396688
   -0.407640
   -0.349790
   -0.350321
   -0.349853
   -0.350254
   -0.349911
   -0.350200
   -0.349963
   -0.350151
   -0.350012
   -0.350100
   -0.350068
   -0.346458
   -0.403965
   -0.400257
   -0.396840
   -0.407395
   -0.350258
   -0.349942
   -0.350217
   -0.349989
   -0.350177
   -0.350025
   -0.350143
   -0.350058
   -0.350111
   -0.350091
   -0.350065
   -0.346545
   -0.403890
   -0.400456
   -0.396657
   -0.407680
   -0.349992
   -0.350128
   -0.350018
   -0.350096
   -0.350043
   -0.350074
   -0.350064
   -0.350052
   -0.350083
   -0.350033
   -0.350122
   -0.350011
   -0.403988
   -0.403820
   -0.400450
   -0.410919
   -0.350114
   -0.350080
   -0.350105
   -0.350094
   -0.350096
   -0.350103
   -0.350088
   -0.350110
   -0.350085
   -0.350113
   -0.350057
   -0.350167
   -0.403876
   -0.404062
   -0.400243
   -0.411242
   -0.350075
   -0.350045
   -0.350079
   -0.350038
   -0.350080
   -0.350035
   -0.350083
   -0.350034
   -0.350078
   -0.350041
   -0.350099
   -0.350030
   -0.403952
   -0.403854
   -0.400403
   -0.410962
   -0.350100
   -0.350102
   -0.350097
   -0.350107
   -0.350098
   -0.350108
   -0.350098
   -0.350106
   -0.350108
   -0.350091
   -0.350091
   -0.350139
   -0.403920
   -0.404022
   -0.400294
   -0.411197
   -0.350065
   -0.350043
   -0.350072
   -0.350037
   -0.350069
   -0.350036
   -0.350070
   -0.350041
   -0.350053
   -0.350064
   -0.350065
   -0.350058
   -0.403909
   -0.403893
   -0.400355
   -0.411002
   -0.348974
   -0.350976
   -0.349205
   -0.350767
   -0.349387
   -0.350601
   -0.349541
   -0.350447
   -0.349708
   -0.350299
   -0.349817
   -0.350203
   -0.400178
   -0.400366
   -0.400270
   -0.407478
   -0.351009
   -0.349202
   -0.350803
   -0.349388
   -0.350642
   -0.349534
   -0.350506
   -0.349671
   -0.350358
   -0.349802
   -0.350262
   -0.349886
   -0.400440
   -0.400238
   -0.400357
   -0.407477
   -0.349213
   -0.350772
   -0.349393
   -0.350610
   -0.349532
   -0.350484
   -0.349649
   -0.350366
   -0.349777
   -0.350252
   -0.349860
   -0.350180
   -0.400199
   -0.400366
   -0.400272
   -0.407492
   -0.350751
   -0.349425
   -0.350598
   -0.349561
   -0.350483
   -0.349665
   -0.350387
   -0.349761
   -0.350282
   -0.349855
   -0.350214
   -0.346322
   -0.404005
   -0.400239
   -0.396763
   -0.407465
   -0.349453
   -0.350566
   -0.349583
   -0.350451
   -0.349680
   -0.350364
   -0.349757
   -0.350288
   -0.349841
   -0.350213
   -0.349896
   -0.346576
   -0.403801
   -0.400377
   -0.396673
   -0.407516
   -0.350535
   -0.349607
   -0.350429
   -0.349703
   -0.350348
   -0.349775
   -0.350286
   -0.349834
   -0.350220
   -0.349895
   -0.350173
   -0.346346
   -0.403978
   -0.400246
   -0.396750
   -0.407465
   -0.349633
   -0.350416
   -0.349724
   -0.350330
   -0.349798
   -0.350265
   -0.349854
   -0.350213
   -0.349912
   -0.350156
   -0.349960
   -0.346522
   -0.403863
   -0.400330
   -0.396730
   -0.407468
   -0.350394
   -0.349724
   -0.350316
   -0.349801
   -0.350248
   -0.349862
   -0.350196
   -0.349910
   -0.350144
   -0.349962
   -0.350093
   -0.346421
   -0.403891
   -0.400322
   -0.396660
   -0.407549
   -0.349769
   -0.350303
   -0.349834
   -0.350232
   -0.349899
   -0.350175
   -0.349949
   -0.350130
   -0.349995
   -0.350082
   -0.350049
   -0.346438
   -0.403962
   -0.400240
   -0.396837
   -0.407365
   -0.350252
   -0.349842
   -0.350200
   -0.349904
   -0.350143
   -0.349952
   -0.350102
   -0.349989
   -0.350067
   -0.350028
   -0.350015
   -0.346491
   -0.403808
   -0.400393
   -0.396576
   -0.407627
   -0.349936
   -0.350160
   -0.349973
   -0.350111
   -0.350019
   -0.350073
   -0.350050
   -0.350046
   -0.350076
   -0.350015
   -0.350126
   -0.346370
   -0.404039
   -0.400176
   -0.396914
   -0.407294
   -0.350089
   -0.349982
   -0.350066
   -0.350019
   -0.350032
   -0.350045
   -0.350012
   -0.350062
   -0.349996
   -0.350083
   -0.349950
   -0.350138
   -0.403743
   -0.404036
   -0.400097
   -0.411282
   -0.350062
   -0.350055
   -0.350075
   -0.350028
   -0.350098
   -0.350013
   -0.350109
   -0.350003
   -0.350115
   -0.349991
   -0.350158
   -0.349937
   -0.404072
   -0.403746
   -0.400539
   -0.410857
   -0.350019
   -0.350035
   -0.350013
   -0.350053
   -0.350000
   -0.350061
   -0.349996
   -0.350062
   -0.349999
   -0.350065
   -0.349961
   -0.350118
   -0.403754
   -0.404010
   -0.400110
   -0.411258
   -0.350075
   -0.350052
   -0.350084
   -0.350033
   -0.350095
   -0.350026
   -0.350099
   -0.350027
   -0.350092
   -0.350030
   -0.350128
   -0.349975
   -0.404042
   -0.403790
   -0.400508
   -0.410898
   -0.350026
   -0.350022
   -0.350016
   -0.350040
   -0.350009
   -0.350042
   -0.350009
   -0.350035
   -0.350026
   -0.350021
   -0.349996
   -0.350074
   -0.403790
   -0.403961
   -0.400146
   -0.411212
   -0.350065
   -0.349932
   -0.350046
   -0.349937
   -0.350061
   -0.349915
   -0.350083
   -0.349898
   -0.350084
   -0.349899
   -0.350089
   -0.349893
   -0.400339
   -0.400208
   -0.400278
   -0.407424
   -0.349965
   -0.350062
   -0.349983
   -0.350057
   -0.349968
   -0.350078
   -0.349948
   -0.350094
   -0.349946
   -0.350095
   -0.349939
   -0.350102
   -0.400199
   -0.400305
   -0.400258
   -0.407452
   -0.350035
   -0.349968
   -0.350021
   -0.349968
   -0.350039
   -0.349944
   -0.350063
   -0.349925
   -0.350070
   -0.349919
   -0.350080
   -0.349909
   -0.400337
   -0.400214
   -0.400285
   -0.407425
   -0.349998
   -0.350022
   -0.350010
   -0.350025
   -0.349990
   -0.350051
   -0.349964
   -0.350074
   -0.349952
   -0.350084
   -0.349940
   -0.346505
   -0.403781
   -0.400311
   -0.396650
   -0.407461
   -0.350011
   -0.349999
   -0.350002
   -0.349994
   -0.350024
   -0.349966
   -0.350053
   -0.349938
   -0.350072
   -0.349920
   -0.350089
   -0.346315
   -0.403944
   -0.400198
   -0.396723
   -0.407403
   -0.349996
   -0.350018
   -0.350005
   -0.350021
   -0.349986
   -0.350046
   -0.349959
   -0.350075
   -0.349937
   -0.350093
   -0.349924
   -0.346512
   -0.403764
   -0.400324
   -0.396627
   -0.407476
   -0.350026
   -0.349991
   -0.350017
   -0.349991
   -0.350032
   -0.349970
   -0.350054
   -0.349945
   -0.350075
   -0.349930
   -0.350081
   -0.346338
   -0.403927
   -0.400224
   -0.396703
   -0.407435
   -0.349970
   -0.350035
   -0.349982
   -0.350029
   -0.349976
   -0.350040
   -0.349962
   -0.350059
   -0.349946
   -0.350068
   -0.349951
   -0.346467
   -0.403806
   -0.400270
   -0.396677
   -0.407411
   -0.350044
   -0.349981
   -0.350033
   -0.349989
   -0.350036
   -0.349982
   -0.350045
   -0.349967
   -0.350062
   -0.349957
   -0.350052
   -0.346383
   -0.403884
   -0.400279
   -0.396651
   -0.407501
   -0.349977
   -0.350022
   -0.349987
   -0.350012
   -0.349986
   -0.350018
   -0.349978
   -0.350034
   -0.349958
   -0.350046
   -0.349969
   -0.346437
   -0.403830
   -0.400238
   -0.396703
   -0.407375
   -0.350011
   -0.350019
   -0.350006
   -0.350025
   -0.350010
   -0.350015
   -0.350021
   -0.349996
   -0.350046
   -0.349979
   -0.350036
   -0.346408
   -0.403869
   -0.400301
   -0.396637
   -0.407525
   -0.350014
   -0.349980
   -0.350017
   -0.349975
   -0.350011
   -0.349987
   -0.349999
   -0.350008
   -0.349970
   -0.350030
   -0.349978
   -0.350009
   -0.403838
   -0.403811
   -0.400303
   -0.410945
   -0.350000
   -0.350035
   -0.350003
   -0.350032
   -0.350018
   -0.350012
   -0.350037
   -0.349983
   -0.350076
   -0.349951
   -0.350076
   -0.349968
   -0.403912
   -0.403852
   -0.400274
   -0.411074
   -0.350020
   -0.349969
   -0.350014
   -0.349977
   -0.349992
   -0.350003
   -0.349968
   -0.350038
   -0.349920
   -0.350080
   -0.349914
   -0.350068
   -0.403765
   -0.403881
   -0.400221
   -0.411023
   -0.350017
   -0.350025
   -0.350025
   -0.350013
   -0.350052
   -0.349983
   -0.350079
   -0.349942
   -0.350138
   -0.349888
   -0.350151
   -0.349896
   -0.403997
   -0.403771
   -0.400366
   -0.410987
   -0.349997
   -0.349983
   -0.349990
   -0.349997
   -0.349957
   -0.350033
   -0.349925
   -0.350080
   -0.349856
   -0.350148
   -0.349833
   -0.350146
   -0.403673
   -0.403970
   -0.400122
   -0.411117
   -0.347120
   -0.347554
   -0.347153
   -0.347530
   -0.347172
   -0.347513
   -0.347189
   -0.347499
   -0.347207
   -0.347476
   -0.347234
   -0.347451
   -0.397140
   -0.397291
   -0.397178
   -0.404386
   -0.347694
   -0.347419
   -0.347665
   -0.347441
   -0.347648
   -0.347455
   -0.347633
   -0.347467
   -0.347618
   -0.347486
   -0.347596
   -0.347507
   -0.397468
   -0.397449
   -0.397434
   -0.404602
   -0.347181
   -0.347504
   -0.347206
   -0.347487
   -0.347218
   -0.347477
   -0.347228
   -0.347470
   -0.347238
   -0.347456
   -0.347256
   -0.347440
   -0.397152
   -0.397293
   -0.397180
   -0.404393
   -0.347625
   -0.347476
   -0.347606
   -0.347486
   -0.347602
   -0.347489
   -0.347599
   -0.347489
   -0.347597
   -0.347496
   -0.347584
   -0.343946
   -0.401025
   -0.397441
   -0.393876
   -0.404590
   -0.347244
   -0.347454
   -0.347258
   -0.347448
   -0.347255
   -0.347453
   -0.347251
   -0.347462
   -0.347243
   -0.347464
   -0.347248
   -0.343894
   -0.400698
   -0.397324
   -0.393588
   -0.404430
   -0.347567
   -0.347522
   -0.347559
   -0.347522
   -0.347568
   -0.347509
   -0.347580
   -0.347493
   -0.347597
   -0.347483
   -0.347596
   -0.343923
   -0.401045
   -0.397409
   -0.393903
   -0.404553
   -0.347281
   -0.347427
   -0.347288
   -0.347426
   -0.347280
   -0.347439
   -0.347267
   -0.347456
   -0.347249
   -0.347466
   -0.347253
   -0.343894
   -0.400706
   -0.397324
   -0.393598
   -0.404426
   -0.347555
   -0.347526
   -0.347549
   -0.347526
   -0.347559
   -0.347512
   -0.347574
   -0.347492
   -0.347593
   -0.347481
   -0.347587
   -0.343931
   -0.401026
   -0.397424
   -0.393877
   -0.404574
   -0.347287
   -0.347427
   -0.347294
   -0.347427
   -0.347284
   -0.347443
   -0.347267
   -0.347464
   -0.347244
   -0.347478
   -0.347252
   -0.343897
   -0.400714
   -0.397320
   -0.393614
   -0.404416
   -0.347530
   -0.347544
   -0.347527
   -0.347540
   -0.347543
   -0.347516
   -0.347568
   -0.347487
   -0.347600
   -0.347464
   -0.347597
   -0.343916
   -0.401034
   -0.397408
   -0.393882
   -0.404561
   -0.347332
   -0.347392
   -0.347332
   -0.347400
   -0.347309
   -0.347430
   -0.347278
   -0.347465
   -0.347240
   -0.347495
   -0.347241
   -0.343915
   -0.400701
   -0.397341
   -0.393604
   -0.404435
   -0.347498
   -0.347567
   -0.347502
   -0.347553
   -0.347532
   -0.347514
   -0.347572
   -0.347472
   -0.347618
   -0.347433
   -0.347621
   -0.347448
   -0.401058
   -0.400940
   -0.397461
   -0.408100
   -0.347357
   -0.347374
   -0.347351
   -0.347394
   -0.347310
   -0.347445
   -0.347260
   -0.347497
   -0.347202
   -0.347547
   -0.347193
   -0.347533
   -0.400654
   -0.400959
   -0.397124
   -0.408053
   -0.347486
   -0.347572
   -0.347496
   -0.347544
   -0.347548
   -0.347483
   -0.347608
   -0.347419
   -0.347679
   -0.347355
   -0.347698
   -0.347362
   -0.401140
   -0.400849
   -0.397545
   -0.408003
   -0.347356
   -0.347381
   -0.347347
   -0.347412
   -0.347287
   -0.347481
   -0.347220
   -0.347554
   -0.347138
   -0.347631
   -0.347110
   -0.347626
   -0.400565
   -0.401055
   -0.397036
   -0.408153
   -0.347496
   -0.347558
   -0.347505
   -0.347523
   -0.347572
   -0.347446
   -0.347647
   -0.347363
   -0.347745
   -0.347269
   -0.347783
   -0.347269
   -0.401228
   -0.400753
   -0.397632
   -0.407907
   -0.256717
   -0.256976
   -0.256728
   -0.256964
   -0.256742
   -0.256949
   -0.256758
   -0.256932
   -0.256771
   -0.256921
   -0.256782
   -0.256913
   -0.293659
   -0.293803
   -0.293658
   -0.299072
   -0.257217
   -0.257229
   -0.257207
   -0.257239
   -0.257195
   -0.257253
   -0.257179
   -0.257270
   -0.257165
   -0.257283
   -0.257153
   -0.257294
   -0.294067
   -0.294236
   -0.294071
   -0.299511
   -0.256731
   -0.256967
   -0.256741
   -0.256955
   -0.256758
   -0.256936
   -0.256778
   -0.256915
   -0.256798
   -0.256896
   -0.256815
   -0.256880
   -0.293699
   -0.293767
   -0.293699
   -0.299036
   -0.257203
   -0.257237
   -0.257193
   -0.257252
   -0.257172
   -0.257275
   -0.257149
   -0.257300
   -0.257124
   -0.257324
   -0.257104
   -0.254708
   -0.296642
   -0.294294
   -0.291373
   -0.299567
   -0.256746
   -0.256958
   -0.256757
   -0.256941
   -0.256783
   -0.256911
   -0.256813
   -0.256876
   -0.256852
   -0.256838
   -0.256884
   -0.254170
   -0.296419
   -0.293687
   -0.291149
   -0.298949
   -0.257188
   -0.257246
   -0.257178
   -0.257264
   -0.257150
   -0.257297
   -0.257116
   -0.257338
   -0.257068
   -0.257384
   -0.257033
   -0.254781
   -0.296560
   -0.294373
   -0.291287
   -0.299650
   -0.256763
   -0.256947
   -0.256772
   -0.256931
   -0.256799
   -0.256898
   -0.256834
   -0.256855
   -0.256886
   -0.256806
   -0.256918
   -0.254143
   -0.296447
   -0.293668
   -0.291167
   -0.298940
   -0.257167
   -0.257261
   -0.257159
   -0.257277
   -0.257132
   -0.257310
   -0.257097
   -0.257353
   -0.257041
   -0.257405
   -0.257015
   -0.254785
   -0.296560
   -0.294359
   -0.291307
   -0.299618
   -0.256782
   -0.256934
   -0.256790
   -0.256918
   -0.256818
   -0.256882
   -0.256856
   -0.256835
   -0.256921
   -0.256774
   -0.256947
   -0.254126
   -0.296459
   -0.293671
   -0.291159
   -0.298960
   -0.257152
   -0.257270
   -0.257146
   -0.257284
   -0.257117
   -0.257324
   -0.257075
   -0.257376
   -0.257001
   -0.257448
   -0.256972
   -0.254821
   -0.296524
   -0.294384
   -0.291283
   -0.299635
   -0.256790
   -0.256932
   -0.256797
   -0.256917
   -0.256829
   -0.256872
   -0.256876
   -0.256814
   -0.256959
   -0.256733
   -0.256990
   -0.254091
   -0.296497
   -0.293644
   -0.291185
   -0.298942
   -0.257150
   -0.257266
   -0.257144
   -0.257283
   -0.257105
   -0.257339
   -0.257048
   -0.257406
   -0.256953
   -0.257501
   -0.256916
   -0.257505
   -0.296474
   -0.297056
   -0.293884
   -0.302294
   -0.256790
   -0.256937
   -0.256801
   -0.256912
   -0.256854
   -0.256840
   -0.256925
   -0.256757
   -0.257039
   -0.256643
   -0.257089
   -0.256634
   -0.296599
   -0.296186
   -0.293920
   -0.301489
   -0.257154
   -0.257257
   -0.257141
   -0.257291
   -0.257074
   -0.257378
   -0.256988
   -0.257479
   -0.256850
   -0.257621
   -0.256781
   -0.257643
   -0.296325
   -0.297202
   -0.293733
   -0.302444
   -0.256791
   -0.256942
   -0.256805
   -0.256903
   -0.256884
   -0.256802
   -0.256982
   -0.256686
   -0.257143
   -0.256518
   -0.257231
   -0.256486
   -0.296758
   -0.296032
   -0.294077
   -0.301335
   -0.257148
   -0.257257
   -0.257135
   -0.257300
   -0.257045
   -0.257414
   -0.256935
   -0.257546
   -0.256750
   -0.257742
   -0.256642
   -0.257785
   -0.296175
   -0.297345
   -0.293591
   -0.302578
