   -0.281236
   -0.294181
   -0.277291
   -0.297386
   -0.288409
   -0.286536
   -0.288444
   -0.289094
   -0.286941
   -0.277995
   -0.267882
   -0.260974
   -0.271189
   -0.282603
   -0.290844
   -0.298429
   -0.278087
   -0.283197
   -0.295010
   -0.291653
   -0.288595
   -0.285505
   -0.286729
   -0.285641
   -0.284435
   -0.288733
   -0.288898
   -0.285640
   -0.266152
   -0.262772
   -0.275528
   -0.284147
   -0.264762
   -0.299634
   -0.276932
   -0.287629
   -0.287243
   -0.291513
   -0.289533
   -0.287960
   -0.289010
   -0.289214
   -0.289616
   -0.285587
   -0.285781
   -0.274375
   -0.259285
   -0.255712
   -0.211632
   -0.250047
   -0.280970
   -0.281667
   -0.285851
   -0.284963
   -0.288331
   -0.294932
   -0.288392
   -0.288693
   -0.303927
   -0.290305
   -0.295756
   -0.289417
   -0.283355
   -0.272045
   -0.247646
   -0.205889
   -0.235599
   -0.284699
   -0.280845
   -0.289365
   -0.289868
   -0.281224
   -0.291274
   -0.299571
   -0.284335
   -0.285412
   -0.293044
   -0.293860
   -0.289867
   -0.288374
   -0.285476
   -0.264000
   -0.220510
   -0.243198
   -0.280564
   -0.285553
   -0.280971
   -0.288556
   -0.289678
   -0.286480
   -0.283045
   -0.287427
   -0.288705
   -0.293015
   -0.295496
   -0.297056
   -0.289360
   -0.281864
   -0.262562
   -0.217772
   -0.239657
   -0.266229
   -0.286315
   -0.294244
   -0.289162
   -0.287529
   -0.287045
   -0.292885
   -0.289148
   -0.287181
   -0.292973
   -0.288385
   -0.268925
   -0.273073
   -0.281306
   -0.268106
   -0.218826
   -0.210234
   -0.248301
   -0.277856
   -0.287398
   -0.285108
   -0.286698
   -0.295166
   -0.289541
   -0.285901
   -0.287289
   -0.284708
   -0.259995
   -0.266053
   -0.280544
   -0.296762
   -0.270298
   -0.226922
   -0.207280
   -0.236990
   -0.269672
   -0.285467
   -0.296536
   -0.289799
   -0.287048
   -0.289730
   -0.289811
   -0.286658
   -0.278709
   -0.269767
   -0.263646
   -0.274932
   -0.283967
   -0.282784
   -0.243235
   -0.209765
   -0.228731
   -0.272031
   -0.285201
   -0.295843
   -0.288686
   -0.286398
   -0.282359
   -0.284411
   -0.290142
   -0.279326
   -0.260516
   -0.263312
   -0.277174
   -0.279151
   -0.274081
   -0.252178
   -0.226143
   -0.228908
   -0.255040
   -0.272527
   -0.286400
   -0.289073
   -0.291272
   -0.288956
   -0.288675
   -0.286336
   -0.285425
   -0.276528
   -0.276123
   -0.274841
   -0.279794
   -0.278618
   -0.253993
   -0.225634
   -0.221532
   -0.232959
   -0.267908
   -0.284501
   -0.281659
   -0.282184
   -0.289243
   -0.293866
   -0.286908
   -0.273057
   -0.261990
   -0.262725
   -0.268440
   -0.283649
   -0.284890
   -0.267407
   -0.249456
   -0.234787
   -0.239862
   -0.267968
   -0.295091
   -0.298449
   -0.281337
   -0.281528
   -0.278225
   -0.284112
   -0.279719
   -0.276855
   -0.270858
   -0.269980
   -0.275655
   -0.282101
   -0.269791
   -0.252302
   -0.225678
   -0.228498
   -0.265778
   -0.288022
   -0.284083
   -0.278673
   -0.280677
   -0.285839
   -0.286212
   -0.285051
   -0.278304
   -0.266358
   -0.264245
   -0.274952
   -0.278992
   -0.280462
   -0.261828
   -0.231915
   -0.228233
   -0.254209
   -0.288828
   -0.279856
   -0.282706
   -0.287439
   -0.286285
   -0.285713
   -0.285304
   -0.277631
   -0.264576
   -0.261583
   -0.273497
   -0.282289
   -0.291575
   -0.266922
   -0.236554
   -0.225665
   -0.347494
   -0.353999
   -0.351475
   -0.351787
   -0.327818
   -0.325362
   -0.347694
   -0.359718
   -0.357495
   -0.327043
   -0.286653
   -0.266327
   -0.273276
   -0.310858
   -0.347907
   -0.359469
   -0.345555
   -0.356831
   -0.361860
   -0.358549
   -0.345755
   -0.332172
   -0.326367
   -0.339069
   -0.347025
   -0.356007
   -0.356036
   -0.329347
   -0.294119
   -0.276667
   -0.297092
   -0.328264
   -0.353603
   -0.359494
   -0.353004
   -0.351734
   -0.356496
   -0.360875
   -0.348758
   -0.332483
   -0.330061
   -0.339532
   -0.348596
   -0.350466
   -0.351655
   -0.321260
   -0.278550
   -0.268444
   -0.336867
   -0.342759
   -0.354211
   -0.347516
   -0.352070
   -0.352901
   -0.353588
   -0.349005
   -0.334699
   -0.329942
   -0.341969
   -0.347029
   -0.361258
   -0.356073
   -0.336590
   -0.314657
   -0.343007
   -0.329977
   -0.336640
   -0.351551
   -0.355691
   -0.362946
   -0.358014
   -0.355403
   -0.362553
   -0.355680
   -0.334132
   -0.322508
   -0.335402
   -0.351931
   -0.356758
   -0.353888
   -0.360310
   -0.353123
   -0.332735
   -0.346184
   -0.353437
   -0.352085
   -0.355173
   -0.361748
   -0.358403
   -0.359618
   -0.354770
   -0.351360
   -0.338476
   -0.331187
   -0.338216
   -0.354122
   -0.342089
   -0.354176
   -0.348357
   -0.331439
   -0.336188
   -0.344647
   -0.352902
   -0.359602
   -0.363750
   -0.364930
   -0.363852
   -0.357409
   -0.349720
   -0.341676
   -0.335350
   -0.331408
   -0.295877
   -0.339196
   -0.354899
   -0.349874
   -0.332174
   -0.331978
   -0.347157
   -0.354434
   -0.357058
   -0.355203
   -0.354542
   -0.364020
   -0.358738
   -0.352407
   -0.342717
   -0.331604
   -0.290711
   -0.293274
   -0.336196
   -0.353486
   -0.347082
   -0.340153
   -0.332875
   -0.341591
   -0.350575
   -0.359922
   -0.362414
   -0.357500
   -0.361368
   -0.365872
   -0.363392
   -0.356390
   -0.329099
   -0.296721
   -0.283054
   -0.336779
   -0.351659
   -0.356782
   -0.343516
   -0.331585
   -0.340952
   -0.351910
   -0.356640
   -0.367442
   -0.360404
   -0.358970
   -0.352613
   -0.354446
   -0.365153
   -0.348051
   -0.291142
   -0.304582
   -0.337348
   -0.348846
   -0.351933
   -0.345003
   -0.336095
   -0.341001
   -0.353770
   -0.346950
   -0.352305
   -0.354733
   -0.361165
   -0.360462
   -0.341391
   -0.355329
   -0.350711
   -0.307213
   -0.303592
   -0.320340
   -0.342693
   -0.358023
   -0.350736
   -0.334559
   -0.327989
   -0.335016
   -0.345985
   -0.349323
   -0.351073
   -0.352452
   -0.338370
   -0.345163
   -0.351419
   -0.323436
   -0.294575
   -0.290807
   -0.302548
   -0.338615
   -0.354685
   -0.341857
   -0.332953
   -0.339578
   -0.349042
   -0.357733
   -0.355991
   -0.359205
   -0.337238
   -0.334691
   -0.338110
   -0.348368
   -0.337893
   -0.323985
   -0.303798
   -0.302323
   -0.327002
   -0.359013
   -0.353505
   -0.352745
   -0.342396
   -0.339652
   -0.344740
   -0.353131
   -0.348480
   -0.333745
   -0.325740
   -0.337348
   -0.347729
   -0.343534
   -0.322042
   -0.290066
   -0.289454
   -0.328578
   -0.352836
   -0.353226
   -0.344263
   -0.336558
   -0.342847
   -0.350835
   -0.363783
   -0.347654
   -0.335656
   -0.333112
   -0.341439
   -0.348874
   -0.351524
   -0.327659
   -0.290095
   -0.287276
   -0.318938
   -0.347901
   -0.363720
   -0.347751
   -0.345197
   -0.336813
   -0.333199
   -0.352674
   -0.349195
   -0.311300
   -0.257682
   -0.261928
   -0.313329
   -0.352530
   -0.363781
   -0.351163
   -0.332354
   -0.327042
   -0.327446
   -0.340603
   -0.351572
   -0.350609
   -0.326485
   -0.338867
   -0.363276
   -0.368134
   -0.333552
   -0.283580
   -0.262073
   -0.288826
   -0.333206
   -0.357775
   -0.358815
   -0.352992
   -0.348887
   -0.342002
   -0.343400
   -0.345278
   -0.358547
   -0.337503
   -0.331713
   -0.339939
   -0.351162
   -0.353685
   -0.325962
   -0.287663
   -0.270583
   -0.298404
   -0.327597
   -0.352270
   -0.355895
   -0.342312
   -0.328890
   -0.328234
   -0.362178
   -0.352844
   -0.350377
   -0.321715
   -0.343968
   -0.355924
   -0.355902
   -0.329667
   -0.289081
   -0.269377
   -0.274360
   -0.309918
   -0.345271
   -0.353388
   -0.344528
   -0.342372
   -0.364763
   -0.356123
   -0.349120
   -0.340474
   -0.330316
   -0.339834
   -0.345444
   -0.356526
   -0.360015
   -0.330889
   -0.294119
   -0.262108
   -0.287045
   -0.331832
   -0.352738
   -0.357301
   -0.362127
   -0.368616
   -0.347992
   -0.364189
   -0.354010
   -0.337673
   -0.333988
   -0.340000
   -0.345729
   -0.352189
   -0.356038
   -0.314152
   -0.277254
   -0.267396
   -0.287045
   -0.326679
   -0.353032
   -0.355584
   -0.356390
   -0.346724
   -0.353632
   -0.354389
   -0.341951
   -0.334082
   -0.338364
   -0.350551
   -0.365983
   -0.360522
   -0.332918
   -0.305726
   -0.287548
   -0.282354
   -0.338623
   -0.349536
   -0.358537
   -0.360301
   -0.355659
   -0.357749
   -0.367599
   -0.360892
   -0.342849
   -0.326204
   -0.332947
   -0.352318
   -0.358573
   -0.356444
   -0.328300
   -0.295480
   -0.336524
   -0.337636
   -0.350721
   -0.355644
   -0.357657
   -0.362606
   -0.358224
   -0.361914
   -0.359243
   -0.356905
   -0.342046
   -0.327693
   -0.341523
   -0.360174
   -0.358449
   -0.344712
   -0.333231
   -0.336036
   -0.340564
   -0.349813
   -0.356100
   -0.361256
   -0.363228
   -0.361925
   -0.362462
   -0.356164
   -0.353474
   -0.350483
   -0.332915
   -0.330241
   -0.334392
   -0.355771
   -0.356014
   -0.353885
   -0.339829
   -0.342862
   -0.353957
   -0.355079
   -0.357328
   -0.357421
   -0.356573
   -0.363551
   -0.359746
   -0.353821
   -0.344137
   -0.334336
   -0.330211
   -0.332890
   -0.314537
   -0.356903
   -0.355717
   -0.347078
   -0.344350
   -0.352647
   -0.363076
   -0.367508
   -0.357583
   -0.350886
   -0.351146
   -0.359307
   -0.356924
   -0.352522
   -0.335115
   -0.328295
   -0.292522
   -0.315202
   -0.344691
   -0.347659
   -0.337129
   -0.336488
   -0.341319
   -0.352306
   -0.357528
   -0.349941
   -0.344124
   -0.358457
   -0.360926
   -0.360415
   -0.355993
   -0.342495
   -0.310893
   -0.298760
   -0.306199
   -0.337445
   -0.346540
   -0.342411
   -0.337642
   -0.339111
   -0.351080
   -0.356766
   -0.344747
   -0.358907
   -0.360154
   -0.361436
   -0.358404
   -0.355101
   -0.345428
   -0.305896
   -0.281661
   -0.307241
   -0.338424
   -0.351137
   -0.349012
   -0.337207
   -0.337189
   -0.345272
   -0.350690
   -0.354843
   -0.357328
   -0.359390
   -0.361858
   -0.361409
   -0.364437
   -0.340356
   -0.307928
   -0.291143
   -0.312214
   -0.341382
   -0.357881
   -0.351049
   -0.333512
   -0.332245
   -0.343832
   -0.352233
   -0.355248
   -0.351630
   -0.360694
   -0.360607
   -0.306429
   -0.340848
   -0.352806
   -0.343894
   -0.324471
   -0.322797
   -0.341161
   -0.345552
   -0.343100
   -0.351265
   -0.348159
   -0.341445
   -0.343287
   -0.348313
   -0.354834
   -0.338261
   -0.270221
   -0.287412
   -0.341827
   -0.369568
   -0.350675
   -0.335317
   -0.330430
   -0.333928
   -0.347623
   -0.355414
   -0.352167
   -0.341710
   -0.340869
   -0.338041
   -0.339645
   -0.347929
   -0.345779
   -0.292343
   -0.260438
   -0.324005
   -0.347512
   -0.348157
   -0.342918
   -0.328315
   -0.331248
   -0.337103
   -0.350405
   -0.352267
   -0.346588
   -0.342247
   -0.339982
   -0.336678
   -0.359203
   -0.352129
   -0.314964
   -0.254065
   -0.300000
   -0.338462
   -0.354583
   -0.352144
   -0.333119
   -0.329483
   -0.327322
   -0.336465
   -0.353982
   -0.359021
   -0.352981
   -0.349398
   -0.345314
   -0.352364
   -0.349477
   -0.307235
   -0.268355
   -0.277237
   -0.318273
   -0.353489
   -0.362076
   -0.353750
   -0.343294
   -0.337362
   -0.332757
   -0.342377
   -0.352932
   -0.362893
   -0.334595
   -0.336666
   -0.340623
   -0.359235
   -0.340045
   -0.305153
   -0.277196
   -0.290595
   -0.315005
   -0.347915
   -0.362423
   -0.332398
   -0.324848
   -0.324874
   -0.331332
   -0.348893
   -0.351016
   -0.332566
   -0.331111
   -0.327160
   -0.356422
   -0.352706
   -0.310245
   -0.275915
   -0.267184
   -0.308577
   -0.352810
   -0.352662
   -0.335050
   -0.334638
   -0.334689
   -0.342830
   -0.355918
   -0.352791
   -0.347232
   -0.325714
   -0.334474
   -0.353112
   -0.372174
   -0.354057
   -0.311459
   -0.265817
   -0.280352
   -0.327574
   -0.352914
   -0.363779
   -0.349798
   -0.338488
   -0.352508
   -0.351917
   -0.358203
   -0.347080
   -0.333609
   -0.334970
   -0.344080
   -0.354969
   -0.360785
   -0.320970
   -0.281790
   -0.260293
   -0.293591
   -0.339738
   -0.360791
   -0.355440
   -0.346829
   -0.354283
   -0.357443
   -0.363080
   -0.350415
   -0.339063
   -0.332575
   -0.337600
   -0.352939
   -0.356069
   -0.340081
   -0.307164
   -0.280478
   -0.281114
   -0.291491
   -0.353524
   -0.358834
   -0.357739
   -0.358115
   -0.359337
   -0.363404
   -0.352964
   -0.335051
   -0.322029
   -0.333895
   -0.349607
   -0.347491
   -0.352926
   -0.324686
   -0.291980
   -0.270925
   -0.278422
   -0.353334
   -0.355763
   -0.351021
   -0.357152
   -0.365350
   -0.360410
   -0.354301
   -0.342099
   -0.331159
   -0.327629
   -0.339844
   -0.359481
   -0.353624
   -0.340612
   -0.289975
   -0.273714
   -0.330900
   -0.353441
   -0.353939
   -0.357201
   -0.351076
   -0.351181
   -0.358295
   -0.354430
   -0.348416
   -0.332332
   -0.326798
   -0.338780
   -0.349700
   -0.353575
   -0.357621
   -0.320429
   -0.342741
   -0.344699
   -0.340833
   -0.351541
   -0.349995
   -0.342617
   -0.355415
   -0.356722
   -0.358471
   -0.347755
   -0.332282
   -0.327283
   -0.337953
   -0.354818
   -0.368106
   -0.357922
   -0.361591
   -0.334882
   -0.339146
   -0.343666
   -0.349725
   -0.343814
   -0.357771
   -0.356770
   -0.357846
   -0.357614
   -0.351706
   -0.339146
   -0.336025
   -0.340446
   -0.355635
   -0.361873
   -0.354929
   -0.354461
   -0.334709
   -0.336477
   -0.339702
   -0.348641
   -0.357003
   -0.359148
   -0.356755
   -0.357018
   -0.356783
   -0.347720
   -0.341176
   -0.335204
   -0.340742
   -0.348595
   -0.325593
   -0.333425
   -0.334272
   -0.360621
   -0.360671
   -0.358575
   -0.349412
   -0.326942
   -0.299105
   -0.307774
   -0.304087
   -0.305592
   -0.323927
   -0.342739
   -0.358679
   -0.326115
   -0.341618
   -0.334443
   -0.342638
   -0.333946
   -0.339605
   -0.343695
   -0.347341
   -0.357924
   -0.351312
   -0.344847
   -0.321732
   -0.308719
   -0.294211
   -0.281920
   -0.296468
   -0.336909
   -0.352800
   -0.346668
   -0.336123
   -0.335402
   -0.336659
   -0.331654
   -0.336853
   -0.330872
   -0.335022
   -0.354036
   -0.366260
   -0.355854
   -0.340009
   -0.331137
   -0.309238
   -0.290470
   -0.357395
   -0.361995
   -0.340829
   -0.328215
   -0.339727
   -0.343758
   -0.346390
   -0.346925
   -0.336022
   -0.336266
   -0.341255
   -0.351107
   -0.355519
   -0.351283
   -0.357215
   -0.335465
   -0.286706
   -0.337893
   -0.355548
   -0.348502
   -0.338110
   -0.335673
   -0.345477
   -0.356775
   -0.359758
   -0.345224
   -0.342258
   -0.342671
   -0.342247
   -0.347206
   -0.353572
   -0.370810
   -0.279620
   -0.275575
   -0.321125
   -0.349205
   -0.350716
   -0.340756
   -0.336860
   -0.336423
   -0.352220
   -0.355274
   -0.349388
   -0.335338
   -0.337961
   -0.338027
   -0.342320
   -0.356557
   -0.333412
   -0.283735
   -0.263417
   -0.319751
   -0.349444
   -0.355016
   -0.336389
   -0.331522
   -0.328855
   -0.338378
   -0.352226
   -0.359020
   -0.345380
   -0.345138
   -0.341448
   -0.340671
   -0.363035
   -0.348881
   -0.321166
   -0.262815
   -0.303087
   -0.346875
   -0.366345
   -0.364199
   -0.347434
   -0.334611
   -0.328636
   -0.341781
   -0.355590
   -0.362177
   -0.352732
   -0.343462
   -0.323655
   -0.348349
   -0.358474
   -0.311512
   -0.272271
   -0.284434
   -0.316848
   -0.356010
   -0.368467
   -0.339179
   -0.334113
   -0.324141
   -0.332641
   -0.349422
   -0.365026
   -0.363350
   -0.322913
   -0.327781
   -0.349038
   -0.361305
   -0.319468
   -0.277933
   -0.266565
   -0.305834
   -0.349471
   -0.348584
   -0.338440
   -0.333175
   -0.333286
   -0.345051
   -0.338374
   -0.357193
   -0.358734
   -0.342665
   -0.319906
   -0.351289
   -0.369833
   -0.349478
   -0.296456
   -0.247949
   -0.275318
   -0.326741
   -0.345657
   -0.363670
   -0.349718
   -0.338366
   -0.327067
   -0.325400
   -0.363614
   -0.341706
   -0.322660
   -0.318591
   -0.349943
   -0.354914
   -0.336956
   -0.307061
   -0.282413
   -0.273963
   -0.310228
   -0.344165
   -0.349866
   -0.346515
   -0.335562
   -0.335898
   -0.353537
   -0.362233
   -0.346550
   -0.340891
   -0.324791
   -0.325895
   -0.354454
   -0.341434
   -0.323182
   -0.282468
   -0.274637
   -0.296945
   -0.336439
   -0.353070
   -0.363250
   -0.343775
   -0.356148
   -0.353212
   -0.352810
   -0.352992
   -0.335055
   -0.313196
   -0.327328
   -0.347297
   -0.352142
   -0.328295
   -0.302055
   -0.278473
   -0.293344
   -0.328310
   -0.365053
   -0.353767
   -0.362954
   -0.351134
   -0.358039
   -0.355349
   -0.355069
   -0.337264
   -0.327531
   -0.328173
   -0.345485
   -0.361563
   -0.352146
   -0.317467
   -0.289877
   -0.285752
   -0.322249
   -0.344725
   -0.351676
   -0.356559
   -0.348243
   -0.355662
   -0.358134
   -0.363596
   -0.348871
   -0.332546
   -0.330995
   -0.349384
   -0.355147
   -0.353109
   -0.328722
   -0.300023
   -0.280015
   -0.310153
   -0.293826
   -0.285923
   -0.294934
   -0.336803
   -0.342863
   -0.352294
   -0.355339
   -0.348287
   -0.339604
   -0.339319
   -0.334419
   -0.340064
   -0.346858
   -0.353591
   -0.358251
   -0.347074
   -0.353308
   -0.332505
   -0.310564
   -0.288963
   -0.300234
   -0.324113
   -0.341873
   -0.359974
   -0.357871
   -0.353840
   -0.344161
   -0.340671
   -0.336642
   -0.333899
   -0.338790
   -0.350337
   -0.346720
   -0.354480
   -0.357404
   -0.326823
   -0.319094
   -0.304866
   -0.299309
   -0.305167
   -0.320707
   -0.344852
   -0.362120
   -0.359969
   -0.352989
   -0.348896
   -0.341375
   -0.336735
   -0.332539
   -0.339948
   -0.335336
   -0.366053
   -0.359377
   -0.346474
   -0.324491
   -0.305655
   -0.293438
   -0.303011
   -0.317431
   -0.355085
   -0.356658
   -0.357465
   -0.360192
   -0.350970
   -0.321985
   -0.328735
   -0.351407
   -0.339644
   -0.352625
   -0.362957
   -0.359293
   -0.352869
   -0.339044
   -0.313712
   -0.298473
   -0.299234
   -0.314428
   -0.339060
   -0.353584
   -0.366591
   -0.328205
   -0.328953
   -0.337484
   -0.340777
   -0.336127
   -0.338063
   -0.348680
   -0.354645
   -0.359015
   -0.352174
   -0.343034
   -0.317924
   -0.307079
   -0.297674
   -0.310223
   -0.336783
   -0.355442
   -0.333071
   -0.318727
   -0.349624
   -0.348057
   -0.339882
   -0.331941
   -0.335577
   -0.343200
   -0.347074
   -0.350155
   -0.355537
   -0.343221
   -0.328817
   -0.309239
   -0.295858
   -0.358053
   -0.353582
   -0.344057
   -0.330188
   -0.341178
   -0.350993
   -0.348196
   -0.343303
   -0.339491
   -0.338309
   -0.337078
   -0.350028
   -0.360315
   -0.359427
   -0.347343
   -0.324586
   -0.289850
   -0.348623
   -0.354914
   -0.347708
   -0.327433
   -0.326406
   -0.339748
   -0.357307
   -0.361202
   -0.349161
   -0.347837
   -0.344482
   -0.340121
   -0.343133
   -0.358532
   -0.369665
   -0.261868
   -0.277820
   -0.335997
   -0.358634
   -0.342122
   -0.329114
   -0.326571
   -0.345311
   -0.358518
   -0.352253
   -0.339902
   -0.335873
   -0.343079
   -0.351943
   -0.351748
   -0.348535
   -0.339360
   -0.292436
   -0.243739
   -0.331544
   -0.347461
   -0.352006
   -0.335964
   -0.315934
   -0.324154
   -0.348211
   -0.367216
   -0.364532
   -0.354889
   -0.347876
   -0.337476
   -0.335420
   -0.352535
   -0.321265
   -0.295773
   -0.241480
   -0.307898
   -0.352219
   -0.346473
   -0.346771
   -0.337828
   -0.331279
   -0.344587
   -0.354357
   -0.354633
   -0.350891
   -0.345281
   -0.341508
   -0.348299
   -0.351098
   -0.334993
   -0.298377
   -0.263104
   -0.283620
   -0.352946
   -0.350271
   -0.347992
   -0.333453
   -0.327453
   -0.339184
   -0.348364
   -0.351465
   -0.355101
   -0.352630
   -0.330972
   -0.347836
   -0.356156
   -0.338469
   -0.299851
   -0.266452
   -0.275290
   -0.336127
   -0.350239
   -0.343153
   -0.334324
   -0.332370
   -0.336944
   -0.345443
   -0.354564
   -0.348806
   -0.330927
   -0.325311
   -0.347229
   -0.347798
   -0.352101
   -0.312385
   -0.272502
   -0.276418
   -0.325955
   -0.353658
   -0.354842
   -0.344159
   -0.341134
   -0.341228
   -0.346182
   -0.347651
   -0.338567
   -0.328536
   -0.325286
   -0.344870
   -0.358099
   -0.366331
   -0.341203
   -0.279303
   -0.273252
   -0.313387
   -0.344485
   -0.359087
   -0.355827
   -0.344580
   -0.333636
   -0.341840
   -0.334116
   -0.331224
   -0.333298
   -0.351783
   -0.352554
   -0.360297
   -0.362783
   -0.361277
   -0.361204
   -0.360786
   -0.360305
   -0.352567
   -0.354315
   -0.353762
   -0.349121
   -0.338944
   -0.349069
   -0.348131
   -0.348208
   -0.340936
   -0.345302
   -0.353301
   -0.357946
   -0.361100
   -0.356388
   -0.356460
   -0.357733
   -0.352798
   -0.354291
   -0.358043
   -0.358216
   -0.354277
   -0.326000
   -0.348849
   -0.352150
   -0.347694
   -0.346167
   -0.342051
   -0.340741
   -0.345532
   -0.348828
   -0.353447
   -0.356829
   -0.363188
   -0.357252
   -0.354835
   -0.356823
   -0.361223
   -0.289870
   -0.293977
   -0.316162
   -0.366409
   -0.362229
   -0.353049
   -0.347681
   -0.344335
   -0.337151
   -0.338500
   -0.343409
   -0.354781
   -0.357528
   -0.359591
   -0.358893
   -0.357804
   -0.329694
   -0.310273
   -0.308225
   -0.302344
   -0.335350
   -0.360513
   -0.360600
   -0.354385
   -0.352709
   -0.342009
   -0.335082
   -0.344525
   -0.346388
   -0.351620
   -0.353566
   -0.356969
   -0.348920
   -0.353309
   -0.337637
   -0.308205
   -0.298580
   -0.307335
   -0.331325
   -0.344807
   -0.351236
   -0.353598
   -0.355879
   -0.351332
   -0.346582
   -0.340331
   -0.342914
   -0.348335
   -0.351121
   -0.347891
   -0.347744
   -0.345251
   -0.330177
   -0.309416
   -0.294260
   -0.297406
   -0.316875
   -0.334710
   -0.346250
   -0.363969
   -0.359669
   -0.354692
   -0.342759
   -0.335758
   -0.344894
   -0.337785
   -0.340340
   -0.354261
   -0.358390
   -0.350024
   -0.326965
   -0.309381
   -0.302781
   -0.304442
   -0.315295
   -0.341887
   -0.349779
   -0.355123
   -0.351666
   -0.344720
   -0.332828
   -0.347855
   -0.334974
   -0.340479
   -0.341136
   -0.349716
   -0.362843
   -0.356559
   -0.335495
   -0.315649
   -0.311447
   -0.305532
   -0.309412
   -0.324614
   -0.348539
   -0.361362
   -0.326980
   -0.331559
   -0.347669
   -0.346952
   -0.337666
   -0.337086
   -0.337591
   -0.357070
   -0.364000
   -0.355049
   -0.326780
   -0.312091
   -0.308522
   -0.313024
   -0.320974
   -0.333472
   -0.354687
   -0.341431
   -0.324085
   -0.356949
   -0.347718
   -0.342001
   -0.336777
   -0.332153
   -0.335772
   -0.351528
   -0.370702
   -0.352970
   -0.342116
   -0.326022
   -0.305112
   -0.300641
   -0.363391
   -0.345484
   -0.333693
   -0.320744
   -0.337815
   -0.347167
   -0.339456
   -0.337799
   -0.337095
   -0.342278
   -0.357553
   -0.361527
   -0.354855
   -0.339007
   -0.318779
   -0.308251
   -0.333298
   -0.368913
   -0.353992
   -0.336587
   -0.321495
   -0.331500
   -0.358724
   -0.358254
   -0.353160
   -0.347299
   -0.340789
   -0.335928
   -0.345394
   -0.360314
   -0.361813
   -0.344818
   -0.274550
   -0.326567
   -0.340956
   -0.349975
   -0.343948
   -0.336306
   -0.337294
   -0.352821
   -0.352128
   -0.344798
   -0.342005
   -0.347919
   -0.343829
   -0.342649
   -0.344715
   -0.351671
   -0.284331
   -0.261035
   -0.304406
   -0.342205
   -0.351300
   -0.340180
   -0.328352
   -0.335704
   -0.353947
   -0.357344
   -0.352892
   -0.353568
   -0.347035
   -0.341177
   -0.341142
   -0.344694
   -0.335609
   -0.285069
   -0.272328
   -0.324662
   -0.352035
   -0.361334
   -0.364425
   -0.341988
   -0.334073
   -0.341728
   -0.350011
   -0.362141
   -0.361085
   -0.353408
   -0.342482
   -0.339000
   -0.355564
   -0.354639
   -0.354424
   -0.342297
   -0.334747
   -0.330104
   -0.333429
   -0.345306
   -0.352260
   -0.362349
   -0.369428
   -0.350113
   -0.348645
   -0.340634
   -0.326054
   -0.307208
   -0.355041
   -0.357409
   -0.357951
   -0.359449
   -0.359118
   -0.357267
   -0.345960
   -0.332312
   -0.320484
   -0.322797
   -0.336099
   -0.347631
   -0.352349
   -0.353650
   -0.354357
   -0.354406
   -0.349927
   -0.357718
   -0.356049
   -0.354813
   -0.351208
   -0.350793
   -0.354694
   -0.361265
   -0.358059
   -0.348982
   -0.337959
   -0.329464
   -0.328880
   -0.337384
   -0.348050
   -0.356897
   -0.345589
   -0.345693
   -0.346654
   -0.361870
   -0.364310
   -0.360849
   -0.360578
   -0.365739
   -0.365876
   -0.354159
   -0.350621
   -0.349630
   -0.347712
   -0.341423
   -0.335174
   -0.330398
   -0.346501
   -0.339466
   -0.341065
   -0.339199
   -0.354870
   -0.365572
   -0.363913
   -0.357152
   -0.357608
   -0.351936
   -0.349917
   -0.358109
   -0.359080
   -0.356489
   -0.352369
   -0.349084
   -0.346061
   -0.363457
   -0.355782
   -0.349547
   -0.341370
   -0.340784
   -0.345313
   -0.352199
   -0.359194
   -0.360248
   -0.359236
   -0.361051
   -0.360380
   -0.360612
   -0.361751
   -0.358474
   -0.305986
   -0.330646
   -0.353700
   -0.354625
   -0.351361
   -0.346217
   -0.338539
   -0.327764
   -0.335466
   -0.350171
   -0.361416
   -0.360184
   -0.360713
   -0.360524
   -0.359074
   -0.356429
   -0.303001
   -0.292967
   -0.306564
   -0.351380
   -0.358364
   -0.350155
   -0.344621
   -0.343478
   -0.340821
   -0.342929
   -0.342796
   -0.351566
   -0.350833
   -0.353278
   -0.355853
   -0.353998
   -0.349775
   -0.325761
   -0.295167
   -0.293391
   -0.316843
   -0.343320
   -0.359898
   -0.355077
   -0.347514
   -0.342022
   -0.342738
   -0.341023
   -0.341425
   -0.344769
   -0.350753
   -0.352098
   -0.351248
   -0.353294
   -0.351255
   -0.318019
   -0.297023
   -0.295793
   -0.308903
   -0.339606
   -0.351150
   -0.352162
   -0.345501
   -0.349813
   -0.344336
   -0.340529
   -0.340664
   -0.345809
   -0.347354
   -0.358372
   -0.363690
   -0.364286
   -0.340624
   -0.317957
   -0.296252
   -0.293486
   -0.303559
   -0.333941
   -0.358409
   -0.350219
   -0.350945
   -0.345602
   -0.336939
   -0.336527
   -0.351291
   -0.335740
   -0.334483
   -0.354794
   -0.356828
   -0.343740
   -0.320526
   -0.307344
   -0.304349
   -0.308444
   -0.326591
   -0.351923
   -0.355908
   -0.351651
   -0.340690
   -0.333171
   -0.343475
   -0.356448
   -0.345099
   -0.338222
   -0.343427
   -0.354757
   -0.360016
   -0.346272
   -0.326585
   -0.312138
   -0.306201
   -0.295144
   -0.320960
   -0.350069
   -0.359058
   -0.358333
   -0.330999
   -0.343638
   -0.344254
   -0.340415
   -0.338037
   -0.338333
   -0.346998
   -0.359333
   -0.356799
   -0.344353
   -0.332260
   -0.312650
   -0.299354
   -0.306920
   -0.327897
   -0.351069
   -0.332416
   -0.314965
   -0.324863
   -0.339339
   -0.339032
   -0.337622
   -0.337240
   -0.348789
   -0.354180
   -0.356529
   -0.349092
   -0.342898
   -0.318080
   -0.304825
   -0.304050
   -0.319151
   -0.350398
   -0.322274
   -0.325669
   -0.348999
   -0.356712
   -0.353778
   -0.353196
   -0.349878
   -0.344619
   -0.337347
   -0.345554
   -0.362791
   -0.358920
   -0.339625
   -0.317217
   -0.303959
   -0.343611
   -0.356232
   -0.352471
   -0.308404
   -0.280949
   -0.264759
   -0.268609
   -0.294804
   -0.316877
   -0.349640
   -0.366109
   -0.355256
   -0.355222
   -0.353949
   -0.351897
   -0.345595
   -0.338863
   -0.333658
   -0.341115
   -0.362204
   -0.356901
   -0.342739
   -0.321263
   -0.291928
   -0.265393
   -0.266670
   -0.291274
   -0.325178
   -0.344835
   -0.350624
   -0.351527
   -0.355189
   -0.353661
   -0.343302
   -0.328981
   -0.343226
   -0.341750
   -0.346797
   -0.347156
   -0.349999
   -0.342485
   -0.327955
   -0.304804
   -0.278484
   -0.276233
   -0.289178
   -0.304920
   -0.329513
   -0.366584
   -0.367191
   -0.356345
   -0.341441
   -0.339560
   -0.341837
   -0.344554
   -0.355456
   -0.366052
   -0.350090
   -0.349434
   -0.333990
   -0.320185
   -0.303572
   -0.291271
   -0.276789
   -0.351670
   -0.350884
   -0.354448
   -0.352750
   -0.347952
   -0.342074
   -0.331569
   -0.325515
   -0.332596
   -0.339288
   -0.341024
   -0.352390
   -0.354421
   -0.355130
   -0.350694
   -0.333935
   -0.352053
   -0.361237
   -0.367888
   -0.358204
   -0.360101
   -0.358911
   -0.354350
   -0.346030
   -0.335738
   -0.326173
   -0.327185
   -0.345958
   -0.355732
   -0.361741
   -0.365158
   -0.364450
   -0.337014
   -0.353340
   -0.360349
   -0.357820
   -0.359132
   -0.364248
   -0.365190
   -0.357516
   -0.351811
   -0.352114
   -0.348917
   -0.340303
   -0.334714
   -0.331895
   -0.339571
   -0.348312
   -0.348346
   -0.336508
   -0.330501
   -0.362738
   -0.364655
   -0.357132
   -0.356239
   -0.352675
   -0.350071
   -0.357579
   -0.358327
   -0.352249
   -0.345232
   -0.340663
   -0.341646
   -0.332619
   -0.355568
   -0.343364
   -0.336416
   -0.339792
   -0.342724
   -0.350156
   -0.356283
   -0.354584
   -0.354858
   -0.357444
   -0.357707
   -0.352907
   -0.354029
   -0.352730
   -0.346715
   -0.340433
   -0.347201
   -0.354810
   -0.355705
   -0.340369
   -0.334082
   -0.329932
   -0.339110
   -0.357590
   -0.363082
   -0.351836
   -0.351908
   -0.359694
   -0.359058
   -0.355245
   -0.351804
   -0.353049
   -0.298956
   -0.330193
   -0.354793
   -0.357250
   -0.348240
   -0.344970
   -0.337271
   -0.337868
   -0.338534
   -0.347412
   -0.353733
   -0.356867
   -0.358840
   -0.356223
   -0.355761
   -0.357080
   -0.305822
   -0.287724
   -0.307054
   -0.351999
   -0.355562
   -0.345709
   -0.340273
   -0.342713
   -0.347947
   -0.348227
   -0.351473
   -0.351546
   -0.353211
   -0.351645
   -0.352533
   -0.352123
   -0.349568
   -0.333249
   -0.296262
   -0.292910
   -0.322517
   -0.351904
   -0.358638
   -0.352400
   -0.346982
   -0.344820
   -0.342920
   -0.335104
   -0.341382
   -0.350047
   -0.358081
   -0.366648
   -0.352403
   -0.353947
   -0.343037
   -0.310632
   -0.297725
   -0.297193
   -0.319574
   -0.346182
   -0.353443
   -0.350895
   -0.345910
   -0.340711
   -0.334161
   -0.340069
   -0.345786
   -0.353196
   -0.343150
   -0.342602
   -0.343493
   -0.343874
   -0.319126
   -0.304968
   -0.301252
   -0.313462
   -0.336285
   -0.351967
   -0.351615
   -0.350928
   -0.338603
   -0.333941
   -0.338888
   -0.345176
   -0.336301
   -0.330326
   -0.330682
   -0.356153
   -0.355492
   -0.344199
   -0.325317
   -0.310057
   -0.298289
   -0.300985
   -0.326770
   -0.354330
   -0.359752
   -0.354679
   -0.344948
   -0.343120
   -0.324033
   -0.353387
   -0.355427
   -0.337643
   -0.328192
   -0.324576
   -0.329966
   -0.343273
   -0.352437
   -0.362482
   -0.369609
   -0.357834
   -0.360132
   -0.364338
   -0.367009
   -0.364619
   -0.269245
   -0.278325
   -0.307724
   -0.350655
   -0.349167
   -0.348791
   -0.346041
   -0.345161
   -0.336901
   -0.337900
   -0.346956
   -0.347724
   -0.355962
   -0.358012
   -0.354448
   -0.353658
   -0.329607
   -0.291812
   -0.262272
   -0.310641
   -0.334054
   -0.349862
   -0.352326
   -0.353123
   -0.356069
   -0.358266
   -0.351445
   -0.331642
   -0.328256
   -0.331690
   -0.337990
   -0.347635
   -0.356712
   -0.366672
   -0.353009
   -0.299827
   -0.288999
   -0.284430
   -0.298244
   -0.326703
   -0.346410
   -0.351865
   -0.355323
   -0.345374
   -0.343995
   -0.337061
   -0.336636
   -0.334129
   -0.331330
   -0.342020
   -0.348051
   -0.350109
   -0.336984
   -0.313087
   -0.279225
   -0.260961
   -0.276572
   -0.309029
   -0.323873
   -0.347892
   -0.352369
   -0.355931
   -0.357330
   -0.351734
   -0.341400
   -0.335437
   -0.340368
   -0.342659
   -0.354567
   -0.360009
   -0.353523
   -0.328183
   -0.294363
   -0.264673
   -0.262989
   -0.296877
   -0.315690
   -0.338990
   -0.355049
   -0.361624
   -0.351145
   -0.345828
   -0.337926
   -0.329954
   -0.333214
   -0.345056
   -0.355309
   -0.365251
   -0.360919
   -0.341952
   -0.324517
   -0.297764
   -0.283431
   -0.275386
   -0.294734
   -0.325101
   -0.363400
   -0.356665
   -0.354172
   -0.350929
   -0.340055
   -0.331165
   -0.327562
   -0.330680
   -0.338266
   -0.355929
   -0.364567
   -0.349856
   -0.336748
   -0.315006
   -0.291903
   -0.273972
   -0.356506
   -0.354965
   -0.360019
   -0.362958
   -0.356947
   -0.350248
   -0.342818
   -0.331794
   -0.328198
   -0.332375
   -0.337096
   -0.349078
   -0.353108
   -0.351594
   -0.337713
   -0.320980
   -0.349944
   -0.361250
   -0.360875
   -0.347049
   -0.350926
   -0.353090
   -0.359708
   -0.359838
   -0.347550
   -0.330363
   -0.322161
   -0.332364
   -0.342010
   -0.347373
   -0.350125
   -0.348568
   -0.337543
   -0.346255
   -0.349411
   -0.362634
   -0.357997
   -0.352732
   -0.352890
   -0.356783
   -0.355403
   -0.349077
   -0.343040
   -0.342826
   -0.338904
   -0.335404
   -0.340767
   -0.347478
   -0.334199
   -0.329402
   -0.351419
   -0.352731
   -0.355334
   -0.352931
   -0.354031
   -0.358180
   -0.356969
   -0.355188
   -0.356241
   -0.347370
   -0.343240
   -0.335653
   -0.335201
   -0.334570
   -0.360430
   -0.342690
   -0.330880
   -0.331564
   -0.347009
   -0.363178
   -0.358412
   -0.353059
   -0.355532
   -0.359023
   -0.356976
   -0.354516
   -0.352089
   -0.353854
   -0.353959
   -0.351868
   -0.344172
   -0.370365
   -0.360606
   -0.341240
   -0.338511
   -0.337048
   -0.342663
   -0.350935
   -0.354249
   -0.358243
   -0.355778
   -0.358068
   -0.356914
   -0.358075
   -0.354953
   -0.352303
   -0.300573
   -0.327317
   -0.344820
   -0.346588
   -0.342641
   -0.342964
   -0.346658
   -0.348060
   -0.349599
   -0.352058
   -0.350442
   -0.350248
   -0.352092
   -0.352005
   -0.355697
   -0.358261
   -0.295732
   -0.289263
   -0.304958
   -0.354789
   -0.356460
   -0.352954
   -0.347613
   -0.344203
   -0.338084
   -0.335086
   -0.343992
   -0.352880
   -0.359784
   -0.364514
   -0.363699
   -0.361294
   -0.354713
   -0.360332
   -0.356829
   -0.356372
   -0.357100
   -0.357989
   -0.359114
   -0.361661
   -0.362370
   -0.362780
   -0.363528
   -0.360105
   -0.360788
   -0.362163
   -0.362796
   -0.362042
   -0.330657
   -0.335982
   -0.351813
   -0.352868
   -0.355439
   -0.362176
   -0.363604
   -0.365802
   -0.365782
   -0.361984
   -0.363086
   -0.359778
   -0.360716
   -0.360757
   -0.359568
   -0.358873
   -0.349803
   -0.336691
   -0.327570
   -0.351020
   -0.358922
   -0.366016
   -0.362941
   -0.359368
   -0.364945
   -0.369034
   -0.368817
   -0.358753
   -0.355948
   -0.356007
   -0.356720
   -0.357476
   -0.342030
   -0.362228
   -0.359363
   -0.340102
   -0.337560
   -0.341369
   -0.344668
   -0.347694
   -0.350947
   -0.354262
   -0.359976
   -0.354176
   -0.359001
   -0.358237
   -0.357395
   -0.358099
   -0.275830
   -0.321567
   -0.349192
   -0.355225
   -0.359651
   -0.352065
   -0.333034
   -0.327685
   -0.343466
   -0.354423
   -0.351133
   -0.354423
   -0.355948
   -0.355008
   -0.357837
   -0.358211
   -0.309966
   -0.278897
   -0.275315
   -0.316632
   -0.339954
   -0.357397
   -0.358776
   -0.348954
   -0.336409
   -0.329122
   -0.339276
   -0.337450
   -0.337000
   -0.344656
   -0.353791
   -0.358221
   -0.345769
   -0.328360
   -0.304967
   -0.263057
   -0.278239
   -0.305668
   -0.337026
   -0.355655
   -0.355678
   -0.352958
   -0.354792
   -0.340108
   -0.334021
   -0.333268
   -0.343221
   -0.352522
   -0.356905
   -0.355108
   -0.355562
   -0.327603
   -0.294245
   -0.267384
   -0.269414
   -0.294942
   -0.326066
   -0.352375
   -0.362155
   -0.361097
   -0.358810
   -0.350054
   -0.335885
   -0.327128
   -0.321773
   -0.336578
   -0.354784
   -0.364737
   -0.357980
   -0.341973
   -0.318171
   -0.290440
   -0.271781
   -0.276570
   -0.299928
   -0.336018
   -0.353097
   -0.353576
   -0.348940
   -0.345798
   -0.339654
   -0.331292
   -0.328794
   -0.332758
   -0.335186
   -0.350937
   -0.364326
   -0.354315
   -0.323785
   -0.288465
   -0.262811
   -0.282700
   -0.306975
   -0.332717
   -0.349194
   -0.354886
   -0.357124
   -0.349885
   -0.332505
   -0.339538
   -0.345946
   -0.345051
   -0.341301
   -0.345838
   -0.354462
   -0.351273
   -0.339185
   -0.308545
   -0.290093
   -0.281627
   -0.299371
   -0.324154
   -0.353562
   -0.352271
   -0.355920
   -0.348252
   -0.338601
   -0.329672
   -0.328100
   -0.333175
   -0.342755
   -0.352065
   -0.355004
   -0.343551
   -0.329303
   -0.305277
   -0.287455
   -0.280199
   -0.349907
   -0.340436
   -0.351959
   -0.353978
   -0.358474
   -0.354405
   -0.342225
   -0.328886
   -0.329078
   -0.337039
   -0.342204
   -0.353625
   -0.350358
   -0.350485
   -0.342892
   -0.324892
   -0.352904
   -0.367992
   -0.347309
   -0.351286
   -0.354355
   -0.356922
   -0.353325
   -0.347964
   -0.342405
   -0.341706
   -0.335148
   -0.339942
   -0.348902
   -0.353278
   -0.351179
   -0.349879
   -0.338749
   -0.349719
   -0.358696
   -0.355719
   -0.357687
   -0.356024
   -0.355106
   -0.353884
   -0.351021
   -0.345770
   -0.341337
   -0.329160
   -0.331389
   -0.332725
   -0.343773
   -0.350896
   -0.332042
   -0.324147
   -0.349231
   -0.361452
   -0.355242
   -0.355146
   -0.357578
   -0.359234
   -0.356270
   -0.352761
   -0.353333
   -0.351827
   -0.347896
   -0.340930
   -0.335295
   -0.333615
   -0.366426
   -0.364845
   -0.363920
   -0.359922
   -0.360833
   -0.360642
   -0.360809
   -0.360769
   -0.360880
   -0.360880
   -0.362248
   -0.360627
   -0.359856
   -0.359631
   -0.359608
   -0.361813
   -0.363532
   -0.364615
   -0.366645
   -0.359344
   -0.360008
   -0.362332
   -0.362338
   -0.362322
   -0.362259
   -0.360888
   -0.362392
   -0.360174
   -0.360794
   -0.362712
   -0.363235
   -0.360375
   -0.358406
   -0.359420
   -0.359290
   -0.362390
   -0.362593
   -0.363330
   -0.362023
   -0.360771
   -0.362229
   -0.363030
   -0.362949
   -0.362154
   -0.361426
   -0.361475
   -0.359974
   -0.359872
   -0.351055
   -0.360931
   -0.368800
   -0.355880
   -0.358096
   -0.360074
   -0.361803
   -0.359859
   -0.363110
   -0.363072
   -0.366738
   -0.359346
   -0.360792
   -0.360747
   -0.360240
   -0.360200
   -0.339897
   -0.352802
   -0.363892
   -0.357946
   -0.362586
   -0.362374
   -0.362947
   -0.359264
   -0.367086
   -0.363820
   -0.364815
   -0.357966
   -0.358002
   -0.357338
   -0.357869
   -0.362123
   -0.343657
   -0.330375
   -0.326939
   -0.343348
   -0.351851
   -0.357219
   -0.363028
   -0.359800
   -0.359015
   -0.359255
   -0.367225
   -0.357362
   -0.355580
   -0.355637
   -0.357408
   -0.357935
   -0.347945
   -0.351180
   -0.351556
   -0.324205
   -0.332293
   -0.341507
   -0.354473
   -0.356048
   -0.357955
   -0.359357
   -0.365372
   -0.358207
   -0.357218
   -0.358059
   -0.359252
   -0.359797
   -0.334681
   -0.350065
   -0.355977
   -0.344573
   -0.338140
   -0.331334
   -0.337883
   -0.340122
   -0.348439
   -0.353655
   -0.360349
   -0.359104
   -0.359898
   -0.359493
   -0.357652
   -0.355799
   -0.260359
   -0.291283
   -0.328896
   -0.347804
   -0.354243
   -0.349435
   -0.348916
   -0.342476
   -0.330325
   -0.331944
   -0.345108
   -0.352715
   -0.357982
   -0.356719
   -0.354009
   -0.357749
   -0.321117
   -0.291510
   -0.273985
   -0.305715
   -0.325005
   -0.342915
   -0.360255
   -0.358013
   -0.352897
   -0.341620
   -0.335862
   -0.333725
   -0.341601
   -0.349456
   -0.355465
   -0.357024
   -0.361188
   -0.345778
   -0.316929
   -0.290537
   -0.296792
   -0.307000
   -0.322928
   -0.338591
   -0.354966
   -0.358108
   -0.357315
   -0.340114
   -0.333670
   -0.333511
   -0.338420
   -0.347173
   -0.339847
   -0.343868
   -0.341619
   -0.339656
   -0.306525
   -0.275436
   -0.263979
   -0.278855
   -0.316615
   -0.346088
   -0.359608
   -0.361612
   -0.354980
   -0.338924
   -0.329095
   -0.325738
   -0.331810
   -0.329003
   -0.336570
   -0.346481
   -0.356270
   -0.343277
   -0.315633
   -0.284736
   -0.274414
   -0.292128
   -0.309835
   -0.341533
   -0.348470
   -0.356221
   -0.359981
   -0.349314
   -0.349529
   -0.345089
   -0.327835
   -0.337817
   -0.341922
   -0.352219
   -0.357278
   -0.349066
   -0.323407
   -0.297675
   -0.281376
   -0.277096
   -0.313877
   -0.341654
   -0.351989
   -0.352640
   -0.357449
   -0.354982
   -0.345318
   -0.336849
   -0.333059
   -0.335099
   -0.340978
   -0.348029
   -0.346792
   -0.339215
   -0.322262
   -0.292330
   -0.275111
   -0.282342
   -0.312583
   -0.342579
   -0.352779
   -0.351013
   -0.360072
   -0.349514
   -0.334550
   -0.326805
   -0.331171
   -0.340578
   -0.348433
   -0.352046
   -0.350361
   -0.346892
   -0.327188
   -0.301112
   -0.286207
   -0.286518
   -0.360912
   -0.361990
   -0.360962
   -0.359163
   -0.359708
   -0.362235
   -0.361257
   -0.360245
   -0.360062
   -0.360791
   -0.363707
   -0.353993
   -0.346910
   -0.339518
   -0.339463
   -0.353396
   -0.362680
   -0.361190
   -0.361878
   -0.357655
   -0.360298
   -0.362047
   -0.363141
   -0.359745
   -0.358993
   -0.359485
   -0.367054
   -0.359956
   -0.359512
   -0.359766
   -0.355046
   -0.343029
   -0.359660
   -0.361074
   -0.360531
   -0.359723
   -0.359211
   -0.358953
   -0.359928
   -0.360877
   -0.362551
   -0.362484
   -0.361402
   -0.363493
   -0.362993
   -0.365115
   -0.358739
   -0.353920
   -0.359625
   -0.360480
   -0.363758
   -0.359258
   -0.360366
   -0.360098
   -0.361050
   -0.360750
   -0.362233
   -0.361910
   -0.361875
   -0.359418
   -0.359541
   -0.360452
   -0.360627
   -0.360813
   -0.361772
   -0.361975
   -0.362554
   -0.360332
   -0.360783
   -0.360897
   -0.361949
   -0.360780
   -0.362208
   -0.360952
   -0.361444
   -0.361307
   -0.361689
   -0.360875
   -0.358883
   -0.365599
   -0.356270
   -0.356379
   -0.355970
   -0.358844
   -0.363721
   -0.363766
   -0.367541
   -0.360865
   -0.360903
   -0.360761
   -0.363563
   -0.361503
   -0.360001
   -0.359827
   -0.359568
   -0.358942
   -0.355547
   -0.360651
   -0.362869
   -0.358037
   -0.362962
   -0.359640
   -0.364841
   -0.357881
   -0.358491
   -0.358573
   -0.360043
   -0.360177
   -0.360167
   -0.360108
   -0.360146
   -0.359722
   -0.347820
   -0.353599
   -0.357257
   -0.358310
   -0.359587
   -0.359993
   -0.365811
   -0.358130
   -0.357717
   -0.357306
   -0.358666
   -0.357914
   -0.357905
   -0.361570
   -0.362091
   -0.361503
   -0.323843
   -0.335232
   -0.348292
   -0.355393
   -0.360092
   -0.359890
   -0.364711
   -0.359286
   -0.357203
   -0.357182
   -0.359559
   -0.358322
   -0.358680
   -0.357821
   -0.357288
   -0.359904
   -0.342663
   -0.337846
   -0.334081
   -0.344138
   -0.348938
   -0.351665
   -0.359541
   -0.357934
   -0.358999
   -0.358697
   -0.359776
   -0.357357
   -0.357373
   -0.357656
   -0.357759
   -0.358068
   -0.346828
   -0.350188
   -0.342402
   -0.342579
   -0.338056
   -0.341438
   -0.352699
   -0.353797
   -0.358707
   -0.357834
   -0.357005
   -0.356051
   -0.356767
   -0.357259
   -0.357513
   -0.357478
   -0.309489
   -0.335436
   -0.347917
   -0.360376
   -0.346592
   -0.329008
   -0.321216
   -0.331890
   -0.351508
   -0.358310
   -0.358661
   -0.362051
   -0.359627
   -0.356826
   -0.352966
   -0.352520
   -0.289047
   -0.283053
   -0.293995
   -0.345879
   -0.358058
   -0.361783
   -0.351428
   -0.341734
   -0.332630
   -0.335881
   -0.343705
   -0.348046
   -0.353107
   -0.359282
   -0.366491
   -0.363930
   -0.331883
   -0.303673
   -0.276713
   -0.307074
   -0.326905
   -0.351650
   -0.364588
   -0.361803
   -0.346134
   -0.333673
   -0.330260
   -0.331246
   -0.342743
   -0.352491
   -0.355687
   -0.356699
   -0.358021
   -0.349222
   -0.317430
   -0.270336
   -0.271685
   -0.293973
   -0.327525
   -0.354356
   -0.364711
   -0.359666
   -0.344791
   -0.336468
   -0.326921
   -0.329423
   -0.341470
   -0.349165
   -0.336993
   -0.346557
   -0.353243
   -0.332612
   -0.297077
   -0.272628
   -0.276830
   -0.302927
   -0.327472
   -0.350063
   -0.354938
   -0.354452
   -0.349457
   -0.338627
   -0.329936
   -0.336304
   -0.358598
   -0.357397
   -0.357797
   -0.353975
   -0.358272
   -0.357991
   -0.344728
   -0.335188
   -0.345021
   -0.357173
   -0.357963
   -0.336971
   -0.323119
   -0.301923
   -0.302567
   -0.324456
   -0.359751
   -0.360254
   -0.355556
   -0.350644
   -0.354826
   -0.365450
   -0.366472
   -0.347788
   -0.332340
   -0.338122
   -0.361614
   -0.364423
   -0.357700
   -0.338212
   -0.316446
   -0.304222
   -0.361036
   -0.359043
   -0.362290
   -0.352724
   -0.354576
   -0.353056
   -0.358726
   -0.360048
   -0.361101
   -0.350027
   -0.337758
   -0.346150
   -0.354260
   -0.360785
   -0.354212
   -0.341019
   -0.359814
   -0.358342
   -0.359932
   -0.362110
   -0.361396
   -0.360180
   -0.360179
   -0.360742
   -0.359449
   -0.353982
   -0.346934
   -0.336596
   -0.338013
   -0.349000
   -0.355889
   -0.359371
   -0.361069
   -0.359144
   -0.359608
   -0.361980
   -0.362901
   -0.359666
   -0.358820
   -0.359446
   -0.362620
   -0.362103
   -0.357336
   -0.357552
   -0.350096
   -0.343858
   -0.339363
   -0.348848
   -0.359203
   -0.360337
   -0.359814
   -0.358793
   -0.361344
   -0.362175
   -0.364671
   -0.362382
   -0.361392
   -0.359071
   -0.363020
   -0.366502
   -0.360036
   -0.352498
   -0.343641
   -0.338597
   -0.360016
   -0.360586
   -0.360978
   -0.360677
   -0.362136
   -0.360751
   -0.362089
   -0.359903
   -0.358969
   -0.358824
   -0.358804
   -0.361960
   -0.361995
   -0.360840
   -0.358501
   -0.348462
   -0.356843
   -0.359450
   -0.363700
   -0.360752
   -0.360704
   -0.360764
   -0.362269
   -0.360097
   -0.359437
   -0.361166
   -0.361719
   -0.356488
   -0.358304
   -0.364789
   -0.367373
   -0.362875
   -0.357930
   -0.358649
   -0.359789
   -0.364279
   -0.365148
   -0.365156
   -0.362164
   -0.360129
   -0.361274
   -0.361544
   -0.360027
   -0.357280
   -0.359429
   -0.359006
   -0.358252
   -0.360309
   -0.357519
   -0.359571
   -0.359992
   -0.360294
   -0.359843
   -0.359220
   -0.358641
   -0.357831
   -0.358065
   -0.357882
   -0.360279
   -0.362655
   -0.358079
   -0.355962
   -0.358230
   -0.359369
   -0.353882
   -0.357744
   -0.359713
   -0.361530
   -0.359460
   -0.359676
   -0.359547
   -0.358579
   -0.358479
   -0.357971
   -0.357101
   -0.356697
   -0.361248
   -0.361654
   -0.358923
   -0.359767
   -0.346227
   -0.356811
   -0.364560
   -0.363923
   -0.357351
   -0.354206
   -0.353002
   -0.354899
   -0.358230
   -0.355299
   -0.354395
   -0.358358
   -0.360292
   -0.359711
   -0.359532
   -0.356476
   -0.328718
   -0.332471
   -0.335876
   -0.355115
   -0.355638
   -0.358350
   -0.357249
   -0.357891
   -0.355561
   -0.355300
   -0.355781
   -0.356575
   -0.356953
   -0.358883
   -0.361154
   -0.362413
   -0.343197
   -0.334166
   -0.332459
   -0.344166
   -0.348313
   -0.355682
   -0.357921
   -0.355350
   -0.354901
   -0.353571
   -0.354609
   -0.356837
   -0.357748
   -0.357351
   -0.357556
   -0.356711
   -0.354169
   -0.357274
   -0.338211
   -0.316815
   -0.325294
   -0.338878
   -0.349526
   -0.355931
   -0.361788
   -0.360705
   -0.356660
   -0.355514
   -0.353325
   -0.355670
   -0.355696
   -0.358429
   -0.306477
   -0.336188
   -0.335535
   -0.348786
   -0.337994
   -0.328021
   -0.327615
   -0.339120
   -0.344186
   -0.354819
   -0.363293
   -0.363177
   -0.364506
   -0.358307
   -0.353610
   -0.352275
   -0.340009
   -0.332524
   -0.337133
   -0.358296
   -0.357611
   -0.337159
   -0.292690
   -0.277080
   -0.309145
   -0.347219
   -0.358026
   -0.346086
   -0.346299
   -0.347564
   -0.348953
   -0.345557
   -0.357732
   -0.354895
   -0.327479
   -0.339373
   -0.344124
   -0.361540
   -0.359470
   -0.322585
   -0.280157
   -0.291601
   -0.336480
   -0.357516
   -0.359123
   -0.348524
   -0.339466
   -0.338422
   -0.357062
   -0.355330
   -0.358765
   -0.323690
   -0.329636
   -0.343739
   -0.356640
   -0.358094
   -0.338963
   -0.305754
   -0.273751
   -0.321182
   -0.351644
   -0.352451
   -0.354586
   -0.356279
   -0.356213
   -0.348701
   -0.356203
   -0.355713
   -0.342311
   -0.333004
   -0.342519
   -0.354735
   -0.353992
   -0.334473
   -0.320488
   -0.287893
   -0.294269
   -0.319852
   -0.340244
   -0.351920
   -0.359150
   -0.351813
   -0.352122
   -0.362550
   -0.363746
   -0.345142
   -0.329884
   -0.335620
   -0.357592
   -0.362448
   -0.354367
   -0.333548
   -0.304999
   -0.292098
   -0.298446
   -0.326273
   -0.356937
   -0.359463
   -0.355557
   -0.350943
   -0.356147
   -0.357546
   -0.358636
   -0.347686
   -0.335441
   -0.342355
   -0.351641
   -0.366676
   -0.354659
   -0.333464
   -0.305168
   -0.293171
   -0.355146
   -0.357479
   -0.359249
   -0.358123
   -0.357954
   -0.358127
   -0.356742
   -0.351356
   -0.344189
   -0.334085
   -0.335447
   -0.352944
   -0.361027
   -0.356781
   -0.348094
   -0.318203
   -0.356218
   -0.356825
   -0.360954
   -0.357526
   -0.356848
   -0.357529
   -0.360174
   -0.359539
   -0.354688
   -0.355180
   -0.347628
   -0.325696
   -0.337441
   -0.354160
   -0.359558
   -0.351825
   -0.357892
   -0.358081
   -0.355913
   -0.359465
   -0.361406
   -0.361500
   -0.359493
   -0.356724
   -0.360244
   -0.363699
   -0.357405
   -0.341237
   -0.338310
   -0.336844
   -0.344149
   -0.358560
   -0.361863
   -0.358227
   -0.358243
   -0.358243
   -0.358188
   -0.358196
   -0.356721
   -0.356818
   -0.356857
   -0.358953
   -0.359443
   -0.368246
   -0.349589
   -0.331679
   -0.331327
   -0.341937
   -0.357125
   -0.361724
   -0.362273
   -0.358151
   -0.357976
   -0.358095
   -0.356765
   -0.358805
   -0.359293
   -0.354602
   -0.355986
   -0.352395
   -0.362345
   -0.360421
   -0.347710
   -0.337598
   -0.358704
   -0.355878
   -0.356504
   -0.362692
   -0.356861
   -0.356843
   -0.357997
   -0.356817
   -0.355537
   -0.354929
   -0.355365
   -0.356156
   -0.356786
   -0.358193
   -0.356035
   -0.346710
   -0.349497
   -0.351550
   -0.348871
   -0.357294
   -0.354506
   -0.354603
   -0.354634
   -0.356785
   -0.357982
   -0.356607
   -0.353992
   -0.354644
   -0.356638
   -0.356746
   -0.353917
   -0.356007
   -0.345804
   -0.351428
   -0.355387
   -0.357774
   -0.355068
   -0.355339
   -0.354636
   -0.354031
   -0.353980
   -0.356169
   -0.358077
   -0.357468
   -0.356789
   -0.357481
   -0.355270
   -0.354747
   -0.353933
   -0.355938
   -0.349193
   -0.348156
   -0.350844
   -0.353161
   -0.353500
   -0.350902
   -0.353724
   -0.357404
   -0.357344
   -0.356731
   -0.356597
   -0.355185
   -0.355171
   -0.355768
   -0.340997
   -0.347758
   -0.337734
   -0.352214
   -0.351909
   -0.351741
   -0.350998
   -0.352673
   -0.353756
   -0.355363
   -0.357305
   -0.358845
   -0.358827
   -0.358153
   -0.354489
   -0.354089
   -0.216288
   -0.193144
   -0.213663
   -0.270564
   -0.271766
   -0.256137
   -0.240551
   -0.237768
   -0.252937
   -0.261411
   -0.268550
   -0.266442
   -0.264355
   -0.266996
   -0.265604
   -0.267661
   -0.268178
   -0.247125
   -0.195213
   -0.230833
   -0.253903
   -0.271039
   -0.268250
   -0.254237
   -0.239321
   -0.242867
   -0.252537
   -0.259411
   -0.260577
   -0.264264
   -0.263313
   -0.258875
   -0.262782
   -0.267325
   -0.256311
   -0.192346
   -0.199358
   -0.235062
   -0.262808
   -0.270040
   -0.254701
   -0.247871
   -0.241406
   -0.257155
   -0.263281
   -0.259652
   -0.260717
   -0.262814
   -0.264391
   -0.260538
   -0.264395
   -0.247153
   -0.208334
   -0.193505
   -0.220428
   -0.255419
   -0.263770
   -0.252599
   -0.253450
   -0.243366
   -0.250481
   -0.249732
   -0.252626
   -0.258028
   -0.268629
   -0.257727
   -0.259462
   -0.266201
   -0.264746
   -0.233192
   -0.195622
   -0.206139
   -0.247265
   -0.266167
   -0.267192
   -0.251611
   -0.245750
   -0.243820
   -0.251382
   -0.255292
   -0.261203
   -0.269071
   -0.257387
   -0.261231
   -0.264441
   -0.263195
   -0.249600
   -0.218707
   -0.189063
   -0.230893
   -0.259180
   -0.274249
   -0.260565
   -0.260790
   -0.251996
   -0.241503
   -0.256952
   -0.262943
   -0.268575
   -0.264896
   -0.264668
   -0.264929
   -0.260876
   -0.245598
   -0.230966
   -0.202228
   -0.205881
   -0.239171
   -0.262066
   -0.261075
   -0.252819
   -0.250732
   -0.261113
   -0.261272
   -0.268998
   -0.263258
   -0.261287
   -0.263210
   -0.270863
   -0.268934
   -0.260651
   -0.245183
   -0.218757
   -0.194577
   -0.217360
   -0.249564
   -0.263348
   -0.259152
   -0.264667
   -0.264832
   -0.258839
   -0.264884
   -0.270484
   -0.270787
   -0.268633
   -0.261133
   -0.260134
   -0.270148
   -0.262708
   -0.239002
   -0.208418
   -0.210118
   -0.236049
   -0.272060
   -0.266360
   -0.265116
   -0.265042
   -0.265149
   -0.265125
   -0.265111
   -0.263091
   -0.263102
   -0.263260
   -0.269005
   -0.269013
   -0.271665
   -0.257353
   -0.217083
   -0.199994
   -0.218544
   -0.264697
   -0.266214
   -0.265986
   -0.264840
   -0.264580
   -0.264915
   -0.262746
   -0.268870
   -0.270338
   -0.257166
   -0.260739
   -0.261698
   -0.265897
   -0.260596
   -0.240556
   -0.206988
   -0.256734
   -0.260645
   -0.263797
   -0.266479
   -0.265068
   -0.265025
   -0.268852
   -0.264967
   -0.261317
   -0.261188
   -0.263155
   -0.261136
   -0.261370
   -0.264997
   -0.259500
   -0.233947
   -0.266499
   -0.266696
   -0.258762
   -0.264837
   -0.263876
   -0.264188
   -0.263975
   -0.264938
   -0.268353
   -0.264866
   -0.256841
   -0.257249
   -0.262588
   -0.263076
   -0.257973
   -0.259272
   -0.258400
   -0.260537
   -0.261204
   -0.265158
   -0.264440
   -0.264357
   -0.264316
   -0.264257
   -0.262573
   -0.263106
   -0.268989
   -0.264957
   -0.263299
   -0.264942
   -0.264631
   -0.262258
   -0.258864
   -0.259080
   -0.259416
   -0.263384
   -0.263201
   -0.263582
   -0.263327
   -0.262941
   -0.263129
   -0.264919
   -0.264561
   -0.265012
   -0.264437
   -0.264402
   -0.263693
   -0.264488
   -0.262631
   -0.260408
   -0.253740
   -0.261820
   -0.261854
   -0.263643
   -0.263669
   -0.263563
   -0.264539
   -0.264307
   -0.264583
   -0.262986
   -0.263452
   -0.264842
   -0.264754
   -0.264011
