   -0.282192
   -0.280416
   -0.267472
   -0.256586
   -0.267632
   -0.272098
   -0.280917
   -0.289075
   -0.298473
   -0.277899
   -0.286529
   -0.273649
   -0.272527
   -0.266457
   -0.257861
   -0.245497
   -0.291019
   -0.283866
   -0.294272
   -0.284684
   -0.267675
   -0.262568
   -0.261249
   -0.268367
   -0.272747
   -0.289722
   -0.274550
   -0.284517
   -0.288071
   -0.286581
   -0.288854
   -0.288662
   -0.211020
   -0.264779
   -0.271907
   -0.284404
   -0.283742
   -0.281911
   -0.273596
   -0.272344
   -0.271615
   -0.276675
   -0.268733
   -0.269366
   -0.273791
   -0.279725
   -0.284208
   -0.284560
   -0.206921
   -0.178439
   -0.208258
   -0.264366
   -0.275268
   -0.279842
   -0.283947
   -0.283536
   -0.284911
   -0.283313
   -0.278250
   -0.280434
   -0.282168
   -0.280263
   -0.276091
   -0.273826
   -0.283804
   -0.262618
   -0.213774
   -0.195201
   -0.227213
   -0.266059
   -0.293367
   -0.294562
   -0.284972
   -0.283784
   -0.291623
   -0.286890
   -0.288556
   -0.293276
   -0.291377
   -0.284980
   -0.275018
   -0.274685
   -0.274424
   -0.240895
   -0.206967
   -0.196381
   -0.220835
   -0.261030
   -0.279870
   -0.288903
   -0.284274
   -0.286690
   -0.288322
   -0.290600
   -0.290795
   -0.289264
   -0.261221
   -0.264352
   -0.287137
   -0.279901
   -0.269621
   -0.249462
   -0.213409
   -0.195193
   -0.203995
   -0.254012
   -0.298436
   -0.299632
   -0.290994
   -0.286281
   -0.287235
   -0.287159
   -0.285559
   -0.267487
   -0.270078
   -0.269588
   -0.282188
   -0.287671
   -0.279794
   -0.262194
   -0.232871
   -0.215567
   -0.214595
   -0.265479
   -0.284377
   -0.278533
   -0.271313
   -0.284698
   -0.295635
   -0.284287
   -0.275777
   -0.272586
   -0.268140
   -0.267498
   -0.278340
   -0.286042
   -0.282929
   -0.263615
   -0.238665
   -0.188426
   -0.198004
   -0.249843
   -0.289824
   -0.289254
   -0.285976
   -0.285187
   -0.282548
   -0.282042
   -0.274680
   -0.264290
   -0.262678
   -0.266011
   -0.281006
   -0.284516
   -0.277959
   -0.249590
   -0.222072
   -0.199426
   -0.214753
   -0.249323
   -0.282447
   -0.279048
   -0.287320
   -0.284206
   -0.287066
   -0.284666
   -0.277013
   -0.262154
   -0.258332
   -0.269693
   -0.276571
   -0.278300
   -0.273955
   -0.251206
   -0.215736
   -0.199791
   -0.278450
   -0.282372
   -0.285003
   -0.291420
   -0.289464
   -0.289376
   -0.287362
   -0.281885
   -0.275901
   -0.263321
   -0.260602
   -0.279350
   -0.286389
   -0.291663
   -0.282956
   -0.248725
   -0.282993
   -0.292539
   -0.278561
   -0.296411
   -0.289192
   -0.285960
   -0.288776
   -0.288902
   -0.287228
   -0.277967
   -0.267918
   -0.260991
   -0.271218
   -0.282707
   -0.290896
   -0.298580
   -0.276558
   -0.284632
   -0.293918
   -0.292475
   -0.287939
   -0.285978
   -0.286481
   -0.285764
   -0.284209
   -0.288715
   -0.288891
   -0.285607
   -0.266134
   -0.262664
   -0.275474
   -0.283996
   -0.266083
   -0.298388
   -0.277860
   -0.286949
   -0.287780
   -0.291135
   -0.289704
   -0.287898
   -0.289183
   -0.289274
   -0.289597
   -0.285636
   -0.285790
   -0.274487
   -0.259340
   -0.255864
   -0.210446
   -0.251173
   -0.280142
   -0.282267
   -0.285376
   -0.285297
   -0.288191
   -0.294971
   -0.288241
   -0.288616
   -0.303957
   -0.290252
   -0.295752
   -0.289302
   -0.283299
   -0.271891
   -0.326144
   -0.312385
   -0.284226
   -0.277490
   -0.297689
   -0.321304
   -0.340657
   -0.360953
   -0.366235
   -0.355081
   -0.351581
   -0.352422
   -0.357221
   -0.360820
   -0.356706
   -0.347492
   -0.351477
   -0.347226
   -0.344729
   -0.326452
   -0.306121
   -0.288429
   -0.277701
   -0.278266
   -0.295442
   -0.320576
   -0.328979
   -0.351427
   -0.355915
   -0.355863
   -0.355283
   -0.355248
   -0.303839
   -0.329685
   -0.352322
   -0.357039
   -0.352610
   -0.348825
   -0.334576
   -0.330470
   -0.316610
   -0.304751
   -0.297085
   -0.280574
   -0.293706
   -0.307374
   -0.316059
   -0.331146
   -0.324021
   -0.309805
   -0.299966
   -0.323348
   -0.333019
   -0.342811
   -0.354519
   -0.350460
   -0.351313
   -0.349918
   -0.344495
   -0.336082
   -0.323033
   -0.312054
   -0.303600
   -0.297010
   -0.352263
   -0.340885
   -0.331603
   -0.309131
   -0.312754
   -0.326354
   -0.332135
   -0.345014
   -0.342668
   -0.339955
   -0.349242
   -0.361869
   -0.367662
   -0.369817
   -0.363304
   -0.349487
   -0.301758
   -0.338901
   -0.344281
   -0.339842
   -0.327387
   -0.316749
   -0.327657
   -0.342377
   -0.342957
   -0.343055
   -0.336662
   -0.338737
   -0.350009
   -0.354728
   -0.356900
   -0.353884
   -0.271517
   -0.267609
   -0.314697
   -0.346681
   -0.346713
   -0.344348
   -0.329981
   -0.325358
   -0.325529
   -0.341166
   -0.360564
   -0.355210
   -0.346931
   -0.342056
   -0.338335
   -0.338293
   -0.334807
   -0.292173
   -0.273386
   -0.282186
   -0.338150
   -0.365115
   -0.359665
   -0.344189
   -0.336442
   -0.343091
   -0.344510
   -0.352505
   -0.353825
   -0.344626
   -0.334979
   -0.335619
   -0.352581
   -0.343406
   -0.329717
   -0.296632
   -0.271225
   -0.291989
   -0.334844
   -0.352806
   -0.351015
   -0.341609
   -0.340162
   -0.322847
   -0.327828
   -0.349509
   -0.364043
   -0.358296
   -0.326867
   -0.341177
   -0.356964
   -0.339656
   -0.318474
   -0.276057
   -0.257824
   -0.286983
   -0.337832
   -0.354063
   -0.352147
   -0.345640
   -0.338291
   -0.333696
   -0.337480
   -0.347787
   -0.341036
   -0.330502
   -0.330608
   -0.342634
   -0.356291
   -0.348939
   -0.316049
   -0.277897
   -0.273123
   -0.301693
   -0.334114
   -0.351230
   -0.354819
   -0.352089
   -0.345220
   -0.338957
   -0.354806
   -0.346801
   -0.327035
   -0.336369
   -0.350440
   -0.351840
   -0.351069
   -0.333332
   -0.301660
   -0.273909
   -0.274718
   -0.307715
   -0.330278
   -0.351459
   -0.353897
   -0.338910
   -0.346188
   -0.355135
   -0.350529
   -0.352657
   -0.327233
   -0.325714
   -0.347336
   -0.359864
   -0.357460
   -0.327208
   -0.286515
   -0.266295
   -0.273337
   -0.310923
   -0.347977
   -0.359607
   -0.346684
   -0.355855
   -0.362667
   -0.357799
   -0.346242
   -0.331900
   -0.326660
   -0.338976
   -0.347014
   -0.355874
   -0.356158
   -0.329385
   -0.294060
   -0.276596
   -0.297032
   -0.328117
   -0.352647
   -0.360312
   -0.352334
   -0.352366
   -0.356107
   -0.361070
   -0.348525
   -0.332527
   -0.330114
   -0.339635
   -0.348492
   -0.350423
   -0.351715
   -0.321336
   -0.278601
   -0.268600
   -0.337721
   -0.342031
   -0.354808
   -0.346942
   -0.352418
   -0.352733
   -0.353804
   -0.348972
   -0.334634
   -0.329846
   -0.342072
   -0.347070
   -0.361203
   -0.355988
   -0.336549
   -0.314492
   -0.350167
   -0.347582
   -0.346487
   -0.332931
   -0.346632
   -0.351847
   -0.359118
   -0.366101
   -0.368445
   -0.364571
   -0.353425
   -0.344991
   -0.355387
   -0.367002
   -0.364148
   -0.359145
   -0.355494
   -0.358159
   -0.343347
   -0.352734
   -0.344796
   -0.341393
   -0.331913
   -0.338881
   -0.339773
   -0.347922
   -0.348506
   -0.367045
   -0.365368
   -0.360939
   -0.356483
   -0.356330
   -0.281466
   -0.298862
   -0.342398
   -0.354884
   -0.356331
   -0.355183
   -0.352709
   -0.351833
   -0.346420
   -0.338294
   -0.340840
   -0.330170
   -0.334486
   -0.338590
   -0.344419
   -0.354149
   -0.328888
   -0.308923
   -0.276841
   -0.289226
   -0.307095
   -0.335735
   -0.356702
   -0.360498
   -0.357632
   -0.358094
   -0.363901
   -0.348356
   -0.343536
   -0.347916
   -0.342867
   -0.340041
   -0.355038
   -0.341955
   -0.339766
   -0.307454
   -0.295532
   -0.283260
   -0.279172
   -0.298674
   -0.321140
   -0.332588
   -0.350160
   -0.360674
   -0.367851
   -0.364206
   -0.361460
   -0.356696
   -0.311663
   -0.341131
   -0.351003
   -0.358861
   -0.350335
   -0.337257
   -0.332515
   -0.320894
   -0.300989
   -0.294094
   -0.277314
   -0.299898
   -0.322312
   -0.334660
   -0.341994
   -0.345527
   -0.326520
   -0.305860
   -0.317297
   -0.329136
   -0.337447
   -0.346957
   -0.347584
   -0.351737
   -0.351647
   -0.343648
   -0.342416
   -0.330051
   -0.312037
   -0.300384
   -0.297658
   -0.297777
   -0.344708
   -0.337665
   -0.320950
   -0.323018
   -0.335894
   -0.348984
   -0.345291
   -0.341980
   -0.356137
   -0.367386
   -0.362775
   -0.363543
   -0.354210
   -0.341945
   -0.324484
   -0.305107
   -0.345605
   -0.350255
   -0.349739
   -0.346522
   -0.332656
   -0.337038
   -0.343476
   -0.337024
   -0.324641
   -0.329078
   -0.349620
   -0.350864
   -0.353801
   -0.356168
   -0.358531
   -0.367211
   -0.258584
   -0.309527
   -0.357717
   -0.354205
   -0.345042
   -0.330257
   -0.315950
   -0.326720
   -0.346176
   -0.345618
   -0.337917
   -0.349061
   -0.347231
   -0.344056
   -0.346148
   -0.350377
   -0.299924
   -0.266901
   -0.275069
   -0.319980
   -0.344275
   -0.354482
   -0.345072
   -0.337117
   -0.339986
   -0.341485
   -0.346783
   -0.348687
   -0.343023
   -0.340771
   -0.339082
   -0.336532
   -0.356913
   -0.335387
   -0.272247
   -0.267010
   -0.312227
   -0.338727
   -0.352288
   -0.346258
   -0.337147
   -0.325734
   -0.334738
   -0.339950
   -0.349045
   -0.351582
   -0.346645
   -0.342015
   -0.334419
   -0.351796
   -0.350007
   -0.310638
   -0.258140
   -0.261537
   -0.313435
   -0.352331
   -0.363886
   -0.351189
   -0.332207
   -0.327107
   -0.327388
   -0.340703
   -0.351572
   -0.350663
   -0.325409
   -0.339613
   -0.362578
   -0.368697
   -0.333179
   -0.283902
   -0.262025
   -0.288978
   -0.333141
   -0.357720
   -0.358975
   -0.352923
   -0.348947
   -0.341902
   -0.343397
   -0.345224
   -0.359491
   -0.336880
   -0.332305
   -0.339467
   -0.351459
   -0.353425
   -0.325961
   -0.287548
   -0.270617
   -0.298481
   -0.327427
   -0.352341
   -0.355834
   -0.342410
   -0.328898
   -0.328285
   -0.361304
   -0.353404
   -0.349835
   -0.322147
   -0.343700
   -0.356167
   -0.355912
   -0.329779
   -0.289050
   -0.269300
   -0.274524
   -0.309856
   -0.345324
   -0.353299
   -0.344508
   -0.342331
   -0.354698
   -0.360334
   -0.358896
   -0.354874
   -0.347350
   -0.345256
   -0.343970
   -0.351492
   -0.346318
   -0.337386
   -0.333353
   -0.330283
   -0.331958
   -0.341002
   -0.350121
   -0.355046
   -0.359121
   -0.355779
   -0.353998
   -0.365591
   -0.365306
   -0.363630
   -0.357943
   -0.357467
   -0.359403
   -0.363297
   -0.362004
   -0.359834
   -0.354420
   -0.348057
   -0.343249
   -0.339047
   -0.336130
   -0.346752
   -0.357830
   -0.355266
   -0.356485
   -0.358579
   -0.356574
   -0.358420
   -0.356294
   -0.356178
   -0.357167
   -0.352491
   -0.353140
   -0.354674
   -0.353926
   -0.356307
   -0.342564
   -0.342459
   -0.336070
   -0.336860
   -0.346459
   -0.358184
   -0.363956
   -0.364121
   -0.364045
   -0.364682
   -0.360567
   -0.341706
   -0.341891
   -0.356340
   -0.359546
   -0.355910
   -0.353614
   -0.353382
   -0.343833
   -0.339768
   -0.338866
   -0.335301
   -0.331382
   -0.341272
   -0.349393
   -0.352427
   -0.353910
   -0.354057
   -0.360244
   -0.359533
   -0.357827
   -0.357134
   -0.282150
   -0.311381
   -0.349945
   -0.346371
   -0.354868
   -0.349717
   -0.352164
   -0.346703
   -0.341115
   -0.336411
   -0.333479
   -0.344286
   -0.347754
   -0.349469
   -0.355047
   -0.357549
   -0.321756
   -0.290551
   -0.271371
   -0.283774
   -0.295915
   -0.322078
   -0.342347
   -0.358869
   -0.357669
   -0.351220
   -0.356133
   -0.356458
   -0.350794
   -0.344617
   -0.340236
   -0.343070
   -0.354083
   -0.349464
   -0.333837
   -0.306640
   -0.292123
   -0.295921
   -0.307552
   -0.317121
   -0.342749
   -0.358448
   -0.366853
   -0.357793
   -0.354445
   -0.350168
   -0.346206
   -0.332542
   -0.323426
   -0.335369
   -0.349805
   -0.350328
   -0.342194
   -0.333420
   -0.312987
   -0.297199
   -0.272370
   -0.294254
   -0.314006
   -0.335530
   -0.342675
   -0.349348
   -0.353658
   -0.369615
   -0.312283
   -0.321041
   -0.331962
   -0.348940
   -0.350975
   -0.359997
   -0.358347
   -0.349383
   -0.340522
   -0.322132
   -0.295832
   -0.309751
   -0.307888
   -0.306376
   -0.324752
   -0.346181
   -0.334183
   -0.321864
   -0.329278
   -0.332486
   -0.334620
   -0.340223
   -0.355137
   -0.364003
   -0.358272
   -0.355389
   -0.343894
   -0.342174
   -0.324766
   -0.305402
   -0.292905
   -0.282002
   -0.354831
   -0.349836
   -0.326828
   -0.331496
   -0.339289
   -0.340801
   -0.330401
   -0.330633
   -0.343333
   -0.340388
   -0.343802
   -0.349666
   -0.351960
   -0.359246
   -0.342064
   -0.331843
   -0.304994
   -0.342306
   -0.351694
   -0.344784
   -0.323780
   -0.323299
   -0.340838
   -0.345709
   -0.342975
   -0.351410
   -0.348103
   -0.341459
   -0.343316
   -0.348361
   -0.354965
   -0.338307
   -0.271450
   -0.286144
   -0.342772
   -0.368825
   -0.351240
   -0.334921
   -0.330663
   -0.333845
   -0.347685
   -0.355317
   -0.352193
   -0.341714
   -0.340827
   -0.338002
   -0.339508
   -0.347890
   -0.344732
   -0.293444
   -0.259640
   -0.324620
   -0.347058
   -0.348462
   -0.342759
   -0.328338
   -0.331237
   -0.337161
   -0.350407
   -0.352247
   -0.346642
   -0.342277
   -0.340126
   -0.336712
   -0.360145
   -0.351123
   -0.315682
   -0.253518
   -0.300400
   -0.338200
   -0.354710
   -0.352147
   -0.333106
   -0.329445
   -0.327307
   -0.336494
   -0.353920
   -0.359001
   -0.352827
   -0.349374
   -0.346498
   -0.348883
   -0.351053
   -0.352188
   -0.335736
   -0.320537
   -0.312168
   -0.305207
   -0.293692
   -0.268394
   -0.269943
   -0.268521
   -0.275945
   -0.293433
   -0.313664
   -0.327405
   -0.327883
   -0.329426
   -0.327945
   -0.359070
   -0.353825
   -0.357963
   -0.358263
   -0.357639
   -0.357499
   -0.354411
   -0.345437
   -0.327940
   -0.318550
   -0.309127
   -0.298224
   -0.285125
   -0.360179
   -0.348472
   -0.343442
   -0.322049
   -0.326867
   -0.328447
   -0.331986
   -0.336662
   -0.341391
   -0.352202
   -0.356590
   -0.354309
   -0.355076
   -0.358728
   -0.357376
   -0.353805
   -0.352429
   -0.363216
   -0.364418
   -0.345561
   -0.346975
   -0.352029
   -0.344632
   -0.339873
   -0.334519
   -0.336449
   -0.329243
   -0.328934
   -0.333835
   -0.346215
   -0.355170
   -0.353484
   -0.359285
   -0.355548
   -0.353343
   -0.356834
   -0.356167
   -0.354632
   -0.356775
   -0.358651
   -0.360207
   -0.356705
   -0.349215
   -0.333915
   -0.334586
   -0.331973
   -0.330557
   -0.337098
   -0.333037
   -0.345895
   -0.359868
   -0.357007
   -0.358105
   -0.358710
   -0.362632
   -0.363212
   -0.362875
   -0.363123
   -0.363657
   -0.370257
   -0.362805
   -0.358011
   -0.358431
   -0.352000
   -0.342566
   -0.333237
   -0.328900
   -0.336312
   -0.338952
   -0.347211
   -0.358653
   -0.364997
   -0.363009
   -0.350362
   -0.354689
   -0.352771
   -0.359868
   -0.359326
   -0.359347
   -0.366958
   -0.357981
   -0.353417
   -0.346340
   -0.352593
   -0.338321
   -0.335994
   -0.338180
   -0.343348
   -0.352831
   -0.358390
   -0.368273
   -0.358022
   -0.355957
   -0.353548
   -0.352239
   -0.351430
   -0.278729
   -0.304734
   -0.339202
   -0.346535
   -0.353720
   -0.358553
   -0.353348
   -0.340811
   -0.331849
   -0.343762
   -0.348552
   -0.348143
   -0.352058
   -0.356385
   -0.357373
   -0.358106
   -0.316843
   -0.291870
   -0.284661
   -0.315809
   -0.338094
   -0.355569
   -0.356839
   -0.355730
   -0.353166
   -0.351248
   -0.335232
   -0.347120
   -0.343152
   -0.342679
   -0.349180
   -0.363411
   -0.349028
   -0.339641
   -0.334907
   -0.291431
   -0.294888
   -0.303552
   -0.330245
   -0.355552
   -0.365337
   -0.357407
   -0.353602
   -0.351060
   -0.347293
   -0.333538
   -0.334839
   -0.335664
   -0.340604
   -0.350982
   -0.352884
   -0.352617
   -0.331119
   -0.319133
   -0.280332
   -0.288257
   -0.299843
   -0.322266
   -0.335158
   -0.346876
   -0.351744
   -0.367706
   -0.359129
   -0.351359
   -0.326748
   -0.332521
   -0.335096
   -0.360092
   -0.361283
   -0.358305
   -0.349669
   -0.326847
   -0.299205
   -0.307993
   -0.303947
   -0.305928
   -0.323647
   -0.343151
   -0.358439
   -0.326562
   -0.340650
   -0.335176
   -0.341966
   -0.334340
   -0.339110
   -0.343864
   -0.347172
   -0.357942
   -0.351282
   -0.344570
   -0.321916
   -0.308347
   -0.294526
   -0.281472
   -0.296745
   -0.336420
   -0.353615
   -0.346075
   -0.336672
   -0.335117
   -0.337061
   -0.331564
   -0.336953
   -0.330914
   -0.334996
   -0.354361
   -0.366039
   -0.356257
   -0.339663
   -0.331619
   -0.308927
   -0.290994
   -0.356664
   -0.362510
   -0.340348
   -0.328440
   -0.339375
   -0.343805
   -0.346328
   -0.346847
   -0.336086
   -0.335905
   -0.341508
   -0.350674
   -0.355898
   -0.350765
   -0.357565
   -0.334899
   -0.342224
   -0.351839
   -0.349118
   -0.361645
   -0.352559
   -0.346128
   -0.342314
   -0.342649
   -0.340612
   -0.331576
   -0.334242
   -0.331470
   -0.334118
   -0.339586
   -0.343636
   -0.347754
   -0.263418
   -0.265684
   -0.274922
   -0.328098
   -0.337532
   -0.347111
   -0.358306
   -0.362663
   -0.362756
   -0.357851
   -0.355369
   -0.353409
   -0.350765
   -0.347991
   -0.344634
   -0.340489
   -0.345247
   -0.324659
   -0.304262
   -0.262982
   -0.263252
   -0.271560
   -0.285870
   -0.304032
   -0.324396
   -0.342960
   -0.355060
   -0.362551
   -0.358819
   -0.357967
   -0.355740
   -0.355048
   -0.343822
   -0.351654
   -0.364575
   -0.352447
   -0.341102
   -0.324295
   -0.306173
   -0.288807
   -0.275394
   -0.267647
   -0.262922
   -0.283702
   -0.299003
   -0.325278
   -0.348607
   -0.358112
   -0.333551
   -0.335397
   -0.334596
   -0.348873
   -0.352998
   -0.362144
   -0.364887
   -0.356739
   -0.346188
   -0.338494
   -0.330237
   -0.299327
   -0.291298
   -0.276697
   -0.268642
   -0.278661
   -0.355875
   -0.355534
   -0.354249
   -0.335703
   -0.332104
   -0.333627
   -0.339560
   -0.346743
   -0.353924
   -0.359253
   -0.360756
   -0.369156
   -0.357709
   -0.344040
   -0.329530
   -0.313750
   -0.354478
   -0.356037
   -0.352929
   -0.357192
   -0.351899
   -0.345610
   -0.339867
   -0.335511
   -0.330375
   -0.327944
   -0.332735
   -0.326767
   -0.339332
   -0.353290
   -0.363152
   -0.364173
   -0.364220
   -0.355281
   -0.351491
   -0.373045
   -0.365941
   -0.356455
   -0.348536
   -0.342781
   -0.343358
   -0.342725
   -0.346425
   -0.335849
   -0.335116
   -0.336591
   -0.339966
   -0.346920
   -0.329798
   -0.340830
   -0.358579
   -0.353768
   -0.358148
   -0.363396
   -0.364602
   -0.361494
   -0.358548
   -0.357461
   -0.354831
   -0.349642
   -0.346984
   -0.343519
   -0.339472
   -0.335235
   -0.347456
   -0.339833
   -0.333160
   -0.349692
   -0.353714
   -0.357354
   -0.355929
   -0.356231
   -0.355482
   -0.356775
   -0.353341
   -0.359280
   -0.358015
   -0.356830
   -0.353481
   -0.351098
   -0.352723
   -0.351190
   -0.353046
   -0.334859
   -0.337397
   -0.341814
   -0.348488
   -0.360267
   -0.361068
   -0.358871
   -0.357961
   -0.354406
   -0.355199
   -0.352368
   -0.356020
   -0.357797
   -0.309467
   -0.340313
   -0.350858
   -0.357975
   -0.351222
   -0.346860
   -0.333082
   -0.335839
   -0.336483
   -0.344586
   -0.350717
   -0.354100
   -0.354470
   -0.358649
   -0.357637
   -0.357905
   -0.292766
   -0.286833
   -0.294163
   -0.337647
   -0.342559
   -0.352735
   -0.355173
   -0.348360
   -0.339584
   -0.339420
   -0.334568
   -0.340027
   -0.347059
   -0.353584
   -0.358539
   -0.347003
   -0.354208
   -0.331740
   -0.311207
   -0.288230
   -0.300444
   -0.323751
   -0.341972
   -0.359958
   -0.357842
   -0.353776
   -0.343989
   -0.340719
   -0.336435
   -0.333909
   -0.338502
   -0.350408
   -0.345951
   -0.355126
   -0.356865
   -0.327466
   -0.318959
   -0.305167
   -0.299262
   -0.305140
   -0.320772
   -0.344888
   -0.362309
   -0.359912
   -0.353200
   -0.348884
   -0.341664
   -0.336666
   -0.333248
   -0.339357
   -0.335827
   -0.365450
   -0.359480
   -0.346199
   -0.324516
   -0.305701
   -0.293353
   -0.302994
   -0.317228
   -0.355152
   -0.356440
   -0.357485
   -0.359897
   -0.351044
   -0.360742
   -0.354795
   -0.354350
   -0.366620
   -0.361267
   -0.355002
   -0.357912
   -0.363553
   -0.366879
   -0.359743
   -0.357059
   -0.360032
   -0.360088
   -0.360149
   -0.359610
   -0.359783
   -0.326032
   -0.332204
   -0.332645
   -0.346826
   -0.352741
   -0.362926
   -0.363508
   -0.360320
   -0.357702
   -0.360884
   -0.366439
   -0.361690
   -0.361739
   -0.361682
   -0.361723
   -0.361500
   -0.362545
   -0.356792
   -0.349751
   -0.333681
   -0.331079
   -0.328655
   -0.335561
   -0.340466
   -0.354252
   -0.355194
   -0.357345
   -0.360102
   -0.358660
   -0.357926
   -0.357151
   -0.359324
   -0.333572
   -0.342143
   -0.354501
   -0.363304
   -0.353312
   -0.345665
   -0.342536
   -0.339763
   -0.336922
   -0.334443
   -0.329896
   -0.336651
   -0.341553
   -0.349849
   -0.355317
   -0.358646
   -0.260583
   -0.268019
   -0.281492
   -0.328564
   -0.343034
   -0.357575
   -0.365341
   -0.358481
   -0.355274
   -0.354495
   -0.357030
   -0.345958
   -0.343181
   -0.338328
   -0.335565
   -0.338378
   -0.351096
   -0.329419
   -0.305375
   -0.270324
   -0.267646
   -0.275369
   -0.294692
   -0.319024
   -0.339880
   -0.351572
   -0.355826
   -0.365787
   -0.358746
   -0.352464
   -0.346279
   -0.342768
   -0.342388
   -0.357074
   -0.365635
   -0.349048
   -0.335892
   -0.318036
   -0.297272
   -0.280836
   -0.266577
   -0.264886
   -0.278057
   -0.290035
   -0.310255
   -0.338395
   -0.357075
   -0.364559
   -0.332991
   -0.326043
   -0.325386
   -0.360792
   -0.356299
   -0.352298
   -0.338345
   -0.324180
   -0.316690
   -0.308778
   -0.307986
   -0.287449
   -0.286885
   -0.293377
   -0.306566
   -0.326737
   -0.352001
   -0.346715
   -0.341891
   -0.337108
   -0.338977
   -0.343433
   -0.350393
   -0.355504
   -0.355247
   -0.352220
   -0.343487
   -0.335635
   -0.324636
   -0.313756
   -0.299137
   -0.289195
   -0.359755
   -0.368345
   -0.359451
   -0.358453
   -0.350113
   -0.339404
   -0.331701
   -0.327715
   -0.330537
   -0.337472
   -0.341430
   -0.353710
   -0.358016
   -0.354922
   -0.344330
   -0.326804
   -0.356466
   -0.360997
   -0.370818
   -0.358598
   -0.357500
   -0.355929
   -0.351294
   -0.345914
   -0.340650
   -0.336638
   -0.329544
   -0.327631
   -0.333568
   -0.342610
   -0.352913
   -0.357486
   -0.347713
   -0.360237
   -0.355098
   -0.364566
   -0.361671
   -0.356322
   -0.354240
   -0.355208
   -0.354061
   -0.352124
   -0.350320
   -0.345310
   -0.336546
   -0.328693
   -0.330486
   -0.337849
   -0.334531
   -0.330807
   -0.333618
   -0.351607
   -0.352835
   -0.360322
   -0.362870
   -0.361247
   -0.361101
   -0.360905
   -0.360223
   -0.352770
   -0.354202
   -0.354030
   -0.349048
   -0.339227
   -0.348793
   -0.348420
   -0.348002
   -0.341010
   -0.345110
   -0.353201
   -0.357923
   -0.361076
   -0.356538
   -0.356303
   -0.357841
   -0.352579
   -0.354417
   -0.357764
   -0.358302
   -0.353980
   -0.326177
   -0.348650
   -0.352278
   -0.347687
   -0.346300
   -0.342198
   -0.340727
   -0.345587
   -0.348652
   -0.353625
   -0.356706
   -0.363414
   -0.357120
   -0.355118
   -0.356732
   -0.361524
   -0.289710
   -0.294159
   -0.316049
   -0.366404
   -0.362105
   -0.352895
   -0.347701
   -0.344273
   -0.337337
   -0.338312
   -0.343542
   -0.354546
   -0.357672
   -0.359297
   -0.358998
   -0.357487
   -0.359194
   -0.358448
   -0.356556
   -0.363378
   -0.360541
   -0.359783
   -0.359948
   -0.362371
   -0.362719
   -0.360874
   -0.358847
   -0.360249
   -0.360222
   -0.360747
   -0.360797
   -0.362135
   -0.357796
   -0.359500
   -0.364418
   -0.358778
   -0.360958
   -0.362444
   -0.362446
   -0.360132
   -0.359872
   -0.360930
   -0.363018
   -0.360856
   -0.360851
   -0.360938
   -0.361053
   -0.361060
   -0.367333
   -0.371689
   -0.367699
   -0.361725
   -0.359725
   -0.358970
   -0.357128
   -0.357542
   -0.361611
   -0.360598
   -0.360061
   -0.360257
   -0.360263
   -0.360125
   -0.360038
   -0.360669
   -0.351438
   -0.352821
   -0.363005
   -0.359676
   -0.356557
   -0.358894
   -0.364166
   -0.364478
   -0.359506
   -0.359252
   -0.360020
   -0.360102
   -0.360241
   -0.360579
   -0.360109
   -0.360232
   -0.328120
   -0.325764
   -0.325573
   -0.355168
   -0.358936
   -0.359723
   -0.357845
   -0.358624
   -0.364170
   -0.364813
   -0.362562
   -0.361647
   -0.361685
   -0.361354
   -0.361373
   -0.361306
   -0.353838
   -0.345258
   -0.335472
   -0.329603
   -0.327767
   -0.331041
   -0.339674
   -0.347823
   -0.352717
   -0.356085
   -0.357369
   -0.360050
   -0.358526
   -0.357872
   -0.359172
   -0.363509
   -0.306438
   -0.344203
   -0.360204
   -0.354017
   -0.348761
   -0.347086
   -0.342157
   -0.339049
   -0.330436
   -0.330512
   -0.334756
   -0.339520
   -0.343664
   -0.351721
   -0.357366
   -0.359846
   -0.271788
   -0.257664
   -0.262516
   -0.327813
   -0.341459
   -0.353431
   -0.351742
   -0.343209
   -0.341476
   -0.339991
   -0.342137
   -0.335888
   -0.333656
   -0.335963
   -0.339985
   -0.348560
   -0.349875
   -0.333556
   -0.319292
   -0.270045
   -0.271929
   -0.284607
   -0.310507
   -0.335896
   -0.352616
   -0.355727
   -0.350364
   -0.350446
   -0.347834
   -0.351295
   -0.343027
   -0.335608
   -0.359224
   -0.357880
   -0.350273
   -0.351294
   -0.329734
   -0.299126
   -0.276159
   -0.262406
   -0.267495
   -0.290635
   -0.309366
   -0.340532
   -0.353414
   -0.356742
   -0.353736
   -0.349995
   -0.326368
   -0.342825
   -0.351460
   -0.354711
   -0.357292
   -0.357398
   -0.348617
   -0.326183
   -0.307312
   -0.289695
   -0.274036
   -0.274701
   -0.294565
   -0.323078
   -0.345103
   -0.351781
   -0.354831
   -0.347534
   -0.334794
   -0.343627
   -0.342635
   -0.339320
   -0.343871
   -0.351607
   -0.350703
   -0.344366
   -0.334722
   -0.322430
   -0.298265
   -0.279301
   -0.277359
   -0.289556
   -0.354927
   -0.355268
   -0.353875
   -0.342695
   -0.334407
   -0.330342
   -0.333309
   -0.345243
   -0.352279
   -0.362375
   -0.369709
   -0.349950
   -0.348880
   -0.340321
   -0.326339
   -0.306842
   -0.355551
   -0.356896
   -0.358397
   -0.359141
   -0.359380
   -0.357096
   -0.346023
   -0.332423
   -0.320423
   -0.322805
   -0.335792
   -0.347811
   -0.352101
   -0.353978
   -0.354056
   -0.354791
   -0.349517
   -0.358142
   -0.355683
   -0.355051
   -0.351005
   -0.350915
   -0.354672
   -0.361119
   -0.358148
   -0.348953
   -0.338280
   -0.329275
   -0.329131
   -0.337055
   -0.348351
   -0.356513
   -0.345961
   -0.345305
   -0.346988
   -0.361662
   -0.364488
   -0.360749
   -0.360580
   -0.365903
   -0.365767
   -0.354206
   -0.350282
   -0.349835
   -0.347446
   -0.341767
   -0.334856
   -0.330802
   -0.361314
   -0.357945
   -0.360157
   -0.361593
   -0.363339
   -0.362355
   -0.363108
   -0.363305
   -0.363711
   -0.363302
   -0.360534
   -0.359684
   -0.358075
   -0.359463
   -0.362213
   -0.367039
   -0.359101
   -0.361535
   -0.362815
   -0.362755
   -0.360410
   -0.361316
   -0.362039
   -0.363208
   -0.363498
   -0.363128
   -0.362930
   -0.362137
   -0.360740
   -0.360585
   -0.362516
   -0.363002
   -0.361520
   -0.362946
   -0.363518
   -0.360390
   -0.361246
   -0.360514
   -0.359686
   -0.359213
   -0.360218
   -0.359924
   -0.360843
   -0.360890
   -0.362177
   -0.362153
   -0.360665
   -0.359723
   -0.362931
   -0.360570
   -0.361647
   -0.360665
   -0.359194
   -0.361130
   -0.362058
   -0.362477
   -0.360152
   -0.360370
   -0.360885
   -0.360829
   -0.360817
   -0.360893
   -0.359537
   -0.359607
   -0.366365
   -0.357467
   -0.357132
   -0.361461
   -0.362238
   -0.360449
   -0.359615
   -0.359890
   -0.362238
   -0.362041
   -0.360899
   -0.360884
   -0.360956
   -0.360802
   -0.360856
   -0.360718
   -0.362518
   -0.357358
   -0.353519
   -0.359669
   -0.358436
   -0.357445
   -0.357940
   -0.360625
   -0.359938
   -0.360208
   -0.360054
   -0.360114
   -0.360095
   -0.360128
   -0.360807
   -0.362294
   -0.334672
   -0.358691
   -0.364262
   -0.355322
   -0.359403
   -0.363819
   -0.364708
   -0.359077
   -0.357829
   -0.359772
   -0.360099
   -0.360211
   -0.359762
   -0.359924
   -0.360119
   -0.360110
   -0.337302
   -0.330149
   -0.329609
   -0.353209
   -0.353876
   -0.362585
   -0.362882
   -0.355723
   -0.351860
   -0.355522
   -0.358282
   -0.359381
   -0.358773
   -0.358835
   -0.359069
   -0.359890
   -0.356164
   -0.351469
   -0.355835
   -0.336929
   -0.338009
   -0.341046
   -0.351703
   -0.365557
   -0.369630
   -0.365009
   -0.356335
   -0.357791
   -0.359826
   -0.366091
   -0.364525
   -0.363118
   -0.337911
   -0.343679
   -0.347028
   -0.363924
   -0.356084
   -0.341634
   -0.330271
   -0.325545
   -0.326880
   -0.338151
   -0.344242
   -0.352362
   -0.356576
   -0.357866
   -0.360095
   -0.364158
   -0.254438
   -0.278485
   -0.298504
   -0.340412
   -0.350831
   -0.351387
   -0.351630
   -0.343079
   -0.338352
   -0.336522
   -0.331773
   -0.330427
   -0.336508
   -0.347644
   -0.355859
   -0.358085
   -0.344114
   -0.313235
   -0.278907
   -0.262110
   -0.284533
   -0.309397
   -0.334186
   -0.350923
   -0.354620
   -0.353851
   -0.350314
   -0.353946
   -0.342932
   -0.331565
   -0.331208
   -0.332228
   -0.344211
   -0.355751
   -0.352824
   -0.307966
   -0.281238
   -0.264456
   -0.268694
   -0.294539
   -0.316920
   -0.349680
   -0.366248
   -0.355381
   -0.355144
   -0.353926
   -0.351638
   -0.345723
   -0.338414
   -0.333998
   -0.340888
   -0.362530
   -0.356710
   -0.342958
   -0.321252
   -0.292130
   -0.265407
   -0.266582
   -0.291173
   -0.325024
   -0.344936
   -0.350628
   -0.351804
   -0.355042
   -0.353996
   -0.343068
   -0.329112
   -0.342985
   -0.341867
   -0.346642
   -0.347113
   -0.349843
   -0.342432
   -0.328075
   -0.304880
   -0.278654
   -0.276123
   -0.289176
   -0.304646
   -0.329654
   -0.366297
   -0.367376
   -0.356261
   -0.341639
   -0.339481
   -0.341959
   -0.344628
   -0.355584
   -0.366133
   -0.349943
   -0.349384
   -0.333798
   -0.320313
   -0.303560
   -0.291556
   -0.276638
   -0.362541
   -0.358546
   -0.357945
   -0.365340
   -0.366235
   -0.366224
   -0.366507
   -0.370871
   -0.369393
   -0.368915
   -0.363235
   -0.352073
   -0.339626
   -0.335929
   -0.346758
   -0.365937
   -0.360991
   -0.358751
   -0.363656
   -0.363346
   -0.361135
   -0.360333
   -0.366310
   -0.367929
   -0.371162
   -0.368402
   -0.367228
   -0.365215
   -0.359375
   -0.352681
   -0.352302
   -0.347600
   -0.358720
   -0.361574
   -0.362465
   -0.364002
   -0.363174
   -0.363832
   -0.360388
   -0.359927
   -0.357987
   -0.357320
   -0.362168
   -0.361878
   -0.364505
   -0.364494
   -0.358771
   -0.347003
   -0.364216
   -0.361655
   -0.362683
   -0.362527
   -0.363867
   -0.362657
   -0.363117
   -0.362163
   -0.360979
   -0.360627
   -0.362463
   -0.362374
   -0.361633
   -0.362559
   -0.358417
   -0.359233
   -0.362329
   -0.361324
   -0.360509
   -0.360488
   -0.359853
   -0.360241
   -0.360565
   -0.360837
   -0.362037
   -0.362157
   -0.360774
   -0.360572
   -0.361767
   -0.360227
   -0.361576
   -0.360397
   -0.362681
   -0.359791
   -0.359726
   -0.360639
   -0.361058
   -0.360035
   -0.360272
   -0.360786
   -0.360903
   -0.360875
   -0.359515
   -0.360160
   -0.360793
   -0.360057
   -0.359832
   -0.361746
   -0.356517
   -0.362342
   -0.361912
   -0.359571
   -0.360514
   -0.362253
   -0.362139
   -0.360297
   -0.360151
   -0.360833
   -0.360864
   -0.360111
   -0.360228
   -0.362169
   -0.362232
   -0.362656
   -0.358941
   -0.362614
   -0.358814
   -0.359511
   -0.358719
   -0.359913
   -0.360130
   -0.357861
   -0.356653
   -0.355805
   -0.356474
   -0.360845
   -0.360768
   -0.360869
   -0.360822
   -0.360841
   -0.359075
   -0.357975
   -0.360169
   -0.362200
   -0.361877
   -0.365881
   -0.366652
   -0.369022
   -0.368449
   -0.366466
   -0.363827
   -0.360137
   -0.360977
   -0.362182
   -0.362265
   -0.362073
   -0.350790
   -0.353839
   -0.356146
   -0.367831
   -0.365722
   -0.358891
   -0.358099
   -0.362316
   -0.362348
   -0.363981
   -0.363999
   -0.360094
   -0.359974
   -0.360227
   -0.360710
   -0.362321
   -0.327039
   -0.334252
   -0.341654
   -0.353969
   -0.355108
   -0.351413
   -0.354244
   -0.354001
   -0.358331
   -0.359332
   -0.359547
   -0.358581
   -0.359156
   -0.359659
   -0.360987
   -0.360515
   -0.355228
   -0.347638
   -0.332459
   -0.325679
   -0.337631
   -0.352314
   -0.354619
   -0.354529
   -0.355710
   -0.360186
   -0.363423
   -0.366332
   -0.364386
   -0.358976
   -0.358574
   -0.358504
   -0.323863
   -0.353674
   -0.355183
   -0.337790
   -0.328025
   -0.324674
   -0.329858
   -0.343151
   -0.352400
   -0.362438
   -0.369821
   -0.357753
   -0.360322
   -0.364056
   -0.367291
   -0.364380
   -0.269299
   -0.278145
   -0.307870
   -0.350594
   -0.349256
   -0.348761
   -0.346088
   -0.345338
   -0.336887
   -0.337988
   -0.346706
   -0.347840
   -0.355740
   -0.358327
   -0.354130
   -0.353936
   -0.329641
   -0.291910
   -0.262203
   -0.310633
   -0.334030
   -0.349835
   -0.352332
   -0.352899
   -0.356127
   -0.358139
   -0.351730
   -0.331497
   -0.328503
   -0.331352
   -0.338331
   -0.347336
   -0.356638
   -0.366616
   -0.353036
   -0.299877
   -0.288982
   -0.284496
   -0.298199
   -0.326964
   -0.346314
   -0.352026
   -0.355005
   -0.345551
   -0.343721
   -0.337425
   -0.336269
   -0.334452
   -0.369154
   -0.361778
   -0.358645
   -0.348775
   -0.341167
   -0.334982
   -0.343717
   -0.360210
   -0.363714
   -0.361413
   -0.349867
   -0.321689
   -0.293474
   -0.287092
   -0.296995
   -0.354215
   -0.356750
   -0.355669
   -0.353521
   -0.358189
   -0.354996
   -0.350778
   -0.347245
   -0.343315
   -0.349341
   -0.355538
   -0.358149
   -0.359310
   -0.355687
   -0.334549
   -0.316310
   -0.293329
   -0.359084
   -0.359922
   -0.367126
   -0.367995
   -0.371031
   -0.370725
   -0.366079
   -0.356113
   -0.342318
   -0.333880
   -0.342478
   -0.354257
   -0.357983
   -0.359485
   -0.354310
   -0.323157
   -0.362639
   -0.364197
   -0.364605
   -0.366455
   -0.366618
   -0.364251
   -0.365662
   -0.366617
   -0.362228
   -0.354674
   -0.351638
   -0.348007
   -0.347261
   -0.355505
   -0.360401
   -0.367532
   -0.363357
   -0.363179
   -0.363835
   -0.357623
   -0.357066
   -0.355854
   -0.357997
   -0.357521
   -0.361574
   -0.362388
   -0.359423
   -0.352708
   -0.347338
   -0.339625
   -0.343847
   -0.346275
   -0.361831
   -0.363130
   -0.363191
   -0.362339
   -0.360015
   -0.359505
   -0.359044
   -0.359650
   -0.359386
   -0.360294
   -0.358306
   -0.357852
   -0.362195
   -0.355123
   -0.346964
   -0.346075
   -0.361151
   -0.359914
   -0.360383
   -0.358527
   -0.359474
   -0.360604
   -0.362227
   -0.362643
   -0.362506
   -0.361717
   -0.360153
   -0.358314
   -0.358449
   -0.365213
   -0.365147
   -0.361179
   -0.355546
   -0.358075
   -0.356213
   -0.360347
   -0.360006
   -0.360278
   -0.360174
   -0.359430
   -0.360092
   -0.359279
   -0.359148
   -0.360124
   -0.361662
   -0.361706
   -0.362116
   -0.359427
   -0.358799
   -0.357688
   -0.358202
   -0.360790
   -0.361031
   -0.362185
   -0.361597
   -0.361597
   -0.361592
   -0.362270
   -0.362097
   -0.362166
   -0.361795
   -0.360431
   -0.359433
   -0.360854
   -0.357532
   -0.356447
   -0.356203
   -0.360806
   -0.359993
   -0.356528
   -0.358612
   -0.362121
   -0.361538
   -0.362132
   -0.362310
   -0.361947
   -0.360723
   -0.359627
   -0.359913
   -0.359391
   -0.360005
   -0.359952
   -0.364687
   -0.364203
   -0.363721
   -0.362319
   -0.363037
   -0.359470
   -0.360721
   -0.360900
   -0.360637
   -0.360950
   -0.360650
   -0.361060
   -0.361920
   -0.360787
   -0.363542
   -0.366269
   -0.361601
   -0.362913
   -0.364425
   -0.366743
   -0.364984
   -0.359338
   -0.359535
   -0.360640
   -0.362298
   -0.361994
   -0.362343
   -0.360401
   -0.362359
   -0.361771
   -0.354966
   -0.360125
   -0.357168
   -0.356072
   -0.357373
   -0.357929
   -0.359266
   -0.361639
   -0.362330
   -0.362882
   -0.363448
   -0.360391
   -0.360625
   -0.362491
   -0.362561
   -0.362568
   -0.330527
   -0.336076
   -0.351573
   -0.353079
   -0.355246
   -0.362166
   -0.363513
   -0.365770
   -0.365870
   -0.361840
   -0.363203
   -0.359458
   -0.360914
   -0.360388
   -0.359848
   -0.358294
   -0.349840
   -0.336682
   -0.327735
   -0.350877
   -0.359054
   -0.366081
   -0.362987
   -0.359440
   -0.364819
   -0.369211
   -0.368669
   -0.359102
   -0.355722
   -0.356405
   -0.356410
   -0.358091
   -0.342038
   -0.362192
   -0.359240
   -0.340204
   -0.337468
   -0.341266
   -0.344658
   -0.347588
   -0.351108
   -0.354050
   -0.360158
   -0.353795
   -0.359263
   -0.357802
   -0.357745
   -0.357439
   -0.347951
   -0.357103
   -0.356198
   -0.321064
   -0.290498
   -0.278443
   -0.297942
   -0.340446
   -0.364971
   -0.362295
   -0.349736
   -0.344118
   -0.335086
   -0.335179
   -0.339616
   -0.360163
   -0.337546
   -0.332487
   -0.343558
   -0.356609
   -0.340091
   -0.327405
   -0.304032
   -0.285481
   -0.296463
   -0.325334
   -0.349650
   -0.350798
   -0.354431
   -0.351127
   -0.349298
   -0.338235
   -0.357262
   -0.346473
   -0.340768
   -0.343634
   -0.364404
   -0.368045
   -0.358724
   -0.333994
   -0.302831
   -0.282542
   -0.281145
   -0.327387
   -0.355108
   -0.359424
   -0.358174
   -0.350403
   -0.355682
   -0.357726
   -0.355343
   -0.343484
   -0.335038
   -0.336894
   -0.351636
   -0.365173
   -0.366529
   -0.341130
   -0.314034
   -0.301314
   -0.304919
   -0.324490
   -0.344736
   -0.362825
   -0.367969
   -0.368574
   -0.369477
   -0.355285
   -0.343520
   -0.332467
   -0.325460
   -0.335619
   -0.345846
   -0.351459
   -0.355813
   -0.334689
   -0.305664
   -0.292810
   -0.293516
   -0.312428
   -0.363492
   -0.365411
   -0.367612
   -0.363035
   -0.360691
   -0.355738
   -0.346116
   -0.339436
   -0.333850
   -0.342928
   -0.358368
   -0.357315
   -0.365119
   -0.348483
   -0.323112
   -0.304803
   -0.364123
   -0.358455
   -0.356723
   -0.353718
   -0.353270
   -0.355896
   -0.363800
   -0.361868
   -0.355025
   -0.348064
   -0.339606
   -0.345724
   -0.354676
   -0.360288
   -0.361640
   -0.343347
   -0.360829
   -0.358762
   -0.358087
   -0.359655
   -0.359459
   -0.360133
   -0.362544
   -0.357870
   -0.362187
   -0.357295
   -0.349036
   -0.340837
   -0.345871
   -0.353359
   -0.361662
   -0.357824
   -0.358022
   -0.358726
   -0.360038
   -0.362963
   -0.362810
   -0.361930
   -0.358121
   -0.358047
   -0.358242
   -0.360733
   -0.360928
   -0.360473
   -0.352899
   -0.341053
   -0.336071
   -0.358151
   -0.360179
   -0.359472
   -0.359454
   -0.359383
   -0.360095
   -0.359366
   -0.359878
   -0.360458
   -0.359463
   -0.361672
   -0.361867
   -0.363672
   -0.355239
   -0.348886
   -0.345595
   -0.338116
   -0.360813
   -0.360947
   -0.362250
   -0.361649
   -0.361564
   -0.362192
   -0.362158
   -0.362159
   -0.362006
   -0.360436
   -0.359605
   -0.359072
   -0.360692
   -0.360996
   -0.363223
   -0.350555
   -0.360029
   -0.360683
   -0.357849
   -0.362186
   -0.361480
   -0.362188
   -0.362175
   -0.362243
   -0.360855
   -0.360092
   -0.359840
   -0.361711
   -0.360172
   -0.358991
   -0.363017
   -0.364472
   -0.366185
   -0.365104
   -0.363776
   -0.360102
   -0.360817
   -0.360884
   -0.360911
   -0.360854
   -0.360927
   -0.360933
   -0.362356
   -0.360698
   -0.359927
   -0.359787
   -0.359721
   -0.361926
   -0.363664
   -0.364451
   -0.366707
   -0.359235
   -0.359963
   -0.362139
   -0.362195
   -0.362270
   -0.362185
   -0.360853
   -0.362272
   -0.360110
   -0.360720
   -0.362560
   -0.363117
   -0.360270
   -0.358357
   -0.359511
   -0.359290
   -0.362447
   -0.362681
   -0.363488
   -0.362195
   -0.360802
   -0.362320
   -0.363054
   -0.363076
   -0.362215
   -0.361499
   -0.361628
   -0.360091
   -0.359977
   -0.351061
   -0.360878
   -0.368768
   -0.355851
   -0.357984
   -0.359937
   -0.361613
   -0.359841
   -0.363007
   -0.363057
   -0.366603
   -0.359291
   -0.360716
   -0.360596
   -0.360118
   -0.360098
   -0.316382
   -0.353695
   -0.364013
   -0.353199
   -0.338012
   -0.330893
   -0.333760
   -0.358701
   -0.373103
   -0.366302
   -0.353505
   -0.357994
   -0.360854
   -0.362358
   -0.363889
   -0.365824
   -0.291957
   -0.283344
   -0.325905
   -0.351454
   -0.344339
   -0.347639
   -0.350117
   -0.336759
   -0.337997
   -0.350383
   -0.368568
   -0.352217
   -0.349297
   -0.354127
   -0.358387
   -0.365009
   -0.353561
   -0.314229
   -0.288486
   -0.305033
   -0.351442
   -0.364287
   -0.355186
   -0.345342
   -0.338483
   -0.330261
   -0.320535
   -0.349138
   -0.362079
   -0.363295
   -0.357235
   -0.362689
   -0.351786
   -0.354771
   -0.335519
   -0.304426
   -0.286400
   -0.302438
   -0.339020
   -0.357964
   -0.364516
   -0.351184
   -0.346491
   -0.340720
   -0.342207
   -0.346202
   -0.355082
   -0.366381
   -0.344437
   -0.349430
   -0.361646
   -0.350062
   -0.322412
   -0.292662
   -0.266129
   -0.305091
   -0.342023
   -0.351600
   -0.354717
   -0.350478
   -0.341529
   -0.337288
   -0.336721
   -0.339040
   -0.342605
   -0.338051
   -0.339156
   -0.352884
   -0.364552
   -0.355141
   -0.324573
   -0.297875
   -0.279024
   -0.302831
   -0.340104
   -0.359256
   -0.362163
   -0.355168
   -0.350311
   -0.353894
   -0.370375
   -0.351856
   -0.336744
   -0.336040
   -0.334939
   -0.338636
   -0.355178
   -0.344037
   -0.322989
   -0.307089
   -0.292744
   -0.313711
   -0.342013
   -0.354296
   -0.360166
   -0.355930
   -0.362424
   -0.358034
   -0.356346
   -0.343720
   -0.334506
   -0.338075
   -0.356222
   -0.354600
   -0.363790
   -0.347851
   -0.321578
   -0.296342
   -0.299898
   -0.324577
   -0.349129
   -0.361867
   -0.353124
   -0.354206
   -0.356948
   -0.368584
   -0.363966
   -0.352845
   -0.338927
   -0.338036
   -0.344304
   -0.354608
   -0.359613
   -0.346925
   -0.322423
   -0.297709
   -0.289880
   -0.353356
   -0.359288
   -0.359794
   -0.359294
   -0.354581
   -0.358432
   -0.358771
   -0.352538
   -0.345060
   -0.343181
   -0.345894
   -0.354744
   -0.355088
   -0.342045
   -0.327651
   -0.318634
   -0.297693
   -0.362120
   -0.362810
   -0.362183
   -0.359456
   -0.359624
   -0.359875
   -0.360158
   -0.364574
   -0.358294
   -0.345095
   -0.337422
   -0.339988
   -0.353176
   -0.360799
   -0.357073
   -0.327456
   -0.359462
   -0.359479
   -0.359410
   -0.362800
   -0.357473
   -0.358674
   -0.359443
   -0.366183
   -0.362948
   -0.357259
   -0.348927
   -0.347939
   -0.339578
   -0.344752
   -0.354223
   -0.358608
   -0.361534
   -0.361480
   -0.361448
   -0.358805
   -0.360123
   -0.362108
   -0.361637
   -0.360145
   -0.360226
   -0.360798
   -0.363857
   -0.353965
   -0.346952
   -0.339550
   -0.339541
   -0.353456
   -0.362175
   -0.361594
   -0.361487
   -0.357929
   -0.359960
   -0.362106
   -0.362822
   -0.359790
   -0.358875
   -0.359443
   -0.366932
   -0.359966
   -0.359484
   -0.359721
   -0.354983
   -0.342950
   -0.360072
   -0.360754
   -0.360849
   -0.359514
   -0.359489
   -0.358948
   -0.360198
   -0.360875
   -0.362632
   -0.362556
   -0.361502
   -0.363498
   -0.363011
   -0.365165
   -0.358796
   -0.354003
   -0.359276
   -0.360744
   -0.363492
   -0.359420
   -0.360134
   -0.360060
   -0.360820
   -0.360714
   -0.362185
   -0.361810
   -0.361798
   -0.359397
   -0.359535
   -0.360394
   -0.360579
   -0.360722
   -0.340886
   -0.351131
   -0.356353
   -0.359532
   -0.360881
   -0.357786
   -0.349242
   -0.346085
   -0.338107
   -0.328976
   -0.329271
   -0.343319
   -0.351498
   -0.357731
   -0.360696
   -0.357058
   -0.331311
   -0.339112
   -0.355192
   -0.355195
   -0.355079
   -0.355775
   -0.362606
   -0.367276
   -0.363334
   -0.356560
   -0.348870
   -0.331860
   -0.326202
   -0.331012
   -0.342122
   -0.358916
   -0.361726
   -0.343905
   -0.327233
   -0.348547
   -0.356925
   -0.365849
   -0.361605
   -0.355585
   -0.357667
   -0.351199
   -0.341499
   -0.353507
   -0.349539
   -0.341988
   -0.332334
   -0.332314
   -0.339000
   -0.344260
   -0.340305
   -0.339163
   -0.329465
   -0.340625
   -0.359836
   -0.360056
   -0.354045
   -0.347547
   -0.350285
   -0.361749
   -0.362623
   -0.361424
   -0.361686
   -0.356907
   -0.284792
   -0.320425
   -0.358417
   -0.355789
   -0.356800
   -0.344973
   -0.326907
   -0.340647
   -0.360763
   -0.359489
   -0.353450
   -0.351057
   -0.353775
   -0.358411
   -0.364359
   -0.363365
   -0.308174
   -0.294273
   -0.295101
   -0.349842
   -0.357702
   -0.352181
   -0.343779
   -0.338413
   -0.325991
   -0.337285
   -0.356096
   -0.363355
   -0.359705
   -0.358616
   -0.362866
   -0.366081
   -0.358541
   -0.337438
   -0.301779
   -0.288395
   -0.307198
   -0.332196
   -0.349528
   -0.350426
   -0.346188
   -0.341403
   -0.335320
   -0.341324
   -0.350676
   -0.358476
   -0.363849
   -0.363712
   -0.336417
   -0.355884
   -0.358718
   -0.316931
   -0.283328
   -0.286877
   -0.329277
   -0.351243
   -0.357966
   -0.350103
   -0.341690
   -0.336473
   -0.338783
   -0.348374
   -0.352301
   -0.356654
   -0.336536
   -0.330960
   -0.332629
   -0.362406
   -0.349061
   -0.323006
   -0.291294
   -0.289757
   -0.310584
   -0.341158
   -0.356545
   -0.355992
   -0.347444
   -0.342219
   -0.342331
   -0.362544
   -0.355913
   -0.342906
   -0.333326
   -0.328399
   -0.346764
   -0.356269
   -0.337303
   -0.309987
   -0.293310
   -0.300526
   -0.330737
   -0.350735
   -0.352464
   -0.345919
   -0.347715
   -0.348691
   -0.362188
   -0.369383
   -0.363181
   -0.341853
   -0.347866
   -0.346960
   -0.355947
   -0.362040
   -0.341683
   -0.310704
   -0.292146
   -0.306515
   -0.334655
   -0.358757
   -0.361051
   -0.348311
   -0.357990
   -0.355466
   -0.360072
   -0.366555
   -0.342180
   -0.331649
   -0.335784
   -0.356151
   -0.366652
   -0.357822
   -0.328107
   -0.307807
   -0.294849
   -0.323794
   -0.354427
   -0.354392
   -0.358057
   -0.357905
   -0.357380
   -0.354409
   -0.357930
   -0.358288
   -0.344631
   -0.335358
   -0.344967
   -0.357308
   -0.358013
   -0.336980
   -0.322938
   -0.301913
   -0.302547
   -0.324581
   -0.360190
   -0.359838
   -0.355893
   -0.350279
   -0.355106
   -0.365207
   -0.366523
   -0.347658
   -0.332361
   -0.338011
   -0.361547
   -0.364424
   -0.357876
   -0.338224
   -0.316466
   -0.304098
   -0.360688
   -0.359377
   -0.362024
   -0.353027
   -0.354351
   -0.353250
   -0.358717
   -0.360142
   -0.361109
   -0.350116
   -0.337839
   -0.346141
   -0.354084
   -0.360777
   -0.354185
   -0.341154
   -0.360090
   -0.358074
   -0.360140
   -0.361859
   -0.361572
   -0.360030
   -0.360149
   -0.360682
   -0.359412
   -0.353915
   -0.346836
   -0.336614
   -0.338187
   -0.349005
   -0.355922
   -0.359226
   -0.350483
   -0.341012
   -0.326349
   -0.329732
   -0.343724
   -0.354434
   -0.343397
   -0.313853
   -0.272582
   -0.249491
   -0.261646
   -0.309502
   -0.337026
   -0.350122
   -0.351613
   -0.351001
   -0.354267
   -0.354503
   -0.353585
   -0.332966
   -0.328686
   -0.334187
   -0.350767
   -0.363908
   -0.353047
   -0.328750
   -0.309571
   -0.279077
   -0.269112
   -0.279395
   -0.306127
   -0.335734
   -0.357029
   -0.352290
   -0.344439
   -0.360664
   -0.343542
   -0.332747
   -0.327896
   -0.332883
   -0.341460
   -0.347028
   -0.351158
   -0.344214
   -0.324677
   -0.298769
   -0.274065
   -0.274882
   -0.352744
   -0.349025
   -0.345265
   -0.354972
   -0.354812
   -0.358822
   -0.353681
   -0.335990
   -0.319993
   -0.320480
   -0.333875
   -0.349684
   -0.355281
   -0.353149
   -0.343702
   -0.320667
   -0.314537
   -0.339040
   -0.368909
   -0.363137
   -0.364071
   -0.360994
   -0.353005
   -0.350597
   -0.349627
   -0.345411
   -0.335495
   -0.320187
   -0.329759
   -0.344902
   -0.360967
   -0.363738
   -0.330829
   -0.338939
   -0.333981
   -0.350635
   -0.357248
   -0.350555
   -0.355103
   -0.358522
   -0.349042
   -0.354017
   -0.353574
   -0.343161
   -0.336391
   -0.332280
   -0.333463
   -0.339657
   -0.359182
   -0.360612
   -0.349501
   -0.334670
   -0.341905
   -0.346490
   -0.352932
   -0.355824
   -0.356914
   -0.355562
   -0.348209
   -0.353443
   -0.351629
   -0.347779
   -0.341653
   -0.333504
   -0.293932
   -0.353762
   -0.354041
   -0.359658
   -0.331353
   -0.327814
   -0.350891
   -0.362585
   -0.359596
   -0.351822
   -0.352167
   -0.355619
   -0.362070
   -0.362993
   -0.359056
   -0.353063
   -0.294208
   -0.280504
   -0.301539
   -0.342961
   -0.345885
   -0.346972
   -0.328921
   -0.330500
   -0.340874
   -0.351250
   -0.356052
   -0.357223
   -0.359872
   -0.360425
   -0.358052
   -0.360744
   -0.355954
   -0.310268
   -0.278394
   -0.287487
   -0.330954
   -0.362180
   -0.358597
   -0.340129
   -0.330573
   -0.336153
   -0.352255
   -0.355458
   -0.361148
   -0.359594
   -0.356512
   -0.358303
   -0.347937
   -0.365269
   -0.358930
   -0.285611
   -0.308389
   -0.322359
   -0.348658
   -0.363460
   -0.354785
   -0.342383
   -0.335896
   -0.340834
   -0.345122
   -0.352956
   -0.354726
   -0.355873
   -0.333655
   -0.336624
   -0.353978
   -0.358092
   -0.305522
   -0.277268
   -0.285698
   -0.326840
   -0.358184
   -0.363251
   -0.345578
   -0.342347
   -0.341484
   -0.350826
   -0.356947
   -0.354373
   -0.340389
   -0.332191
   -0.337434
   -0.358086
   -0.357738
   -0.336922
   -0.292763
   -0.277098
   -0.309243
   -0.347339
   -0.358034
   -0.346163
   -0.346077
   -0.347597
   -0.348815
   -0.345829
   -0.357412
   -0.355174
   -0.327225
   -0.339541
   -0.344036
   -0.361742
   -0.359433
   -0.322535
   -0.280089
   -0.291455
   -0.336496
   -0.357418
   -0.359365
   -0.348469
   -0.339629
   -0.338121
   -0.357328
   -0.355100
   -0.358976
   -0.323560
   -0.329689
   -0.343569
   -0.356647
   -0.358170
   -0.339010
   -0.305917
   -0.273721
   -0.321289
   -0.351398
   -0.352507
   -0.354421
   -0.356580
   -0.355991
   -0.348889
   -0.356029
   -0.355810
   -0.342291
   -0.333143
   -0.342543
   -0.354632
   -0.353967
   -0.334292
   -0.320534
   -0.287778
   -0.294520
   -0.319794
   -0.340411
   -0.351617
   -0.235687
   -0.203584
   -0.189709
   -0.229657
   -0.242596
   -0.260217
   -0.265699
   -0.256347
   -0.236263
   -0.225725
   -0.232916
   -0.249886
   -0.258572
   -0.260846
   -0.257551
   -0.259564
   -0.263010
   -0.263809
   -0.237395
   -0.195471
   -0.192076
   -0.209620
   -0.243717
   -0.264596
   -0.261045
   -0.243418
   -0.253177
   -0.245799
   -0.235908
   -0.237522
   -0.245585
   -0.257789
   -0.264083
   -0.251310
   -0.258035
   -0.258454
   -0.223988
   -0.192512
   -0.180800
   -0.195142
   -0.223403
   -0.244771
   -0.258797
   -0.265812
   -0.254377
   -0.241251
   -0.231695
   -0.235766
   -0.268760
   -0.263694
   -0.260322
   -0.261302
   -0.270162
   -0.260731
   -0.232277
   -0.190965
   -0.167449
   -0.178429
   -0.220253
   -0.253455
   -0.263787
   -0.263141
   -0.256500
   -0.245821
   -0.248983
   -0.265708
   -0.268768
   -0.266853
   -0.260970
   -0.260402
   -0.262079
   -0.257711
   -0.240905
   -0.217859
   -0.186074
   -0.179474
   -0.199298
   -0.233157
   -0.258266
   -0.266279
   -0.257299
   -0.268430
   -0.263178
   -0.251585
   -0.256789
   -0.259970
   -0.263083
   -0.260644
   -0.259734
   -0.269516
   -0.259864
   -0.223851
   -0.208360
   -0.196684
   -0.201875
   -0.219188
   -0.282628
   -0.273117
   -0.267482
   -0.267381
   -0.269323
   -0.268376
   -0.269114
   -0.268100
   -0.264750
   -0.261062
   -0.256880
   -0.262256
   -0.251002
   -0.235888
   -0.214290
   -0.196590
   -0.242076
   -0.270788
   -0.258566
   -0.273305
   -0.261808
   -0.258648
   -0.264156
   -0.270915
   -0.272756
   -0.258561
   -0.260466
   -0.263143
   -0.270424
   -0.270301
   -0.262678
   -0.245007
   -0.244950
   -0.241022
   -0.251472
   -0.256201
   -0.261785
   -0.268216
   -0.258223
   -0.259014
   -0.260446
   -0.262771
   -0.262777
   -0.262960
   -0.262071
   -0.262426
   -0.262670
   -0.268936
   -0.268233
   -0.257220
   -0.243731
   -0.238880
   -0.253675
   -0.265289
   -0.267412
   -0.263969
   -0.257164
   -0.261965
   -0.266045
   -0.265074
   -0.266488
   -0.264483
   -0.261335
   -0.259288
   -0.254320
   -0.263153
   -0.280127
   -0.236629
   -0.252247
   -0.259005
   -0.262060
   -0.264934
   -0.263987
   -0.264378
   -0.267354
   -0.267564
   -0.266224
   -0.266728
   -0.268391
   -0.261109
   -0.197256
   -0.227568
   -0.258631
   -0.264589
   -0.243649
   -0.236893
   -0.242492
   -0.255034
   -0.264312
   -0.267167
   -0.267149
   -0.268552
   -0.265857
   -0.266152
   -0.265101
   -0.269439
   -0.216267
   -0.193186
   -0.213631
   -0.270619
   -0.271732
   -0.256022
   -0.240598
   -0.237729
   -0.253108
   -0.261442
   -0.268672
   -0.266441
   -0.264293
   -0.267042
   -0.265527
   -0.267847
   -0.268191
   -0.247089
   -0.195240
   -0.230782
   -0.253930
   -0.271162
   -0.268194
   -0.254287
   -0.239142
   -0.242841
   -0.252412
   -0.259414
   -0.260639
   -0.264215
   -0.263393
   -0.258685
   -0.262779
   -0.267352
   -0.256290
   -0.192392
   -0.199339
   -0.234932
   -0.262873
   -0.269981
   -0.254884
   -0.247895
   -0.241529
   -0.257158
   -0.263206
   -0.259721
   -0.260614
   -0.263034
   -0.264387
   -0.260518
   -0.264411
   -0.247112
   -0.208344
   -0.193646
   -0.220351
   -0.255488
   -0.263581
   -0.252576
   -0.253330
   -0.243354
   -0.250572
   -0.249640
   -0.252757
   -0.257775
