Init:1.485750
Init:1.148100
Init:0.873600
Init:1.422000
Init:0.190800
Init:0.886200
Init:1.409700
Init:0.280800
Init:0.097500
Init:0.846900
Init:-0.283800
Init:0.091200
Init:1.096200
Init:1.390500
Init:-0.092400
Init:1.084800
Init:1.478400
Init:-0.934800
Init:-0.862500
Init:0.711600
Init:0.889950
Init:0.960150
Init:0.202500
Init:1.153500

 Introduce the structural number name..

 The structural number 1in3o1D.sn is written into string.
gCports = 4
gCdimension = 1

max1 = 24
realmm
0.144871 0.134921
0.180954 0.171842
0.268735 0.286092
0.277334 0.263275
0.078067 0.172685
0.073430 0.056436
-0.010110 -0.048449
-0.081811 -0.105048
0.005255 -0.094384
0.047840 -0.032771
-0.011282 0.034554
-0.020414 0.063263
0.013027 0.040436
0.005332 -0.008788
-0.010087 -0.043260
0.001211 -0.038251
0.115198 0.134921
0.043867 0.030170
-0.181502 -0.157726
-0.114831 -0.125177
0.217948 0.223067
0.265831 0.212955
-0.095690 -0.141395
-0.143029 -0.205732
0.065210 0.041231
0.048714 0.114977
-0.047854 0.003150
-0.003015 -0.000098
0.029705 0.020362
-0.012122 -0.071701
-0.013966 -0.068731
0.013085 0.070079
0.173252 0.175506
-0.287416 -0.291314
0.375260 0.379631
-0.226909 -0.214825
-0.033337 0.003063
0.031418 0.129631
-0.124166 -0.117149
0.001320 0.003379
0.100295 0.080610
-0.021623 -0.052885
-0.052829 -0.031095
0.027494 0.058908
0.018954 -0.005156
-0.022807 -0.048311
-0.001462 0.030852
0.014320 0.026445
Goal function value:0.085077475745493
Variables:
0.126744407586282
0.090555123632983
0.362026475924694
1.234848700794996
0.479682674886773
0.295306941365620
0.044023601689151
0.716373444244467
1.499112881890405
-0.490547878596301
-1.499938156533641
0.273863912815495
-0.048221150982132
0.103429631473046
0.124810525561019
-0.134371193807260
-0.536461978550433
0.753667862185197
-0.180635781351207
0.357024422502903
0.023295934830416
0.000000018879408
0.420316858028052
1.499957007828389
