0.245098
-0.225490
-0.284314
0.162745
0.237255
0.303922
0.092157
-0.131373
-0.331373
0.005882
0.284314
-0.025490
0.233333
0.249020
0.276471
0.162745
-0.354902
-0.252941
0.021569
0.119608
0.252941
0.264706
0.221569
0.225490
-0.198039
-0.127451
0.303922
0.225490
0.049020
0.264706
-0.068627
0.056863
0.115686
0.056863
-0.068627
-0.209804
-0.264706
0.276471
-0.115686
-0.276471
-0.154902
0.272549
0.256863
0.245098
-0.080392
-0.107843
0.284314
0.288235
0.292157
0.284314
0.201961
0.303922
-0.284314
0.147059
0.280392
0.311765
0.288235
0.264706
0.150980
-0.084314
0.170588
-0.052941
0.237255
0.252941
0.272549
0.131373
-0.307843
-0.249020
-0.296078
0.303922
0.288235
0.288235
0.225490
-0.045098
0.131373
0.343137
0.256863
0.225490
0.005882
0.280392
0.025490
0.315686
0.182353
0.119608
0.303922
0.288235
0.280392
0.005882
0.013725
0.303922
0.288235
0.201961
0.123529
0.252941
0.052941
0.209804
0.139216
0.166667
0.276471
0.260784
0.249020
0.068627
-0.045098
0.256863
0.311765
0.260784
-0.052941
-0.268627
-0.213725
-0.264706
0.272549
-0.033333
0.303922
-0.001961
0.272549
0.150980
-0.096078
0.229412
0.311765
0.307843
0.307843
0.276471
-0.268627
0.252941
0.284314
-0.276471
0.217647
0.209804
0.311765
0.194118
-0.060784
0.158824
0.335294
0.288235
0.174510
-0.072549
0.303922
0.331373
-0.186275
-0.268627
-0.311765
-0.166667
0.264706
0.237255
-0.005882
0.041176
0.131373
0.158824
0.319608
0.300000
0.166667
-0.280392
0.131373
0.300000
0.166667
-0.225490
0.147059
0.288235
-0.303922
0.209804
0.292157
0.327451
0.288235
0.029412
0.272549
0.311765
0.307843
-0.045098
-0.249020
0.300000
0.331373
0.111765
-0.241176
-0.284314
0.013725
0.288235
0.315686
0.272549
0.292157
0.300000
0.009804
0.319608
0.292157
0.260784
-0.268627
-0.080392
0.307843
0.292157
0.307843
0.303922
0.307843
0.264706
-0.088235
-0.025490
-0.021569
0.252941
0.194118
0.174510
0.331373
-0.107843
-0.276471
-0.276471
0.225490
0.288235
0.276471
0.280392
0.084314
-0.013725
0.150980
0.331373
-0.005882
0.115686
0.260784
-0.001961
0.284314
0.288235
0.280392
0.225490
0.272549
0.319608
0.190196
-0.049020
0.252941
0.339216
0.256863
0.209804
-0.068627
0.194118
0.276471
0.280392
0.056863
0.300000
0.307843
0.264706
0.178431
-0.029412
0.111765
0.303922
0.272549
0.303922
-0.005882
-0.033333
0.225490
0.111765
-0.029412
0.292157
0.162745
0.201961
0.272549
-0.021569
0.084314
0.335294
0.292157
0.284314
-0.111765
-0.174510
0.088235
-0.311765
-0.045098
0.103922
0.178431
0.170588
-0.303922
-0.174510
0.123529
0.256863
-0.001961
0.245098
0.343137
0.276471
0.249020
0.178431
-0.276471
0.025490
0.339216
0.276471
0.272549
0.276471
0.280392
-0.049020
-0.217647
0.327451
0.131373
0.088235
0.284314
0.260784
-0.068627
0.033333
-0.170588
-0.256863
-0.292157
-0.107843
0.300000
-0.131373
-0.237255
-0.307843
0.064706
0.315686
0.252941
-0.013725
0.029412
-0.005882
0.280392
0.284314
0.288235
0.276471
0.190196
-0.284314
0.119608
0.260784
0.111765
0.252941
0.264706
0.292157
0.080392
-0.045098
-0.033333
0.292157
0.276471
0.256863
0.209804
-0.190196
0.005882
-0.296078
0.170588
0.288235
0.256863
0.276471
0.166667
-0.052941
0.158824
0.335294
0.088235
0.162745
0.256863
0.292157
0.292157
-0.001961
-0.135294
0.111765
0.260784
0.288235
0.217647
-0.052941
0.111765
0.343137
0.288235
0.260784
0.249020
-0.029412
0.264706
0.292157
0.209804
0.288235
0.280392
0.225490
0.229412
-0.013725
0.060784
0.339216
0.276471
0.178431
-0.182353
-0.268627
0.005882
0.209804
0.076471
0.280392
-0.005882
0.288235
0.303922
0.013725
0.033333
0.303922
0.331373
0.303922
0.315686
-0.276471
0.064706
0.182353
-0.276471
0.252941
0.052941
0.182353
0.217647
0.013725
-0.033333
0.280392
0.307843
0.311765
0.166667
0.292157
0.311765
-0.280392
0.056863
-0.001961
-0.307843
0.264706
0.280392
-0.033333
-0.029412
0.009804
0.300000
0.300000
0.311765
-0.033333
-0.229412
0.229412
0.311765
-0.045098
-0.284314
-0.103922
0.182353
-0.041176
0.158824
0.174510
0.339216
0.280392
0.033333
0.292157
0.300000
0.276471
-0.190196
-0.052941
0.300000
0.307843
-0.154902
-0.115686
-0.103922
-0.221569
0.280392
0.276471
0.319608
0.303922
0.201961
0.190196
0.315686
0.292157
0.115686
-0.256863
0.143137
0.300000
0.280392
0.103922
0.076471
0.252941
0.339216
0.217647
-0.033333
0.119608
0.256863
0.041176
0.276471
0.315686
0.103922
-0.284314
-0.198039
0.292157
0.300000
0.280392
0.288235
0.276471
-0.005882
0.025490
0.245098
-0.056863
0.194118
0.260784
0.056863
0.335294
-0.001961
0.096078
-0.056863
0.311765
0.288235
0.303922
0.060784
0.009804
0.331373
0.331373
0.260784
-0.052941
0.182353
0.272549
0.147059
0.221569
0.331373
0.256863
0.272549
0.284314
0.111765
-0.041176
0.256863
0.300000
0.300000
0.307843
-0.029412
0.080392
0.252941
0.190196
0.303922
0.037255
0.292157
0.335294
0.150980
-0.033333
0.217647
0.327451
0.311765
0.225490
0.205882
0.280392
-0.017647
-0.107843
0.115686
-0.135294
0.272549
-0.150980
-0.111765
0.233333
0.229412
0.013725
0.319608
0.139216
0.119608
0.276471
0.256863
0.198039
-0.166667
0.233333
0.260784
0.311765
0.237255
-0.029412
-0.154902
-0.186275
0.264706
0.060784
0.225490
0.272549
0.249020
0.229412
0.005882
-0.025490
-0.268627
-0.217647
0.052941
0.300000
0.143137
0.013725
-0.182353
-0.237255
0.272549
0.276471
-0.052941
0.233333
0.041176
-0.056863
0.249020
0.260784
0.205882
0.029412
-0.292157
0.103922
0.143137
-0.186275
-0.084314
0.252941
0.288235
0.260784
-0.049020
-0.088235
0.245098
0.303922
0.284314
0.033333
-0.049020
0.182353
-0.245098
0.025490
0.260784
0.319608
0.284314
0.292157
0.178431
-0.076471
0.170588
-0.005882
0.209804
0.327451
0.272549
-0.154902
-0.186275
-0.284314
-0.174510
0.300000
0.276471
0.307843
0.174510
-0.100000
0.135294
0.327451
0.272549
0.217647
-0.001961
0.256863
0.311765
0.205882
0.292157
0.260784
0.272549
0.264706
0.217647
-0.072549
0.111765
0.315686
0.292157
0.166667
0.060784
0.249020
0.080392
0.139216
0.292157
0.288235
0.276471
0.256863
0.209804
-0.029412
0.131373
0.307843
0.303922
0.288235
-0.052941
-0.268627
-0.158824
-0.249020
0.264706
-0.045098
0.292157
0.209804
0.139216
-0.013725
0.088235
0.354902
0.331373
0.284314
0.272549
0.276471
-0.245098
0.209804
0.260784
-0.303922
0.245098
0.194118
0.052941
0.245098
-0.049020
0.319608
0.311765
0.284314
0.037255
-0.143137
0.311765
0.319608
-0.194118
-0.252941
-0.284314
-0.158824
0.252941
0.264706
0.029412
0.150980
0.194118
0.119608
0.347059
0.284314
0.245098
-0.268627
0.166667
0.335294
0.147059
-0.245098
0.174510
0.252941
-0.311765
0.217647
0.256863
-0.017647
0.292157
0.060784
0.260784
0.315686
0.280392
-0.056863
-0.198039
0.292157
0.331373
0.111765
-0.256863
-0.264706
0.041176
0.307843
0.280392
0.068627
0.249020
0.264706
0.049020
0.331373
0.288235
0.229412
-0.256863
-0.001961
0.315686
0.311765
0.303922
0.319608
0.300000
0.256863
-0.045098
0.001961
-0.088235
0.264706
0.111765
0.221569
0.327451
-0.225490
-0.194118
-0.252941
0.300000
0.319608
0.315686
0.245098
0.033333
0.009804
0.272549
0.288235
-0.060784
0.233333
0.272549
0.013725
0.311765
0.335294
0.292157
0.307843
0.276471
0.288235
0.076471
-0.017647
0.288235
0.331373
0.303922
0.288235
0.029412
0.276471
0.292157
0.252941
0.119608
0.311765
0.256863
0.252941
0.064706
0.013725
0.288235
0.303922
0.288235
0.288235
0.276471
0.264706
0.076471
0.245098
-0.284314
0.252941
0.217647
-0.292157
0.303922
0.225490
0.064706
0.217647
-0.209804
-0.307843
-0.123529
0.303922
0.252941
0.303922
-0.123529
0.252941
0.158824
0.292157
-0.327451
-0.256863
-0.076471
0.292157
-0.005882
0.249020
0.280392
0.292157
0.233333
0.300000
0.115686
-0.100000
0.135294
0.264706
0.256863
0.300000
0.260784
0.135294
-0.280392
0.245098
0.252941
-0.001961
0.264706
0.280392
0.143137
-0.100000
0.135294
0.272549
-0.209804
-0.292157
0.143137
0.049020
-0.311765
-0.300000
-0.115686
0.315686
0.237255
0.049020
0.080392
-0.056863
0.107843
0.343137
0.256863
0.229412
0.303922
-0.162745
-0.143137
0.319608
0.225490
0.256863
0.272549
0.307843
0.166667
-0.068627
-0.076471
0.284314
0.288235
0.292157
-0.170588
-0.029412
-0.201961
-0.323529
0.103922
0.319608
0.252941
0.264706
0.198039
-0.060784
0.115686
0.300000
0.143137
0.111765
0.260784
0.272549
0.088235
-0.276471
0.033333
0.217647
0.264706
0.303922
0.194118
-0.041176
0.092157
0.307843
0.272549
0.280392
0.252941
-0.045098
0.252941
0.280392
0.272549
-0.229412
0.233333
0.264706
0.166667
-0.029412
0.080392
0.319608
0.307843
0.225490
-0.143137
-0.249020
0.033333
0.209804
0.013725
0.307843
0.256863
0.076471
0.221569
-0.072549
0.135294
0.343137
0.307843
0.284314
0.288235
-0.280392
0.068627
0.147059
-0.272549
0.221569
0.041176
0.194118
0.229412
-0.307843
0.080392
0.339216
0.300000
0.292157
0.103922
0.300000
0.339216
-0.245098
0.025490
0.056863
-0.307843
0.205882
0.252941
-0.013725
0.256863
0.260784
0.209804
0.307843
0.303922
0.021569
-0.264706
0.260784
0.315686
-0.021569
-0.276471
-0.115686
0.139216
0.041176
0.198039
0.080392
0.107843
0.249020
0.013725
0.292157
0.311765
0.292157
-0.209804
-0.056863
0.331373
0.303922
-0.221569
-0.060784
-0.041176
-0.296078
0.288235
0.264706
-0.049020
0.233333
0.178431
0.162745
0.319608
0.319608
0.115686
-0.276471
0.205882
0.331373
0.276471
0.037255
0.041176
0.292157
0.284314
0.256863
-0.049020
-0.131373
0.307843
0.033333
0.303922
0.339216
-0.084314
-0.268627
-0.123529
0.276471
0.300000
0.264706
0.300000
0.229412
0.037255
-0.025490
0.229412
0.021569
0.245098
0.229412
0.080392
0.315686
0.103922
0.143137
0.021569
0.327451
0.327451
0.280392
0.060784
-0.029412
0.249020
0.303922
0.272549
0.225490
0.292157
0.292157
0.092157
0.225490
0.280392
0.292157
0.264706
0.276471
0.052941
-0.021569
0.264706
0.335294
0.276471
0.331373
0.300000
0.288235
0.343137
-0.272549
-0.068627
0.178431
-0.307843
0.150980
0.178431
0.068627
0.252941
-0.292157
-0.194118
-0.300000
0.115686
0.249020
0.264706
0.272549
0.233333
-0.123529
0.272549
-0.045098
-0.307843
0.150980
0.307843
-0.029412
0.272549
0.245098
0.037255
0.178431
0.249020
0.272549
0.201961
-0.068627
0.327451
0.272549
0.256863
0.123529
0.111765
-0.307843
0.182353
0.178431
0.041176
0.272549
0.256863
0.225490
0.166667
-0.084314
0.009804
0.292157
-0.201961
0.237255
0.194118
-0.186275
-0.096078
-0.327451
0.276471
0.300000
-0.025490
0.201961
0.170588
-0.045098
0.068627
0.245098
0.260784
0.252941
-0.150980
-0.162745
0.264706
-0.005882
-0.045098
0.229412
0.280392
0.280392
0.119608
-0.100000
0.068627
0.303922
0.292157
0.225490
0.092157
0.272549
-0.209804
-0.131373
0.280392
0.307843
0.256863
0.292157
0.190196
-0.068627
0.096078
0.056863
0.174510
0.276471
0.288235
-0.111765
-0.245098
0.284314
-0.025490
0.284314
0.292157
0.311765
0.139216
-0.060784
0.135294
0.292157
0.276471
0.280392
-0.041176
0.245098
0.303922
0.245098
-0.280392
0.025490
0.252941
0.307843
0.123529
-0.045098
0.123529
0.288235
0.307843
0.190196
0.049020
0.237255
0.135294
0.143137
0.280392
0.276471
-0.017647
-0.252941
0.123529
-0.041176
0.178431
0.319608
0.252941
0.300000
-0.001961
-0.300000
-0.158824
-0.292157
0.260784
-0.029412
0.272549
0.264706
-0.103922
-0.296078
0.217647
0.343137
0.307843
0.245098
0.300000
0.300000
-0.256863
0.229412
0.288235
-0.276471
0.198039
0.178431
0.068627
0.256863
-0.060784
-0.025490
0.300000
0.307843
-0.068627
-0.194118
0.276471
0.307843
-0.174510
-0.272549
-0.296078
-0.217647
0.264706
0.276471
-0.017647
0.233333
0.288235
0.225490
0.249020
0.343137
0.256863
-0.272549
0.088235
0.307843
0.143137
-0.280392
0.178431
0.264706
-0.268627
0.237255
0.166667
-0.001961
0.245098
0.300000
0.233333
0.311765
0.343137
-0.056863
-0.221569
0.327451
0.303922
0.056863
-0.276471
-0.264706
0.041176
0.303922
0.272549
0.009804
0.005882
-0.021569
0.029412
0.327451
0.311765
0.135294
-0.284314
0.025490
0.362745
0.300000
0.311765
0.331373
0.264706
0.256863
0.009804
-0.029412
0.013725
0.327451
0.131373
0.209804
0.256863
-0.190196
-0.127451
-0.209804
0.307843
0.315686
0.311765
0.264706
0.037255
0.021569
0.256863
0.288235
0.084314
0.217647
0.288235
0.013725
0.315686
0.300000
0.303922
0.288235
0.319608
0.303922
-0.001961
-0.017647
0.260784
0.319608
0.280392
0.319608
0.272549
-0.025490
0.064706
-0.335294
-0.162745
-0.311765
0.076471
0.115686
0.084314
0.260784
0.056863
0.143137
-0.143137
-0.296078
0.260784
0.245098
0.256863
0.245098
-0.217647
0.029412
0.300000
-0.252941
0.123529
0.264706
-0.052941
0.256863
-0.076471
-0.319608
-0.272549
0.194118
0.260784
0.288235
0.288235
0.080392
0.280392
0.288235
-0.045098
-0.201961
-0.296078
0.205882
0.170588
0.049020
0.276471
0.280392
0.256863
0.245098
0.249020
-0.013725
-0.096078
0.170588
0.252941
0.303922
0.174510
0.303922
-0.249020
0.080392
0.311765
-0.001961
0.249020
0.276471
0.249020
-0.029412
-0.056863
0.225490
0.307843
0.272549
-0.158824
0.221569
-0.276471
-0.354902
-0.139216
0.307843
0.249020
0.233333
0.041176
-0.041176
-0.021569
0.260784
0.292157
0.260784
0.288235
0.233333
-0.249020
0.307843
0.272549
0.272549
0.280392
0.284314
0.182353
-0.076471
-0.052941
0.233333
0.327451
0.280392
0.096078
-0.143137
0.292157
0.307843
0.166667
0.339216
0.264706
0.260784
0.209804
-0.076471
0.068627
0.311765
0.252941
0.009804
0.280392
0.256863
0.194118
-0.300000
0.178431
0.264706
0.225490
0.331373
0.131373
-0.080392
0.139216
0.327451
0.292157
0.284314
0.300000
0.025490
0.198039
0.280392
0.272549
-0.174510
-0.174510
0.260784
0.060784
-0.017647
0.198039
0.343137
0.260784
0.249020
-0.154902
-0.276471
-0.025490
0.256863
0.013725
0.303922
0.288235
0.174510
-0.327451
0.150980
0.276471
0.331373
0.276471
0.327451
0.288235
-0.252941
-0.005882
0.229412
-0.296078
0.217647
0.049020
0.205882
0.276471
-0.327451
-0.303922
-0.186275
0.307843
0.162745
-0.045098
0.311765
0.335294
-0.249020
-0.025490
0.088235
-0.319608
0.256863
0.272549
-0.029412
0.264706
0.225490
0.221569
0.174510
0.272549
0.096078
-0.252941
0.233333
0.331373
-0.013725
-0.307843
-0.131373
0.096078
0.139216
0.249020
0.064706
0.150980
0.256863
0.225490
0.237255
0.315686
0.284314
-0.174510
-0.107843
0.331373
0.272549
-0.198039
-0.052941
-0.021569
-0.307843
0.292157
0.252941
-0.060784
0.280392
0.115686
-0.107843
0.339216
0.300000
0.162745
-0.284314
0.205882
0.319608
0.288235
0.052941
0.009804
0.284314
0.303922
0.303922
-0.005882
-0.107843
0.166667
0.315686
0.284314
0.276471
-0.256863
-0.300000
-0.150980
0.303922
0.303922
0.292157
0.300000
0.272549
0.021569
-0.056863
0.158824
-0.005882
0.260784
0.288235
0.150980
0.319608
0.249020
0.201961
0.178431
0.331373
0.339216
0.280392
0.013725
0.009804
0.260784
0.307843
0.260784
0.166667
0.162745
0.272549
-0.127451
-0.350980
-0.311765
0.143137
0.135294
0.103922
0.256863
0.237255
0.300000
0.076471
-0.323529
0.264706
0.237255
0.260784
0.237255
0.307843
-0.229412
0.272549
-0.186275
-0.103922
0.229412
-0.072549
0.264706
-0.150980
-0.217647
-0.245098
-0.268627
0.272549
0.272549
0.256863
0.264706
0.201961
0.225490
0.107843
-0.327451
-0.045098
0.260784
0.119608
0.150980
0.260784
0.025490
-0.013725
0.264706
0.237255
0.225490
0.123529
-0.088235
-0.017647
0.252941
0.284314
0.260784
-0.272549
-0.001961
0.264706
-0.049020
0.319608
0.245098
0.245098
0.233333
0.064706
-0.084314
0.080392
0.284314
0.252941
0.237255
-0.272549
-0.174510
-0.307843
0.119608
0.276471
0.123529
0.119608
0.260784
0.056863
-0.072549
0.147059
0.307843
0.260784
0.272549
0.001961
0.319608
0.135294
0.049020
0.225490
0.284314
0.284314
0.221569
-0.115686
-0.017647
0.272549
0.327451
0.276471
0.194118
0.252941
0.252941
0.170588
0.339216
0.260784
0.256863
0.284314
0.182353
-0.045098
0.025490
0.143137
0.139216
0.272549
0.276471
-0.017647
-0.292157
0.276471
0.249020
0.249020
0.280392
0.307843
0.096078
-0.072549
0.143137
0.327451
0.280392
0.272549
-0.005882
0.256863
0.272549
0.252941
-0.292157
0.029412
0.303922
0.237255
0.033333
-0.001961
0.170588
0.331373
0.280392
0.170588
0.123529
0.237255
0.139216
0.115686
0.288235
0.303922
-0.060784
-0.268627
0.272549
0.260784
0.272549
0.311765
0.292157
0.311765
-0.021569
-0.300000
-0.150980
-0.272549
0.264706
-0.025490
0.264706
0.256863
0.080392
-0.276471
0.060784
0.280392
0.272549
0.198039
0.276471
0.280392
-0.256863
0.139216
0.300000
-0.256863
0.190196
0.170588
0.107843
0.276471
-0.217647
-0.182353
-0.221569
0.280392
-0.076471
-0.198039
0.307843
0.319608
-0.170588
-0.280392
-0.292157
-0.241176
0.280392
0.280392
-0.060784
0.233333
0.280392
0.264706
0.280392
0.260784
0.272549
-0.256863
0.115686
0.307843
0.103922
-0.245098
0.256863
0.272549
-0.276471
0.260784
0.131373
0.096078
0.252941
0.272549
0.178431
-0.025490
0.307843
-0.045098
-0.209804
0.300000
0.307843
0.029412
-0.252941
-0.300000
0.060784
0.303922
0.256863
-0.033333
0.119608
-0.072549
0.029412
0.280392
0.303922
-0.025490
-0.280392
0.119608
0.319608
0.292157
0.284314
0.276471
0.300000
0.284314
0.068627
-0.080392
0.005882
0.300000
0.249020
0.276471
0.229412
-0.068627
-0.115686
-0.060784
0.311765
0.272549
0.327451
0.252941
0.013725
-0.013725
0.201961
0.319608
-0.068627
0.245098
0.284314
0.205882
-0.225490
-0.249020
0.158824
0.123529
0.115686
0.300000
0.288235
0.288235
-0.001961
-0.323529
0.217647
0.256863
0.288235
-0.033333
0.166667
0.252941
0.107843
-0.135294
-0.241176
0.276471
-0.096078
0.249020
0.096078
-0.072549
0.092157
-0.272549
0.225490
0.237255
0.276471
0.237255
0.249020
0.292157
0.229412
-0.264706
-0.056863
0.288235
0.115686
0.139216
0.201961
-0.190196
-0.249020
0.037255
0.303922
0.229412
0.288235
0.201961
-0.096078
-0.041176
0.237255
0.080392
-0.300000
-0.076471
0.331373
-0.084314
0.264706
0.284314
0.260784
0.245098
0.280392
0.115686
-0.088235
0.080392
0.272549
0.272549
-0.127451
0.029412
-0.268627
-0.076471
0.292157
0.150980
0.150980
0.292157
0.264706
0.021569
-0.096078
0.135294
0.300000
0.284314
0.252941
0.139216
0.037255
-0.158824
0.068627
0.311765
0.276471
0.260784
-0.052941
-0.045098
-0.005882
0.233333
0.311765
0.260784
0.237255
0.272549
-0.076471
-0.272549
0.327451
0.280392
0.252941
0.307843
0.103922
-0.080392
0.029412
0.194118
0.292157
0.233333
0.135294
-0.170588
0.272549
0.272549
0.280392
-0.115686
0.307843
0.221569
0.001961
-0.060784
0.182353
0.307843
0.288235
-0.049020
0.276471
0.249020
0.178431
-0.280392
0.139216
0.303922
0.300000
0.260784
-0.041176
0.064706
0.311765
0.300000
0.272549
0.256863
0.272549
0.084314
0.182353
0.303922
0.280392
-0.166667
-0.174510
0.276471
0.272549
0.260784
0.331373
0.307843
0.249020
0.135294
-0.311765
-0.311765
-0.154902
0.264706
-0.021569
0.300000
0.264706
0.166667
-0.300000
0.147059
0.272549
0.111765
0.272549
0.311765
0.327451
-0.268627
0.182353
0.300000
-0.280392
0.229412
0.084314
0.217647
0.256863
-0.319608
-0.307843
-0.143137
0.284314
0.272549
-0.135294
0.315686
0.311765
-0.221569
-0.166667
-0.127451
-0.319608
0.237255
0.272549
-0.033333
0.276471
0.190196
0.143137
0.111765
0.256863
0.284314
-0.268627
0.245098
0.315686
0.005882
-0.264706
0.092157
0.272549
-0.005882
0.252941
0.013725
0.217647
0.256863
0.276471
0.229412
0.205882
-0.033333
-0.182353
-0.143137
0.327451
0.272549
-0.182353
-0.174510
-0.225490
-0.194118
0.311765
0.233333
-0.029412
0.280392
0.119608
-0.076471
0.041176
0.292157
-0.013725
-0.300000
0.221569
0.311765
0.276471
0.170588
0.201961
0.280392
0.300000
0.260784
-0.084314
-0.076471
0.150980
0.300000
0.288235
0.276471
-0.221569
-0.264706
-0.045098
0.331373
0.300000
0.272549
0.315686
0.225490
-0.025490
0.001961
0.190196
0.068627
0.288235
0.260784
0.209804
-0.276471
0.052941
0.249020
0.123529
0.147059
0.276471
0.201961
-0.021569
-0.252941
-0.252941
0.260784
0.264706
0.029412
-0.276471
-0.241176
0.288235
0.229412
-0.249020
-0.241176
0.284314
-0.084314
0.233333
0.260784
0.209804
0.260784
-0.276471
0.139216
0.260784
0.245098
0.252941
0.315686
0.284314
0.272549
-0.005882
-0.237255
0.249020
0.064706
0.178431
0.060784
-0.284314
-0.268627
-0.292157
0.280392
0.256863
0.284314
0.249020
0.252941
0.088235
-0.072549
-0.245098
-0.256863
0.103922
0.209804
-0.041176
0.358824
0.147059
0.092157
0.217647
0.249020
0.260784
0.209804
-0.021569
-0.080392
0.170588
0.319608
0.311765
-0.170588
-0.213725
0.276471
0.052941
0.245098
0.249020
0.229412
0.245098
0.064706
-0.103922
0.021569
0.252941
0.260784
0.233333
0.284314
-0.327451
-0.284314
0.198039
0.288235
0.190196
-0.049020
0.252941
-0.021569
-0.080392
0.158824
0.280392
0.307843
0.288235
0.135294
-0.166667
0.249020
0.264706
0.300000
0.237255
0.288235
0.123529
-0.096078
-0.021569
0.280392
0.276471
0.260784
0.174510
0.260784
0.249020
0.158824
-0.249020
0.009804
0.256863
0.233333
0.029412
-0.033333
0.162745
0.233333
0.049020
0.284314
0.264706
0.021569
-0.335294
0.249020
0.264706
0.233333
0.115686
-0.300000
-0.056863
0.033333
0.303922
0.311765
0.260784
0.276471
0.001961
0.260784
0.288235
0.327451
-0.300000
-0.013725
0.288235
0.284314
0.260784
0.190196
0.327451
0.252941
0.256863
-0.005882
-0.127451
0.158824
0.198039
0.103922
0.311765
0.280392
-0.052941
-0.303922
0.249020
0.252941
0.256863
0.037255
0.303922
0.354902
-0.221569
-0.084314
0.001961
-0.303922
0.249020
-0.041176
0.276471
0.292157
0.037255
-0.339216
0.060784
0.307843
0.119608
-0.229412
0.327451
0.303922
-0.276471
0.194118
0.209804
-0.292157
0.221569
0.178431
0.111765
0.225490
-0.209804
-0.217647
-0.174510
0.311765
0.280392
0.300000
0.292157
0.327451
-0.166667
-0.303922
-0.292157
-0.060784
0.276471
0.252941
-0.029412
0.249020
0.288235
0.280392
0.292157
0.256863
0.245098
0.084314
0.139216
0.303922
0.166667
-0.241176
0.237255
0.084314
-0.307843
0.272549
0.088235
0.174510
0.252941
0.307843
0.178431
-0.029412
-0.021569
0.166667
-0.217647
0.315686
0.284314
0.103922
-0.229412
-0.190196
0.201961
0.264706
0.276471
-0.076471
0.064706
-0.100000
0.049020
0.311765
0.315686
0.264706
-0.268627
0.143137
0.319608
0.284314
0.327451
0.311765
0.300000
0.217647
-0.068627
-0.076471
0.111765
0.311765
0.284314
0.276471
0.182353
0.284314
0.284314
0.139216
0.143137
0.292157
-0.068627
-0.221569
-0.319608
-0.115686
0.225490
0.147059
-0.198039
-0.323529
-0.245098
0.280392
0.182353
0.009804
-0.229412
0.284314
-0.084314
0.264706
0.264706
0.276471
0.217647
-0.245098
-0.021569
0.260784
0.284314
0.041176
-0.041176
0.284314
0.229412
-0.100000
-0.307843
0.249020
0.080392
0.115686
0.201961
-0.225490
0.060784
-0.280392
-0.013725
0.276471
0.288235
0.256863
0.252941
0.280392
0.205882
-0.103922
-0.256863
0.198039
0.256863
-0.029412
0.288235
-0.052941
-0.225490
-0.056863
0.280392
0.272549
0.288235
0.260784
0.041176
-0.068627
0.052941
0.249020
-0.049020
-0.245098
0.276471
0.025490
0.233333
0.288235
0.280392
0.260784
0.276471
0.166667
-0.045098
-0.041176
0.221569
0.331373
0.272549
0.264706
-0.350980
-0.084314
0.276471
0.264706
0.005882
0.319608
0.249020
0.033333
-0.076471
0.060784
0.280392
0.280392
0.260784
0.158824
0.237255
0.292157
0.225490
0.288235
0.260784
0.300000
-0.076471
-0.033333
0.033333
0.233333
0.284314
0.237255
0.272549
0.284314
0.052941
-0.358824
0.190196
0.272549
0.292157
0.190196
-0.013725
-0.021569
0.096078
0.103922
0.288235
0.245098
0.217647
-0.213725
0.245098
0.237255
0.307843
-0.111765
-0.229412
0.201961
-0.060784
0.096078
0.280392
0.307843
0.292157
-0.041176
0.292157
0.225490
0.284314
-0.280392
0.119608
0.300000
0.303922
0.280392
-0.045098
-0.249020
0.300000
0.315686
0.205882
0.182353
0.252941
0.115686
0.158824
0.303922
0.292157
-0.131373
-0.209804
0.252941
0.284314
0.260784
0.260784
-0.041176
0.292157
-0.076471
-0.284314
-0.217647
-0.201961
0.300000
-0.013725
0.307843
0.284314
0.162745
-0.327451
0.198039
0.288235
0.174510
-0.284314
-0.237255
0.280392
-0.249020
0.237255
0.288235
-0.284314
0.201961
0.056863
0.205882
0.233333
-0.303922
-0.319608
-0.123529
0.252941
0.245098
0.217647
0.264706
0.335294
-0.245098
-0.229412
-0.272549
-0.280392
0.292157
0.245098
-0.029412
0.260784
0.252941
0.123529
0.135294
0.300000
0.237255
0.245098
0.119608
0.347059
0.009804
-0.225490
0.237255
0.237255
-0.150980
0.303922
0.041176
0.209804
0.260784
0.237255
0.256863
0.194118
0.013725
-0.068627
0.123529
0.315686
0.327451
-0.127451
-0.280392
-0.300000
0.037255
0.300000
0.166667
0.056863
0.276471
0.076471
-0.084314
0.025490
0.256863
0.339216
0.256863
0.276471
0.307843
0.292157
0.300000
0.284314
0.300000
0.311765
0.201961
-0.127451
-0.029412
0.205882
0.288235
0.237255
0.288235
0.288235
0.280392
0.178431
0.068627
0.288235
-0.217647
-0.311765
-0.123529
0.096078
0.272549
-0.103922
-0.256863
-0.150980
-0.292157
0.315686
0.174510
0.013725
0.260784
0.249020
-0.056863
0.245098
0.284314
0.237255
0.013725
-0.311765
0.001961
0.276471
0.221569
-0.166667
-0.292157
0.182353
0.249020
-0.103922
0.288235
0.178431
0.092157
0.150980
0.264706
0.001961
0.260784
-0.154902
-0.213725
0.307843
0.264706
0.284314
0.264706
0.288235
0.245098
0.056863
0.049020
0.260784
0.272549
-0.049020
0.284314
-0.225490
-0.296078
-0.335294
0.123529
0.245098
0.245098
0.249020
0.249020
0.182353
-0.005882
-0.052941
-0.096078
-0.268627
0.260784
0.009804
0.229412
0.280392
0.233333
0.252941
0.225490
0.300000
0.217647
0.041176
-0.076471
0.080392
0.303922
0.327451
0.005882
-0.268627
0.256863
0.249020
0.033333
0.280392
0.292157
0.229412
0.096078
-0.100000
0.001961
0.237255
0.276471
0.252941
0.225490
0.292157
0.229412
0.280392
0.276471
0.276471
-0.049020
0.147059
-0.033333
-0.029412
0.166667
0.272549
0.272549
0.284314
0.174510
-0.166667
0.260784
0.292157
0.284314
0.300000
0.162745
-0.041176
-0.072549
0.029412
0.292157
0.343137
0.288235
0.158824
0.260784
0.249020
0.209804
-0.245098
-0.025490
0.300000
0.288235
-0.045098
0.084314
0.303922
0.276471
-0.049020
0.284314
0.249020
0.166667
-0.339216
0.221569
0.284314
0.260784
0.135294
-0.256863
-0.005882
0.280392
0.335294
0.276471
0.292157
0.284314
0.049020
0.217647
0.276471
0.292157
-0.272549
-0.049020
0.276471
0.288235
0.264706
0.170588
-0.166667
-0.150980
0.178431
-0.229412
-0.252941
-0.017647
0.252941
0.049020
0.288235
0.335294
0.029412
-0.280392
0.280392
0.249020
0.245098
0.041176
-0.198039
-0.284314
-0.284314
0.143137
0.217647
-0.292157
0.280392
-0.017647
0.276471
0.280392
-0.001961
-0.323529
0.080392
0.300000
0.131373
-0.198039
0.107843
0.264706
-0.292157
-0.029412
-0.060784
-0.323529
0.252941
0.166667
0.084314
0.233333
-0.080392
-0.198039
-0.174510
0.292157
0.284314
0.276471
0.209804
0.201961
-0.158824
-0.256863
-0.001961
0.201961
0.119608
0.311765
-0.045098
0.245098
0.252941
0.249020
0.284314
0.276471
0.264706
0.111765
-0.068627
-0.025490
0.198039
-0.252941
0.029412
-0.221569
-0.158824
0.260784
0.084314
0.170588
0.276471
0.264706
0.103922
-0.052941
-0.021569
0.170588
0.264706
0.272549
0.331373
0.201961
0.009804
0.115686
0.284314
0.280392
0.272549
-0.052941
0.001961
-0.045098
0.096078
0.307843
0.276471
0.245098
0.260784
0.170588
0.111765
0.209804
-0.362745
-0.276471
0.103922
0.280392
0.237255
-0.249020
0.064706
-0.072549
-0.241176
0.288235
0.115686
0.088235
0.311765
-0.025490
-0.049020
0.284314
0.166667
-0.103922
-0.300000
-0.249020
0.170588
0.225490
-0.158824
-0.280392
-0.292157
0.229412
0.252941
-0.052941
0.284314
0.276471
0.049020
0.221569
0.264706
0.249020
0.311765
-0.143137
-0.245098
0.260784
0.276471
0.143137
-0.190196
0.190196
0.249020
-0.017647
0.190196
0.245098
0.237255
0.009804
0.264706
-0.252941
-0.017647
-0.221569
-0.170588
0.284314
0.264706
0.233333
0.264706
0.280392
0.256863
0.013725
-0.084314
-0.072549
0.264706
-0.096078
0.319608
0.147059
-0.111765
-0.080392
0.307843
0.233333
0.260784
0.288235
0.139216
-0.029412
-0.049020
0.123529
-0.056863
0.300000
0.284314
0.166667
0.139216
0.284314
0.272549
0.276471
0.280392
0.221569
-0.017647
-0.076471
0.119608
0.303922
0.315686
0.249020
0.115686
0.143137
0.307843
0.272549
-0.080392
0.288235
0.225490
0.033333
-0.111765
0.076471
0.252941
0.315686
0.280392
0.170588
0.276471
0.284314
0.264706
-0.049020
0.276471
0.209804
-0.100000
-0.123529
0.037255
0.252941
0.311765
0.280392
0.209804
0.252941
0.064706
-0.323529
0.205882
0.307843
0.272549
-0.005882
-0.045098
0.080392
0.147059
0.088235
0.288235
0.249020
0.170588
-0.201961
0.256863
0.260784
0.315686
-0.182353
-0.190196
0.249020
0.280392
0.147059
0.288235
0.284314
0.252941
-0.021569
0.280392
0.264706
0.237255
-0.272549
0.135294
0.280392
0.272549
0.245098
-0.170588
-0.217647
0.221569
0.260784
0.088235
0.037255
0.225490
0.147059
0.178431
0.303922
0.300000
-0.194118
-0.166667
0.300000
0.249020
0.264706
0.225490
-0.115686
-0.264706
0.229412
-0.131373
-0.115686
-0.229412
0.256863
-0.021569
0.292157
0.311765
0.076471
-0.323529
0.221569
0.280392
0.111765
-0.256863
-0.323529
-0.088235
0.288235
0.256863
0.147059
-0.292157
0.300000
0.013725
0.245098
0.135294
-0.331373
-0.303922
0.029412
0.272549
0.170588
0.166667
0.276471
0.311765
0.256863
-0.280392
-0.276471
-0.045098
0.300000
0.225490
0.056863
0.256863
0.225490
0.021569
0.119608
0.272549
0.217647
0.252941
0.170588
0.021569
-0.029412
-0.131373
0.327451
-0.021569
-0.166667
0.260784
-0.033333
0.249020
0.252941
0.264706
0.252941
0.209804
0.021569
-0.111765
0.029412
0.233333
0.300000
-0.096078
-0.296078
-0.182353
0.252941
0.284314
0.096078
0.158824
0.245098
0.052941
-0.096078
0.021569
0.229412
0.311765
0.252941
0.264706
0.178431
0.245098
-0.256863
-0.347059
-0.123529
0.182353
0.217647
-0.335294
-0.021569
-0.143137
-0.174510
0.276471
0.049020
0.166667
0.150980
-0.327451
-0.300000
0.319608
-0.017647
-0.296078
-0.272549
-0.076471
0.292157
0.021569
-0.311765
-0.041176
-0.311765
0.249020
0.245098
-0.017647
0.315686
0.205882
0.170588
0.229412
0.276471
0.276471
0.135294
-0.264706
-0.135294
0.327451
0.249020
-0.166667
-0.327451
0.060784
0.249020
-0.080392
0.280392
0.229412
0.245098
0.064706
0.292157
0.001961
0.205882
-0.060784
-0.256863
0.327451
0.249020
0.217647
0.170588
0.280392
0.245098
0.139216
0.119608
0.076471
-0.080392
-0.096078
0.284314
-0.068627
-0.311765
-0.307843
0.119608
0.264706
0.237255
0.252941
0.209804
0.249020
0.131373
-0.088235
-0.139216
0.190196
0.307843
0.021569
0.182353
0.272549
0.280392
0.264706
0.252941
0.260784
0.260784
0.111765
-0.072549
-0.021569
0.178431
0.292157
-0.025490
0.209804
0.280392
0.264706
-0.013725
0.256863
0.272549
0.201961
0.009804
-0.088235
-0.041176
0.170588
0.315686
0.280392
0.229412
0.252941
0.201961
0.080392
0.288235
0.292157
-0.084314
0.049020
-0.060784
0.013725
0.225490
0.252941
0.284314
0.256863
0.166667
-0.088235
0.280392
0.288235
0.276471
-0.072549
0.272549
-0.072549
-0.017647
0.123529
0.307843
0.292157
0.233333
0.096078
0.252941
0.252941
0.147059
-0.284314
0.096078
0.276471
0.272549
0.029412
0.174510
0.335294
0.276471
-0.072549
0.315686
0.276471
0.084314
-0.327451
0.225490
0.272549
0.245098
0.029412
-0.272549
0.150980
0.272549
0.194118
-0.021569
0.201961
0.256863
-0.025490
0.229412
0.276471
0.284314
-0.268627
0.025490
0.280392
0.264706
0.249020
0.060784
-0.276471
0.049020
0.245098
-0.080392
-0.284314
0.009804
0.225490
0.076471
0.292157
0.280392
-0.123529
-0.249020
0.264706
0.284314
0.229412
0.147059
-0.162745
-0.319608
0.245098
0.068627
0.092157
-0.252941
0.288235
-0.072549
0.280392
0.217647
-0.162745
-0.323529
0.225490
0.280392
-0.096078
-0.241176
0.001961
0.221569
0.303922
0.237255
-0.284314
-0.209804
0.307843
0.080392
0.198039
0.096078
-0.045098
-0.272549
0.084314
0.276471
0.264706
0.284314
0.245098
0.225490
0.135294
-0.049020
0.178431
0.174510
0.025490
0.245098
0.029412
0.272549
0.252941
0.225490
0.229412
0.245098
0.249020
0.111765
-0.068627
-0.045098
0.147059
0.288235
-0.154902
-0.323529
0.190196
0.256863
-0.049020
0.237255
0.284314
0.272549
0.076471
-0.056863
-0.056863
0.158824
0.307843
0.292157
0.256863
0.249020
0.041176
-0.221569
-0.358824
-0.190196
0.288235
-0.237255
-0.327451
-0.292157
-0.186275
0.280392
0.029412
0.174510
0.229412
-0.198039
0.092157
-0.229412
-0.194118
-0.292157
-0.021569
0.233333
0.276471
-0.166667
-0.115686
0.088235
-0.300000
0.276471
0.256863
0.013725
0.292157
-0.013725
-0.276471
-0.225490
0.260784
0.119608
-0.135294
-0.327451
0.005882
0.292157
0.021569
-0.307843
-0.323529
0.119608
0.288235
-0.111765
0.249020
0.264706
0.276471
0.272549
0.272549
0.217647
0.260784
-0.041176
-0.292157
0.284314
0.260784
0.205882
-0.213725
0.076471
0.300000
0.056863
0.123529
0.256863
0.249020
0.084314
0.303922
-0.252941
-0.201961
-0.292157
-0.217647
0.252941
0.292157
0.237255
0.272549
0.264706
0.292157
0.135294
-0.068627
-0.072549
-0.052941
0.139216
0.237255
0.264706
0.033333
0.064706
0.288235
0.252941
0.237255
0.276471
0.178431
0.013725
-0.049020
0.005882
-0.049020
0.272549
0.300000
0.280392
0.068627
0.280392
0.252941
0.225490
0.233333
0.139216
-0.013725
-0.080392
0.060784
0.209804
0.315686
0.284314
0.096078
0.139216
0.292157
0.249020
-0.056863
0.288235
0.115686
-0.084314
-0.025490
0.088235
0.276471
0.303922
0.260784
0.221569
0.245098
0.256863
0.229412
-0.052941
0.311765
0.307843
-0.084314
-0.076471
0.229412
0.327451
0.292157
0.245098
0.229412
0.264706
0.041176
-0.311765
0.245098
0.292157
0.303922
-0.033333
0.245098
0.272549
0.217647
0.029412
0.280392
0.272549
0.131373
-0.252941
0.272549
0.256863
0.292157
-0.229412
-0.166667
0.280392
0.288235
0.139216
0.056863
0.237255
0.264706
-0.052941
0.256863
0.276471
0.256863
-0.292157
0.174510
0.280392
0.284314
0.194118
-0.241176
-0.080392
0.272549
0.252941
-0.041176
0.272549
0.217647
0.092157
0.233333
0.276471
0.292157
-0.245098
-0.029412
0.264706
0.276471
0.229412
0.237255
-0.221569
-0.150980
0.303922
-0.041176
0.233333
-0.194118
0.245098
0.049020
0.307843
0.276471
-0.049020
-0.256863
0.256863
0.288235
0.084314
-0.225490
-0.327451
-0.158824
0.288235
0.131373
0.107843
-0.229412
0.292157
-0.068627
0.292157
-0.068627
-0.335294
-0.307843
0.178431
0.288235
0.049020
0.123529
0.252941
0.284314
0.327451
0.217647
-0.088235
0.245098
0.260784
0.088235
0.158824
0.252941
0.264706
-0.025490
0.252941
0.276471
0.252941
0.276471
0.190196
0.076471
-0.100000
-0.017647
-0.076471
-0.284314
0.092157
0.237255
-0.013725
0.245098
0.229412
0.249020
0.249020
0.194118
-0.013725
-0.060784
0.005882
0.209804
0.307843
0.284314
0.147059
0.123529
-0.096078
-0.249020
0.252941
0.166667
-0.076471
-0.280392
-0.339216
0.107843
0.001961
0.182353
0.249020
0.178431
0.264706
-0.021569
-0.284314
-0.339216
-0.154902
0.201961
0.300000
-0.280392
-0.158824
0.123529
-0.296078
0.276471
0.209804
0.049020
0.249020
-0.256863
-0.186275
-0.296078
-0.213725
-0.107843
-0.319608
-0.225490
0.143137
0.123529
-0.225490
-0.100000
-0.327451
0.135294
0.260784
-0.072549
0.256863
0.221569
0.013725
0.064706
0.245098
0.272549
0.260784
-0.103922
-0.292157
0.260784
0.237255
-0.045098
-0.300000
-0.111765
0.303922
-0.001961
0.194118
0.221569
0.256863
0.221569
0.229412
-0.127451
0.025490
-0.025490
-0.300000
0.280392
0.276471
0.276471
0.158824
0.260784
0.276471
0.162745
-0.005882
0.166667
0.060784
-0.052941
-0.045098
0.135294
-0.237255
-0.264706
0.060784
0.264706
0.229412
0.272549
0.252941
0.221569
0.170588
-0.041176
-0.131373
0.033333
0.178431
0.331373
0.300000
0.276471
0.300000
0.245098
0.225490
0.284314
0.205882
0.080392
-0.068627
-0.068627
0.115686
0.272549
0.056863
0.194118
0.272549
0.272549
-0.029412
0.276471
0.260784
0.162745
0.001961
-0.107843
0.021569
0.178431
0.311765
0.245098
0.190196
0.225490
0.209804
0.029412
0.272549
0.284314
-0.068627
-0.041176
-0.001961
0.092157
0.256863
0.292157
0.252941
0.233333
0.221569
0.001961
0.264706
0.276471
0.249020
-0.033333
0.264706
0.260784
0.150980
0.119608
0.300000
0.260784
0.209804
0.088235
0.237255
0.256863
0.139216
-0.311765
0.119608
0.292157
0.284314
0.033333
0.217647
0.272549
0.264706
0.001961
0.288235
0.260784
0.135294
-0.327451
0.264706
0.272549
0.303922
-0.049020
-0.280392
0.201961
0.284314
0.162745
0.049020
0.229412
-0.280392
0.005882
0.260784
0.300000
0.276471
-0.311765
0.139216
0.303922
0.272549
0.272549
-0.045098
-0.252941
0.150980
0.225490
-0.072549
0.245098
0.178431
0.162745
0.119608
0.288235
0.280392
-0.190196
-0.143137
0.288235
0.264706
0.260784
0.178431
-0.201961
-0.296078
0.272549
0.001961
0.252941
0.201961
0.256863
-0.001961
0.300000
0.076471
-0.249020
-0.319608
0.225490
0.284314
-0.150980
-0.249020
-0.056863
0.158824
0.292157
0.198039
0.080392
0.225490
0.300000
-0.025490
0.225490
0.084314
-0.013725
-0.296078
0.158824
0.272549
0.260784
0.272549
0.252941
0.264706
0.198039
-0.005882
-0.123529
-0.049020
0.170588
0.166667
0.143137
0.252941
0.260784
0.237255
0.264706
0.272549
0.245098
0.135294
-0.052941
-0.049020
0.076471
0.237255
0.005882
0.288235
0.190196
0.033333
0.252941
0.272549
0.260784
-0.198039
-0.241176
0.005882
0.005882
0.166667
0.260784
0.280392
0.198039
-0.174510
-0.245098
0.229412
-0.347059
-0.170588
0.237255
-0.174510
-0.354902
-0.166667
-0.307843
0.221569
0.182353
0.013725
0.252941
-0.005882
0.092157
0.049020
-0.280392
0.292157
-0.268627
0.049020
0.252941
0.068627
-0.249020
0.119608
-0.303922
0.150980
0.276471
-0.107843
0.292157
0.021569
-0.331373
-0.311765
-0.060784
0.264706
0.107843
-0.268627
-0.221569
0.252941
0.162745
-0.225490
-0.323529
-0.049020
0.264706
-0.056863
0.194118
0.225490
0.237255
0.264706
0.205882
0.260784
0.135294
0.198039
-0.296078
0.225490
0.260784
0.272549
-0.111765
-0.045098
0.280392
0.162745
0.080392
0.245098
0.260784
0.205882
0.119608
0.009804
-0.276471
-0.331373
-0.209804
0.303922
0.260784
0.292157
0.249020
0.260784
0.327451
0.225490
-0.060784
-0.001961
-0.100000
-0.005882
0.150980
0.272549
0.178431
0.162745
0.300000
0.233333
0.249020
0.264706
0.205882
0.013725
-0.068627
-0.045098
-0.060784
0.237255
0.292157
0.307843
0.245098
0.209804
0.237255
0.264706
0.170588
0.064706
-0.056863
-0.068627
0.064706
0.221569
0.280392
0.276471
0.107843
0.131373
0.233333
0.284314
-0.166667
-0.158824
-0.033333
-0.080392
0.033333
0.198039
0.272549
0.335294
0.284314
0.209804
0.272549
0.272549
0.233333
-0.017647
0.280392
0.284314
0.076471
-0.307843
0.276471
0.311765
0.284314
0.233333
0.237255
0.276471
0.076471
-0.307843
0.245098
0.292157
0.300000
-0.056863
0.252941
0.272549
0.201961
-0.303922
0.272549
0.260784
0.037255
-0.276471
0.249020
0.264706
0.327451
-0.252941
-0.056863
0.264706
0.300000
0.064706
0.178431
0.237255
0.139216
-0.280392
0.276471
0.284314
0.201961
-0.303922
0.217647
0.292157
0.276471
0.150980
-0.272549
0.041176
0.280392
0.190196
0.001961
0.237255
-0.209804
-0.252941
0.225490
0.272549
0.256863
-0.268627
0.005882
0.300000
0.264706
0.252941
0.174510
-0.272549
-0.045098
0.245098
-0.088235
0.272549
0.252941
0.249020
0.084314
0.300000
0.276471
-0.194118
-0.225490
0.288235
0.284314
-0.013725
-0.221569
-0.311765
-0.186275
0.280392
-0.017647
0.201961
0.256863
0.280392
-0.041176
0.280392
-0.162745
-0.296078
-0.323529
0.205882
0.300000
0.001961
0.150980
0.233333
0.280392
0.307843
0.143137
0.021569
-0.001961
-0.068627
0.021569
0.233333
0.284314
0.288235
0.092157
0.252941
0.260784
0.276471
0.260784
0.182353
0.107843
0.001961
-0.033333
-0.088235
0.194118
0.300000
