-0.186275
-0.366667
-0.386275
-0.221569
0.249020
0.354902
0.311765
0.335294
0.331373
0.319608
0.335294
0.354902
0.339216
0.335294
0.327451
0.327451
0.147059
-0.245098
0.249020
0.362745
0.319608
0.339216
0.319608
0.319608
0.347059
0.347059
0.343137
0.331373
0.354902
0.347059
0.394118
0.170588
0.005882
-0.100000
0.335294
0.339216
0.362745
0.347059
0.362745
0.386275
0.382353
0.358824
0.358824
0.347059
0.358824
0.284314
-0.190196
-0.350980
-0.327451
-0.284314
0.292157
0.339216
0.390196
0.343137
0.354902
0.358824
0.354902
0.362745
0.358824
0.335294
-0.005882
-0.347059
-0.323529
-0.378431
-0.268627
-0.221569
0.162745
0.335294
0.339216
0.366667
0.354902
0.347059
0.354902
0.370588
0.158824
-0.268627
-0.323529
-0.347059
-0.347059
-0.362745
-0.256863
-0.103922
-0.143137
0.343137
0.382353
0.390196
0.362745
0.358824
0.284314
-0.182353
-0.354902
-0.319608
-0.382353
-0.374510
-0.378431
-0.350980
-0.174510
-0.150980
-0.103922
0.303922
0.374510
0.339216
0.358824
0.033333
-0.358824
-0.354902
-0.362745
-0.350980
-0.358824
-0.350980
-0.374510
-0.394118
-0.111765
-0.209804
-0.186275
0.119608
0.386275
0.162745
-0.307843
-0.347059
-0.362745
-0.382353
-0.374510
-0.382353
-0.386275
-0.339216
-0.382353
-0.362745
-0.080392
-0.221569
-0.041176
-0.166667
-0.186275
-0.350980
-0.311765
-0.378431
-0.347059
-0.382353
-0.358824
-0.382353
-0.366667
-0.362745
-0.354902
-0.256863
-0.327451
-0.198039
-0.319608
-0.303922
-0.335294
-0.354902
-0.354902
-0.382353
-0.374510
-0.374510
-0.350980
-0.362745
-0.347059
-0.374510
-0.052941
0.347059
-0.217647
-0.350980
-0.378431
-0.347059
-0.347059
-0.358824
-0.378431
-0.374510
-0.394118
-0.374510
-0.347059
-0.362745
-0.374510
0.158824
0.370588
0.366667
-0.331373
-0.347059
-0.347059
-0.319608
-0.198039
-0.378431
-0.386275
-0.366667
-0.390196
-0.374510
-0.366667
-0.241176
0.311765
0.331373
0.358824
0.335294
-0.303922
-0.311765
-0.245098
-0.264706
-0.303922
-0.378431
-0.382353
-0.374510
-0.362745
-0.386275
-0.052941
0.319608
0.311765
0.354902
0.315686
0.358824
-0.284314
-0.358824
-0.331373
-0.264706
-0.241176
-0.319608
-0.347059
-0.374510
-0.350980
0.166667
0.315686
0.307843
0.327451
0.311765
0.354902
0.339216
-0.127451
-0.252941
-0.280392
-0.264706
-0.347059
-0.358824
-0.190196
-0.245098
0.245098
0.315686
0.339216
0.347059
0.339216
0.366667
0.354902
0.366667
-0.327451
-0.378431
-0.213725
-0.135294
0.049020
-0.150980
-0.131373
-0.131373
-0.150980
-0.041176
0.103922
0.288235
0.327451
0.362745
0.331373
0.319608
-0.249020
0.229412
0.354902
0.315686
0.331373
0.354902
0.327451
0.319608
0.347059
0.354902
0.354902
0.327451
0.335294
0.339216
0.319608
-0.080392
-0.303922
0.280392
0.358824
0.339216
0.343137
0.347059
0.370588
0.347059
0.370588
0.343137
0.354902
0.347059
0.315686
0.049020
-0.339216
-0.339216
-0.300000
0.119608
0.339216
0.366667
0.386275
0.354902
0.354902
0.354902
0.358824
0.339216
0.366667
0.174510
-0.249020
-0.339216
-0.354902
-0.409804
-0.241176
-0.162745
0.347059
0.339216
0.366667
0.354902
0.358824
0.362745
0.374510
0.300000
-0.182353
-0.347059
-0.303922
-0.382353
-0.358824
-0.347059
-0.107843
-0.131373
0.319608
0.370588
0.370588
0.339216
0.331373
0.327451
-0.045098
-0.374510
-0.350980
-0.358824
-0.378431
-0.366667
-0.358824
-0.378431
-0.131373
-0.076471
0.119608
0.339216
0.331373
0.374510
0.068627
-0.327451
-0.350980
-0.350980
-0.358824
-0.374510
-0.378431
-0.366667
-0.378431
-0.358824
-0.182353
-0.198039
-0.100000
0.358824
0.284314
-0.217647
-0.374510
-0.335294
-0.382353
-0.382353
-0.390196
-0.378431
-0.374510
-0.362745
-0.390196
-0.378431
-0.237255
-0.107843
-0.201961
-0.198039
-0.350980
-0.300000
-0.386275
-0.358824
-0.405882
-0.366667
-0.390196
-0.366667
-0.366667
-0.374510
-0.382353
0.190196
-0.154902
-0.272549
-0.327451
-0.331373
-0.354902
-0.374510
-0.394118
-0.378431
-0.378431
-0.374510
-0.382353
-0.386275
-0.374510
-0.229412
0.311765
0.319608
-0.350980
-0.350980
-0.350980
-0.327451
-0.386275
-0.390196
-0.362745
-0.405882
-0.390196
-0.366667
-0.374510
-0.362745
-0.005882
0.362745
0.343137
0.358824
-0.366667
-0.354902
-0.327451
-0.194118
-0.378431
-0.401961
-0.378431
-0.413725
-0.374510
-0.335294
-0.296078
0.221569
0.327451
0.339216
0.343137
0.354902
-0.311765
-0.256863
-0.307843
-0.335294
-0.347059
-0.382353
-0.390196
-0.378431
-0.366667
-0.143137
0.358824
0.335294
0.354902
0.343137
0.358824
0.386275
-0.358824
-0.303922
-0.272549
-0.245098
-0.319608
-0.362745
-0.362745
-0.358824
0.123529
0.343137
0.272549
0.366667
0.347059
0.347059
0.354902
0.370588
-0.241176
-0.292157
-0.249020
-0.327451
-0.401961
-0.198039
-0.190196
0.174510
0.327451
0.307843
0.343137
0.343137
0.358824
0.362745
0.358824
0.347059
-0.378431
-0.225490
-0.076471
0.029412
-0.111765
-0.158824
-0.154902
-0.150980
-0.025490
0.076471
0.272549
0.343137
0.362745
0.307843
0.347059
0.362745
-0.123529
-0.174510
-0.162745
-0.378431
-0.268627
-0.158824
-0.131373
-0.131373
-0.103922
-0.060784
-0.068627
-0.005882
0.143137
0.272549
0.354902
0.292157
-0.041176
0.347059
0.366667
0.339216
0.362745
0.358824
0.339216
0.386275
0.366667
0.347059
0.327451
0.354902
0.217647
-0.241176
-0.390196
-0.311765
-0.229412
0.362745
0.311765
0.354902
0.311765
0.343137
0.335294
0.335294
0.339216
0.358824
0.264706
-0.131373
-0.366667
-0.327451
-0.354902
-0.362745
-0.213725
0.256863
0.362745
0.374510
0.370588
0.358824
0.339216
0.354902
0.315686
-0.068627
-0.362745
-0.311765
-0.347059
-0.374510
-0.386275
-0.390196
-0.084314
0.025490
0.354902
0.347059
0.362745
0.300000
0.354902
0.060784
-0.323529
-0.327451
-0.350980
-0.350980
-0.354902
-0.374510
-0.366667
-0.358824
-0.123529
-0.107843
0.335294
0.319608
0.366667
0.174510
-0.272549
-0.362745
-0.331373
-0.390196
-0.350980
-0.374510
-0.362745
-0.374510
-0.366667
-0.366667
-0.190196
-0.072549
0.256863
0.252941
-0.166667
-0.347059
-0.347059
-0.362745
-0.354902
-0.366667
-0.386275
-0.366667
-0.366667
-0.358824
-0.339216
-0.319608
-0.252941
-0.256863
-0.296078
-0.382353
-0.327451
-0.390196
-0.390196
-0.386275
-0.401961
-0.366667
-0.362745
-0.366667
-0.362745
-0.366667
-0.111765
0.343137
-0.245098
-0.350980
-0.323529
-0.358824
-0.382353
-0.390196
-0.358824
-0.374510
-0.366667
-0.386275
-0.386275
-0.350980
-0.362745
0.217647
0.327451
0.347059
-0.331373
-0.311765
-0.347059
-0.382353
-0.374510
-0.366667
-0.401961
-0.354902
-0.390196
-0.374510
-0.362745
-0.150980
0.335294
0.319608
0.331373
0.331373
-0.303922
-0.292157
-0.225490
-0.354902
-0.394118
-0.366667
-0.366667
-0.386275
-0.339216
-0.347059
0.143137
0.347059
0.335294
0.331373
0.335294
0.339216
-0.319608
-0.378431
-0.311765
-0.303922
-0.366667
-0.382353
-0.394118
-0.354902
-0.229412
0.280392
0.319608
0.362745
0.335294
0.347059
0.370588
0.366667
-0.296078
-0.350980
-0.252941
-0.296078
-0.374510
-0.386275
-0.394118
0.029412
0.343137
0.264706
0.354902
0.319608
0.327451
0.343137
0.358824
0.311765
-0.256863
-0.225490
-0.311765
-0.386275
-0.182353
-0.158824
0.084314
0.300000
0.343137
0.354902
0.347059
0.354902
0.366667
0.358824
0.354902
0.366667
-0.182353
-0.001961
-0.056863
-0.096078
-0.166667
-0.194118
-0.154902
-0.096078
-0.017647
0.229412
0.347059
0.339216
0.331373
0.343137
0.335294
0.362745
-0.268627
-0.194118
-0.374510
-0.268627
-0.123529
-0.131373
-0.143137
-0.100000
-0.060784
-0.056863
-0.052941
0.107843
0.256863
0.382353
0.370588
-0.158824
-0.292157
-0.323529
-0.386275
-0.123529
-0.080392
-0.017647
-0.056863
-0.056863
-0.084314
-0.033333
0.049020
0.088235
0.092157
0.111765
0.013725
-0.237255
0.166667
0.370588
0.331373
0.339216
0.343137
0.358824
0.331373
0.343137
0.358824
0.343137
0.139216
-0.311765
-0.358824
-0.327451
-0.354902
-0.335294
-0.060784
0.354902
0.339216
0.347059
0.339216
0.331373
0.358824
0.354902
0.201961
-0.245098
-0.339216
-0.307843
-0.366667
-0.354902
-0.354902
-0.374510
-0.166667
0.374510
0.347059
0.394118
0.354902
0.366667
0.256863
-0.158824
-0.378431
-0.303922
-0.366667
-0.354902
-0.374510
-0.374510
-0.386275
-0.374510
-0.084314
0.194118
0.335294
0.362745
0.319608
-0.103922
-0.366667
-0.327451
-0.350980
-0.378431
-0.350980
-0.358824
-0.374510
-0.362745
-0.386275
-0.354902
-0.100000
-0.013725
0.343137
-0.021569
-0.339216
-0.319608
-0.366667
-0.366667
-0.378431
-0.390196
-0.378431
-0.390196
-0.366667
-0.382353
-0.374510
-0.186275
-0.237255
-0.237255
-0.366667
-0.323529
-0.354902
-0.390196
-0.378431
-0.390196
-0.366667
-0.366667
-0.386275
-0.362745
-0.362745
-0.327451
0.147059
0.354902
-0.319608
-0.327451
-0.331373
-0.382353
-0.374510
-0.390196
-0.366667
-0.382353
-0.390196
-0.390196
-0.358824
-0.362745
-0.139216
0.358824
0.331373
0.362745
-0.335294
-0.327451
-0.354902
-0.405882
-0.374510
-0.378431
-0.386275
-0.386275
-0.366667
-0.358824
-0.327451
0.166667
0.362745
0.327451
0.354902
0.339216
-0.292157
-0.249020
-0.272549
-0.382353
-0.386275
-0.378431
-0.378431
-0.378431
-0.350980
-0.170588
0.327451
0.319608
0.362745
0.303922
0.366667
0.366667
-0.358824
-0.276471
-0.256863
-0.358824
-0.366667
-0.366667
-0.331373
-0.327451
0.107843
0.374510
0.315686
0.339216
0.362745
0.366667
0.362745
0.354902
-0.354902
-0.272549
-0.319608
-0.350980
-0.382353
-0.374510
-0.174510
0.331373
0.327451
0.335294
0.335294
0.354902
0.358824
0.347059
0.347059
0.319608
-0.198039
-0.280392
-0.331373
-0.311765
-0.111765
-0.056863
0.327451
0.300000
0.331373
0.347059
0.382353
0.401961
0.331373
0.374510
0.358824
0.362745
0.033333
-0.068627
-0.080392
-0.139216
-0.198039
-0.150980
-0.135294
-0.001961
0.225490
0.358824
0.343137
0.343137
0.382353
0.354902
0.339216
0.245098
-0.225490
-0.386275
-0.303922
-0.107843
-0.107843
-0.115686
-0.100000
-0.068627
-0.088235
-0.060784
0.147059
0.272549
0.307843
0.354902
0.119608
-0.366667
-0.335294
-0.390196
-0.150980
-0.096078
-0.033333
-0.045098
-0.041176
-0.084314
-0.033333
0.005882
0.060784
0.068627
0.111765
0.076471
-0.276471
-0.362745
-0.362745
-0.303922
-0.041176
-0.072549
-0.056863
-0.045098
-0.072549
-0.080392
-0.049020
-0.021569
-0.017647
0.025490
-0.017647
0.080392
0.080392
-0.076471
0.311765
0.370588
0.343137
0.354902
0.347059
0.331373
0.343137
0.288235
-0.068627
-0.366667
-0.307843
-0.350980
-0.390196
-0.378431
-0.382353
-0.382353
0.158824
0.358824
0.390196
0.343137
0.343137
0.331373
-0.052941
-0.358824
-0.331373
-0.374510
-0.366667
-0.347059
-0.382353
-0.401961
-0.358824
-0.390196
-0.052941
0.339216
0.331373
0.315686
-0.029412
-0.331373
-0.339216
-0.347059
-0.378431
-0.347059
-0.366667
-0.378431
-0.362745
-0.374510
-0.374510
-0.366667
-0.103922
0.319608
-0.029412
-0.331373
-0.331373
-0.354902
-0.382353
-0.358824
-0.386275
-0.362745
-0.378431
-0.378431
-0.382353
-0.354902
-0.350980
0.131373
-0.268627
-0.374510
-0.362745
-0.327451
-0.382353
-0.401961
-0.378431
-0.358824
-0.374510
-0.390196
-0.374510
-0.347059
-0.354902
-0.100000
0.327451
0.311765
-0.350980
-0.350980
-0.374510
-0.347059
-0.362745
-0.374510
-0.366667
-0.386275
-0.386275
-0.362745
-0.401961
-0.323529
0.178431
0.347059
0.358824
0.358824
-0.339216
-0.311765
-0.378431
-0.374510
-0.374510
-0.374510
-0.405882
-0.394118
-0.362745
-0.350980
-0.041176
0.331373
0.311765
0.358824
0.331373
0.362745
-0.268627
-0.229412
-0.401961
-0.401961
-0.358824
-0.386275
-0.382353
-0.378431
-0.241176
0.303922
0.327451
0.362745
0.327451
0.343137
0.343137
0.358824
-0.292157
-0.272549
-0.331373
-0.354902
-0.382353
-0.331373
-0.358824
0.037255
0.358824
0.331373
0.331373
0.362745
0.335294
0.358824
0.347059
0.366667
-0.284314
-0.327451
-0.339216
-0.362745
-0.394118
-0.209804
0.307843
0.307843
0.335294
0.335294
0.335294
0.339216
0.354902
0.362745
0.339216
0.339216
-0.217647
-0.256863
-0.339216
-0.060784
-0.080392
0.300000
0.303922
0.327451
0.335294
0.362745
0.358824
0.358824
0.370588
0.362745
0.362745
0.331373
-0.076471
-0.154902
-0.135294
-0.213725
-0.174510
-0.135294
-0.049020
0.190196
0.398039
0.366667
0.347059
0.382353
0.374510
0.354902
0.339216
-0.245098
-0.366667
-0.264706
-0.096078
-0.103922
-0.123529
-0.107843
-0.072549
-0.080392
-0.076471
0.115686
0.292157
0.347059
0.339216
0.256863
-0.311765
-0.335294
-0.366667
-0.135294
-0.060784
-0.056863
-0.049020
-0.041176
-0.056863
-0.041176
-0.013725
0.088235
0.052941
0.084314
0.170588
-0.327451
-0.327451
-0.358824
-0.307843
-0.045098
-0.052941
-0.072549
-0.060784
-0.076471
-0.072549
-0.060784
-0.029412
0.005882
0.037255
0.029412
0.056863
0.084314
-0.143137
-0.311765
-0.135294
-0.021569
-0.060784
-0.056863
-0.049020
-0.068627
-0.076471
-0.045098
-0.029412
-0.025490
0.005882
0.009804
-0.013725
-0.021569
-0.107843
-0.150980
0.358824
0.382353
0.358824
0.335294
0.370588
0.182353
-0.249020
-0.366667
-0.311765
-0.354902
-0.362745
-0.354902
-0.374510
-0.366667
-0.378431
-0.366667
0.327451
0.339216
0.394118
0.143137
-0.284314
-0.354902
-0.319608
-0.366667
-0.374510
-0.362745
-0.366667
-0.374510
-0.362745
-0.394118
-0.347059
-0.378431
0.150980
0.143137
-0.272549
-0.374510
-0.323529
-0.378431
-0.386275
-0.358824
-0.374510
-0.354902
-0.386275
-0.378431
-0.358824
-0.350980
-0.241176
0.272549
-0.354902
-0.366667
-0.327451
-0.366667
-0.350980
-0.378431
-0.378431
-0.382353
-0.382353
-0.366667
-0.378431
-0.354902
-0.323529
0.092157
0.354902
0.335294
-0.331373
-0.378431
-0.362745
-0.386275
-0.350980
-0.390196
-0.378431
-0.362745
-0.362745
-0.366667
-0.386275
-0.115686
0.339216
0.339216
0.362745
0.319608
-0.311765
-0.374510
-0.374510
-0.382353
-0.382353
-0.366667
-0.382353
-0.378431
-0.374510
-0.249020
0.217647
0.386275
0.307843
0.347059
0.339216
0.362745
-0.194118
-0.339216
-0.386275
-0.350980
-0.390196
-0.386275
-0.354902
-0.347059
0.025490
0.366667
0.315686
0.331373
0.343137
0.362745
0.343137
0.362745
-0.276471
-0.256863
-0.390196
-0.358824
-0.350980
-0.378431
-0.139216
0.311765
0.343137
0.358824
0.319608
0.374510
0.354902
0.358824
0.362745
0.354902
-0.327451
-0.347059
-0.374510
-0.382353
-0.307843
0.174510
0.354902
0.307843
0.386275
0.339216
0.354902
0.327451
0.354902
0.370588
0.339216
0.327451
-0.190196
-0.323529
-0.060784
-0.143137
0.292157
0.315686
0.343137
0.335294
0.394118
0.343137
0.354902
0.347059
0.331373
0.335294
0.366667
0.280392
-0.182353
-0.123529
-0.225490
-0.198039
-0.158824
-0.041176
0.162745
0.319608
0.358824
0.358824
0.366667
0.366667
0.362745
0.362745
0.131373
-0.347059
-0.307843
-0.076471
-0.123529
-0.127451
-0.123529
-0.041176
-0.080392
-0.072549
0.092157
0.315686
0.343137
0.358824
0.366667
-0.060784
-0.354902
-0.347059
-0.225490
-0.060784
-0.080392
-0.068627
-0.056863
-0.072549
-0.045098
-0.013725
0.060784
0.029412
0.068627
0.252941
-0.264706
-0.327451
-0.362745
-0.358824
-0.072549
-0.056863
-0.080392
-0.021569
-0.068627
-0.100000
-0.076471
-0.045098
0.001961
0.076471
0.049020
0.103922
0.107843
-0.170588
-0.339216
-0.374510
-0.049020
-0.025490
-0.060784
-0.021569
-0.076471
-0.045098
-0.045098
-0.045098
-0.029412
0.009804
-0.025490
-0.021569
-0.025490
-0.068627
-0.123529
-0.221569
-0.013725
-0.052941
-0.049020
-0.068627
-0.041176
-0.029412
-0.045098
-0.041176
-0.017647
0.001961
-0.056863
-0.045098
-0.045098
-0.111765
-0.158824
-0.201961
0.358824
0.362745
0.237255
-0.123529
-0.366667
-0.307843
-0.327451
-0.401961
-0.354902
-0.382353
-0.382353
-0.386275
-0.378431
-0.378431
-0.354902
-0.327451
0.198039
-0.225490
-0.378431
-0.347059
-0.362745
-0.401961
-0.362745
-0.382353
-0.374510
-0.378431
-0.386275
-0.378431
-0.350980
-0.378431
-0.056863
0.370588
-0.394118
-0.339216
-0.354902
-0.366667
-0.374510
-0.374510
-0.386275
-0.378431
-0.386275
-0.382353
-0.358824
-0.358824
-0.186275
0.300000
0.335294
0.339216
-0.374510
-0.362745
-0.378431
-0.362745
-0.347059
-0.366667
-0.382353
-0.350980
-0.382353
-0.354902
-0.303922
0.131373
0.382353
0.319608
0.358824
0.331373
-0.354902
-0.358824
-0.386275
-0.362745
-0.386275
-0.401961
-0.394118
-0.347059
-0.335294
-0.001961
0.354902
0.307843
0.319608
0.315686
0.358824
0.311765
-0.303922
-0.374510
-0.362745
-0.354902
-0.390196
-0.335294
-0.390196
-0.166667
0.276471
0.319608
0.327451
0.347059
0.335294
0.335294
0.362745
0.366667
-0.249020
-0.374510
-0.378431
-0.358824
-0.335294
-0.264706
0.162745
0.319608
0.331373
0.362745
0.354902
0.343137
0.339216
0.354902
0.354902
0.362745
-0.347059
-0.390196
-0.394118
-0.358824
0.049020
0.362745
0.292157
0.374510
0.347059
0.362745
0.339216
0.354902
0.339216
0.374510
0.366667
0.366667
-0.311765
-0.068627
-0.115686
0.190196
0.315686
0.315686
0.315686
0.382353
0.343137
0.347059
0.362745
0.339216
0.331373
0.335294
0.354902
-0.103922
-0.143137
-0.237255
-0.194118
-0.182353
-0.072549
0.107843
0.339216
0.335294
0.354902
0.366667
0.362745
0.343137
0.362745
0.307843
-0.268627
-0.339216
-0.107843
-0.088235
-0.080392
-0.123529
-0.076471
-0.068627
-0.072549
0.056863
0.307843
0.343137
0.343137
0.335294
0.131373
-0.358824
-0.323529
-0.366667
-0.068627
-0.076471
-0.052941
-0.052941
-0.084314
-0.033333
-0.029412
0.060784
0.005882
0.064706
0.245098
-0.088235
-0.354902
-0.354902
-0.354902
-0.374510
-0.025490
-0.068627
-0.041176
-0.056863
-0.100000
-0.080392
-0.052941
0.001961
0.084314
0.064706
0.064706
0.115686
-0.198039
-0.347059
-0.374510
-0.366667
-0.025490
-0.045098
-0.033333
-0.080392
-0.056863
-0.056863
-0.013725
-0.013725
0.005882
-0.033333
-0.017647
0.001961
-0.084314
-0.096078
-0.276471
-0.354902
-0.056863
-0.060784
-0.056863
-0.056863
-0.033333
-0.060784
-0.017647
0.001961
0.021569
-0.017647
-0.076471
-0.041176
-0.096078
-0.154902
-0.166667
-0.143137
-0.049020
-0.041176
-0.072549
-0.084314
-0.045098
-0.017647
-0.029412
-0.049020
-0.017647
-0.033333
-0.072549
-0.049020
-0.052941
-0.209804
-0.311765
-0.201961
-0.256863
-0.366667
-0.311765
-0.339216
-0.382353
-0.358824
-0.386275
-0.382353
-0.382353
-0.374510
-0.350980
-0.358824
-0.401961
-0.198039
0.272549
0.374510
-0.339216
-0.354902
-0.386275
-0.354902
-0.358824
-0.382353
-0.378431
-0.390196
-0.386275
-0.362745
-0.362745
-0.280392
0.162745
0.362745
0.315686
0.335294
-0.366667
-0.350980
-0.394118
-0.374510
-0.386275
-0.386275
-0.335294
-0.362745
-0.350980
-0.331373
0.080392
0.370588
0.292157
0.362745
0.362745
0.370588
-0.378431
-0.366667
-0.390196
-0.386275
-0.405882
-0.409804
-0.378431
-0.382353
-0.033333
0.354902
0.339216
0.343137
0.358824
0.347059
0.331373
0.358824
-0.350980
-0.350980
-0.366667
-0.386275
-0.347059
-0.409804
-0.170588
0.292157
0.347059
0.339216
0.343137
0.331373
0.366667
0.347059
0.374510
0.335294
-0.358824
-0.382353
-0.358824
-0.358824
-0.256863
0.190196
0.354902
0.347059
0.362745
0.354902
0.347059
0.354902
0.354902
0.335294
0.374510
0.319608
-0.362745
-0.307843
-0.394118
0.076471
0.374510
0.288235
0.366667
0.339216
0.362745
0.339216
0.354902
0.358824
0.358824
0.354902
0.358824
0.284314
-0.154902
-0.088235
-0.025490
0.272549
0.358824
0.319608
0.358824
0.362745
0.374510
0.382353
0.362745
0.382353
0.335294
0.347059
0.033333
-0.382353
-0.190196
-0.194118
-0.170588
-0.143137
-0.088235
0.209804
0.339216
0.347059
0.347059
0.382353
0.366667
0.354902
0.390196
-0.174510
-0.331373
-0.350980
-0.084314
-0.080392
-0.084314
-0.068627
-0.025490
-0.033333
-0.013725
0.221569
0.358824
0.374510
0.319608
0.233333
-0.339216
-0.347059
-0.374510
-0.358824
-0.068627
-0.060784
-0.056863
-0.072549
-0.005882
-0.021569
0.068627
0.041176
0.049020
0.201961
0.001961
-0.390196
-0.311765
-0.350980
-0.358824
-0.366667
-0.096078
-0.076471
-0.017647
-0.076471
-0.060784
-0.060784
-0.021569
0.052941
0.056863
0.084314
0.096078
-0.100000
-0.323529
-0.382353
-0.358824
-0.362745
-0.068627
-0.052941
-0.060784
-0.060784
-0.088235
-0.049020
0.001961
0.013725
-0.033333
-0.001961
-0.041176
-0.088235
-0.072549
-0.190196
-0.335294
-0.390196
-0.068627
-0.052941
-0.096078
-0.049020
-0.060784
-0.049020
-0.052941
-0.017647
-0.045098
-0.096078
-0.041176
-0.080392
-0.107843
-0.174510
-0.158824
-0.225490
-0.001961
-0.068627
-0.096078
-0.060784
-0.041176
-0.025490
-0.049020
-0.025490
-0.041176
-0.080392
-0.033333
-0.041176
-0.198039
-0.323529
-0.213725
-0.049020
-0.052941
-0.052941
-0.052941
-0.025490
-0.052941
-0.013725
-0.060784
-0.041176
-0.041176
-0.072549
-0.041176
-0.115686
-0.237255
-0.131373
0.084314
0.029412
-0.386275
-0.413725
-0.401961
-0.362745
-0.362745
-0.378431
-0.378431
-0.378431
-0.347059
-0.335294
-0.362745
-0.143137
0.272549
0.362745
0.339216
0.335294
-0.350980
-0.390196
-0.390196
-0.374510
-0.382353
-0.362745
-0.386275
-0.358824
-0.378431
-0.221569
0.272549
0.354902
0.335294
0.343137
0.362745
0.339216
-0.362745
-0.378431
-0.366667
-0.366667
-0.394118
-0.358824
-0.405882
-0.256863
0.174510
0.354902
0.300000
0.358824
0.366667
0.343137
0.339216
0.343137
-0.394118
-0.362745
-0.378431
-0.354902
-0.390196
-0.323529
0.135294
0.370588
0.315686
0.358824
0.311765
0.374510
0.358824
0.347059
0.362745
0.354902
-0.378431
-0.374510
-0.347059
-0.347059
0.025490
0.300000
0.327451
0.347059
0.354902
0.339216
0.343137
0.347059
0.358824
0.354902
0.347059
0.319608
-0.272549
-0.350980
-0.076471
0.331373
0.311765
0.331373
0.354902
0.315686
0.354902
0.339216
0.362745
0.362745
0.358824
0.358824
0.390196
0.096078
-0.096078
-0.068627
0.147059
0.303922
0.343137
0.339216
0.358824
0.343137
0.354902
0.374510
0.354902
0.370588
0.343137
0.319608
-0.174510
-0.339216
-0.201961
-0.209804
-0.150980
-0.158824
0.111765
0.354902
0.370588
0.343137
0.374510
0.347059
0.335294
0.398039
0.139216
-0.354902
-0.327451
-0.362745
-0.052941
-0.060784
-0.056863
-0.052941
-0.045098
-0.060784
0.135294
0.335294
0.374510
0.366667
0.315686
-0.158824
-0.350980
-0.331373
-0.350980
-0.366667
-0.072549
-0.080392
-0.088235
-0.013725
-0.021569
0.052941
0.064706
0.025490
0.170588
0.139216
-0.335294
-0.323529
-0.386275
-0.354902
-0.378431
-0.362745
-0.049020
-0.029412
-0.076471
-0.060784
-0.049020
-0.049020
0.005882
0.068627
0.076471
0.107843
-0.045098
-0.350980
-0.358824
-0.354902
-0.358824
-0.366667
-0.029412
-0.045098
-0.068627
-0.080392
-0.068627
-0.029412
0.001961
-0.041176
-0.021569
-0.005882
-0.076471
-0.052941
-0.166667
-0.350980
-0.362745
-0.347059
-0.041176
-0.080392
-0.029412
-0.060784
-0.045098
-0.013725
-0.005882
-0.021569
-0.076471
-0.045098
-0.084314
-0.100000
-0.131373
-0.182353
-0.245098
-0.331373
-0.060784
-0.045098
-0.088235
-0.001961
0.001961
-0.052941
-0.076471
-0.033333
-0.072549
-0.049020
-0.049020
-0.135294
-0.300000
-0.268627
-0.170588
0.111765
-0.049020
-0.052941
-0.049020
-0.025490
-0.033333
-0.049020
-0.072549
-0.033333
-0.049020
-0.052941
-0.080392
-0.209804
-0.186275
0.041176
0.111765
-0.225490
-0.033333
-0.029412
-0.056863
-0.025490
-0.052941
-0.060784
-0.049020
-0.084314
-0.080392
-0.139216
-0.025490
0.084314
0.029412
-0.017647
-0.096078
-0.198039
-0.378431
-0.382353
-0.405882
-0.362745
-0.366667
-0.374510
-0.366667
-0.366667
-0.323529
0.029412
0.354902
0.343137
0.331373
0.339216
0.327451
0.386275
-0.374510
-0.405882
-0.378431
-0.362745
-0.382353
-0.382353
-0.350980
0.025490
0.331373
0.343137
0.335294
0.354902
0.347059
0.366667
0.327451
0.339216
-0.362745
-0.401961
-0.374510
-0.362745
-0.350980
-0.005882
0.347059
0.366667
0.331373
0.354902
0.335294
0.358824
0.347059
0.358824
0.354902
0.358824
-0.382353
-0.378431
-0.366667
-0.068627
0.307843
0.339216
0.315686
0.343137
0.339216
0.339216
0.347059
0.370588
0.362745
0.343137
0.358824
0.335294
-0.311765
-0.080392
0.300000
0.354902
0.315686
0.354902
0.390196
0.354902
0.370588
0.358824
0.374510
0.335294
0.374510
0.335294
0.300000
-0.201961
-0.068627
0.033333
0.260784
0.362745
0.343137
0.366667
0.347059
0.343137
0.386275
0.343137
0.358824
0.358824
0.358824
0.068627
-0.350980
-0.327451
-0.174510
-0.158824
-0.166667
-0.049020
0.237255
0.362745
0.354902
0.370588
0.343137
0.358824
0.358824
0.315686
-0.201961
-0.327451
-0.331373
-0.354902
-0.049020
-0.041176
-0.033333
0.001961
-0.076471
0.056863
0.292157
0.374510
0.354902
0.374510
0.005882
-0.386275
-0.307843
-0.374510
-0.394118
-0.382353
-0.072549
-0.080392
-0.025490
-0.041176
0.005882
0.131373
0.005882
0.096078
0.229412
-0.229412
-0.307843
-0.354902
-0.354902
-0.374510
-0.382353
-0.386275
-0.025490
-0.080392
-0.056863
-0.045098
-0.041176
0.009804
0.052941
0.033333
0.131373
0.049020
-0.323529
-0.350980
-0.378431
-0.386275
-0.386275
-0.362745
-0.052941
-0.076471
-0.049020
-0.068627
-0.041176
-0.021569
0.001961
-0.001961
-0.017647
-0.021569
-0.041176
-0.182353
-0.362745
-0.366667
-0.366667
-0.362745
-0.084314
-0.033333
-0.052941
-0.052941
-0.005882
-0.017647
-0.025490
-0.068627
-0.033333
-0.060784
-0.068627
-0.139216
-0.158824
-0.252941
-0.347059
-0.378431
-0.068627
-0.068627
-0.025490
-0.025490
-0.029412
-0.080392
-0.045098
-0.041176
-0.033333
-0.056863
-0.115686
-0.319608
-0.268627
-0.170588
0.119608
-0.194118
-0.033333
-0.056863
-0.033333
0.013725
-0.045098
-0.056863
-0.060784
-0.111765
-0.052941
-0.052941
-0.194118
-0.237255
-0.045098
0.119608
-0.174510
-0.229412
-0.033333
-0.076471
-0.041176
-0.045098
-0.041176
-0.021569
-0.084314
-0.084314
-0.135294
-0.045098
0.056863
0.076471
-0.021569
-0.049020
-0.182353
-0.201961
-0.033333
-0.001961
-0.033333
-0.017647
-0.049020
-0.115686
-0.150980
0.009804
0.060784
0.001961
-0.033333
0.037255
0.021569
-0.127451
-0.217647
-0.107843
-0.401961
-0.382353
-0.366667
-0.390196
-0.374510
-0.390196
-0.143137
0.245098
0.343137
0.315686
0.347059
0.339216
0.347059
0.354902
0.358824
0.382353
-0.358824
-0.382353
-0.362745
-0.382353
-0.150980
0.225490
0.366667
0.327451
0.331373
0.343137
0.339216
0.311765
0.370588
0.354902
0.335294
0.354902
-0.386275
-0.362745
-0.174510
0.233333
0.358824
0.327451
0.339216
0.362745
0.343137
0.315686
0.366667
0.382353
0.331373
0.382353
0.343137
0.300000
-0.217647
0.256863
0.382353
0.303922
0.319608
0.343137
0.370588
0.382353
0.362745
0.374510
0.362745
0.343137
0.335294
0.339216
0.064706
-0.354902
-0.088235
0.088235
0.339216
0.339216
0.362745
0.382353
0.366667
0.382353
0.374510
0.366667
0.370588
0.339216
0.272549
-0.198039
-0.319608
-0.354902
-0.174510
-0.135294
-0.166667
0.103922
0.319608
0.366667
0.347059
0.382353
0.362745
0.339216
0.382353
0.021569
-0.362745
-0.311765
-0.347059
-0.354902
-0.041176
-0.052941
-0.041176
-0.025490
-0.021569
0.190196
0.358824
0.343137
0.370588
0.237255
-0.217647
-0.347059
-0.323529
-0.354902
-0.358824
-0.366667
-0.084314
-0.052941
-0.045098
0.001961
0.103922
0.033333
0.084314
0.260784
-0.115686
-0.339216
-0.303922
-0.382353
-0.374510
-0.394118
-0.374510
-0.382353
-0.080392
-0.056863
-0.045098
-0.052941
0.033333
0.025490
0.029412
0.123529
0.096078
-0.249020
-0.374510
-0.378431
-0.366667
-0.354902
-0.358824
-0.358824
-0.056863
-0.060784
-0.068627
-0.045098
-0.021569
0.009804
-0.021569
-0.033333
0.005882
-0.041176
-0.158824
-0.339216
-0.366667
-0.374510
-0.339216
-0.358824
-0.068627
-0.068627
-0.052941
-0.017647
-0.029412
-0.001961
-0.029412
-0.049020
-0.076471
-0.056863
-0.139216
-0.143137
-0.256863
-0.331373
-0.374510
-0.245098
-0.049020
-0.033333
-0.045098
-0.001961
-0.052941
-0.025490
-0.060784
-0.080392
-0.052941
-0.068627
-0.319608
-0.296078
-0.186275
0.033333
-0.194118
0.256863
-0.076471
-0.021569
0.025490
-0.045098
-0.033333
-0.056863
-0.096078
-0.049020
-0.060784
-0.135294
-0.268627
-0.143137
0.088235
-0.045098
-0.217647
0.041176
-0.076471
-0.041176
-0.029412
-0.056863
0.001961
-0.103922
-0.100000
-0.088235
-0.056863
0.052941
0.076471
0.025490
-0.001961
-0.190196
-0.209804
0.001961
-0.021569
-0.025490
-0.021569
-0.060784
-0.123529
-0.162745
-0.041176
0.076471
0.037255
-0.021569
-0.001961
0.064706
-0.127451
-0.198039
-0.139216
-0.084314
0.001961
-0.005882
-0.041176
-0.135294
-0.072549
0.080392
-0.041176
-0.049020
0.021569
0.009804
0.064706
0.013725
-0.107843
-0.198039
-0.068627
0.001961
-0.394118
-0.358824
-0.374510
-0.280392
0.115686
0.370588
0.284314
0.327451
0.347059
0.358824
0.327451
0.366667
0.362745
0.343137
0.343137
0.354902
-0.350980
-0.237255
0.158824
0.366667
0.319608
0.354902
0.354902
0.358824
0.347059
0.327451
0.362745
0.374510
0.339216
0.347059
0.343137
0.205882
0.194118
0.366667
0.331373
0.319608
0.354902
0.370588
0.386275
0.366667
0.354902
0.358824
0.374510
0.370588
0.319608
0.311765
-0.115686
-0.386275
-0.029412
0.280392
0.354902
0.343137
0.370588
0.362745
0.362745
0.409804
0.331373
0.362745
0.315686
0.335294
0.103922
-0.350980
-0.347059
-0.354902
-0.139216
-0.194118
-0.021569
0.311765
0.354902
0.390196
0.354902
0.343137
0.335294
0.354902
0.225490
-0.225490
-0.350980
-0.354902
-0.394118
-0.394118
-0.068627
-0.029412
-0.013725
-0.060784
0.135294
0.343137
0.315686
0.343137
0.347059
-0.052941
-0.350980
-0.323529
-0.362745
-0.339216
-0.366667
-0.358824
-0.049020
-0.052941
-0.025490
0.084314
0.107843
0.037255
0.201961
0.139216
-0.284314
-0.323529
-0.347059
-0.339216
-0.358824
-0.362745
-0.354902
-0.374510
-0.056863
-0.049020
-0.060784
0.029412
0.025490
0.060784
0.107843
0.115686
-0.198039
-0.358824
-0.378431
-0.366667
-0.378431
-0.378431
-0.358824
-0.390196
-0.056863
-0.060784
-0.041176
-0.025490
0.009804
-0.001961
-0.025490
-0.001961
-0.049020
-0.103922
-0.319608
-0.382353
-0.366667
-0.405882
-0.366667
-0.382353
-0.072549
-0.052941
-0.005882
-0.025490
0.033333
-0.041176
-0.052941
-0.045098
-0.088235
-0.139216
-0.115686
-0.229412
-0.366667
-0.394118
-0.366667
0.107843
-0.049020
-0.033333
-0.013725
-0.052941
-0.056863
-0.056863
-0.072549
-0.045098
-0.056863
-0.292157
-0.300000
-0.143137
-0.123529
-0.127451
0.201961
0.339216
-0.021569
0.013725
-0.049020
-0.029412
-0.049020
-0.072549
-0.088235
-0.060784
-0.096078
-0.272549
-0.198039
-0.001961
0.096078
-0.276471
-0.123529
0.119608
-0.021569
-0.041176
-0.049020
-0.041176
-0.100000
-0.052941
-0.100000
-0.096078
0.009804
0.076471
0.052941
-0.005882
-0.170588
-0.209804
0.029412
-0.001961
-0.021569
0.001961
-0.068627
-0.080392
-0.170588
-0.076471
0.049020
0.049020
-0.029412
-0.005882
0.025490
-0.068627
-0.182353
-0.213725
-0.076471
-0.096078
-0.017647
-0.052941
-0.135294
-0.100000
0.080392
-0.021569
-0.060784
0.009804
-0.005882
0.056863
-0.013725
-0.115686
-0.170588
-0.103922
-0.017647
-0.103922
-0.049020
-0.096078
0.060784
0.013725
-0.068627
-0.052941
-0.029412
0.005882
0.060784
0.037255
0.001961
-0.060784
-0.209804
-0.045098
-0.025490
-0.131373
-0.296078
0.131373
0.382353
0.331373
0.362745
0.347059
0.354902
0.339216
0.370588
0.354902
0.370588
0.339216
0.331373
0.335294
0.354902
-0.017647
0.374510
0.315686
0.354902
0.382353
0.319608
0.354902
0.354902
0.343137
0.362745
0.347059
0.370588
0.354902
0.374510
0.143137
-0.303922
-0.347059
0.201961
0.347059
0.335294
0.362745
0.347059
0.339216
0.354902
0.347059
0.374510
0.374510
0.358824
0.256863
-0.213725
-0.366667
-0.339216
-0.350980
-0.139216
-0.096078
0.205882
0.370588
0.370588
0.354902
0.370588
0.327451
0.362745
0.339216
-0.041176
-0.362745
-0.323529
-0.358824
-0.374510
-0.366667
-0.033333
-0.013725
-0.013725
0.068627
0.311765
0.366667
0.331373
0.335294
0.103922
-0.323529
-0.327451
-0.335294
-0.347059
-0.374510
-0.354902
-0.390196
-0.049020
-0.052941
0.056863
0.119608
0.033333
0.143137
0.221569
-0.237255
-0.323529
-0.327451
-0.374510
-0.354902
-0.382353
-0.378431
-0.358824
-0.366667
-0.025490
-0.049020
-0.001961
-0.001961
0.049020
0.060784
0.135294
-0.088235
-0.366667
-0.374510
-0.386275
-0.382353
-0.366667
-0.378431
-0.390196
-0.366667
-0.068627
-0.045098
-0.021569
-0.013725
-0.029412
-0.033333
0.001961
-0.052941
-0.103922
-0.311765
-0.350980
-0.366667
-0.405882
-0.394118
-0.366667
-0.303922
-0.049020
-0.001961
-0.033333
0.021569
-0.041176
-0.052941
-0.041176
-0.056863
-0.154902
-0.123529
-0.252941
-0.366667
-0.358824
-0.366667
-0.107843
0.354902
-0.021569
-0.017647
-0.056863
-0.045098
-0.045098
-0.049020
-0.029412
-0.068627
-0.241176
-0.284314
-0.166667
-0.150980
-0.072549
0.076471
0.343137
0.358824
0.001961
-0.045098
-0.025490
-0.049020
-0.056863
-0.088235
-0.056863
-0.072549
-0.292157
-0.241176
-0.049020
0.139216
-0.249020
-0.170588
0.162745
0.327451
-0.041176
-0.056863
-0.029412
-0.100000
-0.060784
-0.107843
-0.111765
-0.021569
0.052941
0.076471
0.001961
-0.182353
-0.190196
0.025490
0.021569
-0.068627
0.001961
-0.060784
-0.088235
-0.150980
-0.068627
0.052941
0.068627
-0.025490
-0.001961
0.001961
-0.017647
-0.170588
-0.194118
-0.056863
-0.076471
-0.107843
-0.041176
-0.135294
-0.103922
0.080392
-0.025490
-0.072549
-0.013725
-0.017647
0.037255
0.025490
-0.103922
-0.194118
-0.123529
0.009804
-0.088235
-0.060784
-0.103922
0.060784
0.021569
-0.068627
-0.052941
-0.033333
-0.001961
0.056863
0.056863
-0.001961
-0.076471
-0.198039
-0.021569
-0.045098
-0.115686
-0.100000
0.076471
-0.060784
-0.045098
-0.049020
-0.021569
0.005882
0.080392
0.064706
0.060784
0.001961
-0.107843
-0.170588
-0.056863
-0.076471
-0.080392
-0.076471
0.335294
0.307843
0.390196
0.319608
0.343137
0.347059
0.343137
0.339216
0.370588
0.354902
0.366667
0.339216
0.327451
-0.080392
-0.378431
-0.300000
0.311765
0.354902
0.339216
0.343137
0.311765
0.386275
0.335294
0.347059
0.366667
0.335294
0.343137
0.049020
-0.358824
-0.307843
-0.358824
-0.378431
-0.135294
0.096078
0.343137
0.343137
0.358824
0.374510
0.394118
0.343137
0.347059
0.158824
-0.264706
-0.350980
-0.347059
-0.366667
-0.354902
-0.390196
-0.029412
-0.033333
-0.041176
0.194118
0.347059
0.327451
0.386275
0.249020
-0.182353
-0.378431
-0.311765
-0.350980
-0.358824
-0.374510
-0.401961
-0.378431
-0.052941
0.009804
0.166667
0.107843
0.103922
0.237255
-0.115686
-0.354902
-0.296078
-0.358824
-0.331373
-0.378431
-0.390196
-0.401961
-0.366667
-0.374510
-0.068627
-0.052941
-0.005882
0.033333
0.041176
0.147059
0.013725
-0.323529
-0.358824
-0.374510
-0.382353
-0.374510
-0.394118
-0.390196
-0.350980
-0.366667
-0.021569
-0.017647
-0.041176
-0.017647
-0.013725
-0.029412
0.009804
-0.029412
-0.272549
-0.382353
-0.374510
-0.386275
-0.374510
-0.366667
-0.354902
0.021569
-0.013725
-0.013725
0.013725
-0.025490
-0.041176
-0.025490
-0.103922
-0.131373
-0.111765
-0.221569
-0.354902
-0.374510
-0.366667
-0.264706
0.284314
0.335294
-0.005882
-0.041176
-0.029412
-0.052941
-0.068627
-0.033333
-0.072549
-0.198039
-0.296078
-0.182353
-0.154902
-0.076471
-0.139216
0.354902
0.331373
0.331373
-0.013725
-0.060784
-0.029412
-0.052941
-0.088235
-0.060784
-0.072549
-0.296078
-0.284314
-0.107843
0.096078
-0.186275
-0.225490
0.131373
0.354902
0.339216
-0.068627
-0.033333
-0.103922
-0.096078
-0.103922
-0.107843
-0.017647
0.041176
0.103922
0.033333
-0.143137
-0.182353
-0.072549
0.068627
-0.033333
0.272549
-0.052941
-0.084314
-0.143137
-0.088235
0.060784
0.080392
-0.013725
-0.025490
0.013725
-0.005882
-0.166667
-0.209804
-0.068627
-0.056863
-0.123529
0.064706
-0.166667
-0.068627
0.060784
0.009804
-0.056863
-0.013725
0.009804
0.029412
0.013725
-0.111765
-0.182353
-0.162745
-0.025490
-0.072549
-0.080392
0.068627
0.052941
0.001961
-0.080392
-0.025490
-0.049020
-0.025490
0.056863
0.033333
-0.021569
-0.088235
-0.201961
-0.080392
-0.029412
-0.107843
-0.127451
0.103922
-0.052941
-0.068627
-0.045098
-0.041176
-0.013725
0.080392
0.068627
0.064706
0.029412
-0.084314
-0.194118
-0.033333
-0.096078
-0.084314
-0.111765
0.092157
-0.076471
-0.072549
-0.052941
0.009804
0.080392
0.060784
0.060784
0.025490
-0.025490
-0.158824
-0.103922
-0.068627
-0.115686
-0.084314
-0.033333
0.049020
0.358824
0.335294
0.343137
0.347059
0.362745
0.335294
0.327451
0.335294
0.327451
0.343137
0.264706
-0.127451
-0.374510
-0.311765
-0.362745
-0.382353
-0.076471
0.249020
0.347059
0.386275
0.327451
0.354902
0.358824
0.354902
0.311765
-0.060784
-0.358824
-0.335294
-0.382353
-0.374510
-0.354902
-0.339216
-0.033333
-0.033333
0.084314
0.303922
0.331373
0.366667
0.331373
-0.033333
-0.358824
-0.327451
-0.339216
-0.358824
-0.362745
-0.386275
-0.362745
-0.374510
0.001961
0.060784
0.107843
0.056863
0.229412
0.076471
-0.323529
-0.339216
-0.350980
-0.350980
-0.362745
-0.382353
-0.366667
-0.374510
-0.366667
-0.378431
-0.080392
0.013725
0.021569
0.052941
0.084314
0.076471
-0.241176
-0.362745
-0.358824
-0.382353
-0.378431
-0.378431
-0.374510
-0.374510
-0.350980
-0.339216
-0.025490
-0.041176
-0.033333
-0.001961
-0.013725
-0.005882
-0.025490
-0.209804
-0.366667
-0.378431
-0.366667
-0.413725
-0.378431
-0.350980
-0.296078
0.233333
-0.001961
-0.033333
-0.033333
-0.033333
-0.052941
-0.088235
-0.052941
-0.115686
-0.194118
-0.335294
-0.362745
-0.378431
-0.358824
-0.029412
0.386275
0.311765
-0.029412
-0.005882
-0.033333
-0.072549
-0.021569
-0.029412
-0.100000
-0.252941
-0.229412
-0.150980
-0.135294
-0.331373
0.225490
0.327451
0.362745
0.343137
-0.049020
-0.013725
-0.068627
-0.076471
-0.080392
-0.052941
-0.194118
-0.284314
-0.194118
0.037255
-0.029412
-0.221569
0.092157
0.358824
0.331373
0.339216
-0.025490
-0.076471
-0.084314
-0.103922
-0.143137
-0.025490
0.021569
0.096078
0.064706
-0.041176
-0.213725
-0.182353
0.158824
-0.001961
0.233333
0.354902
-0.100000
-0.170588
-0.111765
0.088235
0.068627
-0.001961
-0.013725
-0.033333
0.037255
-0.111765
-0.190196
-0.107843
-0.052941
-0.107843
0.021569
0.201961
-0.052941
0.084314
0.005882
-0.080392
-0.013725
0.041176
0.021569
0.009804
-0.088235
-0.166667
-0.221569
-0.056863
-0.068627
-0.123529
0.041176
-0.107843
-0.013725
-0.076471
-0.045098
-0.029412
-0.017647
0.033333
0.052941
0.001961
-0.068627
-0.158824
-0.139216
-0.005882
-0.103922
-0.123529
0.103922
-0.158824
-0.052941
-0.052941
-0.029412
-0.005882
0.056863
0.076471
0.049020
0.013725
-0.045098
-0.213725
-0.052941
-0.103922
-0.080392
-0.111765
0.080392
-0.139216
-0.096078
-0.072549
-0.033333
0.080392
0.052941
0.068627
0.021569
-0.001961
-0.139216
-0.131373
-0.072549
-0.127451
-0.084314
-0.041176
0.064706
-0.139216
-0.060784
-0.025490
0.041176
0.064706
0.056863
0.080392
0.029412
-0.013725
-0.170588
-0.072549
-0.045098
-0.084314
-0.072549
-0.123529
0.056863
-0.154902
0.080392
0.311765
0.370588
0.362745
0.358824
0.401961
0.319608
0.339216
0.147059
-0.264706
-0.323529
-0.366667
-0.382353
-0.354902
-0.366667
-0.362745
-0.017647
0.001961
0.201961
0.335294
0.358824
0.358824
0.147059
-0.237255
-0.366667
-0.327451
-0.366667
-0.331373
-0.378431
-0.374510
-0.358824
-0.366667
0.025490
0.103922
0.076471
0.119608
0.201961
-0.186275
-0.358824
-0.347059
-0.374510
-0.327451
-0.374510
-0.374510
-0.366667
-0.378431
-0.386275
-0.347059
-0.021569
0.001961
0.041176
0.064706
0.096078
-0.096078
-0.354902
-0.347059
-0.378431
-0.362745
-0.366667
-0.401961
-0.362745
-0.354902
-0.362745
-0.296078
-0.041176
-0.021569
-0.045098
-0.005882
-0.013725
-0.021569
-0.103922
-0.339216
-0.366667
-0.366667
-0.386275
-0.394118
-0.358824
-0.386275
-0.052941
0.343137
-0.001961
-0.052941
-0.045098
-0.076471
-0.052941
-0.068627
-0.139216
-0.139216
-0.292157
-0.378431
-0.366667
-0.350980
-0.272549
0.225490
0.335294
0.315686
-0.013725
-0.021569
-0.052941
-0.041176
-0.045098
-0.060784
-0.201961
-0.280392
-0.190196
-0.194118
-0.280392
-0.045098
0.339216
0.327451
0.354902
0.327451
-0.013725
-0.056863
-0.068627
-0.056863
-0.056863
-0.123529
-0.311765
-0.264706
-0.080392
0.076471
-0.186275
0.025490
0.327451
0.315686
0.347059
0.335294
-0.060784
-0.096078
-0.107843
-0.131373
-0.060784
0.041176
0.107843
0.080392
0.052941
-0.209804
-0.213725
0.162745
-0.017647
0.217647
0.370588
0.335294
-0.170588
-0.100000
0.103922
0.103922
0.001961
-0.049020
-0.029412
0.025490
-0.072549
-0.174510
-0.162745
-0.017647
-0.076471
-0.068627
0.166667
0.335294
0.096078
0.013725
-0.080392
-0.049020
0.049020
0.029412
0.041176
-0.052941
-0.158824
-0.201961
-0.068627
-0.068627
-0.139216
-0.025490
-0.096078
0.150980
-0.076471
-0.049020
-0.013725
-0.033333
0.025490
0.080392
0.076471
-0.029412
-0.143137
-0.150980
-0.056863
-0.072549
-0.143137
0.021569
-0.143137
-0.060784
-0.076471
-0.041176
-0.041176
0.049020
0.060784
0.052941
-0.005882
-0.025490
-0.198039
-0.096078
-0.068627
-0.111765
-0.115686
0.021569
-0.143137
-0.162745
-0.076471
-0.056863
0.076471
0.060784
0.088235
0.037255
0.013725
-0.096078
-0.170588
-0.056863
-0.107843
-0.100000
-0.049020
0.029412
-0.135294
-0.131373
-0.025490
0.052941
0.064706
0.076471
0.049020
0.033333
-0.005882
-0.135294
-0.080392
-0.045098
-0.084314
-0.049020
-0.103922
0.068627
-0.143137
-0.115686
0.076471
0.084314
0.056863
0.080392
0.056863
0.021569
-0.021569
-0.154902
-0.045098
-0.049020
-0.056863
-0.052941
-0.096078
0.013725
-0.143137
-0.076471
