-0.300000
-0.354902
-0.366667
-0.362745
-0.366667
-0.378431
-0.386275
-0.378431
-0.366667
-0.378431
-0.390196
-0.390196
-0.390196
-0.386275
-0.386275
-0.386275
-0.158824
-0.135294
-0.170588
-0.245098
-0.307843
-0.354902
-0.374510
-0.374510
-0.374510
-0.378431
-0.382353
-0.378431
-0.386275
-0.386275
-0.390196
-0.390196
-0.358824
-0.323529
-0.264706
-0.186275
-0.115686
-0.131373
-0.209804
-0.339216
-0.374510
-0.382353
-0.378431
-0.382353
-0.386275
-0.386275
-0.382353
-0.374510
-0.374510
-0.374510
-0.374510
-0.374510
-0.366667
-0.323529
-0.241176
-0.088235
-0.150980
-0.209804
-0.280392
-0.339216
-0.366667
-0.374510
-0.374510
-0.382353
-0.378431
-0.378431
-0.386275
-0.390196
-0.386275
-0.374510
-0.366667
-0.358824
-0.296078
-0.241176
-0.166667
-0.107843
-0.123529
-0.194118
-0.276471
-0.366667
-0.386275
-0.382353
-0.378431
-0.378431
-0.390196
-0.394118
-0.390196
-0.394118
-0.374510
-0.378431
-0.390196
-0.378431
-0.319608
-0.221569
-0.143137
-0.115686
-0.386275
-0.390196
-0.401961
-0.401961
-0.394118
-0.382353
-0.378431
-0.382353
-0.382353
-0.386275
-0.382353
-0.382353
-0.386275
-0.390196
-0.382353
-0.311765
-0.386275
-0.390196
-0.390196
-0.390196
-0.386275
-0.390196
-0.401961
-0.390196
-0.386275
-0.390196
-0.386275
-0.374510
-0.366667
-0.378431
-0.382353
-0.378431
-0.382353
-0.390196
-0.394118
-0.386275
-0.374510
-0.378431
-0.390196
-0.386275
-0.394118
-0.394118
-0.390196
-0.382353
-0.374510
-0.382353
-0.390196
-0.378431
-0.382353
-0.382353
-0.378431
-0.374510
-0.378431
-0.382353
-0.382353
-0.386275
-0.390196
-0.386275
-0.394118
-0.401961
-0.394118
-0.382353
-0.374510
-0.374510
-0.401961
-0.394118
-0.386275
-0.374510
-0.366667
-0.386275
-0.394118
-0.374510
-0.374510
-0.378431
-0.378431
-0.374510
-0.378431
-0.378431
-0.378431
-0.378431
-0.378431
-0.382353
-0.386275
-0.382353
-0.374510
-0.386275
-0.401961
-0.386275
-0.374510
-0.378431
-0.382353
-0.378431
-0.366667
-0.362745
-0.347059
-0.331373
-0.366667
-0.354902
-0.362745
-0.374510
-0.378431
-0.382353
-0.354902
-0.374510
-0.347059
-0.292157
-0.229412
-0.182353
-0.131373
-0.103922
-0.111765
-0.139216
-0.154902
-0.170588
-0.170588
-0.182353
-0.194118
-0.170588
-0.100000
-0.127451
-0.107843
-0.150980
-0.229412
-0.307843
-0.350980
-0.362745
-0.362745
-0.358824
-0.088235
-0.096078
-0.123529
-0.174510
-0.213725
-0.209804
-0.174510
-0.150980
-0.194118
-0.237255
-0.268627
-0.292157
-0.327451
-0.358824
-0.386275
-0.382353
-0.347059
-0.362745
-0.374510
-0.390196
-0.401961
-0.390196
-0.366667
-0.331373
-0.311765
-0.276471
-0.229412
-0.190196
-0.162745
-0.154902
-0.182353
-0.201961
-0.378431
-0.386275
-0.390196
-0.354902
-0.276471
-0.217647
-0.127451
-0.158824
-0.284314
-0.358824
-0.386275
-0.382353
-0.378431
-0.386275
-0.390196
-0.378431
-0.382353
-0.386275
-0.374510
-0.378431
-0.394118
-0.386275
-0.350980
-0.241176
-0.135294
-0.127451
-0.166667
-0.252941
-0.339216
-0.382353
-0.390196
-0.378431
-0.378431
-0.378431
-0.390196
-0.405882
-0.394118
-0.382353
-0.390196
-0.374510
-0.362745
-0.331373
-0.272549
-0.182353
-0.127451
-0.150980
-0.217647
-0.323529
-0.378431
-0.386275
-0.390196
-0.386275
-0.378431
-0.378431
-0.382353
-0.378431
-0.374510
-0.366667
-0.382353
-0.382353
-0.339216
-0.252941
-0.162745
-0.115686
-0.382353
-0.382353
-0.378431
-0.366667
-0.366667
-0.378431
-0.362745
-0.386275
-0.390196
-0.386275
-0.382353
-0.378431
-0.374510
-0.378431
-0.378431
-0.362745
-0.401961
-0.401961
-0.390196
-0.378431
-0.382353
-0.390196
-0.386275
-0.417647
-0.401961
-0.390196
-0.382353
-0.374510
-0.366667
-0.378431
-0.386275
-0.378431
-0.382353
-0.378431
-0.374510
-0.374510
-0.374510
-0.374510
-0.378431
-0.386275
-0.386275
-0.386275
-0.382353
-0.378431
-0.366667
-0.378431
-0.386275
-0.366667
-0.386275
-0.382353
-0.366667
-0.366667
-0.386275
-0.401961
-0.378431
-0.374510
-0.378431
-0.382353
-0.386275
-0.390196
-0.382353
-0.366667
-0.354902
-0.401961
-0.378431
-0.382353
-0.378431
-0.366667
-0.382353
-0.390196
-0.378431
-0.394118
-0.390196
-0.390196
-0.394118
-0.386275
-0.378431
-0.366667
-0.358824
-0.354902
-0.378431
-0.382353
-0.390196
-0.390196
-0.394118
-0.366667
-0.386275
-0.374510
-0.362745
-0.358824
-0.366667
-0.366667
-0.362745
-0.354902
-0.347059
-0.339216
-0.249020
-0.272549
-0.303922
-0.347059
-0.350980
-0.296078
-0.331373
-0.268627
-0.264706
-0.225490
-0.170588
-0.131373
-0.100000
-0.080392
-0.080392
-0.131373
-0.103922
-0.033333
-0.029412
-0.060784
-0.100000
-0.084314
-0.033333
-0.107843
-0.143137
-0.229412
-0.303922
-0.358824
-0.382353
-0.390196
-0.378431
-0.374510
-0.213725
-0.276471
-0.307843
-0.331373
-0.335294
-0.303922
-0.252941
-0.186275
-0.174510
-0.170588
-0.209804
-0.268627
-0.311765
-0.362745
-0.386275
-0.362745
-0.382353
-0.362745
-0.366667
-0.378431
-0.382353
-0.378431
-0.366667
-0.362745
-0.362745
-0.347059
-0.292157
-0.229412
-0.174510
-0.162745
-0.166667
-0.209804
-0.390196
-0.394118
-0.405882
-0.401961
-0.386275
-0.382353
-0.382353
-0.390196
-0.390196
-0.390196
-0.366667
-0.366667
-0.386275
-0.386275
-0.354902
-0.311765
-0.362745
-0.378431
-0.394118
-0.394118
-0.382353
-0.374510
-0.378431
-0.378431
-0.374510
-0.374510
-0.390196
-0.401961
-0.401961
-0.390196
-0.390196
-0.366667
-0.382353
-0.366667
-0.374510
-0.390196
-0.394118
-0.386275
-0.382353
-0.382353
-0.354902
-0.358824
-0.362745
-0.303922
-0.190196
-0.123529
-0.139216
-0.256863
-0.382353
-0.390196
-0.386275
-0.374510
-0.374510
-0.378431
-0.378431
-0.382353
-0.390196
-0.386275
-0.382353
-0.390196
-0.401961
-0.350980
-0.256863
-0.123529
-0.378431
-0.382353
-0.386275
-0.386275
-0.382353
-0.390196
-0.390196
-0.378431
-0.386275
-0.382353
-0.378431
-0.374510
-0.362745
-0.366667
-0.378431
-0.354902
-0.386275
-0.394118
-0.386275
-0.366667
-0.366667
-0.382353
-0.394118
-0.386275
-0.394118
-0.390196
-0.390196
-0.382353
-0.382353
-0.378431
-0.386275
-0.362745
-0.386275
-0.374510
-0.374510
-0.382353
-0.386275
-0.378431
-0.358824
-0.386275
-0.390196
-0.394118
-0.390196
-0.386275
-0.378431
-0.374510
-0.382353
-0.374510
-0.394118
-0.390196
-0.382353
-0.374510
-0.374510
-0.382353
-0.378431
-0.394118
-0.386275
-0.382353
-0.382353
-0.386275
-0.386275
-0.386275
-0.378431
-0.382353
-0.378431
-0.366667
-0.366667
-0.374510
-0.382353
-0.382353
-0.378431
-0.386275
-0.390196
-0.382353
-0.386275
-0.382353
-0.386275
-0.386275
-0.386275
-0.405882
-0.311765
-0.354902
-0.378431
-0.386275
-0.390196
-0.382353
-0.386275
-0.378431
-0.374510
-0.382353
-0.386275
-0.386275
-0.366667
-0.339216
-0.323529
-0.327451
-0.170588
-0.131373
-0.131373
-0.174510
-0.229412
-0.229412
-0.201961
-0.186275
-0.158824
-0.150980
-0.127451
-0.107843
-0.103922
-0.103922
-0.107843
-0.143137
-0.127451
-0.115686
-0.131373
-0.154902
-0.166667
-0.158824
-0.107843
-0.135294
-0.194118
-0.256863
-0.331373
-0.382353
-0.401961
-0.390196
-0.374510
-0.394118
-0.350980
-0.358824
-0.366667
-0.366667
-0.374510
-0.366667
-0.350980
-0.272549
-0.217647
-0.190196
-0.182353
-0.217647
-0.264706
-0.311765
-0.350980
-0.362745
-0.378431
-0.382353
-0.394118
-0.401961
-0.405882
-0.394118
-0.386275
-0.374510
-0.386275
-0.378431
-0.339216
-0.280392
-0.225490
-0.190196
-0.190196
-0.198039
-0.382353
-0.374510
-0.374510
-0.386275
-0.390196
-0.386275
-0.374510
-0.386275
-0.386275
-0.386275
-0.378431
-0.390196
-0.401961
-0.386275
-0.350980
-0.339216
-0.382353
-0.386275
-0.382353
-0.382353
-0.382353
-0.386275
-0.394118
-0.390196
-0.378431
-0.374510
-0.378431
-0.378431
-0.378431
-0.382353
-0.378431
-0.386275
-0.390196
-0.378431
-0.374510
-0.386275
-0.386275
-0.386275
-0.390196
-0.366667
-0.382353
-0.386275
-0.394118
-0.390196
-0.390196
-0.386275
-0.378431
-0.362745
-0.378431
-0.378431
-0.378431
-0.378431
-0.386275
-0.401961
-0.394118
-0.362745
-0.382353
-0.382353
-0.386275
-0.390196
-0.390196
-0.378431
-0.378431
-0.394118
-0.390196
-0.378431
-0.374510
-0.378431
-0.382353
-0.401961
-0.401961
-0.378431
-0.382353
-0.386275
-0.378431
-0.374510
-0.366667
-0.366667
-0.382353
-0.358824
-0.386275
-0.386275
-0.386275
-0.386275
-0.386275
-0.382353
-0.374510
-0.386275
-0.386275
-0.386275
-0.386275
-0.386275
-0.386275
-0.386275
-0.394118
-0.386275
-0.394118
-0.401961
-0.394118
-0.386275
-0.378431
-0.378431
-0.366667
-0.366667
-0.374510
-0.374510
-0.382353
-0.390196
-0.390196
-0.366667
-0.358824
-0.378431
-0.390196
-0.390196
-0.382353
-0.366667
-0.374510
-0.382353
-0.390196
-0.382353
-0.390196
-0.382353
-0.378431
-0.374510
-0.382353
-0.386275
-0.390196
-0.378431
-0.358824
-0.374510
-0.378431
-0.378431
-0.382353
-0.382353
-0.386275
-0.386275
-0.386275
-0.382353
-0.386275
-0.390196
-0.386275
-0.374510
-0.354902
-0.374510
-0.209804
-0.237255
-0.280392
-0.339216
-0.382353
-0.378431
-0.362745
-0.378431
-0.374510
-0.378431
-0.374510
-0.366667
-0.354902
-0.347059
-0.335294
-0.319608
-0.135294
-0.068627
-0.049020
-0.076471
-0.123529
-0.127451
-0.088235
-0.150980
-0.123529
-0.107843
-0.103922
-0.100000
-0.103922
-0.107843
-0.111765
-0.127451
-0.229412
-0.249020
-0.280392
-0.300000
-0.296078
-0.256863
-0.194118
-0.139216
-0.182353
-0.249020
-0.323529
-0.382353
-0.405882
-0.386275
-0.358824
-0.374510
-0.374510
-0.354902
-0.358824
-0.358824
-0.374510
-0.378431
-0.366667
-0.331373
-0.264706
-0.209804
-0.166667
-0.166667
-0.213725
-0.280392
-0.350980
-0.358824
-0.386275
-0.390196
-0.394118
-0.401961
-0.401961
-0.394118
-0.382353
-0.362745
-0.362745
-0.378431
-0.366667
-0.327451
-0.264706
-0.190196
-0.150980
-0.194118
-0.401961
-0.401961
-0.394118
-0.382353
-0.378431
-0.382353
-0.386275
-0.362745
-0.374510
-0.374510
-0.362745
-0.362745
-0.386275
-0.394118
-0.382353
-0.280392
-0.366667
-0.382353
-0.382353
-0.378431
-0.378431
-0.386275
-0.382353
-0.390196
-0.378431
-0.378431
-0.382353
-0.386275
-0.386275
-0.386275
-0.386275
-0.374510
-0.374510
-0.378431
-0.386275
-0.390196
-0.382353
-0.374510
-0.366667
-0.374510
-0.386275
-0.394118
-0.394118
-0.390196
-0.386275
-0.382353
-0.374510
-0.378431
-0.394118
-0.386275
-0.374510
-0.374510
-0.378431
-0.378431
-0.366667
-0.374510
-0.378431
-0.378431
-0.382353
-0.390196
-0.382353
-0.374510
-0.382353
-0.429412
-0.386275
-0.394118
-0.394118
-0.394118
-0.386275
-0.374510
-0.362745
-0.382353
-0.366667
-0.362745
-0.366667
-0.374510
-0.378431
-0.374510
-0.358824
-0.374510
-0.378431
-0.366667
-0.378431
-0.394118
-0.401961
-0.378431
-0.358824
-0.374510
-0.378431
-0.382353
-0.366667
-0.362745
-0.366667
-0.350980
-0.296078
-0.249020
-0.390196
-0.390196
-0.382353
-0.374510
-0.374510
-0.382353
-0.390196
-0.401961
-0.382353
-0.374510
-0.382353
-0.382353
-0.374510
-0.366667
-0.362745
-0.374510
-0.362745
-0.378431
-0.382353
-0.378431
-0.378431
-0.382353
-0.386275
-0.386275
-0.401961
-0.401961
-0.382353
-0.374510
-0.378431
-0.378431
-0.366667
-0.386275
-0.268627
-0.300000
-0.327451
-0.354902
-0.378431
-0.378431
-0.366667
-0.366667
-0.362745
-0.366667
-0.382353
-0.394118
-0.394118
-0.394118
-0.386275
-0.374510
-0.213725
-0.162745
-0.135294
-0.166667
-0.245098
-0.307843
-0.327451
-0.335294
-0.335294
-0.331373
-0.339216
-0.350980
-0.354902
-0.347059
-0.331373
-0.311765
-0.135294
-0.111765
-0.100000
-0.107843
-0.127451
-0.127451
-0.096078
-0.045098
-0.088235
-0.111765
-0.127451
-0.115686
-0.111765
-0.123529
-0.135294
-0.131373
-0.378431
-0.378431
-0.382353
-0.390196
-0.382353
-0.366667
-0.335294
-0.229412
-0.186275
-0.198039
-0.249020
-0.327451
-0.386275
-0.386275
-0.358824
-0.378431
-0.378431
-0.362745
-0.358824
-0.358824
-0.374510
-0.386275
-0.386275
-0.386275
-0.347059
-0.280392
-0.221569
-0.170588
-0.174510
-0.241176
-0.319608
-0.362745
-0.362745
-0.374510
-0.378431
-0.382353
-0.382353
-0.386275
-0.382353
-0.386275
-0.374510
-0.386275
-0.394118
-0.382353
-0.327451
-0.249020
-0.186275
-0.154902
-0.374510
-0.382353
-0.390196
-0.386275
-0.378431
-0.382353
-0.386275
-0.382353
-0.374510
-0.386275
-0.382353
-0.378431
-0.382353
-0.382353
-0.378431
-0.335294
-0.382353
-0.386275
-0.382353
-0.386275
-0.382353
-0.386275
-0.386275
-0.401961
-0.401961
-0.390196
-0.386275
-0.386275
-0.382353
-0.386275
-0.390196
-0.374510
-0.386275
-0.382353
-0.382353
-0.382353
-0.382353
-0.378431
-0.366667
-0.362745
-0.366667
-0.374510
-0.378431
-0.382353
-0.382353
-0.382353
-0.374510
-0.386275
-0.382353
-0.362745
-0.366667
-0.378431
-0.382353
-0.386275
-0.382353
-0.378431
-0.382353
-0.382353
-0.390196
-0.390196
-0.390196
-0.382353
-0.378431
-0.386275
-0.390196
-0.401961
-0.401961
-0.386275
-0.386275
-0.394118
-0.390196
-0.386275
-0.386275
-0.374510
-0.366667
-0.366667
-0.378431
-0.378431
-0.374510
-0.374510
-0.390196
-0.401961
-0.405882
-0.405882
-0.382353
-0.362745
-0.382353
-0.374510
-0.386275
-0.394118
-0.390196
-0.378431
-0.366667
-0.350980
-0.303922
-0.268627
-0.374510
-0.366667
-0.358824
-0.362745
-0.366667
-0.347059
-0.300000
-0.284314
-0.276471
-0.225490
-0.182353
-0.143137
-0.131373
-0.143137
-0.190196
-0.268627
-0.241176
-0.209804
-0.182353
-0.174510
-0.174510
-0.190196
-0.217647
-0.284314
-0.272549
-0.280392
-0.323529
-0.366667
-0.390196
-0.394118
-0.390196
-0.358824
-0.225490
-0.194118
-0.221569
-0.296078
-0.350980
-0.362745
-0.350980
-0.378431
-0.374510
-0.366667
-0.366667
-0.374510
-0.382353
-0.394118
-0.401961
-0.390196
-0.166667
-0.135294
-0.076471
-0.041176
-0.076471
-0.182353
-0.276471
-0.256863
-0.268627
-0.280392
-0.296078
-0.307843
-0.307843
-0.307843
-0.307843
-0.347059
-0.245098
-0.229412
-0.229412
-0.229412
-0.209804
-0.166667
-0.131373
-0.049020
-0.068627
-0.100000
-0.127451
-0.139216
-0.135294
-0.127451
-0.111765
-0.107843
-0.374510
-0.374510
-0.374510
-0.374510
-0.374510
-0.374510
-0.374510
-0.292157
-0.229412
-0.174510
-0.186275
-0.252941
-0.331373
-0.382353
-0.401961
-0.394118
-0.378431
-0.378431
-0.378431
-0.378431
-0.378431
-0.378431
-0.378431
-0.354902
-0.386275
-0.378431
-0.296078
-0.190196
-0.154902
-0.201961
-0.276471
-0.347059
-0.378431
-0.378431
-0.378431
-0.378431
-0.378431
-0.378431
-0.378431
-0.401961
-0.382353
-0.378431
-0.394118
-0.401961
-0.350980
-0.256863
-0.174510
-0.143137
-0.382353
-0.382353
-0.382353
-0.382353
-0.382353
-0.382353
-0.382353
-0.390196
-0.382353
-0.374510
-0.366667
-0.366667
-0.374510
-0.382353
-0.386275
-0.350980
-0.382353
-0.382353
-0.382353
-0.382353
-0.382353
-0.382353
-0.382353
-0.366667
-0.378431
-0.382353
-0.382353
-0.378431
-0.374510
-0.378431
-0.378431
-0.405882
-0.386275
-0.386275
-0.386275
-0.386275
-0.386275
-0.386275
-0.386275
-0.374510
-0.378431
-0.386275
-0.386275
-0.382353
-0.378431
-0.382353
-0.386275
-0.358824
-0.386275
-0.386275
-0.386275
-0.386275
-0.386275
-0.386275
-0.386275
-0.378431
-0.374510
-0.374510
-0.374510
-0.378431
-0.378431
-0.378431
-0.374510
-0.390196
-0.390196
-0.390196
-0.390196
-0.390196
-0.390196
-0.390196
-0.390196
-0.390196
-0.390196
-0.386275
-0.386275
-0.382353
-0.382353
-0.382353
-0.382353
-0.374510
-0.374510
-0.374510
-0.374510
-0.378431
-0.382353
-0.386275
-0.390196
-0.382353
-0.382353
-0.386275
-0.382353
-0.374510
-0.354902
-0.339216
-0.331373
-0.276471
-0.362745
-0.358824
-0.350980
-0.331373
-0.311765
-0.296078
-0.280392
-0.245098
-0.225490
-0.194118
-0.166667
-0.150980
-0.150980
-0.154902
-0.162745
-0.213725
-0.166667
-0.170588
-0.174510
-0.190196
-0.201961
-0.221569
-0.229412
-0.300000
-0.319608
-0.347059
-0.374510
-0.390196
-0.394118
-0.390196
-0.386275
-0.386275
-0.366667
-0.374510
-0.378431
-0.382353
-0.382353
-0.382353
-0.378431
-0.374510
-0.374510
-0.374510
-0.378431
-0.382353
-0.390196
-0.401961
-0.405882
-0.405882
-0.382353
-0.386275
-0.386275
-0.386275
-0.386275
-0.382353
-0.378431
-0.382353
-0.382353
-0.382353
-0.382353
-0.382353
-0.386275
-0.386275
-0.390196
-0.405882
-0.362745
-0.354902
-0.339216
-0.339216
-0.347059
-0.327451
-0.296078
-0.162745
-0.088235
-0.107843
-0.158824
-0.182353
-0.154902
-0.131373
-0.135294
-0.100000
-0.366667
-0.362745
-0.366667
-0.362745
-0.362745
-0.378431
-0.394118
-0.374510
-0.331373
-0.252941
-0.166667
-0.182353
-0.284314
-0.362745
-0.374510
-0.390196
-0.374510
-0.378431
-0.378431
-0.382353
-0.382353
-0.378431
-0.366667
-0.374510
-0.362745
-0.386275
-0.366667
-0.280392
-0.186275
-0.182353
-0.241176
-0.327451
-0.362745
-0.366667
-0.374510
-0.378431
-0.382353
-0.386275
-0.386275
-0.378431
-0.382353
-0.378431
-0.390196
-0.409804
-0.394118
-0.327451
-0.245098
-0.162745
-0.394118
-0.390196
-0.386275
-0.382353
-0.378431
-0.378431
-0.374510
-0.394118
-0.394118
-0.386275
-0.378431
-0.374510
-0.378431
-0.382353
-0.390196
-0.378431
-0.390196
-0.390196
-0.386275
-0.382353
-0.382353
-0.378431
-0.378431
-0.394118
-0.386275
-0.390196
-0.386275
-0.382353
-0.374510
-0.374510
-0.366667
-0.366667
-0.386275
-0.386275
-0.390196
-0.390196
-0.390196
-0.390196
-0.390196
-0.386275
-0.382353
-0.386275
-0.386275
-0.386275
-0.382353
-0.382353
-0.386275
-0.401961
-0.390196
-0.390196
-0.390196
-0.390196
-0.386275
-0.386275
-0.386275
-0.382353
-0.378431
-0.374510
-0.374510
-0.378431
-0.378431
-0.378431
-0.378431
-0.378431
-0.386275
-0.386275
-0.390196
-0.394118
-0.401961
-0.405882
-0.409804
-0.386275
-0.386275
-0.386275
-0.382353
-0.382353
-0.378431
-0.378431
-0.378431
-0.358824
-0.378431
-0.382353
-0.382353
-0.382353
-0.378431
-0.378431
-0.374510
-0.362745
-0.362745
-0.374510
-0.378431
-0.374510
-0.366667
-0.354902
-0.347059
-0.319608
-0.249020
-0.249020
-0.237255
-0.229412
-0.221569
-0.217647
-0.217647
-0.217647
-0.194118
-0.186275
-0.166667
-0.158824
-0.162745
-0.182353
-0.190196
-0.186275
-0.264706
-0.280392
-0.307843
-0.331373
-0.335294
-0.339216
-0.347059
-0.319608
-0.331373
-0.358824
-0.382353
-0.394118
-0.394118
-0.390196
-0.382353
-0.394118
-0.374510
-0.374510
-0.374510
-0.374510
-0.378431
-0.378431
-0.378431
-0.382353
-0.382353
-0.382353
-0.382353
-0.382353
-0.390196
-0.394118
-0.401961
-0.394118
-0.390196
-0.390196
-0.394118
-0.401961
-0.394118
-0.390196
-0.390196
-0.386275
-0.382353
-0.382353
-0.382353
-0.378431
-0.382353
-0.378431
-0.382353
-0.394118
-0.386275
-0.382353
-0.378431
-0.378431
-0.386275
-0.390196
-0.394118
-0.382353
-0.382353
-0.382353
-0.382353
-0.378431
-0.378431
-0.382353
-0.382353
-0.394118
-0.378431
-0.374510
-0.386275
-0.394118
-0.390196
-0.382353
-0.378431
-0.374510
-0.374510
-0.378431
-0.382353
-0.386275
-0.382353
-0.378431
-0.374510
-0.382353
-0.401961
-0.386275
-0.366667
-0.362745
-0.378431
-0.390196
-0.394118
-0.358824
-0.378431
-0.382353
-0.390196
-0.378431
-0.331373
-0.229412
-0.158824
-0.249020
-0.382353
-0.386275
-0.390196
-0.390196
-0.382353
-0.374510
-0.382353
-0.382353
-0.386275
-0.378431
-0.366667
-0.386275
-0.386275
-0.378431
-0.347059
-0.225490
-0.386275
-0.382353
-0.382353
-0.382353
-0.374510
-0.366667
-0.374510
-0.390196
-0.390196
-0.386275
-0.386275
-0.382353
-0.378431
-0.382353
-0.378431
-0.382353
-0.386275
-0.382353
-0.386275
-0.382353
-0.382353
-0.382353
-0.378431
-0.374510
-0.390196
-0.386275
-0.394118
-0.394118
-0.394118
-0.390196
-0.390196
-0.354902
-0.382353
-0.382353
-0.386275
-0.382353
-0.382353
-0.386275
-0.382353
-0.401961
-0.394118
-0.386275
-0.390196
-0.386275
-0.382353
-0.378431
-0.378431
-0.401961
-0.382353
-0.382353
-0.382353
-0.386275
-0.386275
-0.390196
-0.382353
-0.405882
-0.401961
-0.390196
-0.386275
-0.382353
-0.382353
-0.382353
-0.378431
-0.390196
-0.358824
-0.366667
-0.374510
-0.378431
-0.382353
-0.382353
-0.382353
-0.394118
-0.374510
-0.378431
-0.378431
-0.374510
-0.378431
-0.374510
-0.374510
-0.401961
-0.347059
-0.335294
-0.331373
-0.327451
-0.319608
-0.323529
-0.323529
-0.347059
-0.335294
-0.331373
-0.331373
-0.331373
-0.319608
-0.307843
-0.296078
-0.296078
-0.174510
-0.190196
-0.201961
-0.209804
-0.198039
-0.198039
-0.186275
-0.194118
-0.201961
-0.190196
-0.194118
-0.194118
-0.198039
-0.213725
-0.241176
-0.245098
-0.382353
-0.382353
-0.382353
-0.382353
-0.386275
-0.386275
-0.386275
-0.386275
-0.354902
-0.362745
-0.382353
-0.394118
-0.401961
-0.394118
-0.386275
-0.374510
-0.374510
-0.378431
-0.386275
-0.390196
-0.390196
-0.394118
-0.390196
-0.374510
-0.378431
-0.378431
-0.378431
-0.378431
-0.378431
-0.390196
-0.394118
-0.386275
-0.386275
-0.386275
-0.386275
-0.382353
-0.378431
-0.378431
-0.386275
-0.382353
-0.382353
-0.382353
-0.378431
-0.378431
-0.378431
-0.378431
-0.386275
-0.394118
-0.378431
-0.382353
-0.378431
-0.374510
-0.386275
-0.394118
-0.390196
-0.382353
-0.382353
-0.382353
-0.378431
-0.378431
-0.378431
-0.382353
-0.386275
-0.394118
-0.386275
-0.386275
-0.386275
-0.386275
-0.386275
-0.386275
-0.386275
-0.374510
-0.374510
-0.378431
-0.382353
-0.382353
-0.378431
-0.374510
-0.378431
-0.378431
-0.378431
-0.390196
-0.390196
-0.390196
-0.390196
-0.390196
-0.390196
-0.374510
-0.374510
-0.378431
-0.378431
-0.382353
-0.390196
-0.394118
-0.390196
-0.382353
-0.382353
-0.386275
-0.386275
-0.386275
-0.386275
-0.386275
-0.386275
-0.378431
-0.378431
-0.382353
-0.382353
-0.386275
-0.390196
-0.390196
-0.386275
-0.386275
-0.386275
-0.382353
-0.378431
-0.374510
-0.374510
-0.378431
-0.378431
-0.382353
-0.382353
-0.378431
-0.378431
-0.386275
-0.382353
-0.378431
-0.374510
-0.374510
-0.390196
-0.382353
-0.378431
-0.374510
-0.378431
-0.382353
-0.386275
-0.362745
-0.382353
-0.394118
-0.394118
-0.401961
-0.401961
-0.390196
-0.374510
-0.382353
-0.390196
-0.382353
-0.378431
-0.378431
-0.386275
-0.394118
-0.401961
-0.386275
-0.394118
-0.390196
-0.390196
-0.386275
-0.378431
-0.366667
-0.366667
-0.366667
-0.386275
-0.386275
-0.386275
-0.386275
-0.382353
-0.382353
-0.382353
-0.386275
-0.394118
-0.390196
-0.386275
-0.386275
-0.386275
-0.386275
-0.390196
-0.386275
-0.386275
-0.382353
-0.382353
-0.378431
-0.374510
-0.374510
-0.374510
-0.394118
-0.390196
-0.378431
-0.378431
-0.374510
-0.366667
-0.366667
-0.362745
-0.374510
-0.213725
-0.217647
-0.225490
-0.237255
-0.245098
-0.252941
-0.256863
-0.276471
-0.284314
-0.292157
-0.296078
-0.303922
-0.307843
-0.303922
-0.300000
-0.347059
-0.296078
-0.292157
-0.280392
-0.272549
-0.264706
-0.256863
-0.252941
-0.256863
-0.256863
-0.249020
-0.229412
-0.217647
-0.209804
-0.209804
-0.217647
-0.217647
-0.374510
-0.374510
-0.374510
-0.374510
-0.374510
-0.374510
-0.374510
-0.386275
-0.374510
-0.358824
-0.366667
-0.386275
-0.394118
-0.394118
-0.382353
-0.394118
-0.378431
-0.382353
-0.382353
-0.386275
-0.390196
-0.390196
-0.390196
-0.378431
-0.374510
-0.374510
-0.374510
-0.366667
-0.366667
-0.378431
-0.386275
-0.394118
-0.382353
-0.382353
-0.382353
-0.382353
-0.386275
-0.386275
-0.386275
-0.386275
-0.382353
-0.386275
-0.390196
-0.386275
-0.390196
-0.394118
-0.401961
-0.382353
-0.390196
-0.386275
-0.386275
-0.382353
-0.382353
-0.382353
-0.378431
-0.390196
-0.390196
-0.390196
-0.390196
-0.386275
-0.386275
-0.394118
-0.401961
-0.366667
-0.378431
-0.378431
-0.378431
-0.378431
-0.378431
-0.378431
-0.378431
-0.382353
-0.382353
-0.386275
-0.390196
-0.390196
-0.386275
-0.382353
-0.386275
-0.378431
-0.382353
-0.382353
-0.382353
-0.382353
-0.382353
-0.382353
-0.382353
-0.378431
-0.378431
-0.382353
-0.382353
-0.386275
-0.394118
-0.401961
-0.394118
-0.382353
-0.382353
-0.382353
-0.382353
-0.382353
-0.382353
-0.382353
-0.382353
-0.382353
-0.382353
-0.386275
-0.386275
-0.390196
-0.394118
-0.394118
-0.390196
-0.386275
-0.382353
-0.382353
-0.382353
-0.382353
-0.382353
-0.382353
-0.382353
-0.378431
-0.382353
-0.382353
-0.386275
-0.390196
-0.394118
-0.394118
-0.390196
-0.382353
-0.382353
-0.382353
-0.382353
-0.382353
-0.382353
-0.382353
-0.382353
-0.390196
-0.390196
-0.390196
-0.390196
-0.390196
-0.394118
-0.394118
-0.382353
-0.374510
-0.378431
-0.382353
-0.382353
-0.378431
-0.374510
-0.374510
-0.374510
-0.390196
-0.390196
-0.394118
-0.394118
-0.386275
-0.382353
-0.374510
-0.374510
-0.378431
-0.386275
-0.394118
-0.386275
-0.386275
-0.382353
-0.378431
-0.378431
-0.394118
-0.390196
-0.378431
-0.374510
-0.386275
-0.390196
-0.390196
-0.382353
-0.390196
-0.307843
-0.327451
-0.335294
-0.339216
-0.354902
-0.362745
-0.362745
-0.366667
-0.386275
-0.386275
-0.382353
-0.374510
-0.362745
-0.362745
-0.362745
-0.405882
-0.198039
-0.201961
-0.198039
-0.186275
-0.166667
-0.158824
-0.154902
-0.182353
-0.198039
-0.209804
-0.221569
-0.241176
-0.252941
-0.256863
-0.256863
-0.327451
-0.358824
-0.358824
-0.347059
-0.347059
-0.358824
-0.374510
-0.378431
-0.335294
-0.335294
-0.327451
-0.303922
-0.280392
-0.264706
-0.252941
-0.252941
-0.217647
-0.390196
-0.382353
-0.382353
-0.382353
-0.378431
-0.378431
-0.382353
-0.394118
-0.390196
-0.374510
-0.366667
-0.378431
-0.386275
-0.386275
-0.374510
-0.378431
-0.382353
-0.378431
-0.378431
-0.382353
-0.382353
-0.382353
-0.386275
-0.378431
-0.374510
-0.374510
-0.378431
-0.378431
-0.382353
-0.386275
-0.401961
-0.386275
-0.374510
-0.382353
-0.382353
-0.382353
-0.378431
-0.378431
-0.382353
-0.382353
-0.378431
-0.382353
-0.386275
-0.386275
-0.390196
-0.394118
-0.401961
-0.394118
-0.378431
-0.382353
-0.382353
-0.386275
-0.390196
-0.386275
-0.382353
-0.378431
-0.386275
-0.386275
-0.386275
-0.386275
-0.386275
-0.390196
-0.394118
-0.390196
-0.386275
-0.386275
-0.386275
-0.390196
-0.390196
-0.401961
-0.405882
-0.374510
-0.378431
-0.378431
-0.386275
-0.390196
-0.386275
-0.386275
-0.386275
-0.382353
-0.382353
-0.382353
-0.382353
-0.386275
-0.386275
-0.390196
-0.394118
-0.378431
-0.378431
-0.374510
-0.378431
-0.374510
-0.382353
-0.382353
-0.382353
-0.382353
-0.390196
-0.386275
-0.386275
-0.382353
-0.382353
-0.378431
-0.378431
-0.382353
-0.382353
-0.386275
-0.386275
-0.390196
-0.394118
-0.390196
-0.386275
-0.386275
-0.386275
-0.382353
-0.378431
-0.378431
-0.378431
-0.374510
-0.374510
-0.378431
-0.382353
-0.382353
-0.386275
-0.390196
-0.394118
-0.390196
-0.386275
-0.390196
-0.390196
-0.386275
-0.382353
-0.382353
-0.378431
-0.378431
-0.382353
-0.390196
-0.390196
-0.390196
-0.390196
-0.390196
-0.394118
-0.386275
-0.378431
-0.378431
-0.382353
-0.382353
-0.386275
-0.386275
-0.382353
-0.386275
-0.386275
-0.390196
-0.386275
-0.382353
-0.382353
-0.382353
-0.382353
-0.382353
-0.386275
-0.390196
-0.382353
-0.382353
-0.382353
-0.382353
-0.382353
-0.386275
-0.386275
-0.374510
-0.378431
-0.382353
-0.382353
-0.382353
-0.378431
-0.378431
-0.378431
-0.386275
-0.198039
-0.213725
-0.237255
-0.252941
-0.272549
-0.292157
-0.307843
-0.347059
-0.354902
-0.362745
-0.366667
-0.362745
-0.366667
-0.374510
-0.378431
-0.350980
-0.335294
-0.311765
-0.292157
-0.280392
-0.264706
-0.237255
-0.213725
-0.166667
-0.182353
-0.174510
-0.182353
-0.194118
-0.217647
-0.241176
-0.249020
-0.276471
-0.382353
-0.390196
-0.401961
-0.386275
-0.378431
-0.382353
-0.390196
-0.382353
-0.362745
-0.366667
-0.358824
-0.335294
-0.300000
-0.276471
-0.264706
-0.245098
-0.386275
-0.382353
-0.378431
-0.374510
-0.378431
-0.378431
-0.382353
-0.390196
-0.394118
-0.382353
-0.374510
-0.374510
-0.382353
-0.386275
-0.382353
-0.374510
-0.382353
-0.382353
-0.382353
-0.382353
-0.386275
-0.386275
-0.390196
-0.382353
-0.378431
-0.374510
-0.378431
-0.378431
-0.382353
-0.386275
-0.394118
-0.390196
-0.386275
-0.382353
-0.382353
-0.386275
-0.386275
-0.386275
-0.386275
-0.382353
-0.382353
-0.382353
-0.386275
-0.386275
-0.390196
-0.394118
-0.401961
-0.405882
-0.405882
-0.390196
-0.378431
-0.378431
-0.382353
-0.390196
-0.390196
-0.382353
-0.382353
-0.386275
-0.386275
-0.386275
-0.386275
-0.390196
-0.394118
-0.401961
-0.394118
-0.386275
-0.378431
-0.378431
-0.378431
-0.378431
-0.378431
-0.390196
-0.378431
-0.378431
-0.382353
-0.390196
-0.390196
-0.386275
-0.386275
-0.390196
-0.378431
-0.382353
-0.382353
-0.386275
-0.386275
-0.390196
-0.394118
-0.386275
-0.378431
-0.378431
-0.378431
-0.378431
-0.378431
-0.382353
-0.382353
-0.386275
-0.374510
-0.378431
-0.382353
-0.382353
-0.386275
-0.390196
-0.394118
-0.382353
-0.382353
-0.386275
-0.386275
-0.390196
-0.394118
-0.394118
-0.390196
-0.382353
-0.382353
-0.386275
-0.390196
-0.390196
-0.390196
-0.390196
-0.394118
-0.378431
-0.382353
-0.382353
-0.386275
-0.390196
-0.394118
-0.394118
-0.390196
-0.386275
-0.378431
-0.378431
-0.378431
-0.382353
-0.378431
-0.378431
-0.378431
-0.378431
-0.382353
-0.382353
-0.386275
-0.394118
-0.390196
-0.386275
-0.382353
-0.390196
-0.378431
-0.374510
-0.374510
-0.378431
-0.382353
-0.382353
-0.382353
-0.401961
-0.390196
-0.386275
-0.386275
-0.386275
-0.386275
-0.390196
-0.394118
-0.390196
-0.378431
-0.378431
-0.374510
-0.382353
-0.386275
-0.390196
-0.390196
-0.394118
-0.401961
-0.394118
-0.390196
-0.390196
-0.382353
-0.378431
-0.382353
-0.374510
-0.374510
-0.366667
-0.374510
-0.378431
-0.386275
-0.386275
-0.386275
-0.382353
-0.386275
-0.390196
-0.386275
-0.382353
-0.374510
-0.378431
-0.386275
-0.401961
-0.386275
-0.386275
-0.378431
-0.382353
-0.386275
-0.382353
-0.378431
-0.378431
-0.374510
-0.366667
-0.374510
-0.366667
-0.374510
-0.378431
-0.382353
-0.386275
-0.382353
-0.382353
-0.378431
-0.382353
-0.390196
-0.390196
-0.382353
-0.374510
-0.362745
-0.362745
-0.374510
-0.358824
-0.331373
-0.296078
-0.276471
-0.201961
-0.386275
-0.386275
-0.386275
-0.386275
-0.382353
-0.382353
-0.382353
-0.382353
-0.390196
-0.390196
-0.386275
-0.386275
-0.390196
-0.390196
-0.390196
-0.390196
-0.382353
-0.386275
-0.386275
-0.386275
-0.386275
-0.382353
-0.382353
-0.405882
-0.390196
-0.382353
-0.378431
-0.382353
-0.382353
-0.386275
-0.394118
-0.390196
-0.378431
-0.386275
-0.390196
-0.386275
-0.382353
-0.382353
-0.386275
-0.382353
-0.382353
-0.382353
-0.382353
-0.386275
-0.386275
-0.390196
-0.394118
-0.401961
-0.378431
-0.378431
-0.378431
-0.382353
-0.382353
-0.378431
-0.378431
-0.386275
-0.382353
-0.382353
-0.386275
-0.386275
-0.386275
-0.386275
-0.390196
-0.394118
-0.386275
-0.386275
-0.390196
-0.390196
-0.382353
-0.378431
-0.378431
-0.382353
-0.382353
-0.378431
-0.378431
-0.386275
-0.390196
-0.386275
-0.386275
-0.386275
-0.382353
-0.386275
-0.390196
-0.386275
-0.382353
-0.382353
-0.386275
-0.390196
-0.382353
-0.378431
-0.378431
-0.378431
-0.378431
-0.378431
-0.382353
-0.382353
-0.390196
-0.390196
-0.390196
-0.386275
-0.378431
-0.382353
-0.382353
-0.386275
-0.382353
-0.382353
-0.386275
-0.386275
-0.390196
-0.394118
-0.390196
-0.386275
-0.378431
-0.378431
-0.378431
-0.378431
-0.378431
-0.382353
-0.382353
-0.386275
-0.378431
-0.382353
-0.382353
-0.386275
-0.390196
-0.394118
-0.390196
-0.386275
-0.378431
-0.382353
-0.382353
-0.390196
-0.394118
-0.386275
-0.386275
-0.378431
-0.378431
-0.382353
-0.382353
-0.390196
-0.390196
-0.386275
-0.382353
-0.386275
-0.382353
-0.386275
-0.390196
-0.390196
-0.394118
-0.394118
-0.390196
-0.390196
-0.394118
-0.386275
-0.386275
-0.386275
-0.386275
-0.386275
-0.390196
-0.390196
-0.382353
-0.378431
-0.378431
-0.378431
-0.382353
-0.386275
-0.386275
-0.401961
-0.401961
-0.390196
-0.390196
-0.386275
-0.378431
-0.378431
-0.378431
-0.378431
-0.382353
-0.378431
-0.378431
-0.378431
-0.382353
-0.386275
-0.382353
-0.394118
-0.401961
-0.394118
-0.386275
-0.378431
-0.366667
-0.378431
-0.382353
-0.390196
-0.358824
-0.362745
-0.362745
-0.374510
-0.378431
-0.382353
-0.382353
-0.374510
-0.366667
-0.366667
-0.366667
-0.366667
-0.374510
-0.378431
-0.382353
-0.378431
-0.123529
-0.131373
-0.154902
-0.170588
-0.182353
-0.194118
-0.198039
-0.292157
-0.300000
-0.307843
-0.331373
-0.350980
-0.362745
-0.378431
-0.390196
-0.374510
-0.347059
-0.339216
-0.323529
-0.300000
-0.268627
-0.249020
-0.245098
-0.174510
-0.162745
-0.150980
-0.131373
-0.115686
-0.103922
-0.084314
-0.088235
-0.135294
-0.386275
-0.382353
-0.386275
-0.386275
-0.382353
-0.382353
-0.382353
-0.390196
-0.394118
-0.386275
-0.386275
-0.390196
-0.390196
-0.401961
-0.405882
-0.390196
-0.382353
-0.382353
-0.378431
-0.382353
-0.386275
-0.382353
-0.386275
-0.386275
-0.382353
-0.382353
-0.382353
-0.386275
-0.386275
-0.390196
-0.390196
-0.401961
-0.386275
-0.382353
-0.378431
-0.382353
-0.382353
-0.382353
-0.378431
-0.378431
-0.382353
-0.378431
-0.378431
-0.378431
-0.374510
-0.374510
-0.378431
-0.386275
-0.386275
-0.382353
-0.386275
-0.390196
-0.386275
-0.382353
-0.378431
-0.382353
-0.382353
-0.382353
-0.378431
-0.382353
-0.390196
-0.390196
-0.386275
-0.386275
-0.382353
-0.382353
-0.382353
-0.386275
-0.386275
-0.382353
-0.386275
-0.390196
-0.386275
-0.382353
-0.378431
-0.378431
-0.378431
-0.378431
-0.382353
-0.382353
-0.378431
-0.382353
-0.382353
-0.386275
-0.382353
-0.382353
-0.382353
-0.386275
-0.386275
-0.382353
-0.386275
-0.386275
-0.390196
-0.394118
-0.394118
-0.390196
-0.394118
-0.390196
-0.386275
-0.382353
-0.378431
-0.382353
-0.382353
-0.386275
-0.382353
-0.382353
-0.382353
-0.386275
-0.390196
-0.394118
-0.394118
-0.390196
-0.394118
-0.394118
-0.394118
-0.390196
-0.394118
-0.390196
-0.386275
-0.382353
-0.378431
-0.382353
-0.382353
-0.386275
-0.390196
-0.390196
-0.386275
-0.386275
-0.382353
-0.386275
-0.386275
-0.394118
-0.401961
-0.394118
-0.390196
-0.390196
-0.394118
-0.390196
-0.386275
-0.386275
-0.386275
-0.386275
-0.390196
-0.390196
-0.382353
-0.386275
-0.386275
-0.390196
-0.401961
-0.401961
-0.390196
-0.394118
-0.401961
-0.394118
-0.390196
-0.390196
-0.382353
-0.378431
-0.378431
-0.378431
-0.378431
-0.382353
-0.382353
-0.378431
-0.374510
-0.366667
-0.366667
-0.390196
-0.401961
-0.401961
-0.390196
-0.382353
-0.374510
-0.374510
-0.382353
-0.386275
-0.194118
-0.225490
-0.272549
-0.307843
-0.331373
-0.347059
-0.354902
-0.401961
-0.390196
-0.386275
-0.378431
-0.378431
-0.382353
-0.386275
-0.386275
-0.374510
-0.237255
-0.194118
-0.158824
-0.131373
-0.115686
-0.107843
-0.111765
-0.182353
-0.209804
-0.249020
-0.296078
-0.335294
-0.358824
-0.374510
-0.366667
-0.366667
-0.378431
-0.386275
-0.394118
-0.386275
-0.362745
-0.335294
-0.323529
-0.264706
-0.237255
-0.190196
-0.150980
-0.115686
-0.088235
-0.084314
-0.107843
-0.135294
-0.382353
-0.374510
-0.374510
-0.374510
-0.374510
-0.378431
-0.382353
-0.378431
-0.382353
-0.386275
-0.390196
-0.386275
-0.378431
-0.366667
-0.350980
-0.319608
-0.374510
-0.374510
-0.374510
-0.374510
-0.374510
-0.374510
-0.382353
-0.409804
-0.386275
-0.378431
-0.378431
-0.374510
-0.366667
-0.378431
-0.386275
-0.405882
-0.386275
-0.382353
-0.378431
-0.378431
-0.382353
-0.382353
-0.378431
-0.378431
-0.378431
-0.382353
-0.382353
-0.382353
-0.378431
-0.378431
-0.378431
-0.378431
-0.386275
-0.382353
-0.382353
-0.386275
-0.386275
-0.382353
-0.378431
-0.382353
-0.386275
-0.382353
-0.378431
-0.374510
-0.378431
-0.378431
-0.374510
-0.401961
-0.382353
-0.382353
-0.382353
-0.382353
-0.386275
-0.382353
-0.382353
-0.390196
-0.390196
-0.386275
-0.386275
-0.386275
-0.390196
-0.390196
-0.390196
-0.382353
-0.386275
-0.382353
-0.386275
-0.382353
-0.382353
-0.382353
-0.378431
-0.382353
-0.386275
-0.378431
-0.378431
-0.378431
-0.374510
-0.374510
-0.378431
-0.394118
-0.390196
-0.394118
-0.390196
-0.390196
-0.386275
-0.390196
-0.394118
-0.386275
-0.386275
-0.386275
-0.382353
-0.382353
-0.382353
-0.386275
-0.390196
-0.382353
-0.386275
-0.386275
-0.382353
-0.382353
-0.382353
-0.382353
-0.378431
-0.386275
-0.382353
-0.382353
-0.382353
-0.382353
-0.386275
-0.390196
-0.386275
-0.386275
-0.378431
-0.386275
-0.382353
-0.382353
-0.386275
-0.386275
-0.386275
-0.386275
-0.386275
-0.386275
-0.382353
-0.386275
-0.386275
-0.386275
-0.386275
-0.394118
-0.386275
-0.378431
-0.374510
-0.378431
-0.390196
-0.394118
-0.386275
-0.386275
-0.390196
-0.390196
-0.390196
-0.394118
-0.394118
-0.390196
-0.390196
-0.374510
-0.323529
-0.339216
-0.354902
-0.378431
-0.394118
-0.386275
-0.378431
-0.366667
-0.390196
-0.401961
-0.401961
-0.394118
-0.394118
-0.394118
-0.401961
-0.382353
-0.131373
-0.131373
-0.135294
-0.182353
-0.245098
-0.280392
-0.331373
-0.347059
-0.366667
-0.362745
-0.366667
-0.374510
-0.382353
-0.390196
-0.401961
-0.386275
-0.358824
-0.331373
-0.300000
-0.256863
-0.213725
-0.170588
-0.123529
-0.084314
-0.139216
-0.182353
-0.229412
-0.280392
-0.323529
-0.350980
-0.358824
-0.362745
-0.382353
-0.378431
-0.382353
-0.382353
-0.374510
-0.362745
-0.354902
-0.311765
-0.296078
-0.252941
-0.201961
-0.150980
-0.103922
-0.088235
-0.107843
-0.143137
-0.378431
-0.374510
-0.374510
-0.374510
-0.374510
-0.374510
-0.378431
-0.374510
-0.382353
-0.390196
-0.401961
-0.401961
-0.386275
-0.374510
-0.347059
-0.300000
-0.378431
-0.378431
-0.378431
-0.378431
-0.378431
-0.374510
-0.374510
-0.378431
-0.358824
-0.358824
-0.374510
-0.378431
-0.378431
-0.390196
-0.401961
-0.386275
-0.382353
-0.378431
-0.378431
-0.378431
-0.382353
-0.378431
-0.374510
-0.378431
-0.382353
-0.386275
-0.386275
-0.386275
-0.382353
-0.386275
-0.378431
-0.386275
-0.378431
-0.374510
-0.374510
-0.378431
-0.382353
-0.378431
-0.382353
-0.382353
-0.382353
-0.378431
-0.382353
-0.386275
-0.382353
-0.382353
-0.386275
-0.405882
-0.382353
-0.382353
-0.386275
-0.386275
-0.382353
-0.382353
-0.382353
-0.390196
-0.390196
-0.386275
-0.386275
-0.386275
-0.390196
-0.390196
-0.390196
-0.378431
-0.401961
-0.405882
-0.405882
-0.394118
-0.390196
-0.386275
-0.386275
-0.382353
-0.386275
-0.378431
-0.378431
-0.378431
-0.374510
-0.374510
-0.378431
-0.401961
-0.386275
-0.386275
-0.386275
-0.390196
-0.390196
-0.394118
-0.394118
-0.386275
-0.386275
-0.386275
-0.382353
-0.382353
-0.382353
-0.386275
-0.390196
-0.394118
-0.382353
-0.386275
-0.394118
-0.390196
-0.386275
-0.390196
-0.390196
-0.390196
-0.386275
-0.390196
-0.390196
-0.386275
-0.386275
-0.386275
-0.378431
-0.378431
-0.382353
-0.378431
-0.382353
-0.378431
-0.374510
-0.374510
-0.366667
-0.386275
-0.386275
-0.386275
-0.386275
-0.394118
-0.401961
-0.405882
-0.405882
-0.382353
-0.390196
-0.386275
-0.378431
-0.378431
-0.382353
-0.390196
-0.394118
-0.394118
-0.394118
-0.386275
-0.382353
-0.386275
-0.390196
-0.390196
-0.394118
-0.386275
-0.166667
-0.221569
-0.272549
-0.327451
-0.358824
-0.354902
-0.354902
-0.374510
-0.390196
-0.394118
-0.390196
-0.382353
-0.382353
-0.382353
-0.386275
-0.394118
-0.252941
-0.198039
-0.154902
-0.135294
-0.150980
-0.174510
-0.213725
-0.303922
-0.347059
-0.362745
-0.386275
-0.394118
-0.390196
-0.382353
-0.374510
-0.382353
-0.362745
-0.382353
-0.386275
-0.362745
-0.319608
-0.268627
-0.221569
-0.103922
-0.135294
-0.150980
-0.182353
-0.229412
-0.296078
-0.350980
-0.378431
-0.390196
-0.382353
-0.378431
-0.378431
-0.382353
-0.382353
-0.386275
-0.390196
-0.335294
-0.327451
-0.296078
-0.252941
-0.194118
-0.135294
-0.103922
-0.111765
-0.170588
-0.382353
-0.382353
-0.390196
-0.390196
-0.386275
-0.382353
-0.378431
-0.358824
-0.366667
-0.378431
-0.386275
-0.390196
-0.382353
-0.366667
-0.347059
-0.256863
-0.374510
-0.378431
-0.382353
-0.382353
-0.390196
-0.390196
-0.382353
-0.390196
-0.374510
-0.374510
-0.382353
-0.378431
-0.366667
-0.374510
-0.374510
-0.390196
-0.378431
-0.378431
-0.378431
-0.382353
-0.390196
-0.394118
-0.401961
-0.378431
-0.378431
-0.378431
-0.374510
-0.378431
-0.378431
-0.386275
-0.382353
-0.394118
-0.386275
-0.386275
-0.382353
-0.382353
-0.378431
-0.374510
-0.362745
-0.394118
-0.390196
-0.382353
-0.382353
-0.382353
-0.378431
-0.382353
-0.386275
-0.390196
-0.386275
-0.386275
-0.382353
-0.382353
-0.386275
-0.390196
-0.390196
-0.382353
-0.374510
-0.378431
-0.378431
-0.401961
-0.421569
-0.405882
-0.362745
-0.362745
-0.378431
-0.386275
-0.386275
-0.382353
-0.378431
-0.374510
-0.374510
-0.394118
-0.390196
-0.382353
-0.382353
-0.386275
-0.374510
-0.339216
-0.292157
-0.229412
-0.386275
-0.386275
-0.386275
-0.386275
-0.386275
-0.386275
-0.386275
-0.386275
-0.386275
-0.382353
-0.382353
-0.382353
-0.382353
-0.386275
-0.390196
-0.390196
-0.382353
-0.386275
-0.382353
-0.382353
-0.382353
-0.390196
-0.390196
-0.386275
-0.386275
-0.390196
-0.386275
-0.386275
-0.386275
-0.382353
-0.378431
-0.378431
-0.390196
-0.386275
-0.382353
-0.382353
-0.378431
-0.378431
-0.378431
-0.386275
-0.386275
-0.386275
-0.390196
-0.394118
-0.401961
-0.405882
-0.390196
-0.382353
-0.280392
-0.311765
-0.354902
-0.374510
-0.362745
-0.358824
-0.358824
-0.394118
-0.390196
-0.386275
-0.378431
-0.378431
-0.382353
-0.390196
-0.401961
-0.405882
-0.154902
-0.135294
-0.143137
-0.190196
-0.268627
-0.319608
-0.362745
-0.374510
-0.366667
-0.362745
-0.374510
-0.390196
-0.405882
-0.390196
-0.386275
-0.366667
-0.362745
-0.354902
-0.311765
-0.241176
-0.170588
-0.131373
-0.115686
-0.209804
-0.280392
-0.347059
-0.386275
-0.382353
-0.374510
-0.366667
-0.382353
-0.405882
-0.374510
-0.358824
-0.354902
-0.358824
-0.366667
-0.358824
-0.335294
-0.186275
-0.158824
-0.123529
-0.127451
-0.194118
-0.280392
-0.347059
-0.378431
-0.378431
-0.378431
-0.378431
-0.378431
-0.378431
-0.378431
-0.382353
-0.390196
-0.350980
-0.358824
-0.358824
-0.323529
-0.241176
-0.150980
-0.088235
-0.088235
-0.170588
-0.382353
-0.374510
-0.366667
-0.366667
-0.362745
-0.366667
-0.374510
-0.382353
-0.382353
-0.374510
-0.366667
-0.374510
-0.378431
-0.382353
-0.347059
-0.252941
-0.378431
-0.374510
-0.374510
-0.374510
-0.386275
-0.390196
-0.390196
-0.401961
-0.386275
-0.382353
-0.382353
-0.378431
-0.378431
-0.378431
-0.382353
-0.366667
-0.374510
-0.378431
-0.382353
-0.386275
-0.386275
-0.390196
-0.390196
-0.378431
-0.382353
-0.382353
-0.386275
-0.386275
-0.386275
-0.382353
-0.386275
-0.409804
-0.378431
-0.386275
-0.390196
-0.390196
-0.382353
-0.366667
-0.354902
-0.386275
-0.386275
-0.386275
-0.401961
-0.401961
-0.394118
-0.386275
-0.378431
-0.386275
-0.374510
-0.374510
-0.374510
-0.374510
-0.382353
-0.386275
-0.378431
-0.386275
-0.382353
-0.382353
-0.378431
-0.386275
-0.394118
-0.386275
-0.386275
-0.378431
-0.382353
-0.390196
-0.382353
-0.382353
-0.394118
-0.386275
-0.358824
-0.378431
-0.374510
-0.366667
-0.378431
-0.386275
-0.374510
-0.339216
-0.284314
-0.201961
-0.394118
-0.378431
-0.362745
-0.358824
-0.374510
-0.378431
-0.354902
-0.374510
-0.347059
-0.292157
-0.229412
-0.154902
-0.084314
-0.084314
-0.143137
-0.237255
-0.264706
-0.292157
-0.311765
-0.307843
-0.268627
-0.213725
-0.182353
-0.135294
-0.115686
-0.150980
-0.229412
-0.327451
-0.386275
-0.394118
-0.390196
-0.366667
