   -0.091382
   -0.079009
   -0.066518
   -0.001382
   -0.067165
   -0.041246
   -0.083043
   -0.065923
    0.064595
    0.237313
    0.270433
    0.254127
    0.316540
    0.133717
   -0.012213
    0.182197
   -0.027933
    0.087429
    0.179986
    0.007249
   -0.046515
   -0.067398
    0.047638
    0.271298
    0.347116
    0.313666
    0.330083
    0.175632
    0.197646
   -0.073719
   -0.093907
   -0.014855
    0.098632
    0.057373
   -0.075573
   -0.080843
   -0.035774
    0.207651
    0.326266
    0.272109
    0.282561
    0.292549
    0.182567
   -0.104571
    0.045847
    0.017856
   -0.117723
   -0.093317
   -0.092518
   -0.105138
   -0.052486
    0.138041
    0.304809
    0.298084
    0.254118
    0.297975
    0.321535
    0.287639
    0.279797
    0.056858
   -0.092825
    0.079762
   -0.115741
    0.216592
   -0.072853
    0.093360
    0.339358
    0.304062
    0.312622
    0.272548
    0.291721
    0.300447
    0.335829
    0.334334
    0.313795
    0.245049
   -0.050618
   -0.031703
   -0.073453
    0.124176
    0.278486
    0.304611
    0.274734
    0.323436
    0.308701
    0.286306
    0.287200
    0.283904
    0.326158
    0.338950
    0.324800
    0.326062
    0.154599
   -0.105725
   -0.085739
    0.003454
    0.299280
    0.339768
    0.319186
    0.301996
    0.275931
    0.287559
    0.324145
    0.320978
    0.309532
    0.358237
    0.317697
    0.287078
    0.211875
    0.004311
   -0.150283
   -0.085940
    0.282362
    0.314581
    0.334376
    0.320538
    0.326256
    0.341437
    0.285268
    0.311983
    0.333482
    0.301300
    0.369813
    0.319075
    0.275262
    0.165518
   -0.107473
    0.066580
    0.357310
    0.312002
    0.326575
    0.348693
    0.344362
    0.333116
    0.300120
    0.303128
    0.305833
    0.323726
    0.351225
    0.340606
    0.297395
    0.260907
    0.269300
    0.261969
    0.297800
    0.338110
    0.367382
    0.344344
    0.374395
    0.307520
    0.302432
    0.296176
    0.340573
    0.288639
    0.322205
    0.366655
    0.274943
    0.308372
    0.172144
    0.181344
    0.310510
    0.341010
    0.364501
    0.349614
    0.336401
    0.357126
    0.313321
    0.263144
    0.295054
    0.338040
    0.306350
    0.247577
    0.268086
    0.051511
    0.169821
    0.144899
   -0.063525
    0.318041
    0.342900
    0.335564
    0.309816
    0.313691
    0.286970
    0.339154
    0.295098
    0.309493
    0.246943
    0.146632
    0.216246
    0.029448
    0.034678
   -0.019093
    0.227023
   -0.095421
    0.329262
    0.342749
    0.306434
    0.283743
    0.302553
    0.306322
    0.278645
    0.322038
    0.151104
    0.193885
    0.084912
    0.018329
    0.216965
    0.051379
   -0.290392
    0.121840
   -0.088241
    0.340536
    0.339843
    0.314678
    0.265064
    0.186115
    0.097258
    0.070389
    0.030691
    0.131447
    0.286913
   -0.147649
    0.248918
    0.273098
    0.198703
    0.030914
   -0.190764
    0.340885
    0.346781
    0.283865
    0.282859
    0.112285
    0.259971
    0.181391
    0.079314
    0.067490
    0.280714
    0.265389
    0.313801
    0.319097
   -0.213089
    0.119437
    0.353389
    0.238122
    0.108296
    0.149160
    0.149398
   -0.003914
    0.039810
    0.264691
    0.256445
    0.281658
    0.296893
    0.283762
    0.185931
   -0.085985
   -0.084727
   -0.065649
   -0.071588
   -0.065528
   -0.068300
   -0.065289
   -0.089885
   -0.033822
    0.175520
    0.313707
    0.310077
    0.280633
    0.245716
    0.236506
   -0.166705
   -0.037041
    0.015651
    0.174511
   -0.068892
   -0.063118
   -0.082479
   -0.060432
    0.193588
    0.327247
    0.304562
    0.331697
    0.293060
    0.156548
   -0.131128
    0.061965
    0.078812
   -0.078675
    0.079087
   -0.069330
   -0.062779
   -0.069494
    0.145535
    0.357601
    0.315022
    0.293367
    0.325488
    0.140478
    0.077679
    0.119490
   -0.097942
   -0.154168
    0.036174
   -0.004806
   -0.084604
   -0.059208
    0.081052
    0.261640
    0.287479
    0.309419
    0.345373
    0.337109
    0.266013
    0.079078
   -0.043804
    0.110984
   -0.135964
    0.018954
   -0.111724
   -0.015954
    0.047136
    0.290136
    0.341046
    0.361355
    0.357829
    0.287812
    0.350976
    0.350026
    0.318022
    0.286943
   -0.001412
    0.032302
   -0.057120
    0.068730
    0.155523
   -0.113154
    0.327269
    0.346231
    0.342413
    0.326323
    0.343977
    0.278903
    0.354057
    0.384464
    0.315970
    0.345266
    0.190002
   -0.077944
   -0.029397
   -0.087075
    0.241164
    0.159120
    0.338070
    0.331692
    0.344063
    0.331058
    0.315892
    0.307882
    0.302167
    0.376885
    0.382564
    0.353401
    0.274637
    0.023343
   -0.066106
   -0.111762
    0.186226
    0.222729
    0.398538
    0.334276
    0.335766
    0.355624
    0.349402
    0.353305
    0.368207
    0.393287
    0.378956
    0.335350
    0.322124
    0.199883
   -0.125519
   -0.070598
    0.134608
    0.256330
    0.342508
    0.372771
    0.359810
    0.381365
    0.319599
    0.347739
    0.331094
    0.358791
    0.386761
    0.350254
    0.331996
    0.260984
    0.065435
    0.121494
    0.285628
    0.283648
    0.359029
    0.378108
    0.380194
    0.349094
    0.334531
    0.321527
    0.346669
    0.325869
    0.361822
    0.353957
    0.350006
    0.313730
    0.307682
    0.316065
    0.231227
   -0.019638
    0.369069
    0.414053
    0.378728
    0.386706
    0.362896
    0.362843
    0.305415
    0.323460
    0.347793
    0.354741
    0.308201
    0.309058
    0.272019
    0.161701
    0.068609
    0.122324
    0.339773
    0.361639
    0.319993
    0.345205
    0.333461
    0.317162
    0.332255
    0.325843
    0.312196
    0.301241
    0.253440
   -0.021153
    0.185629
    0.079222
    0.179007
   -0.051447
    0.359139
    0.355325
    0.398783
    0.333425
    0.335853
    0.302809
    0.313246
    0.294622
    0.274007
    0.184330
    0.159862
    0.095928
    0.157534
   -0.027524
    0.099371
    0.167592
    0.057758
    0.364477
    0.329845
    0.334871
    0.308671
    0.336468
    0.288298
    0.249631
    0.211395
    0.141550
    0.170053
   -0.025025
    0.216966
    0.223831
    0.262831
    0.310342
   -0.230479
    0.188043
    0.331194
    0.381487
    0.308729
    0.146091
    0.157405
    0.001433
    0.212977
    0.115101
    0.286533
    0.035278
    0.278556
    0.325806
    0.331694
    0.222360
    0.113000
    0.398771
    0.337079
    0.210762
    0.251283
    0.189146
    0.175585
    0.282947
    0.123584
    0.013084
    0.346110
    0.321677
    0.362954
    0.249485
    0.024844
   -0.095482
   -0.018626
   -0.031695
    0.001642
   -0.075993
   -0.111805
   -0.206974
   -0.116474
   -0.014861
    0.218981
    0.302966
    0.243004
    0.285605
    0.175978
    0.008940
   -0.008065
   -0.105506
    0.014012
   -0.058197
   -0.092320
   -0.079169
   -0.094339
    0.006975
    0.233313
    0.292102
    0.217128
    0.265307
    0.171748
    0.168209
    0.020374
   -0.140066
    0.126874
    0.125320
   -0.027322
   -0.078715
   -0.076885
   -0.011601
    0.265945
    0.311407
    0.273659
    0.284651
    0.215645
    0.162467
   -0.122328
   -0.122995
    0.124054
   -0.024906
   -0.015148
    0.258112
   -0.062981
   -0.018168
    0.222477
    0.337173
    0.269074
    0.268614
    0.331464
    0.114883
   -0.115343
    0.098560
   -0.088723
   -0.094379
   -0.075586
    0.053535
   -0.068675
    0.045403
    0.251707
    0.351249
    0.272769
    0.292883
    0.271099
    0.317944
    0.239445
    0.213305
   -0.048559
   -0.008411
   -0.024352
   -0.046207
    0.034683
   -0.100164
   -0.021339
   -0.084466
    0.302655
    0.345542
    0.254484
    0.272915
    0.318640
    0.332458
    0.300103
    0.299524
    0.127799
   -0.091546
   -0.014222
   -0.128684
    0.218149
   -0.007144
   -0.065996
   -0.074055
    0.304954
    0.285686
    0.289247
    0.298882
    0.297642
    0.292614
    0.284486
    0.294667
    0.267257
   -0.078956
   -0.067114
   -0.133967
    0.135950
    0.183200
    0.048688
   -0.068658
    0.317411
    0.296297
    0.317082
    0.280849
    0.292167
    0.312013
    0.351753
    0.307101
    0.279760
    0.116141
   -0.158973
   -0.122196
    0.054555
    0.202947
    0.261000
    0.232476
    0.294595
    0.334935
    0.280554
    0.312007
    0.296256
    0.333195
    0.342839
    0.327760
    0.274920
    0.230356
   -0.047503
   -0.165119
    0.000804
    0.277033
    0.244229
    0.223377
    0.340717
    0.304204
    0.275072
    0.304756
    0.299249
    0.327452
    0.316552
    0.312986
    0.300390
    0.242915
    0.187318
    0.121265
    0.285940
    0.213329
    0.212590
    0.033855
    0.344452
    0.337221
    0.339622
    0.281461
    0.278466
    0.258341
    0.278894
    0.360842
    0.332231
    0.251660
    0.292605
    0.297121
    0.128771
    0.118622
    0.014650
    0.036103
    0.393446
    0.307069
    0.285001
    0.281606
    0.247621
    0.245485
    0.311255
    0.263461
    0.234904
    0.252035
    0.234829
    0.051051
    0.129601
    0.107959
    0.179807
    0.135613
    0.312303
    0.353574
    0.319316
    0.277584
    0.294752
    0.272520
    0.290089
    0.248360
    0.194140
   -0.010673
    0.079190
    0.075283
    0.170845
    0.022437
    0.002427
    0.300179
    0.378172
    0.344256
    0.294674
    0.259855
    0.252360
    0.261123
    0.275461
    0.069454
    0.148000
    0.091302
    0.168935
    0.062275
   -0.114246
    0.293077
    0.287917
    0.269762
    0.290088
    0.347283
    0.361637
    0.258098
    0.160167
    0.145680
    0.053224
    0.016674
    0.270703
   -0.027446
    0.133341
    0.295673
    0.256282
    0.300346
    0.261659
    0.110545
    0.374962
    0.336895
    0.230846
    0.159968
    0.202923
    0.117719
    0.177327
    0.045213
    0.283527
    0.142699
    0.238619
    0.274738
    0.309268
    0.158080
   -0.087669
   -0.097969
    0.029518
   -0.043669
   -0.032153
   -0.273344
   -0.352466
   -0.231648
   -0.145785
    0.056570
    0.241081
    0.239016
    0.201155
    0.257341
    0.225080
   -0.053592
    0.108011
    0.222196
   -0.060035
   -0.060946
   -0.065127
   -0.106635
   -0.084535
    0.052359
    0.238907
    0.265814
    0.209519
    0.246348
    0.233245
   -0.076093
    0.053797
   -0.007085
   -0.054359
   -0.100737
   -0.066855
   -0.022652
   -0.054682
    0.071699
    0.244645
    0.296215
    0.223456
    0.296340
    0.183471
    0.018234
    0.179703
   -0.084237
   -0.039515
    0.242497
    0.010046
   -0.094077
   -0.047771
    0.054531
    0.273490
    0.311214
    0.255916
    0.281054
    0.215821
    0.159391
   -0.062533
   -0.119289
   -0.061524
    0.118642
   -0.052746
    0.127066
    0.289121
   -0.033061
    0.281184
    0.307022
    0.272486
    0.262414
    0.257914
    0.206816
   -0.098226
    0.029737
    0.042644
   -0.144519
   -0.095199
   -0.022112
    0.033493
   -0.074140
    0.227758
    0.260478
    0.287888
    0.290071
    0.259817
    0.322882
    0.261890
    0.286991
    0.043646
   -0.091804
    0.048425
   -0.158371
    0.122547
   -0.094562
   -0.044811
   -0.080453
    0.085478
    0.252200
    0.280685
    0.293512
    0.273584
    0.318555
    0.282539
    0.277415
    0.235154
   -0.099952
   -0.015211
   -0.135092
    0.098483
    0.183889
   -0.104949
   -0.056565
   -0.058680
    0.186756
    0.296472
    0.272837
    0.279811
    0.298566
    0.336796
    0.319599
    0.281606
    0.057684
   -0.131966
   -0.109172
   -0.046531
    0.214685
    0.187423
   -0.082613
    0.039227
    0.241499
    0.305547
    0.277041
    0.283376
    0.277606
    0.330195
    0.329031
    0.314616
    0.227263
   -0.101445
   -0.114970
   -0.079799
    0.215609
    0.206024
    0.259089
    0.318177
    0.118235
    0.295870
    0.296619
    0.285924
    0.334905
    0.369067
    0.333635
    0.315286
    0.253249
    0.093211
   -0.170337
   -0.002769
    0.266984
    0.264088
    0.186138
    0.082748
    0.169980
    0.322489
    0.283419
    0.285164
    0.268328
    0.266666
    0.324570
    0.335859
    0.296097
    0.239291
    0.182561
    0.282141
    0.220980
    0.110496
    0.074626
    0.183980
   -0.091452
    0.326352
    0.269033
    0.247985
    0.274439
    0.268839
    0.298889
    0.319254
    0.286239
    0.264933
    0.255804
    0.109076
    0.185625
    0.002070
    0.070468
    0.026159
    0.174298
    0.295625
    0.264593
    0.241473
    0.289672
    0.270875
    0.255609
    0.244768
    0.259022
    0.178473
    0.036191
    0.167671
    0.055894
    0.078237
    0.176824
   -0.060161
    0.210803
    0.327204
    0.281143
    0.280050
    0.277335
    0.289104
    0.223910
    0.104447
    0.161509
   -0.009524
    0.056990
    0.094149
    0.133050
   -0.067119
    0.315826
    0.304233
    0.291115
    0.360941
    0.320923
    0.254506
    0.232379
    0.310728
    0.039132
    0.203581
    0.080496
    0.118615
    0.181320
   -0.150718
    0.301930
    0.294215
    0.290307
    0.286025
    0.097238
    0.303960
    0.197080
    0.121074
    0.065764
    0.017862
    0.013871
    0.283756
   -0.008570
    0.056719
    0.296260
    0.297558
    0.280528
    0.254886
    0.109733
   -0.114972
   -0.063391
   -0.076697
   -0.203970
   -0.374563
   -0.391462
   -0.353559
   -0.209353
   -0.085829
    0.065974
    0.254572
    0.267480
    0.234476
    0.263114
    0.242776
    0.234508
    0.099040
   -0.064897
   -0.105073
   -0.105597
   -0.202345
   -0.164580
   -0.076355
    0.078936
    0.280106
    0.279176
    0.254823
    0.272891
    0.226919
   -0.012815
   -0.061900
    0.214939
    0.068748
   -0.113160
   -0.063877
   -0.048850
   -0.027768
    0.151949
    0.242010
    0.278747
    0.219437
    0.240609
    0.277703
   -0.010898
   -0.071455
    0.099621
   -0.061315
   -0.094533
   -0.174501
   -0.093113
   -0.024162
    0.167173
    0.272286
    0.237345
    0.271404
    0.279611
    0.222631
    0.004329
    0.051442
    0.124685
   -0.089671
    0.127905
    0.153738
   -0.084797
   -0.015945
    0.156359
    0.274428
    0.291120
    0.274299
    0.270171
    0.155593
   -0.014941
    0.135622
   -0.065918
   -0.084570
    0.117828
    0.054601
   -0.048507
    0.221437
    0.190913
   -0.083911
    0.062767
    0.286105
    0.284471
    0.290627
    0.266515
    0.072754
   -0.097186
    0.117011
   -0.103404
   -0.024648
   -0.101397
    0.026441
   -0.012360
    0.060151
    0.294733
    0.119061
   -0.095546
    0.285652
    0.330944
    0.344270
    0.260018
    0.223301
   -0.059409
   -0.006333
   -0.096705
    0.001274
    0.145182
   -0.099076
   -0.032602
   -0.090948
    0.225685
    0.221039
    0.034473
    0.279521
    0.296878
    0.308673
    0.308281
    0.322444
    0.133237
   -0.101839
   -0.075300
   -0.080973
    0.238175
    0.113359
   -0.065135
   -0.070981
    0.036504
    0.214765
    0.274589
    0.305773
    0.293385
    0.354933
    0.312089
    0.336832
    0.263782
   -0.052886
   -0.079908
   -0.137824
    0.186364
    0.237938
    0.096221
    0.091546
    0.251293
    0.278123
    0.237746
    0.309314
    0.318261
    0.373857
    0.373193
    0.331299
    0.271870
    0.155585
   -0.099329
   -0.080844
    0.106670
    0.268270
    0.294715
    0.299922
    0.069423
    0.054914
    0.272354
    0.305525
    0.311316
    0.325100
    0.333595
    0.330971
    0.307623
    0.206313
   -0.004797
    0.047229
    0.248573
    0.246176
    0.227275
    0.187695
    0.055950
    0.311528
    0.170895
    0.261124
    0.282599
    0.282919
    0.315585
    0.391302
    0.289967
    0.262738
    0.282509
    0.287874
    0.280242
   -0.034329
    0.154155
    0.064850
    0.052141
    0.090867
    0.289426
    0.259343
    0.269895
    0.292435
    0.310255
    0.288027
    0.265718
    0.246757
    0.189377
    0.188444
    0.154975
    0.068222
    0.123881
   -0.064000
    0.123638
    0.023889
    0.107806
    0.258153
    0.283383
    0.289531
    0.285341
    0.282550
    0.267062
   -0.023979
    0.173811
    0.055675
    0.113854
   -0.003563
    0.228734
    0.148885
    0.187152
    0.323136
    0.305562
    0.270169
    0.250618
    0.280147
    0.161116
    0.133947
    0.201663
    0.085065
    0.102227
   -0.022681
    0.313284
   -0.073948
    0.272976
    0.313275
    0.277907
    0.262101
    0.094606
    0.206175
    0.172349
    0.254728
   -0.053878
    0.207094
    0.051740
    0.050323
    0.259117
    0.054598
    0.260466
    0.324159
    0.279977
    0.240631
    0.016336
   -0.080002
   -0.088165
   -0.359466
   -0.369707
   -0.349310
   -0.265687
   -0.275885
   -0.184318
   -0.073681
    0.065547
    0.256650
    0.311138
    0.257423
    0.278332
    0.281776
    0.060431
   -0.101751
    0.037864
   -0.292410
   -0.322001
   -0.306910
   -0.160540
   -0.042419
    0.099130
    0.285553
    0.252447
    0.239313
    0.279387
    0.182073
    0.231708
    0.226576
    0.035339
   -0.094017
    0.229303
   -0.132970
   -0.146081
   -0.026766
    0.139320
    0.280755
    0.254461
    0.242513
    0.263850
    0.177275
    0.091928
   -0.147860
   -0.000682
    0.125084
   -0.110384
   -0.155649
    0.222809
   -0.009117
    0.245433
    0.302024
    0.225464
    0.245372
    0.286726
    0.177982
    0.126474
   -0.153311
    0.049909
    0.123717
   -0.083987
   -0.112320
   -0.021984
   -0.117064
    0.139617
    0.306528
    0.247142
    0.286432
    0.276118
    0.264067
   -0.062265
   -0.108954
    0.154433
    0.061523
   -0.032910
    0.270024
    0.088786
   -0.141979
    0.124320
   -0.004025
   -0.020652
    0.285897
    0.271765
    0.199530
   -0.107003
    0.086151
   -0.016589
   -0.105608
   -0.104125
    0.118814
   -0.052984
    0.019730
    0.322946
    0.029516
   -0.092582
    0.009905
   -0.119012
    0.337884
    0.261762
    0.289506
   -0.023785
   -0.049773
    0.051866
   -0.119662
    0.065150
   -0.103234
    0.033846
   -0.100252
    0.186888
    0.261978
   -0.057440
   -0.081451
   -0.099678
    0.330288
    0.310810
    0.312248
    0.156788
   -0.140491
    0.023219
   -0.123247
    0.235403
    0.008189
   -0.086277
   -0.024819
    0.041394
    0.216920
    0.171078
   -0.012733
    0.213591
    0.327654
    0.334228
    0.304185
    0.278783
   -0.048174
   -0.059929
   -0.160677
    0.164933
    0.203537
    0.029311
   -0.039612
   -0.082959
    0.221116
    0.234785
    0.260296
    0.240316
    0.332088
    0.359104
    0.331607
    0.303287
    0.129685
   -0.092996
   -0.114936
    0.051243
    0.260034
    0.232168
    0.132833
    0.254500
    0.297251
    0.254498
    0.288786
    0.219127
    0.335976
    0.378005
    0.344700
    0.319308
    0.220985
   -0.045249
   -0.119993
   -0.024126
    0.254352
    0.281442
    0.276229
    0.087299
    0.088921
    0.312868
    0.295968
    0.306460
    0.312232
    0.341192
    0.341760
    0.305190
    0.260435
    0.173372
    0.135774
    0.300818
    0.267373
    0.250664
    0.039933
    0.091528
    0.182416
    0.062204
    0.277712
    0.287536
    0.305414
    0.332826
    0.343915
    0.325256
    0.277520
    0.271327
    0.294310
    0.140899
    0.032652
    0.067682
    0.053692
    0.097549
    0.032950
    0.335209
    0.157917
    0.311640
    0.297851
    0.312086
    0.298540
    0.285801
    0.228435
    0.234213
    0.113973
    0.050668
    0.122002
    0.218989
   -0.011992
   -0.000915
    0.142282
    0.116604
    0.343464
    0.304353
    0.273284
    0.259898
    0.253090
    0.240956
   -0.087516
    0.148150
    0.053388
    0.178913
   -0.046768
    0.206080
    0.283796
    0.205092
    0.284397
    0.301193
    0.302641
    0.124616
    0.300202
    0.197052
    0.229311
    0.130548
    0.067452
    0.206146
   -0.096536
    0.141758
    0.103075
    0.235020
    0.272960
    0.293319
    0.239444
    0.035141
   -0.078652
   -0.086922
   -0.382635
   -0.195966
    0.103530
   -0.123678
   -0.283107
   -0.214048
   -0.099290
    0.066372
    0.235861
    0.303330
    0.240027
    0.257089
    0.229744
    0.091277
   -0.136191
    0.050228
   -0.339647
   -0.363078
   -0.307002
   -0.164282
   -0.090933
    0.150682
    0.273779
    0.280731
    0.228895
    0.284441
    0.261655
    0.150014
   -0.128879
    0.092502
   -0.061990
   -0.018760
   -0.214678
   -0.118767
    0.002999
    0.171111
    0.294180
    0.259541
    0.260902
    0.292879
    0.150582
    0.082848
    0.255340
    0.193183
   -0.040098
    0.126160
    0.172276
   -0.079647
    0.058138
    0.243024
    0.267244
    0.240759
    0.215691
    0.285689
    0.098660
   -0.014239
   -0.053613
   -0.066457
    0.048232
   -0.096602
   -0.089483
    0.067293
    0.236511
   -0.084789
    0.281751
    0.234474
    0.253995
    0.280518
    0.069815
    0.219722
   -0.015373
   -0.070438
    0.187309
   -0.060069
   -0.128294
   -0.042729
    0.006837
   -0.079006
    0.277522
    0.143882
    0.320430
    0.255143
    0.116024
    0.038484
   -0.089564
   -0.037308
    0.140629
   -0.044747
    0.134879
    0.242492
   -0.066350
   -0.055080
    0.120852
   -0.108795
    0.187918
    0.240401
    0.245922
   -0.035714
   -0.057807
    0.102080
   -0.135775
   -0.113164
   -0.009856
    0.056125
   -0.078036
    0.191451
    0.204404
   -0.094566
   -0.002769
   -0.101583
    0.144670
    0.276066
    0.283836
    0.120019
   -0.084702
    0.086310
   -0.186608
    0.114507
   -0.100683
   -0.010296
   -0.058307
    0.084347
    0.260771
    0.078251
   -0.124831
   -0.104807
    0.141394
    0.266143
    0.295566
    0.250690
   -0.078481
   -0.023940
   -0.114800
    0.139423
    0.165168
   -0.091177
   -0.033036
   -0.018130
    0.232980
    0.171901
    0.073910
    0.244181
    0.270569
    0.252266
    0.321008
    0.313811
    0.085176
   -0.121693
   -0.101798
    0.000233
    0.217991
    0.165937
   -0.091021
   -0.053510
    0.170888
    0.261429
    0.247242
    0.294852
    0.023331
    0.261198
    0.362035
    0.324069
    0.224555
   -0.070384
   -0.128512
   -0.067263
    0.250576
    0.208880
    0.172780
    0.263938
    0.302552
    0.229582
    0.259835
    0.281960
   -0.004004
    0.068076
    0.373351
    0.330295
    0.258144
    0.072840
   -0.187109
   -0.049611
    0.277358
    0.257343
    0.207035
    0.067087
    0.071922
    0.312833
    0.280052
    0.307408
    0.056982
    0.208882
    0.371387
    0.345258
    0.280290
    0.230117
    0.235355
    0.309646
    0.265596
    0.208146
    0.033378
    0.164843
    0.043713
    0.021465
    0.292463
    0.364383
    0.046153
    0.306620
    0.336784
    0.318075
    0.288179
    0.286532
    0.234800
    0.092907
    0.154575
    0.002299
    0.092053
    0.070244
    0.085929
    0.236392
    0.070515
    0.323168
    0.337867
    0.305353
    0.283011
    0.266353
    0.138134
    0.258997
    0.048227
    0.134659
    0.080276
    0.153955
    0.119735
   -0.137961
    0.203254
    0.139148
    0.324346
    0.299876
    0.249218
    0.126671
    0.195010
    0.166023
    0.046482
    0.137687
    0.030210
    0.218907
   -0.010169
    0.123760
    0.301417
    0.261124
    0.259268
    0.270983
    0.275818
    0.087710
   -0.122341
   -0.080341
   -0.042602
    0.225019
   -0.013021
   -0.289293
   -0.301785
   -0.166287
   -0.060315
    0.126085
    0.276446
    0.278280
    0.200166
    0.272032
    0.222148
    0.120778
    0.243445
   -0.068038
   -0.187045
   -0.285577
   -0.225112
   -0.128162
   -0.010655
    0.193416
    0.286576
    0.272332
    0.259958
    0.276876
    0.209115
    0.062483
   -0.087533
   -0.101756
    0.185912
    0.089338
   -0.162395
   -0.069131
    0.082319
    0.224824
    0.255133
    0.252760
    0.292062
    0.258210
    0.235263
    0.238124
   -0.055801
   -0.023505
    0.127876
   -0.034888
    0.087257
    0.030690
    0.116452
    0.277964
    0.241831
    0.250990
    0.275832
    0.231695
    0.105344
   -0.102205
    0.120444
    0.228682
   -0.038564
   -0.103371
    0.268644
   -0.055461
   -0.091296
   -0.135066
    0.236347
    0.250449
    0.242293
    0.252376
    0.084692
   -0.091656
    0.126869
   -0.054355
   -0.102876
   -0.134518
   -0.144829
   -0.069572
    0.299000
    0.121240
   -0.116272
    0.055139
    0.270522
    0.270761
   -0.047923
   -0.044545
    0.176015
   -0.054534
    0.092489
    0.212634
   -0.055634
   -0.114552
    0.197301
   -0.126468
    0.170522
    0.250372
   -0.003894
   -0.075301
   -0.058512
    0.153306
   -0.112998
   -0.099648
    0.033312
    0.063299
   -0.075293
    0.253146
    0.212388
   -0.133281
    0.046354
   -0.060981
    0.029344
    0.247181
    0.183879
   -0.095250
   -0.072980
    0.069783
   -0.112649
   -0.016064
   -0.096196
    0.033941
   -0.053880
    0.006055
    0.290881
    0.119185
   -0.102877
   -0.031849
   -0.032717
    0.248250
    0.262068
    0.177919
   -0.011070
   -0.084803
   -0.046301
   -0.017448
    0.146248
   -0.118899
    0.005446
   -0.098963
    0.210883
    0.225652
   -0.019976
   -0.072226
    0.082533
    0.281164
    0.257868
    0.228263
    0.166085
   -0.118191
   -0.065232
   -0.121377
    0.264461
    0.070068
   -0.064041
   -0.036950
    0.050544
    0.195192
    0.217758
    0.284409
    0.269048
    0.277591
    0.116622
    0.078653
    0.281508
   -0.081160
   -0.098722
   -0.154074
    0.193087
    0.255235
    0.065694
    0.020398
    0.185231
    0.234999
    0.253926
    0.345270
   -0.031509
    0.068177
    0.153387
    0.093751
    0.277207
    0.102113
   -0.114204
   -0.117696
    0.122233
    0.249055
    0.297876
    0.281164
    0.126637
    0.076574
    0.280508
    0.337889
    0.100653
    0.154221
   -0.011027
    0.150485
    0.279108
    0.220748
    0.008146
    0.093311
    0.271198
    0.291588
    0.171819
    0.181469
    0.070288
    0.352421
    0.264634
    0.248170
    0.102893
    0.238570
    0.187650
    0.218985
    0.258768
    0.301313
    0.270532
    0.233834
    0.226968
   -0.054079
    0.116376
    0.146833
   -0.018065
    0.075745
    0.316227
    0.382516
    0.198071
    0.305880
    0.300756
    0.289924
    0.271906
    0.291676
    0.113691
    0.045165
    0.205391
    0.093334
    0.066451
    0.000968
    0.175792
    0.007369
    0.038754
    0.306636
    0.314004
    0.308378
    0.245415
    0.063334
    0.078290
    0.063881
    0.102354
    0.169353
    0.034938
    0.067554
    0.306283
    0.001419
    0.243009
    0.326318
    0.311962
    0.285451
    0.207617
    0.015508
   -0.099099
   -0.107375
    0.100644
    0.163965
   -0.215889
   -0.411099
   -0.295867
   -0.134522
   -0.081730
    0.068949
    0.244588
    0.278669
    0.187559
    0.303339
    0.323596
    0.193123
    0.013931
    0.206329
   -0.142498
   -0.299979
   -0.198725
   -0.111872
    0.025256
    0.181978
    0.278960
    0.309398
    0.243706
    0.227529
    0.251560
    0.026226
    0.207161
    0.102061
   -0.024707
    0.168119
   -0.155691
   -0.052716
    0.082393
    0.222537
    0.268335
    0.245749
    0.241737
    0.289247
    0.195515
   -0.045413
    0.020227
   -0.149440
    0.032847
    0.185972
   -0.095381
    0.031826
    0.157485
    0.293432
    0.256901
    0.258298
    0.276912
    0.206350
    0.202453
    0.235807
    0.108997
   -0.080860
    0.138208
    0.001934
   -0.039246
    0.071988
   -0.102916
    0.078406
    0.215138
    0.273306
    0.286363
    0.159871
    0.103604
   -0.153947
   -0.052580
    0.166056
   -0.004695
   -0.110583
    0.170132
    0.163238
   -0.102881
   -0.136881
   -0.047759
   -0.127585
    0.261632
    0.091602
    0.178871
   -0.099411
    0.000990
    0.142412
   -0.076434
   -0.152416
   -0.154573
   -0.118646
    0.150709
    0.258079
   -0.040759
   -0.059887
    0.247524
    0.004841
   -0.069626
   -0.144299
    0.043498
    0.064825
   -0.010617
    0.227102
    0.095989
   -0.117410
    0.125826
    0.022502
   -0.027157
    0.253979
    0.127305
   -0.069592
   -0.040056
   -0.187307
   -0.078107
   -0.101290
   -0.084296
    0.096722
   -0.003560
    0.060656
    0.289338
    0.008297
   -0.107850
    0.005916
   -0.102803
    0.206707
    0.277442
   -0.087206
   -0.111550
    0.068706
    0.008077
   -0.090232
    0.097190
   -0.091754
    0.026542
   -0.078063
    0.268332
    0.242842
   -0.099737
   -0.096097
   -0.088964
    0.231204
    0.262305
    0.208653
    0.272794
    0.237477
   -0.007334
   -0.130155
    0.208970
   -0.003108
   -0.048991
   -0.040076
    0.131643
    0.256681
    0.147588
   -0.130762
    0.116304
    0.293555
    0.278388
    0.198040
    0.254297
   -0.019354
   -0.093230
   -0.130246
    0.207738
    0.207747
   -0.041810
   -0.047352
   -0.051442
    0.262290
    0.282348
    0.293136
    0.243577
    0.248436
    0.238489
   -0.126605
    0.324563
    0.086619
   -0.154050
   -0.142811
    0.154263
    0.237267
    0.216555
    0.137380
    0.195218
    0.317260
    0.254291
    0.304627
    0.098271
   -0.041745
    0.198429
    0.089165
    0.080437
    0.165748
   -0.149590
   -0.088885
    0.138161
    0.231767
    0.287710
    0.264008
    0.035494
    0.055818
    0.273919
    0.317020
    0.158459
    0.166434
    0.022951
    0.017994
    0.255284
    0.137677
    0.120930
    0.187073
    0.285727
    0.276642
    0.182228
    0.143800
    0.036954
    0.275070
    0.159194
    0.298781
    0.223906
    0.170026
    0.307291
    0.241730
    0.321391
    0.263195
    0.240888
    0.175128
    0.202426
   -0.171681
    0.143280
    0.019040
    0.103559
    0.167842
    0.290716
    0.306806
    0.246559
    0.336931
    0.299579
    0.279773
    0.300202
    0.099742
    0.060555
    0.185242
    0.111508
    0.097288
    0.111745
   -0.108935
    0.141146
   -0.000903
    0.126723
    0.334862
    0.339761
    0.308011
    0.226067
    0.026366
   -0.120911
   -0.118197
    0.059038
   -0.301159
   -0.392162
   -0.306219
   -0.213278
   -0.143946
   -0.057707
    0.101983
    0.225026
    0.278825
    0.288646
    0.270522
    0.264866
    0.214418
    0.198743
   -0.067569
   -0.247507
   -0.283534
   -0.185062
   -0.075898
    0.032781
    0.216559
    0.269050
    0.242328
    0.238598
    0.271519
    0.282611
    0.255181
   -0.041226
    0.096017
    0.204582
   -0.065257
   -0.136275
   -0.059866
    0.174336
    0.240567
    0.258030
    0.248490
    0.268030
    0.280793
    0.185766
   -0.073198
   -0.017718
    0.201124
    0.006990
   -0.018408
    0.228416
   -0.032309
    0.215307
    0.260244
    0.246345
    0.206064
    0.283982
    0.305687
    0.240048
   -0.106878
    0.007619
    0.017960
   -0.061240
    0.195251
    0.035244
   -0.103363
    0.231878
    0.127727
    0.218538
    0.288191
    0.269038
    0.110932
   -0.027427
    0.151998
    0.210145
   -0.054364
    0.000416
    0.212507
   -0.026479
   -0.017112
   -0.153523
   -0.073009
    0.091756
    0.156680
    0.251786
    0.027614
   -0.074279
    0.085904
   -0.085898
    0.007786
   -0.122978
   -0.154838
   -0.067654
    0.289307
   -0.008508
   -0.073908
   -0.011632
   -0.023254
   -0.074424
    0.199855
    0.029411
    0.086970
   -0.027933
    0.134577
    0.071115
   -0.078336
   -0.051947
   -0.002004
   -0.073442
    0.265341
    0.152993
   -0.075034
    0.088414
    0.100643
   -0.170867
    0.076908
   -0.136906
    0.115657
    0.005747
    0.046814
    0.274596
   -0.001360
   -0.059347
    0.151996
   -0.114119
    0.126239
    0.251798
   -0.032398
   -0.095287
   -0.205939
   -0.087062
    0.287829
    0.023761
   -0.085718
    0.072491
   -0.088876
    0.221195
    0.259516
   -0.087733
   -0.029093
   -0.121092
    0.093805
    0.279159
    0.113527
   -0.044419
    0.150131
    0.341543
    0.283020
    0.130643
   -0.014813
   -0.044661
   -0.041111
    0.059836
    0.287342
    0.123412
   -0.087654
   -0.092535
    0.098012
    0.283659
    0.249046
    0.278571
    0.172221
   -0.000390
    0.191453
    0.104349
    0.243637
   -0.042419
   -0.029703
   -0.066229
    0.221878
    0.207939
    0.114909
    0.216998
    0.294938
    0.263686
    0.078420
    0.264687
    0.058789
    0.301821
    0.219031
   -0.001965
    0.243117
    0.146768
   -0.032940
    0.008375
    0.181905
    0.245145
    0.279639
    0.241419
    0.082813
    0.265085
   -0.061767
    0.107570
    0.208732
   -0.008602
    0.288663
   -0.018664
    0.234158
    0.271008
    0.286108
    0.270451
    0.176411
    0.226740
    0.232556
    0.268900
   -0.010054
    0.126394
    0.062067
    0.201818
    0.118590
   -0.001790
   -0.008123
    0.195472
    0.266459
    0.264973
    0.193479
   -0.037546
    0.224737
    0.324193
    0.282045
    0.291070
    0.102457
    0.191080
   -0.153264
    0.280636
    0.233569
    0.335717
    0.325846
    0.247282
    0.015208
    0.172933
    0.073854
    0.108748
    0.023562
    0.162164
    0.335608
    0.319010
    0.129842
    0.336055
    0.313090
    0.286478
    0.262506
    0.260376
    0.130062
    0.121189
    0.070599
    0.099195
    0.024844
    0.133883
    0.129243
    0.041564
    0.209773
    0.296443
    0.348530
    0.273918
    0.255097
    0.150937
   -0.010296
   -0.118222
   -0.141055
   -0.354236
   -0.350355
   -0.305235
   -0.141255
   -0.214964
   -0.204147
   -0.081742
    0.069736
    0.237172
    0.279882
    0.280050
    0.220298
    0.282313
    0.270907
    0.138368
   -0.079997
   -0.384856
   -0.278958
   -0.166892
   -0.108095
   -0.019014
    0.168690
    0.242847
    0.266264
    0.260538
    0.315105
    0.299237
    0.175405
    0.202894
    0.052434
   -0.176080
   -0.029973
   -0.127006
    0.008005
    0.168629
    0.297292
    0.253756
    0.262826
    0.258479
    0.273941
    0.192288
    0.224755
    0.048975
   -0.009619
    0.235466
    0.038270
   -0.041625
    0.215160
    0.226066
    0.260759
    0.251913
    0.255598
    0.278296
    0.283919
    0.106355
    0.001027
   -0.103451
    0.097056
    0.185466
   -0.083048
    0.122047
    0.149907
   -0.021649
    0.127044
    0.241356
    0.272917
    0.218274
    0.224568
    0.254535
   -0.021207
   -0.101113
    0.159263
   -0.075304
    0.012774
    0.224090
   -0.105581
    0.078925
    0.248644
   -0.059573
   -0.005040
    0.142972
    0.134552
   -0.128591
    0.024158
    0.241898
    0.022126
   -0.130897
    0.217679
    0.092730
   -0.090514
   -0.133171
   -0.135524
   -0.061351
    0.182606
    0.051460
   -0.095071
   -0.137696
    0.136295
    0.105516
   -0.097497
   -0.169276
   -0.123945
   -0.111639
    0.203449
    0.174540
   -0.107375
   -0.052407
    0.177889
   -0.058643
   -0.055744
    0.231490
    0.017663
    0.011865
    0.001325
    0.266398
   -0.019747
   -0.122844
    0.202175
   -0.079600
    0.155443
    0.297286
   -0.027889
   -0.072777
    0.112430
   -0.140285
   -0.078346
    0.255880
    0.294337
    0.128072
   -0.077417
    0.189660
    0.224583
   -0.121164
    0.062564
   -0.064749
   -0.008930
    0.276267
    0.148074
   -0.110815
   -0.211794
   -0.111275
    0.240566
    0.323742
    0.317833
    0.030675
   -0.046225
    0.007078
    0.305781
    0.064225
   -0.099548
   -0.081550
   -0.022669
    0.250279
    0.288060
    0.024206
    0.197656
    0.328942
    0.233809
    0.072757
    0.070871
   -0.080531
    0.007666
   -0.088323
    0.210679
    0.225722
   -0.061038
   -0.075291
    0.058021
    0.302422
    0.273409
    0.261627
    0.169684
   -0.033255
    0.223227
    0.156494
    0.191099
    0.130419
   -0.064334
   -0.105826
    0.125677
    0.208449
    0.198380
    0.313601
    0.311415
    0.308672
    0.056884
    0.193267
    0.270308
    0.138814
    0.100673
    0.175502
    0.064508
    0.230538
    0.106183
    0.160912
    0.305670
    0.265537
    0.263590
    0.290812
   -0.086440
    0.206127
    0.050751
    0.097204
    0.174758
    0.064402
    0.343164
    0.238807
    0.034315
    0.292708
    0.294337
    0.190431
    0.065265
    0.172949
    0.245502
    0.392458
    0.040818
    0.148469
    0.013475
    0.225401
    0.109846
    0.073184
    0.068731
    0.254184
    0.330732
    0.282925
    0.052168
    0.070831
    0.324486
    0.277781
    0.287742
    0.302951
    0.043843
    0.314974
   -0.041436
    0.264639
    0.262355
    0.333320
    0.289718
    0.263162
    0.200972
    0.055888
    0.056733
    0.141794
   -0.017764
    0.215752
    0.375737
    0.310047
    0.166916
    0.327516
    0.282977
    0.254644
    0.291267
    0.232127
    0.067263
   -0.106431
   -0.160062
   -0.330942
   -0.156551
   -0.190787
   -0.362110
   -0.307403
   -0.210960
   -0.104674
   -0.017787
    0.156960
    0.262854
    0.291461
    0.233248
    0.214566
    0.249454
    0.266721
    0.269351
   -0.344523
   -0.215270
   -0.112680
   -0.140590
   -0.033343
    0.118757
    0.207228
    0.310860
    0.294339
    0.267777
    0.273602
    0.326047
    0.130256
   -0.068909
   -0.142210
   -0.037361
   -0.114398
   -0.005920
    0.158616
    0.261849
    0.305907
    0.264328
    0.238670
    0.296040
    0.282426
    0.148516
    0.165516
    0.171197
   -0.156542
   -0.055365
    0.071811
   -0.080783
    0.269852
    0.276610
    0.245168
    0.281557
    0.215025
    0.243572
    0.086628
    0.135508
    0.154519
   -0.050506
    0.116160
    0.179027
   -0.056328
    0.127392
    0.261503
    0.246722
    0.208698
    0.293248
    0.265081
    0.224522
   -0.045551
    0.074447
   -0.086797
   -0.026041
    0.244545
   -0.040465
   -0.028383
    0.258124
   -0.026641
    0.044856
    0.297872
    0.351333
    0.140402
    0.076977
    0.213090
    0.121745
   -0.085373
    0.114766
    0.071844
   -0.049532
    0.171865
   -0.092013
   -0.078001
    0.252954
    0.031761
   -0.092227
    0.226778
    0.239784
    0.010724
   -0.036893
    0.109276
   -0.039335
   -0.129462
    0.106908
    0.186713
   -0.085467
   -0.146635
   -0.117575
   -0.127659
    0.054598
    0.181252
   -0.122694
    0.054845
    0.156171
    0.248025
   -0.087269
   -0.154771
   -0.055197
   -0.119319
    0.104485
    0.282957
   -0.089606
   -0.069701
    0.245900
   -0.005907
   -0.109969
    0.229025
    0.090937
   -0.111088
   -0.166022
    0.241398
    0.166960
   -0.161582
    0.172649
   -0.004818
   -0.001984
    0.256035
    0.118989
   -0.112801
    0.009621
   -0.117146
   -0.145936
    0.286404
    0.290153
    0.216053
    0.279945
    0.037291
    0.285460
    0.008441
   -0.073933
    0.020851
   -0.127012
    0.225284
    0.219167
   -0.103687
   -0.153023
   -0.052260
    0.227959
    0.323119
    0.316541
    0.229812
    0.110004
   -0.059294
    0.206062
    0.202976
   -0.142638
   -0.077996
   -0.111702
    0.232540
    0.262479
    0.140868
    0.312988
    0.304934
    0.233973
    0.096355
    0.051522
    0.235370
    0.066707
   -0.023216
    0.112246
    0.271328
    0.084362
   -0.018856
    0.141730
    0.311261
    0.293524
    0.225575
    0.177734
   -0.038426
    0.291044
    0.269275
    0.053670
    0.017321
    0.150409
   -0.065929
    0.117517
    0.253179
    0.261581
    0.298923
    0.236730
    0.279727
    0.097925
    0.020803
    0.330642
    0.037407
    0.018236
    0.228026
    0.098464
    0.306499
    0.174374
    0.261401
    0.282638
    0.179165
    0.245324
    0.359539
   -0.104937
    0.100900
    0.095568
    0.136286
    0.100071
    0.137909
    0.332851
    0.116108
    0.097244
    0.142194
    0.301370
    0.139935
    0.036591
    0.259052
    0.279327
    0.357321
    0.077406
    0.192014
   -0.050183
    0.217508
    0.154913
    0.103414
    0.162196
    0.310274
    0.283571
    0.237582
    0.231506
    0.165565
    0.107412
    0.065094
    0.247323
    0.318313
    0.077502
    0.351460
    0.174274
    0.324215
    0.274566
    0.270634
    0.285935
    0.222794
    0.124547
   -0.065616
   -0.193412
   -0.134875
   -0.312124
   -0.357562
   -0.379165
   -0.285787
   -0.194718
   -0.134713
   -0.071120
    0.046107
    0.229915
    0.266238
    0.320723
    0.235103
    0.269921
    0.308235
    0.281793
   -0.147214
   -0.255158
   -0.204006
   -0.131557
   -0.040989
    0.105855
    0.247121
    0.321616
    0.321824
    0.208881
    0.250056
    0.297541
    0.207797
    0.214551
    0.235838
   -0.117216
   -0.102208
   -0.021870
    0.134814
    0.231596
    0.290878
    0.269570
    0.203681
    0.251149
    0.284449
    0.235180
    0.104014
   -0.150632
   -0.160001
   -0.150036
    0.090882
    0.042792
    0.277653
    0.278396
    0.259595
    0.231030
    0.253893
    0.246185
    0.268885
    0.006554
   -0.016402
    0.268587
   -0.141393
   -0.120013
    0.200857
   -0.027123
   -0.064070
    0.244845
    0.254074
    0.266687
    0.244064
    0.154743
   -0.024951
   -0.029230
    0.200802
   -0.005636
   -0.002259
    0.232951
   -0.078458
    0.017396
    0.255082
    0.265565
    0.354556
    0.306791
    0.278220
    0.164755
   -0.128071
    0.030971
    0.008563
   -0.100840
    0.236312
    0.051342
   -0.119049
    0.190708
    0.072752
   -0.051883
    0.266246
    0.323458
    0.368938
    0.192803
    0.217413
    0.183286
   -0.065144
    0.025499
    0.199819
   -0.054985
    0.004461
   -0.107099
   -0.093463
    0.212519
    0.169001
   -0.130058
    0.118062
    0.326947
   -0.056187
   -0.112866
   -0.093130
   -0.118377
   -0.087007
   -0.039034
    0.285897
   -0.082437
   -0.108210
   -0.055425
   -0.141881
   -0.099872
    0.194803
   -0.052731
   -0.036104
    0.062670
   -0.123987
   -0.136984
   -0.142279
    0.048758
   -0.014015
   -0.034909
    0.333206
    0.093286
   -0.145641
    0.190816
    0.082978
   -0.153771
    0.131988
    0.207230
    0.004039
   -0.122768
    0.035486
    0.235978
   -0.048964
   -0.049115
    0.075109
   -0.117920
    0.201228
    0.224191
   -0.062701
   -0.076697
   -0.147675
   -0.151475
    0.307023
    0.267472
    0.239060
    0.308029
    0.298370
    0.143162
    0.173195
   -0.137800
   -0.023149
   -0.133794
    0.170541
    0.302081
    0.000643
   -0.082597
    0.084810
    0.255545
    0.306836
    0.267787
    0.165816
    0.106935
    0.246793
    0.005963
    0.204226
    0.029126
   -0.072528
   -0.085033
    0.212446
    0.280476
    0.221983
    0.256618
    0.151482
    0.065200
    0.088323
   -0.012128
    0.355711
    0.180204
   -0.047703
    0.210419
    0.226711
    0.185047
    0.141906
    0.247226
    0.285352
    0.235721
    0.113190
    0.247042
    0.014106
    0.320269
    0.268023
   -0.026138
   -0.013793
    0.166373
    0.007920
    0.139229
    0.259168
    0.253427
    0.271188
    0.133741
    0.193493
    0.149005
   -0.050713
    0.268944
    0.030943
   -0.014058
    0.247104
    0.128192
    0.124574
    0.078024
    0.141527
    0.306117
    0.123630
    0.251738
    0.357824
    0.004322
    0.033253
    0.142747
    0.150346
    0.096257
    0.121960
    0.101307
    0.002200
    0.222480
    0.251740
    0.308138
    0.232862
    0.234329
    0.342933
    0.276580
    0.328616
    0.060752
    0.232616
   -0.066133
    0.158355
    0.253300
    0.175767
    0.297776
    0.356262
    0.271053
    0.219832
    0.158609
   -0.035169
   -0.179148
   -0.328926
   -0.371125
   -0.175864
   -0.152968
   -0.264712
   -0.290030
   -0.241583
   -0.143218
   -0.055278
    0.076949
    0.211860
    0.322498
    0.285264
    0.250236
    0.263758
    0.265936
   -0.328573
   -0.339064
   -0.232425
   -0.167163
   -0.085140
    0.017509
    0.163685
    0.233667
    0.300215
    0.262437
    0.275454
    0.211200
    0.300261
    0.303574
    0.111428
    0.193288
   -0.156350
   -0.059566
    0.038579
    0.171157
    0.306269
    0.324027
    0.241243
    0.246058
    0.277902
    0.310826
    0.168681
    0.091172
    0.216049
    0.099676
   -0.101189
    0.098004
    0.219555
    0.266859
    0.248496
    0.249391
    0.269279
    0.295724
    0.280529
    0.208808
    0.179147
   -0.145359
   -0.177271
   -0.120310
   -0.055326
    0.179038
   -0.072057
   -0.029211
    0.272939
    0.240683
    0.278829
    0.173010
    0.242011
    0.050358
   -0.083984
    0.217525
    0.053049
   -0.118827
    0.185232
    0.130555
   -0.082663
    0.224986
    0.058952
   -0.107356
    0.196563
    0.015531
   -0.010224
   -0.103458
    0.143958
    0.149413
   -0.068277
    0.118941
    0.089177
   -0.040299
    0.154267
    0.284844
    0.377077
    0.342012
    0.198492
   -0.126149
   -0.012643
   -0.094929
    0.169291
   -0.074359
    0.080034
    0.241464
   -0.102367
    0.033315
    0.229080
   -0.062132
    0.104193
    0.295532
    0.336268
    0.167625
    0.158019
   -0.056696
   -0.118191
   -0.109977
    0.286474
    0.018835
   -0.101951
   -0.148535
   -0.143253
    0.069789
    0.217896
   -0.084277
   -0.041302
    0.270411
    0.079658
   -0.160428
    0.112870
    0.091755
   -0.092306
   -0.100098
    0.270326
    0.086982
   -0.133416
   -0.010124
    0.064415
   -0.103858
    0.129479
    0.119104
   -0.066447
   -0.019510
   -0.136697
   -0.184877
    0.197543
    0.169502
    0.136027
   -0.105085
    0.207513
    0.257817
   -0.070187
    0.034135
    0.151450
   -0.161259
    0.003641
    0.262862
    0.152054
   -0.071815
    0.061719
    0.245832
    0.290085
    0.269613
    0.076175
   -0.064627
    0.097366
    0.292654
    0.009408
   -0.072183
   -0.173920
   -0.114610
    0.241631
    0.271482
    0.271575
    0.287365
    0.310401
    0.219301
    0.214650
    0.258154
   -0.114754
   -0.057223
    0.099403
    0.253857
    0.138440
    0.040106
    0.189294
    0.303647
    0.297178
    0.186195
    0.054206
    0.112512
    0.171908
    0.043056
    0.287339
    0.327547
   -0.080643
    0.043532
    0.191604
    0.268114
    0.297085
    0.247842
    0.082656
   -0.018078
    0.234397
    0.005924
    0.350680
    0.208133
   -0.071091
    0.101462
    0.229981
    0.254843
    0.258530
    0.296972
    0.238627
    0.286984
   -0.070072
    0.315375
    0.076475
    0.289973
    0.220003
    0.012435
    0.028570
    0.200644
    0.066310
    0.167053
    0.119645
    0.301958
    0.287874
    0.115388
    0.011029
    0.214228
   -0.017846
    0.135602
    0.119613
    0.061121
    0.285133
    0.193600
    0.021679
    0.036356
    0.203258
    0.282721
    0.297095
    0.298729
    0.331702
    0.101194
    0.136881
    0.058239
    0.144311
    0.150805
    0.077623
   -0.006741
   -0.004760
    0.291036
    0.309104
    0.288698
    0.226376
    0.219891
    0.149515
   -0.041662
   -0.371765
   -0.081855
    0.009933
   -0.064959
   -0.214254
   -0.387218
   -0.326483
   -0.210771
   -0.131448
   -0.066541
    0.063759
    0.188366
    0.331131
    0.275059
    0.253946
    0.251760
   -0.367786
   -0.240955
   -0.296100
   -0.261067
   -0.189740
   -0.118384
    0.024567
    0.159791
    0.256112
    0.370402
    0.313781
    0.279310
    0.304229
    0.330350
    0.253158
    0.195231
   -0.186883
   -0.109517
   -0.017220
    0.135363
    0.231253
    0.298292
    0.296301
    0.236076
    0.285240
    0.335060
    0.337090
    0.308496
    0.142846
    0.085492
    0.221849
   -0.052608
    0.178516
    0.268271
    0.309108
    0.330223
    0.290426
    0.309265
    0.305282
    0.287650
    0.134623
   -0.036939
    0.038638
    0.216829
   -0.071273
   -0.033984
    0.241377
    0.043306
    0.243936
    0.237189
    0.350578
    0.335008
    0.209528
    0.160419
    0.230998
   -0.078041
   -0.124763
   -0.056931
   -0.084421
    0.075522
    0.051975
   -0.060881
    0.124100
    0.032107
    0.266374
    0.037775
    0.163443
    0.192755
   -0.052564
    0.102966
    0.160126
   -0.068673
    0.097829
    0.250327
    0.063930
    0.190058
    0.208737
   -0.126555
   -0.192517
   -0.169703
    0.090265
   -0.078434
    0.032930
    0.221066
   -0.055046
   -0.012504
    0.251296
   -0.021181
    0.011803
    0.321314
    0.323199
    0.348899
    0.281083
   -0.059804
   -0.070924
    0.260050
    0.205128
    0.059481
   -0.047677
    0.202300
   -0.103304
    0.003711
    0.288925
    0.052098
    0.007454
    0.302412
    0.272482
    0.078153
    0.065782
    0.043101
   -0.062375
    0.205983
    0.211597
    0.170339
   -0.096931
   -0.112607
   -0.115816
   -0.063667
    0.181273
    0.173115
   -0.081143
    0.175589
    0.204482
   -0.154125
    0.027043
    0.170942
   -0.123657
    0.064193
    0.140967
    0.276895
   -0.107072
   -0.004986
    0.233658
   -0.076207
   -0.008758
    0.223493
   -0.004022
   -0.062835
   -0.197819
   -0.140774
    0.206145
    0.253057
    0.224863
    0.336263
    0.075109
    0.324671
    0.008489
   -0.086912
    0.015470
   -0.157256
   -0.091768
    0.291677
    0.275461
    0.117916
    0.158478
    0.309732
    0.315898
    0.346315
    0.240359
    0.044103
    0.023803
    0.306423
    0.166860
   -0.124934
   -0.097932
   -0.016998
    0.264764
    0.310513
    0.347452
    0.317107
    0.217611
    0.308789
    0.104607
    0.275589
    0.106794
    0.333040
    0.000103
    0.246468
    0.255452
    0.224451
    0.350851
    0.310210
    0.243374
    0.053487
    0.074089
    0.206320
    0.100057
    0.037214
    0.274039
    0.306585
    0.195628
    0.216053
    0.290580
    0.300480
    0.252979
    0.282299
    0.036820
    0.054610
    0.326689
    0.110088
    0.226040
    0.144770
    0.048168
    0.055970
    0.195161
    0.301575
    0.294109
    0.088403
    0.171912
    0.256324
   -0.109987
    0.256872
    0.205948
    0.122386
    0.054095
    0.138602
    0.137607
    0.329676
    0.181737
    0.157202
    0.245119
    0.248336
    0.294900
    0.334308
   -0.011768
    0.156908
    0.067547
    0.123743
    0.190125
    0.151266
    0.279860
    0.183099
    0.052734
    0.088753
    0.290137
    0.324806
    0.300959
    0.300884
    0.284313
    0.181685
   -0.174686
    0.044989
    0.065560
   -0.177569
   -0.335577
   -0.332112
   -0.279446
   -0.112039
   -0.206081
   -0.142963
   -0.037264
    0.048342
    0.209494
    0.262890
    0.276656
    0.249908
   -0.094688
   -0.188074
   -0.268262
   -0.278614
   -0.224919
   -0.148550
   -0.091430
    0.017347
    0.180914
    0.317632
    0.297429
    0.282766
    0.266346
    0.283057
    0.268608
    0.306253
   -0.183369
   -0.156120
   -0.051654
    0.004311
    0.144469
    0.214736
    0.278485
    0.272807
    0.249681
    0.272659
    0.337980
    0.331534
    0.279434
    0.138575
   -0.009640
    0.188074
    0.115622
    0.240149
    0.304198
    0.307822
    0.252630
    0.235074
    0.287288
    0.290532
    0.207437
    0.259320
    0.074026
   -0.032671
    0.185802
    0.099529
   -0.080391
    0.145259
    0.247235
    0.269177
    0.268301
    0.300257
    0.261958
    0.263298
   -0.023302
   -0.156102
   -0.127203
    0.124266
    0.133881
   -0.118043
    0.188437
    0.186531
   -0.100193
    0.024324
    0.245274
    0.275971
    0.087706
   -0.022866
    0.236394
   -0.064372
   -0.084539
    0.085191
    0.001927
   -0.053112
    0.191650
   -0.091421
    0.006705
    0.052468
   -0.141572
   -0.073285
   -0.065026
    0.252130
    0.012040
   -0.056898
    0.210799
   -0.054463
   -0.008433
    0.241154
    0.148356
    0.273241
    0.343772
   -0.012151
   -0.125212
   -0.146896
   -0.099373
   -0.120440
   -0.043628
    0.227278
    0.065694
   -0.120948
    0.244140
    0.090299
   -0.057676
    0.210467
    0.242044
    0.331713
    0.334585
    0.034761
   -0.095695
    0.235560
    0.159418
   -0.090776
   -0.051745
    0.001866
   -0.132580
   -0.104535
    0.250881
    0.193307
   -0.126392
    0.163345
    0.250644
   -0.015500
   -0.054803
    0.124997
   -0.075102
    0.089483
    0.186757
   -0.111335
   -0.032963
   -0.049299
    0.030955
   -0.089375
    0.007854
    0.233179
   -0.061384
   -0.011231
    0.155809
   -0.132982
   -0.092669
    0.266321
   -0.071625
    0.005701
    0.225245
    0.205308
    0.010644
   -0.065948
    0.197346
   -0.054172
   -0.137764
    0.205564
    0.140722
   -0.063814
   -0.175300
   -0.100387
    0.174066
    0.329694
    0.239717
    0.285587
    0.226395
    0.131442
    0.158652
   -0.104506
   -0.034075
   -0.166393
   -0.090156
    0.263417
    0.271282
    0.248585
    0.276279
    0.305064
    0.264825
    0.307682
    0.243474
    0.030777
    0.072414
    0.136355
    0.282982
   -0.012673
    0.064843
    0.134203
    0.287424
    0.279680
    0.285374
    0.203388
    0.103414
    0.254883
   -0.031645
    0.224505
    0.254630
    0.234862
    0.239697
    0.255993
    0.255325
    0.268574
    0.251808
    0.152356
    0.117002
    0.024126
    0.114561
    0.265475
    0.137255
    0.003131
    0.254904
    0.288426
    0.254034
    0.111414
    0.278224
    0.020518
    0.093806
    0.249052
    0.107313
    0.162241
    0.331414
    0.177350
    0.003974
    0.059888
    0.121286
    0.031139
    0.135894
    0.229391
    0.308378
    0.181853
    0.096467
    0.267449
   -0.025789
    0.116940
    0.208691
   -0.042434
    0.091333
    0.231139
    0.132207
    0.254415
    0.143655
    0.158204
    0.261729
    0.264155
    0.277168
    0.284488
    0.275241
    0.251730
