   -0.417829
   -0.418225
   -0.417847
   -0.418217
   -0.417851
   -0.418206
   -0.417877
   -0.418171
   -0.417908
   -0.418142
   -0.417938
   -0.418115
   -0.417961
   -0.418098
   -0.417975
   -0.417645
   -0.418193
   -0.418064
   -0.418176
   -0.418072
   -0.418170
   -0.418084
   -0.418146
   -0.418116
   -0.418118
   -0.418142
   -0.418090
   -0.418167
   -0.418071
   -0.418181
   -0.418058
   -0.417732
   -0.417853
   -0.418202
   -0.417868
   -0.418196
   -0.417873
   -0.418186
   -0.417893
   -0.418159
   -0.417917
   -0.418137
   -0.417940
   -0.418117
   -0.417954
   -0.418107
   -0.417964
   -0.417656
   -0.422450
   -0.422380
   -0.422438
   -0.422384
   -0.422436
   -0.422390
   -0.422420
   -0.417628
   -0.417615
   -0.417645
   -0.417598
   -0.417660
   -0.417587
   -0.417667
   -0.417580
   -0.417666
   -0.422177
   -0.422460
   -0.422185
   -0.422459
   -0.422184
   -0.422457
   -0.422195
   -0.417655
   -0.417422
   -0.417645
   -0.417434
   -0.417637
   -0.417438
   -0.417635
   -0.417440
   -0.417639
   -0.422418
   -0.422408
   -0.422413
   -0.422407
   -0.422416
   -0.422406
   -0.422409
   -0.417633
   -0.417616
   -0.417639
   -0.417609
   -0.417643
   -0.417609
   -0.417641
   -0.417610
   -0.417635
   -0.422205
   -0.422435
   -0.422208
   -0.422439
   -0.422202
   -0.422442
   -0.422205
   -0.417650
   -0.417423
   -0.417649
   -0.417424
   -0.417651
   -0.417420
   -0.417656
   -0.417415
   -0.417665
   -0.422387
   -0.422436
   -0.422388
   -0.422430
   -0.422395
   -0.422425
   -0.422395
   -0.417643
   -0.417610
   -0.417640
   -0.417613
   -0.417635
   -0.417620
   -0.417627
   -0.417627
   -0.417616
   -0.422239
   -0.422405
   -0.422234
   -0.422414
   -0.422225
   -0.422422
   -0.422220
   -0.417639
   -0.417430
   -0.417646
   -0.417423
   -0.417656
   -0.417412
   -0.417667
   -0.417401
   -0.417680
   -0.422364
   -0.422456
   -0.422369
   -0.422448
   -0.422378
   -0.422439
   -0.422385
   -0.417650
   -0.417607
   -0.417640
   -0.417616
   -0.417628
   -0.417629
   -0.417615
   -0.417642
   -0.417601
   -0.422241
   -0.422403
   -0.422236
   -0.422411
   -0.422229
   -0.422419
   -0.422221
   -0.417640
   -0.417427
   -0.417651
   -0.417416
   -0.417664
   -0.417402
   -0.417679
   -0.417386
   -0.417696
   -0.426703
   -0.426785
   -0.426706
   -0.426779
   -0.426713
   -0.426770
   -0.426721
   -0.422477
   -0.422444
   -0.422463
   -0.422457
   -0.422449
   -0.422473
   -0.422432
   -0.422490
   -0.422413
   -0.430919
   -0.431062
   -0.430913
   -0.431070
   -0.430904
   -0.431081
   -0.430892
   -0.418092
   -0.417874
   -0.418110
   -0.417856
   -0.418129
   -0.417836
   -0.418150
   -0.417814
   -0.418172
   -0.422401
   -0.422513
   -0.422408
   -0.422504
   -0.422417
   -0.422491
   -0.422432
   -0.418095
   -0.418068
   -0.418073
   -0.418090
   -0.418051
   -0.418113
   -0.418027
   -0.418139
   -0.418000
   -0.417969
   -0.418098
   -0.417962
   -0.418107
   -0.417952
   -0.418122
   -0.417934
   -0.413854
   -0.413624
   -0.413880
   -0.413599
   -0.413906
   -0.413572
   -0.413934
   -0.413542
   -0.422632
   -0.418018
   -0.418134
   -0.418026
   -0.418123
   -0.418037
   -0.418107
   -0.418058
   -0.418084
   -0.418081
   -0.418055
   -0.418109
   -0.418026
   -0.418139
   -0.417995
   -0.418172
   -0.422297
   -0.455146
   -0.455032
   -0.455158
   -0.455027
   -0.455154
   -0.455026
   -0.455150
   -0.455039
   -0.455128
   -0.455071
   -0.455082
   -0.455123
   -0.455038
   -0.455150
   -0.455017
   -0.454872
   -0.455019
   -0.455350
   -0.455006
   -0.455358
   -0.455006
   -0.455361
   -0.455008
   -0.455352
   -0.455026
   -0.455324
   -0.455066
   -0.455279
   -0.455106
   -0.455254
   -0.455124
   -0.454965
   -0.455116
   -0.455062
   -0.455127
   -0.455055
   -0.455127
   -0.455051
   -0.455126
   -0.455059
   -0.455110
   -0.455084
   -0.455075
   -0.455124
   -0.455038
   -0.455148
   -0.455021
   -0.454868
   -0.459716
   -0.459989
   -0.459705
   -0.459997
   -0.459703
   -0.460001
   -0.459703
   -0.455210
   -0.454932
   -0.455189
   -0.454962
   -0.455154
   -0.454995
   -0.455132
   -0.455010
   -0.455129
   -0.459760
   -0.459755
   -0.459769
   -0.459750
   -0.459770
   -0.459747
   -0.459768
   -0.454969
   -0.454969
   -0.454990
   -0.454940
   -0.455023
   -0.454909
   -0.455044
   -0.454894
   -0.455048
   -0.459741
   -0.459966
   -0.459731
   -0.459971
   -0.459731
   -0.459973
   -0.459733
   -0.455179
   -0.454963
   -0.455159
   -0.454990
   -0.455128
   -0.455019
   -0.455107
   -0.455036
   -0.455100
   -0.459742
   -0.459773
   -0.459748
   -0.459771
   -0.459747
   -0.459772
   -0.459740
   -0.454998
   -0.454939
   -0.455019
   -0.454911
   -0.455050
   -0.454883
   -0.455071
   -0.454866
   -0.455079
   -0.459756
   -0.459950
   -0.459750
   -0.459953
   -0.459751
   -0.459951
   -0.459758
   -0.455154
   -0.454988
   -0.455135
   -0.455014
   -0.455108
   -0.455037
   -0.455089
   -0.455052
   -0.455082
   -0.459729
   -0.459787
   -0.459732
   -0.459787
   -0.459729
   -0.459791
   -0.459719
   -0.455019
   -0.454918
   -0.455038
   -0.454895
   -0.455061
   -0.454874
   -0.455079
   -0.454859
   -0.455087
   -0.459768
   -0.459936
   -0.459766
   -0.459936
   -0.459770
   -0.459930
   -0.459781
   -0.455132
   -0.455010
   -0.455116
   -0.455031
   -0.455096
   -0.455047
   -0.455080
   -0.455061
   -0.455072
   -0.459713
   -0.459803
   -0.459713
   -0.459806
   -0.459707
   -0.459816
   -0.459692
   -0.455047
   -0.454890
   -0.455065
   -0.454868
   -0.455085
   -0.454852
   -0.455101
   -0.454835
   -0.455114
   -0.464283
   -0.464421
   -0.464284
   -0.464417
   -0.464291
   -0.464405
   -0.464308
   -0.459722
   -0.459658
   -0.459705
   -0.459678
   -0.459687
   -0.459692
   -0.459671
   -0.459708
   -0.459657
   -0.468705
   -0.468818
   -0.468700
   -0.468825
   -0.468690
   -0.468841
   -0.468670
   -0.455362
   -0.455143
   -0.455380
   -0.455123
   -0.455398
   -0.455110
   -0.455414
   -0.455091
   -0.455432
   -0.459635
   -0.459737
   -0.459641
   -0.459729
   -0.459652
   -0.459712
   -0.459674
   -0.455353
   -0.455356
   -0.455335
   -0.455376
   -0.455318
   -0.455386
   -0.455303
   -0.455406
   -0.455284
   -0.455022
   -0.455159
   -0.455012
   -0.455171
   -0.454998
   -0.455192
   -0.454970
   -0.450555
   -0.450278
   -0.450575
   -0.450256
   -0.450594
   -0.450244
   -0.450610
   -0.450223
   -0.459631
   -0.455294
   -0.455405
   -0.455306
   -0.455390
   -0.455323
   -0.455366
   -0.455354
   -0.455332
   -0.455380
   -0.455308
   -0.455404
   -0.455289
   -0.455416
   -0.455273
   -0.455438
   -0.459754
   -0.398428
   -0.398328
   -0.398426
   -0.398329
   -0.398430
   -0.398331
   -0.398417
   -0.398353
   -0.398388
   -0.398379
   -0.398375
   -0.398380
   -0.398376
   -0.398374
   -0.398385
   -0.402566
   -0.398325
   -0.398355
   -0.398328
   -0.398354
   -0.398325
   -0.398351
   -0.398338
   -0.398330
   -0.398365
   -0.398306
   -0.398378
   -0.398305
   -0.398377
   -0.398311
   -0.398367
   -0.402521
   -0.398449
   -0.398309
   -0.398444
   -0.398312
   -0.398443
   -0.398318
   -0.398429
   -0.398340
   -0.398401
   -0.398365
   -0.398387
   -0.398368
   -0.398386
   -0.398364
   -0.398393
   -0.402558
   -0.402398
   -0.402454
   -0.402401
   -0.402453
   -0.402400
   -0.402450
   -0.402411
   -0.402633
   -0.402639
   -0.402611
   -0.402651
   -0.402610
   -0.402650
   -0.402615
   -0.402641
   -0.402623
   -0.402539
   -0.402390
   -0.402535
   -0.402391
   -0.402537
   -0.402393
   -0.402528
   -0.402611
   -0.402711
   -0.402630
   -0.402701
   -0.402631
   -0.402702
   -0.402625
   -0.402710
   -0.402619
   -0.402408
   -0.402446
   -0.402408
   -0.402449
   -0.402402
   -0.402451
   -0.402406
   -0.402643
   -0.402625
   -0.402629
   -0.402632
   -0.402630
   -0.402629
   -0.402636
   -0.402622
   -0.402643
   -0.402524
   -0.402403
   -0.402525
   -0.402399
   -0.402531
   -0.402396
   -0.402529
   -0.402606
   -0.402720
   -0.402618
   -0.402712
   -0.402617
   -0.402715
   -0.402613
   -0.402719
   -0.402610
   -0.402426
   -0.402430
   -0.402422
   -0.402437
   -0.402413
   -0.402443
   -0.402412
   -0.402642
   -0.402623
   -0.402634
   -0.402628
   -0.402636
   -0.402625
   -0.402639
   -0.402621
   -0.402643
   -0.402506
   -0.402420
   -0.402510
   -0.402413
   -0.402517
   -0.402407
   -0.402519
   -0.402611
   -0.402717
   -0.402618
   -0.402710
   -0.402619
   -0.402710
   -0.402620
   -0.402709
   -0.402621
   -0.402436
   -0.402420
   -0.402431
   -0.402428
   -0.402423
   -0.402435
   -0.402420
   -0.402638
   -0.402626
   -0.402632
   -0.402634
   -0.402630
   -0.402634
   -0.402627
   -0.402637
   -0.402625
   -0.402507
   -0.402419
   -0.402509
   -0.402414
   -0.402514
   -0.402409
   -0.402517
   -0.402609
   -0.402719
   -0.402616
   -0.402708
   -0.402622
   -0.402704
   -0.402629
   -0.402698
   -0.402633
   -0.406436
   -0.406416
   -0.406432
   -0.406422
   -0.406426
   -0.406431
   -0.406419
   -0.402352
   -0.402333
   -0.402347
   -0.402344
   -0.402340
   -0.402348
   -0.402333
   -0.402353
   -0.402331
   -0.410496
   -0.410424
   -0.410500
   -0.410417
   -0.410506
   -0.410408
   -0.410514
   -0.398404
   -0.398521
   -0.398409
   -0.398508
   -0.398418
   -0.398501
   -0.398428
   -0.398494
   -0.398432
   -0.402361
   -0.402322
   -0.402355
   -0.402330
   -0.402346
   -0.402343
   -0.402334
   -0.398444
   -0.398415
   -0.398442
   -0.398427
   -0.398433
   -0.398432
   -0.398425
   -0.398438
   -0.398423
   -0.398404
   -0.398348
   -0.398408
   -0.398341
   -0.398417
   -0.398327
   -0.398430
   -0.394228
   -0.394352
   -0.394230
   -0.394338
   -0.394239
   -0.394333
   -0.394248
   -0.394327
   -0.402248
   -0.398449
   -0.398411
   -0.398442
   -0.398422
   -0.398431
   -0.398439
   -0.398414
   -0.398455
   -0.398403
   -0.398455
   -0.398416
   -0.398448
   -0.398419
   -0.398441
   -0.398421
   -0.402441
   -0.390851
   -0.390435
   -0.390805
   -0.390469
   -0.390776
   -0.390498
   -0.390749
   -0.390524
   -0.390727
   -0.390551
   -0.390705
   -0.390560
   -0.390691
   -0.390574
   -0.390688
   -0.395745
   -0.390434
   -0.390643
   -0.390478
   -0.390609
   -0.390507
   -0.390580
   -0.390535
   -0.390554
   -0.390556
   -0.390529
   -0.390576
   -0.390520
   -0.390589
   -0.390509
   -0.390590
   -0.395671
   -0.390845
   -0.390439
   -0.390801
   -0.390473
   -0.390771
   -0.390503
   -0.390741
   -0.390531
   -0.390718
   -0.390558
   -0.390695
   -0.390571
   -0.390680
   -0.390584
   -0.390676
   -0.395757
   -0.394457
   -0.394636
   -0.394497
   -0.394604
   -0.394526
   -0.394574
   -0.394555
   -0.395210
   -0.395241
   -0.395184
   -0.395264
   -0.395170
   -0.395280
   -0.395158
   -0.395283
   -0.395151
   -0.394828
   -0.394463
   -0.394790
   -0.394495
   -0.394761
   -0.394525
   -0.394731
   -0.395216
   -0.395374
   -0.395243
   -0.395350
   -0.395260
   -0.395331
   -0.395275
   -0.395324
   -0.395285
   -0.394482
   -0.394616
   -0.394516
   -0.394586
   -0.394545
   -0.394556
   -0.394573
   -0.395193
   -0.395259
   -0.395167
   -0.395283
   -0.395149
   -0.395302
   -0.395136
   -0.395308
   -0.395127
   -0.394804
   -0.394484
   -0.394771
   -0.394514
   -0.394742
   -0.394545
   -0.394712
   -0.395234
   -0.395355
   -0.395262
   -0.395329
   -0.395284
   -0.395306
   -0.395299
   -0.395298
   -0.395311
   -0.394502
   -0.394599
   -0.394532
   -0.394571
   -0.394560
   -0.394539
   -0.394591
   -0.395175
   -0.395279
   -0.395147
   -0.395306
   -0.395124
   -0.395329
   -0.395108
   -0.395337
   -0.395097
   -0.394781
   -0.394502
   -0.394754
   -0.394530
   -0.394725
   -0.394562
   -0.394693
   -0.395254
   -0.395333
   -0.395283
   -0.395305
   -0.395309
   -0.395279
   -0.395326
   -0.395269
   -0.395339
   -0.394536
   -0.394570
   -0.394558
   -0.394545
   -0.394585
   -0.394515
   -0.394616
   -0.395151
   -0.395305
   -0.395122
   -0.395332
   -0.395097
   -0.395357
   -0.395082
   -0.395364
   -0.395071
   -0.394743
   -0.394536
   -0.394723
   -0.394560
   -0.394696
   -0.394590
   -0.394666
   -0.395279
   -0.395306
   -0.395308
   -0.395279
   -0.395334
   -0.395254
   -0.395349
   -0.395247
   -0.395359
   -0.399074
   -0.399039
   -0.399091
   -0.399017
   -0.399117
   -0.398988
   -0.399146
   -0.394957
   -0.395165
   -0.394929
   -0.395191
   -0.394904
   -0.395215
   -0.394891
   -0.395221
   -0.394882
   -0.403715
   -0.403567
   -0.403698
   -0.403589
   -0.403671
   -0.403618
   -0.403643
   -0.390134
   -0.390114
   -0.390163
   -0.390087
   -0.390189
   -0.390061
   -0.390204
   -0.390054
   -0.390215
   -0.395095
   -0.395007
   -0.395107
   -0.394987
   -0.395132
   -0.394960
   -0.395158
   -0.389942
   -0.390189
   -0.389915
   -0.390213
   -0.389892
   -0.390236
   -0.389881
   -0.390239
   -0.389873
   -0.390682
   -0.390579
   -0.390669
   -0.390601
   -0.390642
   -0.390629
   -0.390615
   -0.386643
   -0.386582
   -0.386671
   -0.386559
   -0.386693
   -0.386537
   -0.386703
   -0.386535
   -0.395718
   -0.390112
   -0.389997
   -0.390124
   -0.389975
   -0.390152
   -0.389948
   -0.390178
   -0.389928
   -0.390204
   -0.389902
   -0.390224
   -0.389883
   -0.390242
   -0.389879
   -0.390237
   -0.394377
   -0.411006
   -0.411136
   -0.411029
   -0.411122
   -0.411040
   -0.411103
   -0.411060
   -0.411088
   -0.411071
   -0.411087
   -0.411058
   -0.411096
   -0.411062
   -0.411094
   -0.411069
   -0.415291
   -0.411153
   -0.411065
   -0.411128
   -0.411080
   -0.411116
   -0.411101
   -0.411094
   -0.411118
   -0.411081
   -0.411121
   -0.411091
   -0.411115
   -0.411085
   -0.411119
   -0.411077
   -0.415329
   -0.411007
   -0.411135
   -0.411029
   -0.411122
   -0.411039
   -0.411104
   -0.411059
   -0.411090
   -0.411069
   -0.411088
   -0.411059
   -0.411094
   -0.411064
   -0.411092
   -0.411069
   -0.415289
   -0.415357
   -0.415293
   -0.415337
   -0.415304
   -0.415328
   -0.415320
   -0.415310
   -0.415200
   -0.415170
   -0.415201
   -0.415178
   -0.415196
   -0.415174
   -0.415198
   -0.415169
   -0.415202
   -0.415246
   -0.415333
   -0.415260
   -0.415326
   -0.415264
   -0.415316
   -0.415276
   -0.415178
   -0.415145
   -0.415180
   -0.415135
   -0.415187
   -0.415137
   -0.415187
   -0.415139
   -0.415185
   -0.415327
   -0.415318
   -0.415317
   -0.415321
   -0.415317
   -0.415327
   -0.415309
   -0.415196
   -0.415178
   -0.415191
   -0.415188
   -0.415184
   -0.415189
   -0.415182
   -0.415189
   -0.415182
   -0.415268
   -0.415314
   -0.415274
   -0.415316
   -0.415271
   -0.415313
   -0.415274
   -0.415184
   -0.415136
   -0.415190
   -0.415125
   -0.415200
   -0.415121
   -0.415204
   -0.415118
   -0.415207
   -0.415308
   -0.415335
   -0.415305
   -0.415331
   -0.415310
   -0.415330
   -0.415309
   -0.415193
   -0.415182
   -0.415186
   -0.415193
   -0.415176
   -0.415199
   -0.415171
   -0.415203
   -0.415167
   -0.415291
   -0.415294
   -0.415289
   -0.415304
   -0.415278
   -0.415309
   -0.415275
   -0.415185
   -0.415133
   -0.415194
   -0.415122
   -0.415205
   -0.415114
   -0.415212
   -0.415109
   -0.415217
   -0.415293
   -0.415347
   -0.415298
   -0.415335
   -0.415310
   -0.415328
   -0.415313
   -0.415189
   -0.415187
   -0.415183
   -0.415195
   -0.415174
   -0.415201
   -0.415169
   -0.415206
   -0.415164
   -0.415300
   -0.415288
   -0.415291
   -0.415303
   -0.415276
   -0.415314
   -0.415269
   -0.415191
   -0.415128
   -0.415197
   -0.415120
   -0.415207
   -0.415112
   -0.415215
   -0.415103
   -0.415224
   -0.419625
   -0.419681
   -0.419634
   -0.419665
   -0.419649
   -0.419653
   -0.419657
   -0.415428
   -0.415448
   -0.415424
   -0.415455
   -0.415415
   -0.415463
   -0.415406
   -0.415473
   -0.415395
   -0.423958
   -0.423966
   -0.423947
   -0.423984
   -0.423929
   -0.423999
   -0.423918
   -0.411006
   -0.410907
   -0.411012
   -0.410900
   -0.411023
   -0.410889
   -0.411033
   -0.410875
   -0.411050
   -0.415418
   -0.415455
   -0.415430
   -0.415436
   -0.415448
   -0.415421
   -0.415458
   -0.410958
   -0.411016
   -0.410953
   -0.411021
   -0.410943
   -0.411033
   -0.410931
   -0.411049
   -0.410913
   -0.411065
   -0.411089
   -0.411051
   -0.411111
   -0.411031
   -0.411129
   -0.411019
   -0.406923
   -0.406795
   -0.406926
   -0.406790
   -0.406937
   -0.406777
   -0.406950
   -0.406759
   -0.415642
   -0.410975
   -0.410992
   -0.410990
   -0.410969
   -0.411012
   -0.410950
   -0.411024
   -0.410941
   -0.411029
   -0.410938
   -0.411034
   -0.410926
   -0.411048
   -0.410912
   -0.411069
   -0.415222
   -0.411374
   -0.412113
   -0.411438
   -0.412058
   -0.411489
   -0.412007
   -0.411536
   -0.411956
   -0.411599
   -0.411887
   -0.411656
   -0.411846
   -0.411693
   -0.411812
   -0.411717
   -0.411510
   -0.412105
   -0.411536
   -0.412045
   -0.411588
   -0.411996
   -0.411637
   -0.411951
   -0.411685
   -0.411894
   -0.411747
   -0.411843
   -0.411783
   -0.411810
   -0.411813
   -0.411788
   -0.411548
   -0.411443
   -0.412049
   -0.411496
   -0.412002
   -0.411540
   -0.411959
   -0.411581
   -0.411915
   -0.411632
   -0.411860
   -0.411677
   -0.411829
   -0.411704
   -0.411803
   -0.411724
   -0.411504
   -0.416250
   -0.415831
   -0.416203
   -0.415873
   -0.416164
   -0.415911
   -0.416128
   -0.415729
   -0.415861
   -0.415778
   -0.415823
   -0.415804
   -0.415799
   -0.415826
   -0.415781
   -0.415842
   -0.415740
   -0.416207
   -0.415781
   -0.416171
   -0.415815
   -0.416136
   -0.415848
   -0.415879
   -0.415665
   -0.415836
   -0.415699
   -0.415813
   -0.415719
   -0.415793
   -0.415737
   -0.415778
   -0.416188
   -0.415888
   -0.416151
   -0.415921
   -0.416120
   -0.415953
   -0.416089
   -0.415764
   -0.415831
   -0.415803
   -0.415801
   -0.415823
   -0.415783
   -0.415840
   -0.415767
   -0.415854
   -0.415790
   -0.416162
   -0.415823
   -0.416132
   -0.415850
   -0.416103
   -0.415879
   -0.415853
   -0.415688
   -0.415818
   -0.415714
   -0.415799
   -0.415730
   -0.415785
   -0.415744
   -0.415773
   -0.416143
   -0.415928
   -0.416114
   -0.415955
   -0.416091
   -0.415979
   -0.416065
   -0.415785
   -0.415814
   -0.415815
   -0.415792
   -0.415832
   -0.415777
   -0.415844
   -0.415765
   -0.415855
   -0.415841
   -0.416115
   -0.415864
   -0.416095
   -0.415882
   -0.416075
   -0.415904
   -0.415831
   -0.415706
   -0.415805
   -0.415724
   -0.415790
   -0.415736
   -0.415782
   -0.415745
   -0.415772
   -0.416089
   -0.415978
   -0.416071
   -0.415993
   -0.416058
   -0.416008
   -0.416039
   -0.415807
   -0.415795
   -0.415830
   -0.415780
   -0.415842
   -0.415770
   -0.415849
   -0.415761
   -0.415859
   -0.415892
   -0.416068
   -0.415906
   -0.416057
   -0.415914
   -0.416046
   -0.415931
   -0.415807
   -0.415726
   -0.415788
   -0.415739
   -0.415777
   -0.415746
   -0.415773
   -0.415754
   -0.415762
   -0.415988
   -0.415953
   -0.415977
   -0.415963
   -0.415970
   -0.415972
   -0.415954
   -0.411765
   -0.411713
   -0.411783
   -0.411702
   -0.411792
   -0.411696
   -0.411795
   -0.411688
   -0.411806
   -0.415808
   -0.415910
   -0.415815
   -0.415904
   -0.415818
   -0.415899
   -0.415831
   -0.416067
   -0.416029
   -0.416053
   -0.416036
   -0.416047
   -0.416039
   -0.416046
   -0.416046
   -0.416035
   -0.411723
   -0.411766
   -0.411720
   -0.411769
   -0.411720
   -0.411771
   -0.411708
   -0.416130
   -0.416047
   -0.416140
   -0.416043
   -0.416144
   -0.416043
   -0.416142
   -0.416037
   -0.416153
   -0.411738
   -0.411780
   -0.411739
   -0.411779
   -0.411736
   -0.411781
   -0.411745
   -0.407547
   -0.407528
   -0.407541
   -0.407526
   -0.407542
   -0.407523
   -0.407548
   -0.407526
   -0.407417
   -0.416057
   -0.416124
   -0.416056
   -0.416126
   -0.416058
   -0.416124
   -0.416049
   -0.416134
   -0.416043
   -0.416138
   -0.416046
   -0.416135
   -0.416052
   -0.416127
   -0.416050
   -0.416074
   -0.405023
   -0.405403
   -0.405087
   -0.405336
   -0.405145
   -0.405286
   -0.405190
   -0.405245
   -0.405231
   -0.405197
   -0.405267
   -0.405192
   -0.405254
   -0.405209
   -0.405237
   -0.404768
   -0.405413
   -0.405020
   -0.405357
   -0.405080
   -0.405306
   -0.405124
   -0.405266
   -0.405161
   -0.405229
   -0.405204
   -0.405195
   -0.405210
   -0.405206
   -0.405196
   -0.405220
   -0.404738
   -0.405064
   -0.405369
   -0.405113
   -0.405316
   -0.405158
   -0.405277
   -0.405194
   -0.405243
   -0.405228
   -0.405203
   -0.405260
   -0.405197
   -0.405251
   -0.405207
   -0.405241
   -0.404761
   -0.409542
   -0.409201
   -0.409497
   -0.409249
   -0.409454
   -0.409286
   -0.409420
   -0.409387
   -0.409452
   -0.409426
   -0.409420
   -0.409436
   -0.409423
   -0.409432
   -0.409427
   -0.409432
   -0.409244
   -0.409505
   -0.409283
   -0.409463
   -0.409321
   -0.409429
   -0.409353
   -0.409464
   -0.409454
   -0.409427
   -0.409485
   -0.409414
   -0.409486
   -0.409414
   -0.409487
   -0.409410
   -0.409518
   -0.409221
   -0.409483
   -0.409259
   -0.409447
   -0.409291
   -0.409417
   -0.409389
   -0.409451
   -0.409425
   -0.409421
   -0.409441
   -0.409415
   -0.409446
   -0.409409
   -0.409454
   -0.409274
   -0.409478
   -0.409304
   -0.409446
   -0.409333
   -0.409421
   -0.409357
   -0.409461
   -0.409453
   -0.409430
   -0.409480
   -0.409415
   -0.409487
   -0.409409
   -0.409495
   -0.409400
   -0.409482
   -0.409252
   -0.409457
   -0.409280
   -0.409432
   -0.409302
   -0.409411
   -0.409392
   -0.409453
   -0.409420
   -0.409430
   -0.409434
   -0.409421
   -0.409442
   -0.409412
   -0.409452
   -0.409302
   -0.409453
   -0.409323
   -0.409430
   -0.409345
   -0.409412
   -0.409360
   -0.409462
   -0.409448
   -0.409440
   -0.409466
   -0.409428
   -0.409473
   -0.409422
   -0.409482
   -0.409411
   -0.409452
   -0.409279
   -0.409435
   -0.409299
   -0.409418
   -0.409312
   -0.409408
   -0.409391
   -0.409460
   -0.409408
   -0.409447
   -0.409417
   -0.409441
   -0.409422
   -0.409433
   -0.409433
   -0.409335
   -0.409425
   -0.409347
   -0.409411
   -0.409359
   -0.409403
   -0.409363
   -0.409465
   -0.409439
   -0.409454
   -0.409446
   -0.409448
   -0.409451
   -0.409444
   -0.409459
   -0.409432
   -0.408900
   -0.408793
   -0.408894
   -0.408801
   -0.408887
   -0.408803
   -0.408889
   -0.404646
   -0.404729
   -0.404651
   -0.404726
   -0.404655
   -0.404722
   -0.404659
   -0.404713
   -0.404674
   -0.408341
   -0.408352
   -0.408340
   -0.408351
   -0.408341
   -0.408355
   -0.408332
   -0.409912
   -0.409884
   -0.409912
   -0.409882
   -0.409910
   -0.409886
   -0.409907
   -0.409896
   -0.409890
   -0.404711
   -0.404662
   -0.404715
   -0.404658
   -0.404719
   -0.404650
   -0.404733
   -0.409831
   -0.409935
   -0.409829
   -0.409939
   -0.409831
   -0.409934
   -0.409836
   -0.409921
   -0.409856
   -0.405239
   -0.405217
   -0.405230
   -0.405224
   -0.405222
   -0.405237
   -0.405203
   -0.401097
   -0.401033
   -0.401104
   -0.401025
   -0.401104
   -0.401030
   -0.401099
   -0.401044
   -0.400044
   -0.409893
   -0.409863
   -0.409902
   -0.409855
   -0.409911
   -0.409841
   -0.409933
   -0.409821
   -0.409949
   -0.409812
   -0.409959
   -0.409812
   -0.409952
   -0.409819
   -0.409935
   -0.409325
   -0.405676
   -0.406006
   -0.405736
   -0.405954
   -0.405786
   -0.405908
   -0.405824
   -0.405879
   -0.405841
   -0.405874
   -0.405847
   -0.405859
   -0.405868
   -0.405841
   -0.405874
   -0.405982
   -0.406025
   -0.405666
   -0.405972
   -0.405713
   -0.405926
   -0.405755
   -0.405891
   -0.405782
   -0.405875
   -0.405789
   -0.405867
   -0.405804
   -0.405845
   -0.405824
   -0.405837
   -0.405967
   -0.405717
   -0.405972
   -0.405763
   -0.405931
   -0.405803
   -0.405895
   -0.405834
   -0.405871
   -0.405848
   -0.405865
   -0.405855
   -0.405851
   -0.405874
   -0.405833
   -0.405883
   -0.405971
   -0.410159
   -0.409853
   -0.410115
   -0.409893
   -0.410076
   -0.409930
   -0.410045
   -0.410025
   -0.410101
   -0.410034
   -0.410092
   -0.410049
   -0.410071
   -0.410069
   -0.410061
   -0.410074
   -0.409904
   -0.410115
   -0.409942
   -0.410079
   -0.409979
   -0.410046
   -0.410007
   -0.410096
   -0.410093
   -0.410088
   -0.410103
   -0.410074
   -0.410121
   -0.410057
   -0.410128
   -0.410055
   -0.410131
   -0.409876
   -0.410097
   -0.409910
   -0.410062
   -0.409942
   -0.410035
   -0.410034
   -0.410093
   -0.410044
   -0.410083
   -0.410057
   -0.410066
   -0.410073
   -0.410059
   -0.410075
   -0.409939
   -0.410087
   -0.409965
   -0.410059
   -0.409995
   -0.410031
   -0.410018
   -0.410085
   -0.410103
   -0.410077
   -0.410112
   -0.410066
   -0.410125
   -0.410054
   -0.410130
   -0.410054
   -0.410084
   -0.409915
   -0.410065
   -0.409937
   -0.410039
   -0.409961
   -0.410020
   -0.410047
   -0.410082
   -0.410056
   -0.410072
   -0.410066
   -0.410061
   -0.410077
   -0.410057
   -0.410077
   -0.409996
   -0.410038
   -0.410006
   -0.410024
   -0.410024
   -0.410007
   -0.410036
   -0.410071
   -0.410114
   -0.410067
   -0.410121
   -0.410060
   -0.410128
   -0.410053
   -0.410128
   -0.410056
   -0.410030
   -0.409962
   -0.410027
   -0.409969
   -0.410013
   -0.409981
   -0.410007
   -0.410055
   -0.410079
   -0.410057
   -0.410073
   -0.410061
   -0.410070
   -0.410065
   -0.410073
   -0.410059
   -0.410031
   -0.410008
   -0.410028
   -0.410006
   -0.410037
   -0.410000
   -0.410038
   -0.410074
   -0.410107
   -0.410075
   -0.410110
   -0.410074
   -0.410109
   -0.410075
   -0.410101
   -0.410087
   -0.410082
   -0.410044
   -0.410088
   -0.410044
   -0.410081
   -0.410049
   -0.410082
   -0.405882
   -0.405923
   -0.405881
   -0.405919
   -0.405883
   -0.405921
   -0.405879
   -0.405931
   -0.405866
   -0.410179
   -0.410140
   -0.410170
   -0.410144
   -0.410174
   -0.410141
   -0.410171
   -0.409939
   -0.409958
   -0.409941
   -0.409963
   -0.409939
   -0.409960
   -0.409944
   -0.409946
   -0.409961
   -0.405918
   -0.405882
   -0.405926
   -0.405879
   -0.405921
   -0.405882
   -0.405925
   -0.409902
   -0.409951
   -0.409903
   -0.409943
   -0.409908
   -0.409945
   -0.409902
   -0.409960
   -0.409883
   -0.405877
   -0.405839
   -0.405866
   -0.405846
   -0.405868
   -0.405845
   -0.405862
   -0.401689
   -0.401695
   -0.401689
   -0.401701
   -0.401687
   -0.401695
   -0.401697
   -0.401674
   -0.401860
   -0.409943
   -0.409906
   -0.409954
   -0.409899
   -0.409951
   -0.409901
   -0.409957
   -0.409895
   -0.409959
   -0.409897
   -0.409950
   -0.409901
   -0.409956
   -0.409891
   -0.409977
   -0.409935
   -0.406319
   -0.405624
   -0.406250
   -0.405704
   -0.406175
   -0.405768
   -0.406115
   -0.405828
   -0.406056
   -0.405884
   -0.406006
   -0.405926
   -0.405976
   -0.405947
   -0.405946
   -0.406116
   -0.405631
   -0.406308
   -0.405691
   -0.406238
   -0.405756
   -0.406182
   -0.405809
   -0.406130
   -0.405861
   -0.406081
   -0.405905
   -0.406044
   -0.405931
   -0.406025
   -0.405958
   -0.406150
   -0.406241
   -0.405695
   -0.406187
   -0.405758
   -0.406128
   -0.405809
   -0.406080
   -0.405857
   -0.406031
   -0.405903
   -0.405990
   -0.405938
   -0.405965
   -0.405957
   -0.405938
   -0.406124
   -0.409866
   -0.410408
   -0.409914
   -0.410352
   -0.409965
   -0.410306
   -0.410010
   -0.410232
   -0.410023
   -0.410190
   -0.410061
   -0.410158
   -0.410084
   -0.410140
   -0.410109
   -0.410122
   -0.410341
   -0.409918
   -0.410298
   -0.409968
   -0.410251
   -0.410011
   -0.410209
   -0.410023
   -0.410135
   -0.410065
   -0.410098
   -0.410096
   -0.410073
   -0.410117
   -0.410048
   -0.410136
   -0.409928
   -0.410351
   -0.409964
   -0.410308
   -0.410004
   -0.410271
   -0.410041
   -0.410204
   -0.410050
   -0.410166
   -0.410083
   -0.410138
   -0.410106
   -0.410119
   -0.410128
   -0.410103
   -0.410287
   -0.409968
   -0.410252
   -0.410008
   -0.410216
   -0.410043
   -0.410181
   -0.410048
   -0.410112
   -0.410085
   -0.410080
   -0.410113
   -0.410058
   -0.410131
   -0.410038
   -0.410145
   -0.409985
   -0.410298
   -0.410013
   -0.410265
   -0.410043
   -0.410237
   -0.410073
   -0.410177
   -0.410075
   -0.410144
   -0.410103
   -0.410120
   -0.410122
   -0.410106
   -0.410137
   -0.410096
   -0.410224
   -0.410026
   -0.410199
   -0.410055
   -0.410173
   -0.410081
   -0.410145
   -0.410079
   -0.410084
   -0.410110
   -0.410058
   -0.410133
   -0.410039
   -0.410146
   -0.410026
   -0.410154
   -0.410046
   -0.410242
   -0.410064
   -0.410221
   -0.410084
   -0.410200
   -0.410106
   -0.410148
   -0.410100
   -0.410122
   -0.410122
   -0.410103
   -0.410136
   -0.410094
   -0.410144
   -0.410092
   -0.410165
   -0.410079
   -0.410153
   -0.410094
   -0.410139
   -0.410109
   -0.410121
   -0.410098
   -0.410069
   -0.410121
   -0.410048
   -0.410140
   -0.410033
   -0.410150
   -0.410026
   -0.410152
   -0.410273
   -0.410373
   -0.410279
   -0.410365
   -0.410287
   -0.410355
   -0.410299
   -0.406177
   -0.406153
   -0.406156
   -0.406172
   -0.406137
   -0.406187
   -0.406128
   -0.406193
   -0.406128
   -0.410478
   -0.410466
   -0.410475
   -0.410470
   -0.410470
   -0.410479
   -0.410459
   -0.409967
   -0.409912
   -0.409988
   -0.409891
   -0.410008
   -0.409873
   -0.410022
   -0.409865
   -0.410022
   -0.406131
   -0.406193
   -0.406130
   -0.406192
   -0.406132
   -0.406187
   -0.406140
   -0.409987
   -0.409965
   -0.409966
   -0.409986
   -0.409944
   -0.410005
   -0.409929
   -0.410014
   -0.409928
   -0.405944
   -0.405962
   -0.405946
   -0.405961
   -0.405947
   -0.405964
   -0.405942
   -0.401810
   -0.401764
   -0.401830
   -0.401742
   -0.401854
   -0.401721
   -0.401872
   -0.401708
   -0.402226
   -0.409959
   -0.409990
   -0.409955
   -0.409994
   -0.409951
   -0.409996
   -0.409951
   -0.409989
   -0.409960
   -0.409973
   -0.409980
   -0.409950
   -0.410001
   -0.409932
   -0.410013
   -0.410107
   -0.405403
   -0.405638
   -0.405411
   -0.405621
   -0.405432
   -0.405608
   -0.405439
   -0.405600
   -0.405459
   -0.405566
   -0.405487
   -0.405549
   -0.405497
   -0.405541
   -0.405506
   -0.405471
   -0.405636
   -0.405447
   -0.405628
   -0.405464
   -0.405608
   -0.405477
   -0.405599
   -0.405487
   -0.405579
   -0.405519
   -0.405552
   -0.405536
   -0.405544
   -0.405542
   -0.405536
   -0.405485
   -0.405410
   -0.405631
   -0.405418
   -0.405615
   -0.405436
   -0.405603
   -0.405445
   -0.405594
   -0.405462
   -0.405566
   -0.405485
   -0.405552
   -0.405491
   -0.405549
   -0.405496
   -0.405483
   -0.409785
   -0.409617
   -0.409777
   -0.409632
   -0.409761
   -0.409644
   -0.409752
   -0.409631
   -0.409713
   -0.409657
   -0.409691
   -0.409670
   -0.409685
   -0.409674
   -0.409680
   -0.409677
   -0.409585
   -0.409777
   -0.409590
   -0.409765
   -0.409602
   -0.409757
   -0.409609
   -0.409727
   -0.409599
   -0.409706
   -0.409616
   -0.409695
   -0.409620
   -0.409693
   -0.409623
   -0.409693
   -0.409767
   -0.409633
   -0.409763
   -0.409644
   -0.409752
   -0.409652
   -0.409746
   -0.409635
   -0.409713
   -0.409653
   -0.409699
   -0.409662
   -0.409695
   -0.409663
   -0.409694
   -0.409661
   -0.409603
   -0.409759
   -0.409607
   -0.409749
   -0.409616
   -0.409744
   -0.409620
   -0.409717
   -0.409603
   -0.409705
   -0.409614
   -0.409698
   -0.409617
   -0.409698
   -0.409616
   -0.409702
   -0.409753
   -0.409648
   -0.409747
   -0.409660
   -0.409738
   -0.409665
   -0.409734
   -0.409645
   -0.409708
   -0.409654
   -0.409700
   -0.409660
   -0.409698
   -0.409659
   -0.409700
   -0.409655
   -0.409618
   -0.409743
   -0.409625
   -0.409732
   -0.409632
   -0.409728
   -0.409634
   -0.409707
   -0.409609
   -0.409704
   -0.409612
   -0.409701
   -0.409612
   -0.409704
   -0.409608
   -0.409709
   -0.409733
   -0.409670
   -0.409723
   -0.409683
   -0.409715
   -0.409688
   -0.409713
   -0.409664
   -0.409693
   -0.409666
   -0.409690
   -0.409670
   -0.409689
   -0.409668
   -0.409691
   -0.409666
   -0.409642
   -0.409718
   -0.409652
   -0.409705
   -0.409659
   -0.409699
   -0.409661
   -0.409680
   -0.409633
   -0.409681
   -0.409634
   -0.409678
   -0.409636
   -0.409679
   -0.409634
   -0.409680
   -0.409669
   -0.409654
   -0.409656
   -0.409670
   -0.409647
   -0.409677
   -0.409644
   -0.405515
   -0.405489
   -0.405514
   -0.405487
   -0.405519
   -0.405483
   -0.405521
   -0.405481
   -0.405525
   -0.409577
   -0.409619
   -0.409590
   -0.409602
   -0.409601
   -0.409593
   -0.409605
   -0.409717
   -0.409721
   -0.409719
   -0.409721
   -0.409716
   -0.409724
   -0.409714
   -0.409727
   -0.409708
   -0.405503
   -0.405501
   -0.405487
   -0.405521
   -0.405474
   -0.405533
   -0.405467
   -0.409773
   -0.409716
   -0.409770
   -0.409716
   -0.409772
   -0.409713
   -0.409774
   -0.409709
   -0.409783
   -0.405503
   -0.405535
   -0.405519
   -0.405515
   -0.405532
   -0.405503
   -0.405539
   -0.401346
   -0.401369
   -0.401352
   -0.401366
   -0.401352
   -0.401368
   -0.401350
   -0.401372
   -0.401259
   -0.409734
   -0.409752
   -0.409718
   -0.409773
   -0.409703
   -0.409787
   -0.409697
   -0.409782
   -0.409710
   -0.409773
   -0.409715
   -0.409770
   -0.409716
   -0.409769
   -0.409713
   -0.409739
   -0.411456
   -0.411817
   -0.411520
   -0.411758
   -0.411571
   -0.411711
   -0.411616
   -0.411664
   -0.411662
   -0.411626
   -0.411683
   -0.411615
   -0.411690
   -0.411618
   -0.411681
   -0.411578
   -0.411833
   -0.411403
   -0.411776
   -0.411455
   -0.411731
   -0.411496
   -0.411692
   -0.411537
   -0.411651
   -0.411572
   -0.411632
   -0.411582
   -0.411625
   -0.411579
   -0.411633
   -0.411529
   -0.411506
   -0.411773
   -0.411556
   -0.411729
   -0.411594
   -0.411694
   -0.411628
   -0.411657
   -0.411663
   -0.411626
   -0.411681
   -0.411618
   -0.411686
   -0.411621
   -0.411679
   -0.411579
   -0.416019
   -0.415657
   -0.415974
   -0.415698
   -0.415938
   -0.415732
   -0.415904
   -0.415780
   -0.415882
   -0.415812
   -0.415862
   -0.415823
   -0.415855
   -0.415823
   -0.415857
   -0.415823
   -0.415756
   -0.415973
   -0.415795
   -0.415936
   -0.415827
   -0.415905
   -0.415859
   -0.415883
   -0.415906
   -0.415852
   -0.415926
   -0.415840
   -0.415936
   -0.415837
   -0.415937
   -0.415834
   -0.415989
   -0.415681
   -0.415954
   -0.415714
   -0.415925
   -0.415743
   -0.415895
   -0.415789
   -0.415874
   -0.415820
   -0.415853
   -0.415834
   -0.415842
   -0.415840
   -0.415837
   -0.415845
   -0.415783
   -0.415950
   -0.415815
   -0.415920
   -0.415840
   -0.415893
   -0.415870
   -0.415872
   -0.415915
   -0.415842
   -0.415938
   -0.415826
   -0.415950
   -0.415819
   -0.415956
   -0.415813
   -0.415955
   -0.415711
   -0.415929
   -0.415735
   -0.415907
   -0.415760
   -0.415879
   -0.415804
   -0.415862
   -0.415833
   -0.415839
   -0.415849
   -0.415827
   -0.415857
   -0.415819
   -0.415864
   -0.415827
   -0.415911
   -0.415847
   -0.415891
   -0.415866
   -0.415869
   -0.415892
   -0.415852
   -0.415933
   -0.415825
   -0.415954
   -0.415810
   -0.415966
   -0.415802
   -0.415974
   -0.415795
   -0.415910
   -0.415750
   -0.415895
   -0.415765
   -0.415880
   -0.415786
   -0.415855
   -0.415828
   -0.415842
   -0.415852
   -0.415822
   -0.415866
   -0.415812
   -0.415873
   -0.415804
   -0.415878
   -0.415872
   -0.415873
   -0.415879
   -0.415864
   -0.415889
   -0.415847
   -0.415912
   -0.415833
   -0.415947
   -0.415813
   -0.415965
   -0.415800
   -0.415974
   -0.415794
   -0.415980
   -0.415792
   -0.415809
   -0.415727
   -0.415808
   -0.415731
   -0.415802
   -0.415747
   -0.415779
   -0.411551
   -0.411535
   -0.411571
   -0.411516
   -0.411585
   -0.411506
   -0.411592
   -0.411500
   -0.411594
   -0.415788
   -0.415730
   -0.415784
   -0.415731
   -0.415787
   -0.415716
   -0.415809
   -0.415863
   -0.416006
   -0.415843
   -0.416026
   -0.415829
   -0.416035
   -0.415822
   -0.416041
   -0.415822
   -0.411573
   -0.411513
   -0.411578
   -0.411511
   -0.411576
   -0.411528
   -0.411550
   -0.415899
   -0.415867
   -0.415919
   -0.415844
   -0.415937
   -0.415833
   -0.415946
   -0.415825
   -0.415946
   -0.411681
   -0.411629
   -0.411675
   -0.411631
   -0.411676
   -0.411614
   -0.411703
   -0.407358
   -0.407505
   -0.407337
   -0.407528
   -0.407319
   -0.407539
   -0.407310
   -0.407546
   -0.407196
   -0.415917
   -0.415847
   -0.415923
   -0.415844
   -0.415922
   -0.415862
   -0.415893
   -0.415898
   -0.415869
   -0.415919
   -0.415845
   -0.415938
   -0.415834
   -0.415947
   -0.415828
   -0.415884
   -0.410444
   -0.410021
   -0.410400
   -0.410064
   -0.410363
   -0.410100
   -0.410335
   -0.410123
   -0.410307
   -0.410152
   -0.410282
   -0.410175
   -0.410265
   -0.410189
   -0.410247
   -0.410236
   -0.410027
   -0.410362
   -0.410066
   -0.410324
   -0.410099
   -0.410292
   -0.410124
   -0.410272
   -0.410148
   -0.410246
   -0.410169
   -0.410228
   -0.410182
   -0.410218
   -0.410196
   -0.410228
   -0.410408
   -0.410054
   -0.410371
   -0.410090
   -0.410340
   -0.410120
   -0.410316
   -0.410140
   -0.410292
   -0.410164
   -0.410272
   -0.410182
   -0.410260
   -0.410190
   -0.410248
   -0.410232
   -0.414270
   -0.414538
   -0.414302
   -0.414505
   -0.414330
   -0.414479
   -0.414351
   -0.414468
   -0.414379
   -0.414446
   -0.414397
   -0.414431
   -0.414407
   -0.414424
   -0.414417
   -0.414411
   -0.414588
   -0.414286
   -0.414557
   -0.414318
   -0.414531
   -0.414342
   -0.414511
   -0.414366
   -0.414497
   -0.414387
   -0.414480
   -0.414401
   -0.414471
   -0.414407
   -0.414461
   -0.414420
   -0.414301
   -0.414511
   -0.414327
   -0.414483
   -0.414349
   -0.414464
   -0.414364
   -0.414457
   -0.414387
   -0.414441
   -0.414400
   -0.414430
   -0.414406
   -0.414428
   -0.414411
   -0.414419
   -0.414549
   -0.414320
   -0.414526
   -0.414347
   -0.414505
   -0.414363
   -0.414492
   -0.414381
   -0.414486
   -0.414395
   -0.414475
   -0.414404
   -0.414470
   -0.414404
   -0.414467
   -0.414412
   -0.414334
   -0.414481
   -0.414354
   -0.414458
   -0.414371
   -0.414446
   -0.414379
   -0.414445
   -0.414395
   -0.414437
   -0.414401
   -0.414432
   -0.414403
   -0.414436
   -0.414401
   -0.414431
   -0.414521
   -0.414345
   -0.414503
   -0.414368
   -0.414486
   -0.414379
   -0.414480
   -0.414390
   -0.414481
   -0.414397
   -0.414476
   -0.414401
   -0.414474
   -0.414397
   -0.414477
   -0.414401
   -0.414363
   -0.414456
   -0.414377
   -0.414436
   -0.414391
   -0.414429
   -0.414393
   -0.414436
   -0.414402
   -0.414432
   -0.414403
   -0.414430
   -0.414405
   -0.414436
   -0.414401
   -0.414431
   -0.414489
   -0.414374
   -0.414476
   -0.414392
   -0.414465
   -0.414396
   -0.414466
   -0.414400
   -0.414474
   -0.414401
   -0.414474
   -0.414402
   -0.414474
   -0.414395
   -0.414478
   -0.414400
   -0.414413
   -0.414449
   -0.414422
   -0.414434
   -0.414429
   -0.414434
   -0.414423
   -0.410234
   -0.410211
   -0.410236
   -0.410206
   -0.410240
   -0.410204
   -0.410250
   -0.410196
   -0.410245
   -0.414497
   -0.414439
   -0.414492
   -0.414451
   -0.414488
   -0.414447
   -0.414498
   -0.414376
   -0.414448
   -0.414371
   -0.414455
   -0.414364
   -0.414462
   -0.414351
   -0.414471
   -0.414356
   -0.410230
   -0.410220
   -0.410232
   -0.410213
   -0.410232
   -0.410221
   -0.410216
   -0.414409
   -0.414368
   -0.414420
   -0.414354
   -0.414434
   -0.414341
   -0.414454
   -0.414327
   -0.414451
   -0.410241
   -0.410199
   -0.410241
   -0.410205
   -0.410242
   -0.410195
   -0.410261
   -0.405963
   -0.406073
   -0.405949
   -0.406090
   -0.405932
   -0.406108
   -0.405907
   -0.406124
   -0.405949
   -0.414404
   -0.414386
   -0.414401
   -0.414383
   -0.414396
   -0.414397
   -0.414372
   -0.414428
   -0.414346
   -0.414447
   -0.414323
   -0.414471
   -0.414299
   -0.414501
   -0.414280
   -0.414518
   -0.391154
   -0.391106
   -0.391112
   -0.391139
   -0.391091
   -0.391152
   -0.391078
   -0.391175
   -0.391048
   -0.391208
   -0.391024
   -0.391213
   -0.391031
   -0.391189
   -0.391057
   -0.391185
   -0.391079
   -0.391300
   -0.391116
   -0.391272
   -0.391132
   -0.391262
   -0.391142
   -0.391245
   -0.391167
   -0.391216
   -0.391188
   -0.391211
   -0.391181
   -0.391234
   -0.391157
   -0.391265
   -0.391133
   -0.391122
   -0.391099
   -0.391148
   -0.391084
   -0.391158
   -0.391075
   -0.391173
   -0.391053
   -0.391198
   -0.391034
   -0.391203
   -0.391039
   -0.391183
   -0.391061
   -0.391181
   -0.395101
   -0.395306
   -0.395131
   -0.395283
   -0.395145
   -0.395274
   -0.395152
   -0.395257
   -0.395165
   -0.395235
   -0.395182
   -0.395232
   -0.395177
   -0.395251
   -0.395155
   -0.395266
   -0.395139
   -0.395137
   -0.395112
   -0.395157
   -0.395100
   -0.395165
   -0.395094
   -0.395169
   -0.395075
   -0.395187
   -0.395061
   -0.395190
   -0.395066
   -0.395172
   -0.395086
   -0.395158
   -0.395112
   -0.395300
   -0.395134
   -0.395284
   -0.395143
   -0.395279
   -0.395145
   -0.395270
   -0.395148
   -0.395259
   -0.395155
   -0.395261
   -0.395147
   -0.395281
   -0.395126
   -0.395297
   -0.395130
   -0.395142
   -0.395110
   -0.395156
   -0.395102
   -0.395160
   -0.395101
   -0.395158
   -0.395091
   -0.395164
   -0.395088
   -0.395160
   -0.395097
   -0.395139
   -0.395119
   -0.395123
   -0.395128
   -0.395288
   -0.395143
   -0.395279
   -0.395146
   -0.395278
   -0.395145
   -0.395276
   -0.395137
   -0.395278
   -0.395133
   -0.395288
   -0.395118
   -0.395313
   -0.395092
   -0.395335
   -0.395113
   -0.395155
   -0.395099
   -0.395164
   -0.395095
   -0.395167
   -0.395095
   -0.395157
   -0.395096
   -0.395151
   -0.395105
   -0.395138
   -0.395122
   -0.395112
   -0.395149
   -0.395088
   -0.395139
   -0.395281
   -0.395148
   -0.395275
   -0.395149
   -0.395276
   -0.395147
   -0.395279
   -0.395128
   -0.395294
   -0.395113
   -0.395313
   -0.395089
   -0.395344
   -0.395057
   -0.395374
   -0.395100
   -0.395163
   -0.395094
   -0.395166
   -0.395095
   -0.395165
   -0.395097
   -0.395150
   -0.395109
   -0.395131
   -0.395129
   -0.395109
   -0.395155
   -0.395076
   -0.395188
   -0.395045
   -0.395177
   -0.395286
   -0.395177
   -0.395288
   -0.395172
   -0.395292
   -0.395167
   -0.391294
   -0.391133
   -0.391319
   -0.391108
   -0.391345
   -0.391078
   -0.391382
   -0.391041
   -0.391418
   -0.395122
   -0.395212
   -0.395123
   -0.395209
   -0.395129
   -0.395205
   -0.395132
   -0.395135
   -0.395099
   -0.395108
   -0.395124
   -0.395082
   -0.395155
   -0.395047
   -0.395190
   -0.395012
   -0.391170
   -0.391273
   -0.391165
   -0.391279
   -0.391157
   -0.391285
   -0.391151
   -0.395275
   -0.395100
   -0.395306
   -0.395071
   -0.395334
   -0.395039
   -0.395371
   -0.395002
   -0.395407
   -0.391076
   -0.391156
   -0.391079
   -0.391151
   -0.391085
   -0.391148
   -0.391087
   -0.387124
   -0.387100
   -0.387094
   -0.387127
   -0.387068
   -0.387158
   -0.387034
   -0.387191
   -0.387036
   -0.395143
   -0.395250
   -0.395138
   -0.395257
   -0.395129
   -0.395262
   -0.395125
   -0.395275
   -0.395098
   -0.395307
   -0.395068
   -0.395336
   -0.395035
   -0.395372
   -0.394999
   -0.395428
   -0.400556
   -0.400840
   -0.400573
   -0.400818
   -0.400591
   -0.400810
   -0.400587
   -0.400807
   -0.400600
   -0.400801
   -0.400611
   -0.400775
   -0.400645
   -0.400742
   -0.400668
   -0.400712
   -0.400832
   -0.400626
   -0.400816
   -0.400647
   -0.400800
   -0.400654
   -0.400803
   -0.400658
   -0.400791
   -0.400665
   -0.400779
   -0.400689
   -0.400749
   -0.400718
   -0.400728
   -0.400726
   -0.400574
   -0.400823
   -0.400587
   -0.400805
   -0.400601
   -0.400798
   -0.400599
   -0.400795
   -0.400611
   -0.400788
   -0.400622
   -0.400766
   -0.400647
   -0.400743
   -0.400665
   -0.400716
   -0.404932
   -0.404747
   -0.404917
   -0.404766
   -0.404902
   -0.404776
   -0.404900
   -0.404782
   -0.404882
   -0.404794
   -0.404867
   -0.404818
   -0.404840
   -0.404842
   -0.404821
   -0.404860
   -0.404692
   -0.404925
   -0.404705
   -0.404908
   -0.404719
   -0.404899
   -0.404721
   -0.404889
   -0.404735
   -0.404877
   -0.404749
   -0.404856
   -0.404772
   -0.404835
   -0.404789
   -0.404819
   -0.404920
   -0.404759
   -0.404907
   -0.404777
   -0.404892
   -0.404787
   -0.404887
   -0.404796
   -0.404867
   -0.404810
   -0.404853
   -0.404830
   -0.404831
   -0.404850
   -0.404815
   -0.404867
   -0.404712
   -0.404906
   -0.404722
   -0.404892
   -0.404733
   -0.404884
   -0.404737
   -0.404873
   -0.404752
   -0.404860
   -0.404763
   -0.404843
   -0.404781
   -0.404829
   -0.404793
   -0.404814
   -0.404888
   -0.404789
   -0.404879
   -0.404803
   -0.404869
   -0.404810
   -0.404865
   -0.404817
   -0.404847
   -0.404830
   -0.404836
   -0.404844
   -0.404821
   -0.404857
   -0.404810
   -0.404870
   -0.404737
   -0.404882
   -0.404744
   -0.404872
   -0.404751
   -0.404866
   -0.404754
   -0.404856
   -0.404768
   -0.404844
   -0.404776
   -0.404832
   -0.404789
   -0.404823
   -0.404796
   -0.404812
   -0.404872
   -0.404805
   -0.404867
   -0.404813
   -0.404861
   -0.404818
   -0.404859
   -0.404824
   -0.404839
   -0.404839
   -0.404830
   -0.404851
   -0.404816
   -0.404861
   -0.404807
   -0.404874
   -0.404759
   -0.404862
   -0.404761
   -0.404858
   -0.404762
   -0.404857
   -0.404760
   -0.404850
   -0.404773
   -0.404838
   -0.404781
   -0.404829
   -0.404792
   -0.404820
   -0.404799
   -0.404807
   -0.404841
   -0.404818
   -0.404839
   -0.404820
   -0.404841
   -0.404819
   -0.404845
   -0.400712
   -0.400719
   -0.400726
   -0.400711
   -0.400734
   -0.400701
   -0.400741
   -0.400694
   -0.400756
   -0.404768
   -0.404820
   -0.404765
   -0.404822
   -0.404759
   -0.404828
   -0.404750
   -0.404854
   -0.404788
   -0.404842
   -0.404793
   -0.404839
   -0.404800
   -0.404834
   -0.404805
   -0.404820
   -0.400711
   -0.400726
   -0.400713
   -0.400723
   -0.400722
   -0.400716
   -0.400732
   -0.404841
   -0.404847
   -0.404854
   -0.404842
   -0.404855
   -0.404838
   -0.404858
   -0.404834
   -0.404872
   -0.400681
   -0.400721
   -0.400676
   -0.400727
   -0.400665
   -0.400736
   -0.400652
   -0.396630
   -0.396554
   -0.396617
   -0.396557
   -0.396621
   -0.396556
   -0.396623
   -0.396557
   -0.396592
   -0.404834
   -0.404856
   -0.404840
   -0.404849
   -0.404852
   -0.404840
   -0.404866
   -0.404835
   -0.404851
   -0.404850
   -0.404847
   -0.404846
   -0.404850
   -0.404842
   -0.404849
   -0.404850
   -0.452931
   -0.453039
   -0.452969
   -0.453001
   -0.453008
   -0.452969
   -0.453028
   -0.452950
   -0.453050
   -0.452931
   -0.453060
   -0.452928
   -0.453063
   -0.452928
   -0.453060
   -0.452928
   -0.453077
   -0.452725
   -0.453041
   -0.452760
   -0.453004
   -0.452791
   -0.452985
   -0.452808
   -0.452964
   -0.452827
   -0.452953
   -0.452831
   -0.452948
   -0.452834
   -0.452950
   -0.452828
   -0.452953
   -0.453019
   -0.452986
   -0.452987
   -0.453018
   -0.452960
   -0.453034
   -0.452945
   -0.453053
   -0.452928
   -0.453063
   -0.452923
   -0.453069
   -0.452920
   -0.453069
   -0.452917
   -0.457699
   -0.457393
   -0.457668
   -0.457422
   -0.457639
   -0.457447
   -0.457624
   -0.457463
   -0.457608
   -0.457480
   -0.457597
   -0.457487
   -0.457588
   -0.457493
   -0.457585
   -0.457496
   -0.457632
   -0.457635
   -0.457656
   -0.457612
   -0.457680
   -0.457591
   -0.457692
   -0.457583
   -0.457708
   -0.457569
   -0.457717
   -0.457563
   -0.457724
   -0.457558
   -0.457727
   -0.457554
   -0.457662
   -0.457426
   -0.457640
   -0.457446
   -0.457620
   -0.457464
   -0.457610
   -0.457474
   -0.457600
   -0.457485
   -0.457593
   -0.457490
   -0.457586
   -0.457495
   -0.457583
   -0.457500
   -0.457658
   -0.457611
   -0.457677
   -0.457594
   -0.457694
   -0.457578
   -0.457704
   -0.457573
   -0.457715
   -0.457564
   -0.457720
   -0.457561
   -0.457725
   -0.457558
   -0.457727
   -0.457554
   -0.457641
   -0.457445
   -0.457625
   -0.457460
   -0.457609
   -0.457475
   -0.457599
   -0.457484
   -0.457592
   -0.457492
   -0.457588
   -0.457495
   -0.457584
   -0.457496
   -0.457583
   -0.457500
   -0.457680
   -0.457591
   -0.457693
   -0.457580
   -0.457706
   -0.457566
   -0.457715
   -0.457562
   -0.457725
   -0.457555
   -0.457727
   -0.457553
   -0.457731
   -0.457553
   -0.457730
   -0.457551
   -0.457628
   -0.457456
   -0.457615
   -0.457468
   -0.457602
   -0.457482
   -0.457592
   -0.457493
   -0.457582
   -0.457502
   -0.457578
   -0.457506
   -0.457573
   -0.457506
   -0.457574
   -0.457509
   -0.457689
   -0.457584
   -0.457698
   -0.457575
   -0.457710
   -0.457561
   -0.457720
   -0.457554
   -0.457735
   -0.457544
   -0.457740
   -0.457539
   -0.457743
   -0.457541
   -0.457741
   -0.457538
   -0.457609
   -0.457461
   -0.457602
   -0.457469
   -0.457590
   -0.457484
   -0.457578
   -0.452848
   -0.452917
   -0.452860
   -0.452911
   -0.452866
   -0.452906
   -0.452865
   -0.452908
   -0.452869
   -0.457695
   -0.457559
   -0.457698
   -0.457554
   -0.457707
   -0.457541
   -0.457718
   -0.457548
   -0.457751
   -0.457536
   -0.457757
   -0.457531
   -0.457761
   -0.457533
   -0.457759
   -0.457527
   -0.452949
   -0.452826
   -0.452947
   -0.452831
   -0.452936
   -0.452846
   -0.452923
   -0.457517
   -0.457562
   -0.457531
   -0.457554
   -0.457538
   -0.457549
   -0.457537
   -0.457548
   -0.457546
   -0.453060
   -0.452925
   -0.453062
   -0.452920
   -0.453075
   -0.452903
   -0.453089
   -0.448240
   -0.448463
   -0.448225
   -0.448470
   -0.448218
   -0.448477
   -0.448217
   -0.448479
   -0.448196
   -0.457610
   -0.457480
   -0.457609
   -0.457486
   -0.457594
   -0.457507
   -0.457576
   -0.457526
   -0.457554
   -0.457544
   -0.457544
   -0.457554
   -0.457536
   -0.457557
   -0.457531
   -0.457564
   -0.412037
   -0.411973
   -0.412043
   -0.411970
   -0.412044
   -0.411969
   -0.412046
   -0.411966
   -0.412051
   -0.411960
   -0.412058
   -0.411952
   -0.412059
   -0.411953
   -0.412063
   -0.411953
   -0.412000
   -0.411852
   -0.411996
   -0.411853
   -0.411996
   -0.411854
   -0.411993
   -0.411857
   -0.411988
   -0.411863
   -0.411981
   -0.411871
   -0.411980
   -0.411871
   -0.411975
   -0.411879
   -0.412052
   -0.411960
   -0.412053
   -0.411961
   -0.412051
   -0.411962
   -0.412051
   -0.411962
   -0.412054
   -0.411957
   -0.412060
   -0.411951
   -0.412061
   -0.411951
   -0.412064
   -0.411952
   -0.416208
   -0.416093
   -0.416209
   -0.416091
   -0.416212
   -0.416089
   -0.416213
   -0.416089
   -0.416211
   -0.416093
   -0.416207
   -0.416098
   -0.416207
   -0.416097
   -0.416204
   -0.416099
   -0.416296
   -0.416169
   -0.416293
   -0.416173
   -0.416288
   -0.416177
   -0.416287
   -0.416177
   -0.416289
   -0.416174
   -0.416294
   -0.416168
   -0.416295
   -0.416169
   -0.416298
   -0.416166
   -0.416194
   -0.416106
   -0.416199
   -0.416100
   -0.416204
   -0.416096
   -0.416206
   -0.416097
   -0.416204
   -0.416101
   -0.416198
   -0.416107
   -0.416196
   -0.416108
   -0.416192
   -0.416113
   -0.416303
   -0.416162
   -0.416297
   -0.416169
   -0.416292
   -0.416174
   -0.416290
   -0.416172
   -0.416294
   -0.416169
   -0.416301
   -0.416160
   -0.416306
   -0.416157
   -0.416312
   -0.416150
   -0.416193
   -0.416108
   -0.416199
   -0.416101
   -0.416203
   -0.416098
   -0.416203
   -0.416103
   -0.416197
   -0.416109
   -0.416188
   -0.416120
   -0.416179
   -0.416128
   -0.416170
   -0.416138
   -0.416303
   -0.416161
   -0.416297
   -0.416169
   -0.416293
   -0.416171
   -0.416296
   -0.416164
   -0.416304
   -0.416157
   -0.416316
   -0.416142
   -0.416329
   -0.416131
   -0.416341
   -0.416118
   -0.416192
   -0.416109
   -0.416198
   -0.416102
   -0.416199
   -0.416103
   -0.416194
   -0.416115
   -0.416183
   -0.416124
   -0.416170
   -0.416143
   -0.416152
   -0.416157
   -0.416138
   -0.416172
   -0.416303
   -0.416160
   -0.416297
   -0.416168
   -0.416297
   -0.416164
   -0.416305
   -0.416151
   -0.416318
   -0.416143
   -0.416331
   -0.416123
   -0.416350
   -0.416108
   -0.416365
   -0.416094
   -0.416198
   -0.416111
   -0.416204
   -0.416104
   -0.416201
   -0.416110
   -0.416192
   -0.411899
   -0.411952
   -0.411908
   -0.411938
   -0.411930
   -0.411915
   -0.411948
   -0.411900
   -0.411962
   -0.416301
   -0.416174
   -0.416296
   -0.416180
   -0.416300
   -0.416173
   -0.416311
   -0.416147
   -0.416316
   -0.416140
   -0.416329
   -0.416117
   -0.416353
   -0.416099
   -0.416367
   -0.416087
   -0.411981
   -0.411877
   -0.411985
   -0.411872
   -0.411979
   -0.411881
   -0.411967
   -0.416118
   -0.416172
   -0.416125
   -0.416158
   -0.416148
   -0.416134
   -0.416165
   -0.416123
   -0.416173
   -0.412060
   -0.411949
   -0.412058
   -0.411953
   -0.412065
   -0.411944
   -0.412077
   -0.407700
   -0.407864
   -0.407695
   -0.407876
   -0.407671
   -0.407900
   -0.407657
   -0.407906
   -0.407661
   -0.416206
   -0.416094
   -0.416207
   -0.416091
   -0.416198
   -0.416101
   -0.416187
   -0.416118
   -0.416177
   -0.416121
   -0.416166
   -0.416145
   -0.416141
   -0.416158
   -0.416138
   -0.416160
