   -0.437722
   -0.420014
   -0.397385
   -0.376373
   -0.353559
   -0.344317
   -0.335565
   -0.292719
   -0.317954
   -0.386465
   -0.400843
   -0.441113
   -0.448400
   -0.439236
   -0.392072
   -0.323196
   -0.434092
   -0.429752
   -0.417250
   -0.408252
   -0.394582
   -0.386087
   -0.379591
   -0.333601
   -0.272202
   -0.307396
   -0.336165
   -0.355960
   -0.354655
   -0.414237
   -0.439163
   -0.082414
   -0.420837
   -0.423251
   -0.418272
   -0.420491
   -0.426522
   -0.417888
   -0.421964
   -0.415155
   -0.331146
   -0.321538
   -0.291431
   -0.190463
   -0.202343
   -0.285631
   -0.325505
    0.091598
   -0.416875
   -0.413743
   -0.417464
   -0.415971
   -0.422270
   -0.442293
   -0.432534
   -0.414315
   -0.413770
   -0.395374
   -0.326248
   -0.160712
   -0.129717
   -0.183741
   -0.007628
    0.101743
   -0.414187
   -0.417535
   -0.413485
   -0.411965
   -0.409298
   -0.430370
   -0.421592
   -0.412820
   -0.444299
   -0.426536
   -0.406482
   -0.314993
   -0.204848
   -0.135807
    0.122664
    0.150307
   -0.422107
   -0.425845
   -0.423580
   -0.413106
   -0.406907
   -0.411904
   -0.415341
   -0.438604
   -0.418135
   -0.408431
   -0.431403
   -0.417621
   -0.374346
   -0.047853
    0.099376
    0.185223
   -0.436581
   -0.432377
   -0.429784
   -0.427587
   -0.414828
   -0.407414
   -0.421722
   -0.429224
   -0.417211
   -0.407780
   -0.416944
   -0.411460
   -0.383091
    0.101520
    0.166079
    0.134674
   -0.426625
   -0.422779
   -0.432100
   -0.442994
   -0.444014
   -0.427899
   -0.414605
   -0.408245
   -0.391056
   -0.375042
   -0.417436
   -0.411587
   -0.023847
    0.123335
    0.148600
    0.117564
   -0.448160
   -0.440609
   -0.438828
   -0.423852
   -0.422323
   -0.432041
   -0.420854
   -0.423563
   -0.431474
   -0.395639
   -0.384609
   -0.326573
    0.100298
    0.177068
    0.140842
    0.100556
   -0.447447
   -0.437701
   -0.445530
   -0.426161
   -0.451075
   -0.424392
   -0.414104
   -0.444061
   -0.399268
   -0.412755
   -0.408597
    0.048302
    0.109330
    0.158890
    0.119251
    0.075676
   -0.432619
   -0.429279
   -0.431631
   -0.435118
   -0.457309
   -0.429440
   -0.419063
   -0.434532
   -0.421632
   -0.422643
   -0.287765
    0.100074
    0.158734
    0.111614
    0.100440
   -0.084054
   -0.428068
   -0.444189
   -0.417598
   -0.444924
   -0.424133
   -0.430016
   -0.469055
   -0.463946
   -0.447825
   -0.417431
    0.035420
    0.110829
    0.126747
    0.074671
    0.054543
   -0.320012
   -0.425009
   -0.445016
   -0.428015
   -0.443663
   -0.415087
   -0.431247
   -0.455140
   -0.458292
   -0.482118
   -0.148067
    0.095691
    0.148696
    0.111950
    0.099390
   -0.122109
   -0.431476
   -0.410517
   -0.421879
   -0.425346
   -0.444475
   -0.419426
   -0.432363
   -0.429022
   -0.450524
   -0.415138
    0.052372
    0.154011
    0.148604
    0.063964
    0.031188
   -0.378552
   -0.417483
   -0.411195
   -0.398019
   -0.413700
   -0.430990
   -0.433135
   -0.391657
   -0.423165
   -0.436398
   -0.016070
    0.090383
    0.162556
    0.096060
    0.083813
   -0.193299
   -0.409653
   -0.417424
   -0.413566
   -0.430074
   -0.401581
   -0.453403
   -0.418247
   -0.454681
   -0.425826
   -0.235423
    0.080886
    0.120711
    0.101860
    0.070918
   -0.024057
   -0.438107
   -0.415380
   -0.431067
   -0.456332
   -0.460551
   -0.454271
   -0.465409
   -0.463513
   -0.463437
   -0.471047
   -0.448529
   -0.428568
   -0.455155
   -0.480436
   -0.459289
   -0.464800
   -0.470427
   -0.475535
   -0.337339
   -0.385873
   -0.433016
   -0.465069
   -0.459121
   -0.462387
   -0.482833
   -0.475487
   -0.456180
   -0.458806
   -0.440765
   -0.485682
   -0.471357
   -0.451839
   -0.461979
   -0.452248
   -0.048157
   -0.338190
   -0.356240
   -0.384645
   -0.446529
   -0.468762
   -0.461330
   -0.481987
   -0.464507
   -0.452794
   -0.462766
   -0.466360
   -0.454477
   -0.434338
   -0.432063
   -0.350732
    0.105763
   -0.360615
   -0.349189
   -0.360020
   -0.362188
   -0.401527
   -0.449345
   -0.451201
   -0.465548
   -0.466046
   -0.469742
   -0.463371
   -0.436411
   -0.444779
   -0.447962
   -0.058472
    0.116296
   -0.459215
   -0.412338
   -0.367550
   -0.349822
   -0.333928
   -0.345604
   -0.413075
   -0.428607
   -0.480959
   -0.471961
   -0.492167
   -0.451141
   -0.444327
   -0.325511
    0.138631
    0.192297
   -0.463771
   -0.449628
   -0.425820
   -0.385702
   -0.353770
   -0.331640
   -0.341845
   -0.371808
   -0.410166
   -0.448332
   -0.460947
   -0.481812
   -0.425486
   -0.045916
    0.130928
    0.210143
   -0.448479
   -0.451174
   -0.456775
   -0.462844
   -0.453687
   -0.389150
   -0.347066
   -0.329088
   -0.349806
   -0.260426
   -0.380915
   -0.425802
   -0.333694
    0.133282
    0.161233
    0.111751
   -0.451184
   -0.450361
   -0.458729
   -0.465879
   -0.460955
   -0.433210
   -0.402909
   -0.375810
   -0.230745
   -0.209415
   -0.175843
   -0.245184
    0.032273
    0.123677
    0.151721
    0.107473
   -0.447160
   -0.448263
   -0.454346
   -0.461690
   -0.454837
   -0.461707
   -0.460497
   -0.426138
   -0.356131
   -0.230170
   -0.181408
   -0.070573
    0.105997
    0.199654
    0.113741
    0.101135
   -0.457267
   -0.446951
   -0.449730
   -0.450452
   -0.458444
   -0.465371
   -0.459954
   -0.466974
   -0.433090
   -0.394230
   -0.284912
    0.098306
    0.146482
    0.160958
    0.128835
    0.076638
   -0.461716
   -0.460300
   -0.451558
   -0.453292
   -0.459976
   -0.458311
   -0.451725
   -0.478787
   -0.471022
   -0.436454
   -0.187681
    0.088842
    0.196271
    0.108710
    0.131847
   -0.093076
   -0.469052
   -0.468383
   -0.463957
   -0.459636
   -0.457826
   -0.447124
   -0.430516
   -0.407877
   -0.453030
   -0.396152
    0.073170
    0.160009
    0.147824
    0.113034
    0.018556
   -0.354795
   -0.475822
   -0.472379
   -0.469326
   -0.465332
   -0.453283
   -0.456799
   -0.438587
   -0.412267
   -0.421872
   -0.070206
    0.135033
    0.147308
    0.118470
    0.105126
   -0.194555
   -0.476326
   -0.472091
   -0.471652
   -0.472137
   -0.466288
   -0.455907
   -0.461321
   -0.447599
   -0.413030
   -0.277461
    0.099760
    0.140180
    0.130089
    0.106503
    0.017859
   -0.405558
   -0.456278
   -0.470914
   -0.478745
   -0.481726
   -0.464452
   -0.465514
   -0.457648
   -0.451326
   -0.459855
    0.019157
    0.104447
    0.156312
    0.098188
    0.105762
   -0.294525
   -0.464020
   -0.450893
   -0.465317
   -0.490905
   -0.462023
   -0.503449
   -0.491459
   -0.482026
   -0.464386
   -0.148788
    0.100321
    0.135662
    0.105003
    0.095011
   -0.084508
   -0.472302
   -0.453200
   -0.469043
   -0.407558
   -0.411988
   -0.411793
   -0.413914
   -0.418642
   -0.424049
   -0.427771
   -0.419245
   -0.414479
   -0.409310
   -0.416813
   -0.426767
   -0.407579
   -0.405028
   -0.434559
   -0.284355
   -0.389845
   -0.390914
   -0.409352
   -0.403580
   -0.411394
   -0.421654
   -0.425126
   -0.429505
   -0.440622
   -0.457482
   -0.406696
   -0.415189
   -0.445891
   -0.427176
   -0.432019
   -0.008247
   -0.388843
   -0.385371
   -0.403957
   -0.400650
   -0.402530
   -0.405378
   -0.410698
   -0.412298
   -0.443503
   -0.431451
   -0.402410
   -0.469077
   -0.445640
   -0.412204
   -0.316153
    0.096499
   -0.374963
   -0.387651
   -0.399748
   -0.412268
   -0.395892
   -0.377503
   -0.385961
   -0.402639
   -0.429867
   -0.433407
   -0.426811
   -0.493298
   -0.464599
   -0.455155
   -0.018217
    0.085402
   -0.401126
   -0.408247
   -0.405007
   -0.403835
   -0.410514
   -0.389788
   -0.376307
   -0.389748
   -0.410721
   -0.410316
   -0.438389
   -0.406844
   -0.461771
   -0.395541
    0.116601
    0.176473
   -0.408040
   -0.401890
   -0.404719
   -0.423239
   -0.413585
   -0.395287
   -0.403228
   -0.384031
   -0.428188
   -0.401193
   -0.399987
   -0.419539
   -0.411929
   -0.063378
    0.100822
    0.190258
   -0.325792
   -0.386521
   -0.409202
   -0.404319
   -0.424958
   -0.402935
   -0.392161
   -0.389463
   -0.395094
   -0.395489
   -0.388511
   -0.429171
   -0.335279
    0.103735
    0.140497
    0.098381
   -0.279413
   -0.307928
   -0.366791
   -0.416622
   -0.400638
   -0.402359
   -0.387288
   -0.414471
   -0.378686
   -0.386610
   -0.373627
   -0.361641
   -0.000943
    0.095940
    0.168442
    0.094123
   -0.279507
   -0.270999
   -0.285428
   -0.330490
   -0.398334
   -0.392745
   -0.412173
   -0.366801
   -0.391368
   -0.343117
   -0.395347
   -0.305100
    0.092812
    0.179030
    0.118316
    0.091048
   -0.351777
   -0.293911
   -0.268917
   -0.283672
   -0.323777
   -0.365647
   -0.398880
   -0.404211
   -0.401958
   -0.398359
   -0.390798
    0.023081
    0.097933
    0.151330
    0.068069
    0.065147
   -0.393548
   -0.388988
   -0.367606
   -0.313921
   -0.288006
   -0.295580
   -0.332202
   -0.333169
   -0.353732
   -0.386087
   -0.242344
    0.081640
    0.151821
    0.107580
    0.118580
   -0.083069
   -0.400699
   -0.409914
   -0.410710
   -0.370034
   -0.333288
   -0.286636
   -0.125141
   -0.141954
   -0.219931
   -0.330178
    0.102261
    0.097410
    0.133606
    0.096663
    0.074293
   -0.312209
   -0.395901
   -0.400499
   -0.398063
   -0.406237
   -0.392224
   -0.312035
   -0.201854
   -0.129335
   -0.097739
   -0.016703
    0.092649
    0.172266
    0.059215
    0.078011
   -0.136279
   -0.417996
   -0.394258
   -0.380652
   -0.387641
   -0.401091
   -0.396890
   -0.371421
   -0.323659
   -0.209322
   -0.092586
    0.098549
    0.142933
    0.111215
    0.082206
    0.024184
   -0.366326
   -0.403213
   -0.391919
   -0.397297
   -0.410907
   -0.401544
   -0.388359
   -0.406518
   -0.391070
   -0.340456
    0.073358
    0.114149
    0.152434
    0.081228
    0.083155
   -0.211636
   -0.406828
   -0.398445
   -0.401846
   -0.424358
   -0.366378
   -0.377727
   -0.375788
   -0.400238
   -0.414744
   -0.141280
    0.104456
    0.136552
    0.120910
    0.092197
   -0.049869
   -0.413884
   -0.420567
   -0.410760
   -0.399363
   -0.392883
   -0.388395
   -0.388869
   -0.388446
   -0.388254
   -0.390737
   -0.392402
   -0.397873
   -0.410653
   -0.396178
   -0.403018
   -0.412731
   -0.385559
   -0.326726
   -0.202988
   -0.404812
   -0.397710
   -0.389186
   -0.387982
   -0.392035
   -0.397823
   -0.387467
   -0.405075
   -0.386354
   -0.396031
   -0.392042
   -0.393976
   -0.406144
   -0.394018
   -0.397664
   -0.001019
   -0.420456
   -0.418844
   -0.412220
   -0.396993
   -0.394301
   -0.411878
   -0.389547
   -0.389689
   -0.380478
   -0.383675
   -0.371958
   -0.373657
   -0.409376
   -0.410720
   -0.305292
    0.088705
   -0.418142
   -0.421655
   -0.423409
   -0.421698
   -0.409105
   -0.403004
   -0.390321
   -0.374478
   -0.391038
   -0.388663
   -0.378568
   -0.387076
   -0.365032
   -0.377330
   -0.009114
    0.073809
   -0.404008
   -0.410062
   -0.417588
   -0.423316
   -0.423693
   -0.407207
   -0.397827
   -0.389718
   -0.386992
   -0.382478
   -0.390551
   -0.378972
   -0.397153
   -0.315702
    0.069690
    0.154930
   -0.399771
   -0.397403
   -0.410127
   -0.425463
   -0.428876
   -0.426282
   -0.425977
   -0.433920
   -0.395410
   -0.374427
   -0.443996
   -0.421070
   -0.429077
   -0.036815
    0.123349
    0.180074
   -0.393803
   -0.390259
   -0.393295
   -0.401071
   -0.406232
   -0.415603
   -0.439157
   -0.421083
   -0.418180
   -0.463480
   -0.412673
   -0.405391
   -0.332770
    0.079381
    0.149705
    0.108611
   -0.393365
   -0.418153
   -0.410377
   -0.406034
   -0.398824
   -0.405553
   -0.418645
   -0.405524
   -0.439415
   -0.447228
   -0.466459
   -0.417838
   -0.000147
    0.091797
    0.131603
    0.089377
   -0.407865
   -0.388820
   -0.413996
   -0.386134
   -0.395079
   -0.379651
   -0.395077
   -0.394550
   -0.430803
   -0.412537
   -0.459607
   -0.354365
    0.082384
    0.164261
    0.144767
    0.090386
   -0.392654
   -0.413679
   -0.380691
   -0.402204
   -0.393133
   -0.387667
   -0.414856
   -0.413166
   -0.412249
   -0.409617
   -0.443024
   -0.012316
    0.085857
    0.163388
    0.076241
    0.071321
   -0.411258
   -0.386598
   -0.403241
   -0.383869
   -0.391568
   -0.389252
   -0.394199
   -0.394930
   -0.396081
   -0.394438
   -0.270114
    0.109890
    0.155697
    0.092331
    0.101565
   -0.085841
   -0.390460
   -0.416556
   -0.399503
   -0.388819
   -0.386104
   -0.403194
   -0.362317
   -0.382042
   -0.375275
   -0.389191
    0.062876
    0.080601
    0.182263
    0.056317
    0.030637
   -0.308829
   -0.308405
   -0.349789
   -0.388021
   -0.402589
   -0.399636
   -0.353537
   -0.357027
   -0.372012
   -0.384972
   -0.122338
    0.091013
    0.179930
    0.106539
    0.079667
   -0.100471
   -0.415191
   -0.267850
   -0.265841
   -0.330651
   -0.363214
   -0.418041
   -0.398318
   -0.395717
   -0.358196
   -0.326655
    0.036225
    0.176147
    0.146386
    0.050815
    0.026779
   -0.350181
   -0.391869
   -0.306351
   -0.275129
   -0.273846
   -0.310595
   -0.355665
   -0.364505
   -0.383537
   -0.389765
   -0.014171
    0.144189
    0.106719
    0.071790
    0.074515
   -0.216822
   -0.384853
   -0.390515
   -0.351859
   -0.320540
   -0.287474
   -0.161395
   -0.191669
   -0.321786
   -0.381215
   -0.153119
    0.114525
    0.149334
    0.114024
    0.086208
   -0.041974
   -0.386143
   -0.426089
   -0.403133
   -0.399662
   -0.380208
   -0.369072
   -0.351048
   -0.340249
   -0.339120
   -0.330116
   -0.352273
   -0.378087
   -0.410973
   -0.412589
   -0.439733
   -0.434214
   -0.380948
   -0.384984
   -0.306284
   -0.413013
   -0.412400
   -0.400276
   -0.386540
   -0.380292
   -0.368324
   -0.335942
   -0.317647
   -0.314251
   -0.329453
   -0.339631
   -0.369216
   -0.380952
   -0.403696
   -0.428371
   -0.031291
   -0.409955
   -0.412710
   -0.394159
   -0.390087
   -0.389470
   -0.414605
   -0.372337
   -0.356350
   -0.315862
   -0.330464
   -0.320222
   -0.176202
   -0.233242
   -0.288270
   -0.310890
    0.098948
   -0.409161
   -0.405605
   -0.412659
   -0.413499
   -0.426015
   -0.427136
   -0.425757
   -0.413302
   -0.378367
   -0.340087
   -0.320700
   -0.206354
   -0.166915
   -0.194728
    0.012574
    0.080295
   -0.405996
   -0.407442
   -0.406803
   -0.407265
   -0.412310
   -0.414554
   -0.417697
   -0.425969
   -0.403041
   -0.417970
   -0.382840
   -0.322583
   -0.235378
   -0.165286
    0.111553
    0.136604
   -0.410590
   -0.407487
   -0.409505
   -0.415041
   -0.407450
   -0.426986
   -0.408205
   -0.434046
   -0.406792
   -0.409692
   -0.404445
   -0.399987
   -0.398705
   -0.003963
    0.134684
    0.158113
   -0.435363
   -0.420785
   -0.417350
   -0.430640
   -0.409525
   -0.410208
   -0.402761
   -0.414745
   -0.403286
   -0.371873
   -0.409307
   -0.429475
   -0.371304
    0.081365
    0.163181
    0.102613
   -0.444477
   -0.442133
   -0.429067
   -0.424527
   -0.411861
   -0.395593
   -0.414971
   -0.397808
   -0.403569
   -0.377827
   -0.427635
   -0.381627
   -0.020993
    0.086800
    0.176545
    0.090752
   -0.443980
   -0.443778
   -0.438112
   -0.416082
   -0.411423
   -0.405937
   -0.409040
   -0.405709
   -0.400991
   -0.385396
   -0.385894
   -0.282237
    0.084424
    0.170887
    0.102783
    0.095147
   -0.433774
   -0.448130
   -0.448555
   -0.441368
   -0.435440
   -0.439909
   -0.404707
   -0.401328
   -0.431883
   -0.409544
   -0.435343
    0.045259
    0.127522
    0.144778
    0.101624
    0.087486
   -0.417920
   -0.424787
   -0.430821
   -0.438266
   -0.462479
   -0.435806
   -0.426810
   -0.429762
   -0.415161
   -0.424585
   -0.228944
    0.077772
    0.164543
    0.097856
    0.102562
   -0.080340
   -0.430198
   -0.425550
   -0.422317
   -0.434054
   -0.446003
   -0.437145
   -0.474246
   -0.458301
   -0.430138
   -0.396377
    0.054632
    0.135913
    0.154706
    0.088923
    0.051058
   -0.323654
   -0.437342
   -0.411776
   -0.415273
   -0.404436
   -0.423858
   -0.434622
   -0.473999
   -0.476650
   -0.510124
   -0.163045
    0.116365
    0.213527
    0.126662
    0.125454
   -0.115839
   -0.441603
   -0.399513
   -0.422621
   -0.417518
   -0.410591
   -0.441975
   -0.443435
   -0.443497
   -0.433263
   -0.447258
    0.102154
    0.133082
    0.129998
    0.108411
    0.041367
   -0.378024
   -0.414391
   -0.416725
   -0.400145
   -0.406969
   -0.412470
   -0.420449
   -0.420379
   -0.422706
   -0.438468
   -0.041811
    0.134143
    0.139391
    0.070067
    0.069667
   -0.236153
   -0.420666
   -0.407045
   -0.399299
   -0.397201
   -0.437892
   -0.388048
   -0.393828
   -0.417136
   -0.442580
   -0.142526
    0.059920
    0.169793
    0.101324
    0.134494
   -0.090543
   -0.380110
   -0.433424
   -0.423775
   -0.409858
   -0.409679
   -0.409808
   -0.412892
   -0.412580
   -0.417515
   -0.417008
   -0.410562
   -0.402829
   -0.424209
   -0.422573
   -0.425788
   -0.417623
   -0.376149
   -0.452172
   -0.425683
   -0.402622
   -0.409058
   -0.415034
   -0.414096
   -0.413924
   -0.409916
   -0.408996
   -0.411763
   -0.428394
   -0.403603
   -0.418262
   -0.408029
   -0.407378
   -0.433699
   -0.436197
   -0.119521
   -0.363924
   -0.386247
   -0.408576
   -0.420949
   -0.422049
   -0.413587
   -0.408321
   -0.406766
   -0.417103
   -0.416988
   -0.410579
   -0.409505
   -0.380874
   -0.411886
   -0.397132
    0.113438
   -0.320359
   -0.341622
   -0.363513
   -0.381693
   -0.402741
   -0.416006
   -0.421741
   -0.406062
   -0.400053
   -0.414356
   -0.407680
   -0.428943
   -0.408498
   -0.421619
   -0.145556
    0.134265
   -0.347613
   -0.324245
   -0.309502
   -0.313463
   -0.335698
   -0.365220
   -0.387688
   -0.419988
   -0.416193
   -0.441153
   -0.418664
   -0.402060
   -0.435850
   -0.388216
    0.097525
    0.144660
   -0.408426
   -0.372408
   -0.338859
   -0.317113
   -0.310380
   -0.318138
   -0.332080
   -0.375082
   -0.383350
   -0.416523
   -0.383802
   -0.387359
   -0.400635
   -0.128772
    0.086365
    0.125710
   -0.420744
   -0.417022
   -0.407508
   -0.382806
   -0.356686
   -0.334768
   -0.313253
   -0.310290
   -0.310528
   -0.260052
   -0.344854
   -0.403540
   -0.402859
    0.084614
    0.142686
    0.127892
   -0.416612
   -0.411522
   -0.410183
   -0.411181
   -0.413820
   -0.409104
   -0.408701
   -0.362973
   -0.266815
   -0.184154
   -0.200488
   -0.222949
   -0.062059
    0.066742
    0.134315
    0.107116
   -0.405415
   -0.412355
   -0.413447
   -0.417468
   -0.413760
   -0.417519
   -0.415587
   -0.417138
   -0.271960
   -0.230084
   -0.105864
   -0.108784
    0.075388
    0.188399
    0.122088
    0.101453
   -0.407735
   -0.407295
   -0.412956
   -0.411551
   -0.413354
   -0.420353
   -0.410943
   -0.385905
   -0.387266
   -0.337431
   -0.280639
    0.070069
    0.116284
    0.180336
    0.128078
    0.070116
   -0.410474
   -0.410082
   -0.407171
   -0.412008
   -0.411155
   -0.412035
   -0.410906
   -0.412786
   -0.415392
   -0.406213
   -0.275893
    0.092163
    0.188504
    0.131171
    0.065850
   -0.032217
   -0.419078
   -0.414169
   -0.415259
   -0.414986
   -0.416688
   -0.407006
   -0.405270
   -0.400403
   -0.398470
   -0.379586
    0.045157
    0.121052
    0.143896
    0.120218
    0.095662
   -0.278806
   -0.432260
   -0.422646
   -0.418650
   -0.411010
   -0.411490
   -0.415591
   -0.405046
   -0.414167
   -0.401830
   -0.165245
    0.107372
    0.179310
    0.106571
    0.097370
   -0.056025
   -0.405829
   -0.442836
   -0.441116
   -0.428370
   -0.419383
   -0.415176
   -0.413589
   -0.410045
   -0.398154
   -0.359262
    0.075039
    0.153196
    0.108640
    0.110650
    0.045123
   -0.371451
   -0.439362
   -0.442733
   -0.443642
   -0.441282
   -0.433761
   -0.429571
   -0.424686
   -0.415958
   -0.428034
   -0.002418
    0.121923
    0.165557
    0.115853
    0.118356
   -0.166403
   -0.402551
   -0.412294
   -0.425840
   -0.432143
   -0.463694
   -0.474317
   -0.486213
   -0.427304
   -0.443553
   -0.244406
    0.052799
    0.166419
    0.073521
    0.103082
   -0.000913
   -0.414407
   -0.432693
   -0.420085
   -0.420834
   -0.425570
   -0.430731
   -0.435382
   -0.438777
   -0.441331
   -0.441979
   -0.436053
   -0.419075
   -0.414814
   -0.415302
   -0.414052
   -0.401162
   -0.409972
   -0.410812
   -0.391852
   -0.411799
   -0.412336
   -0.416341
   -0.420880
   -0.424991
   -0.431061
   -0.437732
   -0.442804
   -0.441040
   -0.438707
   -0.436450
   -0.428093
   -0.415802
   -0.448151
   -0.422887
   -0.116580
   -0.410570
   -0.411724
   -0.417703
   -0.418501
   -0.419612
   -0.417531
   -0.424673
   -0.431783
   -0.439145
   -0.428056
   -0.423182
   -0.471042
   -0.493048
   -0.432219
   -0.405621
    0.097694
   -0.424851
   -0.426966
   -0.414685
   -0.407548
   -0.399243
   -0.422484
   -0.412760
   -0.430478
   -0.420502
   -0.416140
   -0.395434
   -0.468198
   -0.484358
   -0.481611
   -0.117874
    0.136188
   -0.402219
   -0.404103
   -0.403253
   -0.408263
   -0.410465
   -0.403582
   -0.396607
   -0.397652
   -0.397678
   -0.427407
   -0.443442
   -0.427319
   -0.494698
   -0.486679
    0.096197
    0.160578
   -0.409693
   -0.407154
   -0.404691
   -0.399261
   -0.400155
   -0.403273
   -0.421428
   -0.412108
   -0.416612
   -0.401823
   -0.409810
   -0.438064
   -0.429921
   -0.165935
    0.089706
    0.153405
   -0.404320
   -0.416072
   -0.415907
   -0.403166
   -0.399502
   -0.397450
   -0.408393
   -0.399162
   -0.408160
   -0.422851
   -0.394057
   -0.432204
   -0.417648
    0.103330
    0.126434
    0.147962
   -0.377329
   -0.380468
   -0.385151
   -0.400938
   -0.414189
   -0.410602
   -0.412407
   -0.399635
   -0.402709
   -0.404547
   -0.419588
   -0.416829
   -0.134774
    0.111462
    0.149952
    0.113046
   -0.300685
   -0.327373
   -0.373204
   -0.406457
   -0.407562
   -0.418906
   -0.412158
   -0.430176
   -0.416563
   -0.369929
   -0.400523
   -0.374308
    0.113752
    0.164805
    0.153748
    0.102670
   -0.327703
   -0.322117
   -0.321699
   -0.337619
   -0.372888
   -0.419616
   -0.410900
   -0.416300
   -0.399587
   -0.405051
   -0.392530
   -0.023961
    0.083243
    0.167211
    0.082764
    0.062001
   -0.381632
   -0.348572
   -0.337760
   -0.323676
   -0.302937
   -0.326314
   -0.360333
   -0.373326
   -0.400609
   -0.408717
   -0.348593
    0.089257
    0.168768
    0.125116
    0.063617
   -0.037014
   -0.427793
   -0.414364
   -0.384431
   -0.367863
   -0.369887
   -0.312063
   -0.199774
   -0.242689
   -0.311232
   -0.373144
    0.042243
    0.083984
    0.148310
    0.091834
    0.065703
   -0.275235
   -0.407758
   -0.410545
   -0.412134
   -0.402884
   -0.354696
   -0.329991
   -0.177917
   -0.187670
   -0.131641
   -0.095399
    0.096915
    0.139603
    0.077927
    0.093054
   -0.029272
   -0.396810
   -0.415854
   -0.410868
   -0.397210
   -0.396385
   -0.390746
   -0.359458
   -0.340618
   -0.186676
   -0.138294
    0.088391
    0.124540
    0.129089
    0.094999
    0.068514
   -0.324479
   -0.432442
   -0.417492
   -0.410731
   -0.411278
   -0.407319
   -0.397540
   -0.406028
   -0.415781
   -0.345417
    0.000770
    0.099488
    0.142470
    0.136112
    0.104319
   -0.115001
   -0.410317
   -0.405352
   -0.407350
   -0.413591
   -0.407340
   -0.405838
   -0.419032
   -0.394700
   -0.417102
   -0.256279
    0.073424
    0.172407
    0.059073
    0.075481
    0.002288
   -0.402561
   -0.417946
   -0.412820
   -0.413189
   -0.411077
   -0.408616
   -0.407809
   -0.405822
   -0.403204
   -0.402031
   -0.425431
   -0.414956
   -0.388189
   -0.405248
   -0.412369
   -0.391641
   -0.383561
   -0.308031
   -0.171179
   -0.419411
   -0.418452
   -0.416037
   -0.413976
   -0.412182
   -0.404249
   -0.401864
   -0.408204
   -0.396085
   -0.414354
   -0.431773
   -0.387464
   -0.414256
   -0.419770
   -0.397555
   -0.007610
   -0.426564
   -0.423304
   -0.418245
   -0.414975
   -0.414587
   -0.414703
   -0.419216
   -0.390707
   -0.389921
   -0.391110
   -0.407464
   -0.394432
   -0.419371
   -0.392554
   -0.327359
    0.089184
   -0.442650
   -0.437474
   -0.430750
   -0.423257
   -0.417251
   -0.418352
   -0.413089
   -0.429612
   -0.420004
   -0.403785
   -0.366170
   -0.381846
   -0.386092
   -0.393818
    0.001813
    0.121896
   -0.437837
   -0.442088
   -0.442871
   -0.441424
   -0.436143
   -0.424697
   -0.410383
   -0.410177
   -0.399672
   -0.411927
   -0.396490
   -0.374124
   -0.370652
   -0.330643
    0.119285
    0.180668
   -0.420602
   -0.428379
   -0.437178
   -0.443613
   -0.446025
   -0.439633
   -0.436038
   -0.441234
   -0.419391
   -0.406883
   -0.435981
   -0.430696
   -0.389833
   -0.019521
    0.133205
    0.187164
   -0.415216
   -0.412301
   -0.412212
   -0.431268
   -0.435572
   -0.443827
   -0.446731
   -0.426926
   -0.435668
   -0.463669
   -0.406578
   -0.420922
   -0.343638
    0.096593
    0.186095
    0.133874
   -0.404502
   -0.418696
   -0.427887
   -0.433691
   -0.415201
   -0.419037
   -0.414283
   -0.450875
   -0.458202
   -0.476906
   -0.471157
   -0.468716
    0.011788
    0.137236
    0.170811
    0.146072
   -0.410109
   -0.397560
   -0.400621
   -0.408821
   -0.418694
   -0.411503
   -0.403469
   -0.427298
   -0.458691
   -0.441803
   -0.493608
   -0.387826
    0.070131
    0.164991
    0.145525
    0.118830
   -0.423828
   -0.411772
   -0.404500
   -0.400757
   -0.417504
   -0.413223
   -0.421063
   -0.421876
   -0.423315
   -0.446808
   -0.466643
    0.025748
    0.091515
    0.128477
    0.080609
    0.039758
   -0.417053
   -0.423414
   -0.423694
   -0.401199
   -0.403619
   -0.395665
   -0.416932
   -0.419092
   -0.410651
   -0.420898
   -0.251471
    0.073195
    0.138049
    0.127966
    0.074128
   -0.131386
   -0.420969
   -0.417440
   -0.399237
   -0.407185
   -0.407774
   -0.408214
   -0.397829
   -0.372308
   -0.428023
   -0.410433
    0.037396
    0.111834
    0.153827
    0.086784
    0.026135
   -0.328134
   -0.394074
   -0.403021
   -0.401364
   -0.427087
   -0.401189
   -0.407839
   -0.388729
   -0.372732
   -0.371724
   -0.131195
    0.085358
    0.148481
    0.072680
    0.102849
   -0.138956
   -0.419735
   -0.334507
   -0.360803
   -0.378195
   -0.402116
   -0.401089
   -0.409778
   -0.422662
   -0.391809
   -0.357731
    0.076281
    0.150699
    0.131017
    0.086328
    0.027832
   -0.409396
   -0.412669
   -0.317831
   -0.323141
   -0.343460
   -0.359165
   -0.347678
   -0.383368
   -0.430327
   -0.442765
   -0.040334
    0.128364
    0.102601
    0.099798
    0.080529
   -0.221291
   -0.431640
   -0.397863
   -0.367457
   -0.368883
   -0.307150
   -0.229238
   -0.244118
   -0.363682
   -0.373071
   -0.200286
    0.089283
    0.146460
    0.119951
    0.086617
   -0.095814
   -0.394825
   -0.403566
   -0.413885
   -0.369275
   -0.351085
   -0.324041
   -0.308851
   -0.298586
   -0.284631
   -0.289579
   -0.331760
   -0.382237
   -0.397981
   -0.406783
   -0.430039
   -0.382797
   -0.410445
   -0.387564
   -0.278152
   -0.419507
   -0.418830
   -0.408862
   -0.385751
   -0.362889
   -0.321988
   -0.303320
   -0.268273
   -0.268803
   -0.292992
   -0.338226
   -0.372997
   -0.380991
   -0.380057
   -0.380600
   -0.034658
   -0.409350
   -0.409307
   -0.403800
   -0.403823
   -0.398969
   -0.382246
   -0.371540
   -0.305968
   -0.311813
   -0.289170
   -0.310651
   -0.147273
   -0.192031
   -0.296355
   -0.340071
    0.071682
   -0.403330
   -0.405937
   -0.410473
   -0.410918
   -0.404744
   -0.426213
   -0.404791
   -0.415525
   -0.395323
   -0.340885
   -0.266959
   -0.174179
   -0.106798
   -0.144892
    0.040795
    0.090871
   -0.406398
   -0.406928
   -0.407030
   -0.402422
   -0.401985
   -0.424640
   -0.412161
   -0.390202
   -0.412600
   -0.418797
   -0.346654
   -0.270757
   -0.179404
   -0.131549
    0.117289
    0.150354
   -0.412935
   -0.410832
   -0.408638
   -0.406523
   -0.404553
   -0.420632
   -0.406258
   -0.393195
   -0.391176
   -0.405474
   -0.382793
   -0.389564
   -0.374896
   -0.001167
    0.120643
    0.142968
   -0.417562
   -0.413687
   -0.416173
   -0.426884
   -0.432229
   -0.403079
   -0.405341
   -0.405617
   -0.401937
   -0.393140
   -0.402708
   -0.413745
   -0.368196
    0.090896
    0.192028
    0.113440
   -0.425018
   -0.422745
   -0.420883
   -0.417813
   -0.410315
   -0.422357
   -0.412229
   -0.400412
   -0.387142
   -0.401166
   -0.378237
   -0.426903
    0.008455
    0.133692
    0.149368
    0.134074
   -0.445972
   -0.435532
   -0.425582
   -0.412577
   -0.404613
   -0.411104
   -0.395862
   -0.423911
   -0.410797
   -0.403879
   -0.385519
   -0.292649
    0.074409
    0.148841
    0.119407
    0.116860
   -0.441507
   -0.443030
   -0.442383
   -0.430714
   -0.421738
   -0.428290
   -0.414179
   -0.417080
   -0.428890
   -0.415128
   -0.421449
    0.076175
    0.122237
    0.166480
    0.085837
    0.048944
   -0.416717
   -0.438128
   -0.438560
   -0.444428
   -0.444856
   -0.420381
   -0.425903
   -0.425339
   -0.430877
   -0.411384
   -0.267664
    0.090672
    0.152257
    0.106888
    0.118408
   -0.127953
   -0.425641
   -0.431502
   -0.417971
   -0.426086
   -0.419591
   -0.461740
   -0.470241
   -0.424193
   -0.449908
   -0.422415
    0.026913
    0.128637
    0.168109
    0.099328
    0.066454
   -0.322081
   -0.401697
   -0.407078
   -0.416566
   -0.413950
   -0.414295
   -0.443246
   -0.475943
   -0.450121
   -0.472470
   -0.230843
    0.078626
    0.184349
    0.127540
    0.102355
   -0.095374
   -0.417709
   -0.403180
   -0.402206
   -0.419064
   -0.412399
   -0.421646
   -0.427556
   -0.438300
   -0.452311
   -0.481712
    0.096501
    0.181002
    0.090171
    0.069164
    0.031897
   -0.366906
   -0.416473
   -0.421274
   -0.400565
   -0.405571
   -0.399729
   -0.417983
   -0.419247
   -0.408095
   -0.445824
   -0.086007
    0.128179
    0.148735
    0.091049
    0.068462
   -0.176097
   -0.431740
   -0.403949
   -0.412425
   -0.414036
   -0.414002
   -0.423737
   -0.404175
   -0.457182
   -0.385126
   -0.192854
    0.085945
    0.151065
    0.137371
    0.100976
   -0.062977
   -0.384453
   -0.404981
   -0.414888
   -0.403696
   -0.403428
   -0.402103
   -0.396354
   -0.405691
   -0.410153
   -0.424004
   -0.412775
   -0.403886
   -0.377487
   -0.437756
   -0.403890
   -0.428345
   -0.427188
   -0.417089
   -0.356556
   -0.407942
   -0.401298
   -0.402861
   -0.402029
   -0.400904
   -0.402819
   -0.410606
   -0.400731
   -0.406297
   -0.379072
   -0.423015
   -0.415504
   -0.427900
   -0.386720
   -0.408834
   -0.048943
   -0.387951
   -0.391962
   -0.403557
   -0.406350
   -0.402777
   -0.396895
   -0.391339
   -0.398153
   -0.400530
   -0.404222
   -0.398485
   -0.395255
   -0.392255
   -0.390066
   -0.324054
    0.093207
   -0.311049
   -0.336115
   -0.361315
   -0.392256
   -0.398488
   -0.408682
   -0.410907
   -0.411585
   -0.407057
   -0.404256
   -0.395081
   -0.393684
   -0.390917
   -0.426967
   -0.072662
    0.088361
   -0.291940
   -0.289144
   -0.304688
   -0.316448
   -0.336322
   -0.376083
   -0.407372
   -0.409582
   -0.416625
   -0.419641
   -0.392699
   -0.407757
   -0.403612
   -0.328098
    0.099126
    0.137220
   -0.372832
   -0.345128
   -0.312732
   -0.284547
   -0.278834
   -0.305165
   -0.324938
   -0.347945
   -0.398441
   -0.395423
   -0.394116
   -0.424402
   -0.381573
   -0.072759
    0.117427
    0.134265
   -0.401169
   -0.397248
   -0.379704
   -0.354209
   -0.316519
   -0.286819
   -0.279102
   -0.298039
   -0.328217
   -0.233934
   -0.345851
   -0.399648
   -0.343111
    0.117097
    0.138045
    0.107775
   -0.408154
   -0.404081
   -0.398791
   -0.393432
   -0.376590
   -0.359919
   -0.338212
   -0.292966
   -0.173545
   -0.127174
   -0.127952
   -0.208652
   -0.019831
    0.118388
    0.142241
    0.120140
   -0.398945
   -0.400618
   -0.411933
   -0.414779
   -0.401816
   -0.402414
   -0.394489
   -0.373196
   -0.273106
   -0.178402
   -0.162091
   -0.029820
    0.100554
    0.183866
    0.104322
    0.116998
   -0.401570
   -0.398866
   -0.410179
   -0.413815
   -0.398262
   -0.398936
   -0.407146
   -0.398051
   -0.411039
   -0.333752
   -0.256084
    0.078294
    0.103650
    0.143000
    0.114881
    0.074464
   -0.412235
   -0.411188
   -0.408301
   -0.406620
   -0.402873
   -0.395873
   -0.399127
   -0.394948
   -0.415317
   -0.402695
   -0.208612
    0.092244
    0.175340
    0.094348
    0.107132
   -0.081842
   -0.417185
   -0.417642
   -0.415728
   -0.408934
   -0.400837
   -0.397673
   -0.388841
   -0.394361
   -0.368482
   -0.385334
    0.083755
    0.148672
    0.132456
    0.087464
    0.031265
   -0.292287
   -0.418764
   -0.412936
   -0.416427
   -0.410895
   -0.406737
   -0.409463
   -0.404765
   -0.383167
   -0.378383
   -0.148020
    0.068601
    0.145252
    0.117174
    0.060294
   -0.091358
   -0.411758
   -0.432806
   -0.425366
   -0.424352
   -0.416163
   -0.415589
   -0.417014
   -0.414056
   -0.347739
   -0.363582
    0.073459
    0.164069
    0.131709
    0.067105
    0.015276
   -0.311647
   -0.419729
   -0.446210
   -0.441729
   -0.429521
   -0.421567
   -0.430878
   -0.430055
   -0.417328
   -0.377469
    0.019003
    0.106116
    0.124883
    0.121606
    0.091618
   -0.200270
   -0.395022
   -0.402946
   -0.411390
   -0.450120
   -0.433577
   -0.464094
   -0.446524
   -0.428958
   -0.417238
   -0.213604
    0.084184
    0.174826
    0.112018
    0.099620
   -0.007058
   -0.399452
   -0.417296
   -0.413943
   -0.425978
   -0.427440
   -0.431198
   -0.434854
   -0.441238
   -0.445782
   -0.446950
   -0.456661
   -0.432922
   -0.415044
   -0.416758
   -0.417499
   -0.441171
   -0.405794
   -0.439287
   -0.320817
   -0.419033
   -0.416670
   -0.419291
   -0.422928
   -0.427889
   -0.435286
   -0.440094
   -0.463972
   -0.480235
   -0.450704
   -0.427154
   -0.458252
   -0.433042
   -0.425976
   -0.447256
   -0.029832
   -0.419039
   -0.420436
   -0.422659
   -0.421660
   -0.421695
   -0.423320
   -0.424920
   -0.416868
   -0.417181
   -0.435419
   -0.445808
   -0.502144
   -0.471337
   -0.432103
   -0.307315
    0.100285
   -0.427119
   -0.420936
   -0.415151
   -0.407940
   -0.403917
   -0.418572
   -0.395807
   -0.405942
   -0.424025
   -0.428296
   -0.450687
   -0.475553
   -0.470557
   -0.479381
   -0.039020
    0.093228
   -0.405406
   -0.401213
   -0.413348
   -0.420429
   -0.434627
   -0.423119
   -0.414467
   -0.389269
   -0.434294
   -0.406639
   -0.446160
   -0.447170
   -0.460595
   -0.391564
    0.108713
    0.140987
   -0.406538
   -0.404797
   -0.403279
   -0.405171
   -0.415395
   -0.406986
   -0.413044
   -0.420891
   -0.447629
   -0.413708
   -0.440087
   -0.411456
   -0.414311
   -0.037406
    0.149520
    0.141121
   -0.408847
   -0.411372
   -0.406473
   -0.398679
   -0.389672
   -0.401205
   -0.401589
   -0.381932
   -0.429111
   -0.419222
   -0.400280
   -0.402546
   -0.332294
    0.092405
    0.137503
    0.102100
   -0.381679
   -0.399254
   -0.402090
   -0.407325
   -0.416251
   -0.408283
   -0.401640
   -0.404359
   -0.405626
   -0.365663
   -0.406682
   -0.404564
    0.016940
    0.087414
    0.153641
    0.119865
   -0.292621
   -0.340027
   -0.378486
   -0.415172
   -0.430622
   -0.423953
   -0.440256
   -0.398913
   -0.386932
   -0.366803
   -0.409224
   -0.309608
    0.099339
    0.185295
    0.141356
    0.112477
   -0.305843
   -0.293900
   -0.306933
   -0.346009
   -0.376804
   -0.399787
   -0.420297
   -0.421295
   -0.430304
   -0.412659
   -0.394454
    0.009433
    0.090563
    0.121797
    0.110272
    0.077428
   -0.371798
   -0.342403
   -0.319919
   -0.308016
   -0.300634
   -0.319055
   -0.355995
   -0.381076
   -0.403568
   -0.441180
   -0.289979
    0.096908
    0.149186
    0.122288
    0.087476
   -0.075005
   -0.425239
   -0.420508
   -0.374142
   -0.339273
   -0.322199
   -0.282115
   -0.153886
   -0.150358
   -0.219908
   -0.338796
    0.075685
    0.105681
    0.139881
    0.100196
    0.036093
   -0.302008
   -0.420462
   -0.434299
   -0.425392
   -0.409452
   -0.369311
   -0.316405
   -0.218153
   -0.132780
   -0.124834
   -0.017072
    0.085843
    0.174489
    0.084784
    0.080019
   -0.107955
   -0.418554
   -0.418773
   -0.420928
   -0.409099
   -0.410410
   -0.416622
   -0.380632
   -0.354946
   -0.238447
   -0.105533
    0.083176
    0.130783
    0.128093
    0.070822
    0.030651
   -0.327576
   -0.420679
   -0.404025
   -0.408489
   -0.407606
   -0.401631
   -0.400310
   -0.407336
   -0.446021
   -0.374441
    0.040633
    0.094380
    0.183652
    0.072918
    0.067717
   -0.206714
   -0.387990
   -0.415241
   -0.395096
   -0.415528
   -0.396463
   -0.402218
   -0.405233
   -0.403348
   -0.415070
   -0.226232
    0.087385
    0.185804
    0.088837
    0.096981
   -0.006917
   -0.404079
   -0.415079
   -0.419936
   -0.424510
   -0.421071
   -0.416753
   -0.417573
   -0.412338
   -0.404973
   -0.402885
   -0.405593
   -0.407598
   -0.412378
   -0.395494
   -0.416537
   -0.418399
   -0.417997
   -0.406250
   -0.133642
   -0.433957
   -0.430393
   -0.425087
   -0.421750
   -0.419736
   -0.414549
   -0.412319
   -0.405900
   -0.400615
   -0.419065
   -0.400309
   -0.393107
   -0.386226
   -0.404549
   -0.410432
    0.065303
   -0.436159
   -0.438352
   -0.431909
   -0.425735
   -0.423973
   -0.416748
   -0.420932
   -0.404752
   -0.405131
   -0.427752
   -0.443330
   -0.394969
   -0.395468
   -0.430581
   -0.256450
    0.095347
   -0.438835
   -0.438577
   -0.438461
   -0.433035
   -0.427323
   -0.419897
   -0.415166
   -0.409158
   -0.423632
   -0.415027
   -0.416481
   -0.393660
   -0.357865
   -0.394399
    0.022811
    0.082936
   -0.434303
   -0.436688
   -0.441185
   -0.443092
   -0.441912
   -0.448751
   -0.443434
   -0.403867
   -0.417383
   -0.409884
   -0.434685
   -0.440644
   -0.394833
   -0.250174
    0.091292
    0.164747
   -0.424484
   -0.427039
   -0.431359
   -0.438276
   -0.444445
   -0.439710
   -0.446572
   -0.429164
   -0.418973
   -0.435956
   -0.430436
   -0.439825
   -0.388276
    0.016060
    0.131932
    0.161844
   -0.415913
   -0.412431
   -0.414424
   -0.426698
   -0.417397
   -0.419237
   -0.433189
   -0.436198
   -0.432396
   -0.486239
   -0.427661
   -0.428621
   -0.325383
    0.092128
    0.152520
    0.104101
   -0.414461
   -0.411897
   -0.411769
   -0.417635
   -0.406505
   -0.407556
   -0.437673
   -0.402888
   -0.471042
   -0.482646
   -0.479534
   -0.468867
    0.045250
    0.073863
    0.142775
    0.121019
   -0.416783
   -0.417168
   -0.417850
   -0.411696
   -0.410233
   -0.409187
   -0.449633
   -0.417893
   -0.455145
   -0.436762
   -0.477870
   -0.315132
    0.082730
    0.160470
    0.086703
    0.119478
   -0.424797
   -0.415332
   -0.411945
   -0.410803
   -0.407056
   -0.396392
   -0.423191
   -0.425773
   -0.411170
   -0.398151
   -0.420785
    0.030833
    0.110673
    0.143806
    0.113759
    0.032958
   -0.418750
   -0.415624
   -0.415213
   -0.412131
   -0.402265
   -0.399772
   -0.417805
   -0.435963
   -0.406083
   -0.410322
   -0.192099
    0.092128
    0.151163
    0.122531
    0.091334
   -0.152353
   -0.431235
   -0.430439
   -0.412490
   -0.402742
   -0.411432
   -0.410412
   -0.415268
   -0.388279
   -0.413947
   -0.377362
    0.080644
    0.140407
    0.132880
    0.102258
    0.027516
   -0.365606
   -0.404554
   -0.419681
   -0.420702
   -0.416121
   -0.410520
   -0.393626
   -0.388024
   -0.386831
   -0.404892
   -0.044627
    0.083843
    0.156631
    0.154014
    0.112961
   -0.170454
   -0.425167
   -0.331913
   -0.362785
   -0.380540
   -0.406936
   -0.419320
   -0.409269
   -0.405940
   -0.407991
   -0.316700
    0.088516
    0.125299
    0.142133
    0.075692
    0.030948
   -0.403118
   -0.412997
   -0.271474
   -0.292469
   -0.335978
   -0.370583
   -0.350265
   -0.362414
   -0.420051
   -0.403490
   -0.017990
    0.117345
    0.183187
    0.118203
    0.087073
   -0.263382
   -0.401852
   -0.407348
   -0.338423
   -0.322373
   -0.310182
   -0.218211
   -0.261781
   -0.361283
   -0.384779
   -0.183877
    0.082498
    0.169211
    0.086287
    0.095330
   -0.034573
   -0.409030
   -0.392060
   -0.418297
   -0.395072
   -0.401862
   -0.398376
   -0.383976
   -0.349275
   -0.326972
   -0.322651
   -0.297951
   -0.323281
   -0.354381
   -0.367912
   -0.393097
   -0.380718
   -0.433120
   -0.394729
   -0.207629
   -0.409042
   -0.413637
   -0.412319
   -0.400999
   -0.387538
   -0.367587
   -0.358656
   -0.323002
   -0.296779
   -0.298647
   -0.325253
   -0.231467
   -0.323530
   -0.365708
   -0.346613
    0.053306
   -0.404680
   -0.400716
   -0.394672
   -0.398751
   -0.397225
   -0.389989
   -0.390881
   -0.386649
   -0.382302
   -0.321209
   -0.320511
   -0.123429
   -0.188883
   -0.234706
   -0.177575
    0.108973
   -0.393853
   -0.391963
   -0.386135
   -0.389577
   -0.396154
   -0.395948
   -0.398391
   -0.404384
   -0.422374
   -0.368908
   -0.326386
   -0.230563
   -0.156235
   -0.137341
    0.020454
    0.104612
   -0.398039
   -0.397869
   -0.386869
   -0.382805
   -0.385345
   -0.389016
   -0.389405
   -0.382943
   -0.386157
   -0.404599
   -0.367897
   -0.355930
   -0.292001
   -0.052630
    0.119116
    0.190747
   -0.404685
   -0.402926
   -0.398058
   -0.396592
   -0.387282
   -0.386140
   -0.386853
   -0.365141
   -0.359887
   -0.387714
   -0.396691
   -0.393018
   -0.345447
    0.037146
    0.121609
    0.155118
   -0.412732
   -0.405177
   -0.399381
   -0.401967
   -0.397620
   -0.385594
   -0.394605
   -0.394712
   -0.379154
   -0.372448
   -0.382326
   -0.404235
   -0.253713
    0.076517
    0.121784
    0.114835
   -0.416991
   -0.412078
   -0.401357
   -0.400370
   -0.392823
   -0.395574
   -0.403430
   -0.413942
   -0.381172
   -0.390256
   -0.389961
   -0.351605
    0.038302
    0.121595
    0.137827
    0.096476
   -0.425399
   -0.422124
   -0.416717
   -0.412585
   -0.399399
   -0.389966
   -0.399223
   -0.393042
   -0.386604
   -0.406320
   -0.383874
   -0.173890
    0.052453
    0.204680
    0.085727
    0.107240
   -0.418885
   -0.424072
   -0.423571
   -0.424339
   -0.414670
   -0.397535
   -0.394054
   -0.411023
   -0.417093
   -0.401574
   -0.393854
    0.059201
    0.087367
    0.141405
    0.066783
    0.022597
   -0.406407
   -0.407524
   -0.408045
   -0.416027
   -0.419023
   -0.418124
   -0.417814
   -0.432907
   -0.396833
   -0.381787
   -0.111438
    0.071299
    0.175507
    0.087322
    0.095636
   -0.144287
   -0.395950
   -0.392429
   -0.387356
   -0.401692
   -0.406631
   -0.419518
   -0.466234
   -0.445944
   -0.447352
   -0.385840
    0.052440
    0.114908
    0.107629
    0.071976
    0.001206
   -0.345942
   -0.396864
   -0.391514
   -0.388809
   -0.403011
   -0.407868
   -0.407430
   -0.432433
   -0.454138
   -0.490352
   -0.018305
    0.080486
    0.149180
    0.103126
    0.083748
   -0.177035
   -0.399142
   -0.391591
   -0.391466
   -0.387362
   -0.397359
   -0.407925
   -0.408713
   -0.397804
   -0.426676
   -0.345302
    0.088599
    0.169362
    0.114538
    0.090376
   -0.002817
   -0.394732
   -0.394507
   -0.387451
   -0.385678
   -0.381716
   -0.391418
   -0.402649
   -0.394193
   -0.374932
   -0.395173
    0.026170
    0.096502
    0.143501
    0.123239
    0.088157
   -0.275897
   -0.403375
   -0.393969
   -0.394411
   -0.416718
   -0.406661
   -0.393741
   -0.387116
   -0.417187
   -0.380093
   -0.059577
    0.069507
    0.131489
    0.097487
    0.093099
   -0.118315
   -0.395945
   -0.399217
   -0.399215
   -0.377030
   -0.407746
   -0.409946
   -0.399333
   -0.405571
   -0.408883
   -0.408717
   -0.396598
   -0.390164
   -0.384897
   -0.404269
   -0.425749
   -0.424687
   -0.404939
   -0.383628
   -0.280428
   -0.308662
   -0.342593
   -0.381029
   -0.400329
   -0.408620
   -0.402373
   -0.406765
   -0.393903
   -0.415209
   -0.410955
   -0.393981
   -0.388568
   -0.396121
   -0.394675
   -0.419158
    0.024468
   -0.312002
   -0.286525
   -0.317819
   -0.361325
   -0.377697
   -0.372863
   -0.380958
   -0.414707
   -0.435074
   -0.415178
   -0.383359
   -0.372923
   -0.375291
   -0.365010
   -0.282224
    0.111205
   -0.369340
   -0.336465
   -0.301625
   -0.306342
   -0.346211
   -0.367016
   -0.420477
   -0.420795
   -0.431906
   -0.392986
   -0.397940
   -0.384197
   -0.429353
   -0.406975
   -0.020850
    0.102715
   -0.406489
   -0.388418
   -0.341281
   -0.316248
   -0.317526
   -0.315118
   -0.345679
   -0.391679
   -0.379713
   -0.426362
   -0.397434
   -0.414997
   -0.430535
   -0.294903
    0.087776
    0.178569
   -0.402934
   -0.408744
   -0.407473
   -0.384073
   -0.344774
   -0.311471
   -0.308880
   -0.308675
   -0.349802
   -0.310965
   -0.392505
   -0.389802
   -0.398697
   -0.020107
    0.130204
    0.141759
   -0.413815
   -0.405196
   -0.398057
   -0.394530
   -0.399300
   -0.386519
   -0.359115
   -0.296963
   -0.328436
   -0.167239
   -0.284539
   -0.365669
   -0.277409
    0.083101
    0.177269
    0.103744
   -0.396186
   -0.399535
   -0.405069
   -0.403480
   -0.404382
   -0.411017
   -0.425374
   -0.375908
   -0.208179
   -0.203283
   -0.142598
   -0.198279
    0.038012
    0.102940
    0.170729
    0.087197
   -0.392924
   -0.389425
   -0.396216
   -0.400504
   -0.398896
   -0.392650
   -0.395573
   -0.402644
   -0.373320
   -0.264472
   -0.159894
   -0.054907
    0.110712
    0.202404
    0.092884
    0.108247
   -0.400198
   -0.399992
   -0.394005
   -0.394810
   -0.397784
   -0.380373
   -0.377453
   -0.388125
   -0.406461
   -0.395969
   -0.318653
    0.073345
    0.124882
    0.156258
    0.072721
    0.013023
   -0.406200
   -0.407388
   -0.399018
   -0.390387
   -0.403413
   -0.402250
   -0.390512
   -0.385625
   -0.391618
   -0.394690
   -0.115500
    0.090546
    0.163107
    0.059727
    0.120870
   -0.119393
   -0.403714
   -0.403925
   -0.403672
   -0.406253
   -0.404846
   -0.420564
   -0.388007
   -0.408794
   -0.367845
   -0.381243
    0.084176
    0.080768
    0.122548
    0.090922
    0.059866
   -0.348714
   -0.420710
   -0.420040
   -0.409140
   -0.400262
   -0.409361
   -0.399561
   -0.388044
   -0.386185
   -0.407410
   -0.042546
    0.090515
    0.146938
    0.115201
    0.092880
   -0.133565
   -0.390106
   -0.430612
   -0.430376
   -0.422034
   -0.407177
   -0.403510
   -0.421242
   -0.425591
   -0.394973
   -0.326125
    0.055433
    0.124193
    0.099657
    0.069920
    0.010022
   -0.353547
   -0.405627
   -0.426201
   -0.429092
   -0.423676
   -0.420036
   -0.425612
   -0.439762
   -0.402728
   -0.404743
    0.055058
    0.087837
    0.143632
    0.111298
    0.082199
   -0.223502
   -0.406433
   -0.397740
   -0.409807
   -0.424666
   -0.435894
   -0.442714
   -0.445882
   -0.437368
   -0.434930
   -0.092945
    0.071007
    0.147205
    0.115790
    0.080324
   -0.129120
   -0.372269
   -0.416325
   -0.409436
   -0.456414
   -0.449943
   -0.467574
   -0.464564
   -0.469762
   -0.468592
   -0.469428
   -0.489912
   -0.489167
   -0.463504
   -0.457644
   -0.464083
   -0.495401
   -0.466293
   -0.444898
   -0.288987
   -0.442880
   -0.436920
   -0.470108
   -0.465598
   -0.468154
   -0.466690
   -0.463956
   -0.464971
   -0.474238
   -0.473182
   -0.464063
   -0.482413
   -0.473682
   -0.488089
   -0.483681
    0.026568
   -0.448106
   -0.454715
   -0.457928
   -0.457467
   -0.450760
   -0.456660
   -0.457408
   -0.464589
   -0.453966
   -0.486456
   -0.473419
   -0.499284
   -0.484887
   -0.476417
   -0.326474
    0.127574
   -0.472932
   -0.468864
   -0.457657
   -0.440147
   -0.452563
   -0.456999
   -0.464263
   -0.469231
   -0.457162
   -0.461490
   -0.468295
   -0.484873
   -0.508720
   -0.506798
    0.007471
    0.119259
   -0.463108
   -0.452526
   -0.457984
   -0.460063
   -0.460050
   -0.452068
   -0.446523
   -0.457662
   -0.460069
   -0.473994
   -0.473070
   -0.470640
   -0.484195
   -0.355255
    0.090718
    0.193465
   -0.432811
   -0.453740
   -0.463042
   -0.456462
   -0.458102
   -0.445481
   -0.466874
   -0.447771
   -0.457590
   -0.454130
   -0.449355
   -0.445691
   -0.486609
    0.026667
    0.164521
    0.175576
   -0.372750
   -0.414727
   -0.430558
   -0.426146
   -0.435463
   -0.466506
   -0.482393
   -0.450320
   -0.450140
   -0.445746
   -0.447624
   -0.442526
   -0.319885
    0.137889
    0.183206
    0.119835
   -0.352333
   -0.373296
   -0.423775
   -0.428911
   -0.467500
   -0.464122
   -0.477354
   -0.446236
   -0.447148
   -0.424406
   -0.453645
   -0.449026
    0.037707
    0.123904
    0.178928
    0.088395
   -0.383587
   -0.356148
   -0.361084
   -0.382839
   -0.431804
   -0.475111
   -0.452983
   -0.462005
   -0.459775
   -0.445044
   -0.414470
   -0.321863
    0.136066
    0.187517
    0.153102
    0.122948
   -0.431875
   -0.395609
   -0.379598
   -0.362035
   -0.369968
   -0.390256
   -0.446393
   -0.452725
   -0.437003
   -0.452103
   -0.453174
    0.074585
    0.147806
    0.145611
    0.076483
    0.036208
   -0.454017
   -0.447296
   -0.426620
   -0.401745
   -0.389830
   -0.336760
   -0.370592
   -0.368427
   -0.443434
   -0.459630
   -0.227553
    0.084397
    0.184418
    0.096916
    0.100495
   -0.108152
   -0.456769
   -0.460982
   -0.462334
   -0.450031
   -0.430399
   -0.366367
   -0.210349
   -0.259648
   -0.260949
   -0.367066
    0.097493
    0.100172
    0.157887
    0.086509
    0.058997
   -0.368067
   -0.445517
   -0.453136
   -0.444151
   -0.433032
   -0.442309
   -0.419413
   -0.357047
   -0.202075
   -0.195399
   -0.010933
    0.111511
    0.200748
    0.096400
    0.091189
   -0.162030
   -0.423899
   -0.437746
   -0.428593
   -0.451846
   -0.443211
   -0.429989
   -0.435533
   -0.453934
   -0.332967
   -0.134642
    0.094386
    0.105441
    0.120018
    0.055028
    0.014927
   -0.426176
   -0.457575
   -0.463812
   -0.458418
   -0.457340
   -0.446733
   -0.447512
   -0.464188
   -0.488138
   -0.437075
    0.043656
    0.141861
    0.153982
    0.096146
    0.064753
   -0.273616
   -0.446909
   -0.456264
   -0.459108
   -0.457933
   -0.461586
   -0.426041
   -0.444610
   -0.458281
   -0.475546
   -0.139598
    0.081534
    0.167524
    0.109894
    0.075016
   -0.144563
   -0.425881
   -0.481561
   -0.462054
   -0.428109
   -0.419211
   -0.420574
   -0.421677
   -0.421160
   -0.416188
   -0.420318
   -0.436836
   -0.437962
   -0.440319
   -0.423876
   -0.414354
   -0.413503
   -0.392199
   -0.392054
   -0.168713
   -0.431743
   -0.426520
   -0.420972
   -0.421897
   -0.416903
   -0.421343
   -0.416156
   -0.425926
   -0.415646
   -0.421188
   -0.434241
   -0.415979
   -0.405558
   -0.437149
   -0.421041
    0.075044
   -0.431992
   -0.436179
   -0.427926
   -0.422157
   -0.419172
   -0.428611
   -0.427726
   -0.415202
   -0.407219
   -0.418131
   -0.442087
   -0.431830
   -0.421881
   -0.427957
   -0.247626
    0.115878
   -0.427975
   -0.427278
   -0.430606
   -0.427585
   -0.432079
   -0.412797
   -0.431686
   -0.444331
   -0.412862
   -0.426213
   -0.422098
   -0.424591
   -0.391291
   -0.452994
    0.027922
    0.082671
   -0.426293
   -0.423495
   -0.430087
   -0.429374
   -0.428907
   -0.445055
   -0.444317
   -0.421855
   -0.411368
   -0.406773
   -0.444179
   -0.424924
   -0.410292
   -0.277073
    0.081494
    0.170213
   -0.430948
   -0.424332
   -0.425997
   -0.424408
   -0.425764
   -0.424210
   -0.431111
   -0.419969
   -0.419150
   -0.432762
   -0.421444
   -0.434058
   -0.436124
    0.029685
    0.135004
    0.152305
   -0.414119
   -0.415672
   -0.410160
   -0.414965
   -0.415358
   -0.424737
   -0.418002
   -0.422527
   -0.434563
   -0.469463
   -0.431572
   -0.407580
   -0.278510
    0.128962
    0.152392
    0.099706
   -0.410142
   -0.399225
   -0.420923
   -0.430003
   -0.425674
   -0.432817
   -0.433620
   -0.435639
   -0.451895
   -0.421839
   -0.469870
   -0.449086
    0.023681
    0.111831
    0.131629
    0.069668
   -0.431311
   -0.432613
   -0.415307
   -0.404252
   -0.413950
   -0.427866
   -0.417868
   -0.421577
   -0.418695
   -0.456046
   -0.467332
   -0.259124
    0.091504
    0.136811
    0.103909
    0.112315
   -0.435846
   -0.419103
   -0.426257
   -0.407194
   -0.415859
   -0.403195
   -0.414613
   -0.443106
   -0.438459
   -0.416766
   -0.419828
    0.092892
    0.154415
    0.121626
    0.094917
    0.042054
   -0.407750
   -0.394511
   -0.410097
   -0.433338
   -0.430171
   -0.395096
   -0.400718
   -0.397302
   -0.420415
   -0.421621
   -0.152963
    0.080576
    0.162169
    0.086732
    0.040961
   -0.094086
   -0.408444
   -0.408714
   -0.425423
   -0.415197
   -0.434566
   -0.396544
   -0.384660
   -0.411229
   -0.404867
   -0.383790
    0.074204
    0.134565
    0.147880
    0.097667
    0.001550
   -0.342695
   -0.329356
   -0.351429
   -0.393543
   -0.434930
   -0.414163
   -0.421003
   -0.416226
   -0.378951
   -0.380463
   -0.073444
    0.112465
    0.137494
    0.059646
    0.082075
   -0.144277
   -0.393828
   -0.320649
   -0.312281
   -0.341639
   -0.364134
   -0.409316
   -0.415799
   -0.421654
   -0.400894
   -0.273723
    0.115382
    0.124735
    0.096896
    0.050593
   -0.017583
   -0.386795
   -0.415908
   -0.372268
   -0.355109
   -0.344814
   -0.303524
   -0.356446
   -0.369145
   -0.436519
   -0.430766
   -0.001415
    0.146285
    0.120909
    0.084026
    0.050231
   -0.258765
   -0.410648
   -0.408424
   -0.392680
   -0.352310
   -0.367771
   -0.214410
   -0.217463
   -0.273261
   -0.380059
   -0.125218
    0.074213
    0.150393
    0.096585
    0.068477
   -0.131395
   -0.391786
   -0.437388
   -0.420266
