   -0.396171
   -0.396113
   -0.396006
   -0.396429
   -0.396438
   -0.396435
   -0.396429
   -0.396439
   -0.396417
   -0.396456
   -0.401028
   -0.395141
   -0.399846
   -0.399939
   -0.399835
   -0.399950
   -0.396066
   -0.396369
   -0.395938
   -0.396644
   -0.396769
   -0.397021
   -0.396777
   -0.397017
   -0.396407
   -0.396621
   -0.401043
   -0.395279
   -0.399894
   -0.400053
   -0.399903
   -0.400045
   -0.396512
   -0.396493
   -0.396389
   -0.396425
   -0.396824
   -0.396809
   -0.396816
   -0.401218
   -0.401209
   -0.396830
   -0.401035
   -0.395133
   -0.399854
   -0.399929
   -0.399847
   -0.399936
   -0.396408
   -0.396753
   -0.396314
   -0.401056
   -0.400624
   -0.396868
   -0.401011
   -0.401268
   -0.401022
   -0.401253
   -0.401035
   -0.395669
   -0.399885
   -0.400064
   -0.399890
   -0.400059
   -0.397517
   -0.396924
   -0.401220
   -0.401207
   -0.401071
   -0.399880
   -0.395493
   -0.399885
   -0.399887
   -0.399899
   -0.399874
   -0.399912
   -0.399861
   -0.399921
   -0.399856
   -0.399925
   -0.401249
   -0.401565
   -0.401151
   -0.401431
   -0.401009
   -0.400103
   -0.395446
   -0.400098
   -0.399861
   -0.400085
   -0.399873
   -0.400074
   -0.399884
   -0.400066
   -0.399888
   -0.400063
   -0.401322
   -0.401337
   -0.401206
   -0.401218
   -0.401060
   -0.399888
   -0.399890
   -0.399892
   -0.399880
   -0.399905
   -0.399870
   -0.399914
   -0.399860
   -0.399920
   -0.399858
   -0.399922
   -0.401311
   -0.401542
   -0.401317
   -0.401411
   -0.401189
   -0.400248
   -0.395080
   -0.400084
   -0.399874
   -0.400075
   -0.399880
   -0.400830
   -0.400648
   -0.400827
   -0.400647
   -0.400826
   -0.401326
   -0.401368
   -0.401322
   -0.401242
   -0.401200
   -0.400067
   -0.399872
   -0.399909
   -0.399865
   -0.399916
   -0.399862
   -0.400679
   -0.400620
   -0.400678
   -0.400623
   -0.400678
   -0.401345
   -0.401511
   -0.401345
   -0.401386
   -0.401212
   -0.400228
   -0.399884
   -0.400068
   -0.399887
   -0.400065
   -0.399886
   -0.400830
   -0.400644
   -0.400834
   -0.400639
   -0.400837
   -0.401294
   -0.401397
   -0.401296
   -0.401265
   -0.401179
   -0.400085
   -0.399857
   -0.399922
   -0.399855
   -0.399922
   -0.399859
   -0.400677
   -0.400626
   -0.400671
   -0.400632
   -0.400666
   -0.401366
   -0.401491
   -0.401362
   -0.401372
   -0.401224
   -0.400218
   -0.399892
   -0.400061
   -0.399892
   -0.400064
   -0.399884
   -0.400835
   -0.400637
   -0.400843
   -0.400629
   -0.400849
   -0.401283
   -0.401407
   -0.401287
   -0.401271
   -0.401174
   -0.400088
   -0.399855
   -0.399924
   -0.399855
   -0.399920
   -0.399864
   -0.400669
   -0.400635
   -0.400660
   -0.400643
   -0.400654
   -0.401363
   -0.401494
   -0.401359
   -0.401376
   -0.401220
   -0.400223
   -0.399886
   -0.400066
   -0.399886
   -0.400071
   -0.399875
   -0.400845
   -0.400625
   -0.400856
   -0.400616
   -0.400863
   -0.401294
   -0.401398
   -0.401296
   -0.401263
   -0.401183
   -0.400079
   -0.399863
   -0.399916
   -0.399863
   -0.399911
   -0.399875
   -0.400656
   -0.400649
   -0.400645
   -0.400659
   -0.400636
   -0.401365
   -0.401492
   -0.401361
   -0.401375
   -0.401219
   -0.400226
   -0.399882
   -0.400071
   -0.399879
   -0.400080
   -0.399863
   -0.400860
   -0.400608
   -0.400874
   -0.400596
   -0.400885
   -0.431469
   -0.431738
   -0.431326
   -0.432021
   -0.431595
   -0.432019
   -0.431600
   -0.432000
   -0.431620
   -0.431967
   -0.435277
   -0.431531
   -0.436077
   -0.436283
   -0.436108
   -0.436250
   -0.431846
   -0.431526
   -0.431721
   -0.431810
   -0.436386
   -0.436217
   -0.436380
   -0.436236
   -0.431955
   -0.431864
   -0.435533
   -0.431490
   -0.436259
   -0.436306
   -0.436231
   -0.436334
   -0.435855
   -0.436120
   -0.435754
   -0.431998
   -0.436022
   -0.436400
   -0.436028
   -0.436762
   -0.436429
   -0.436351
   -0.435296
   -0.431515
   -0.436088
   -0.436275
   -0.436111
   -0.436252
   -0.436188
   -0.435956
   -0.436099
   -0.432216
   -0.431167
   -0.435077
   -0.435566
   -0.435476
   -0.435546
   -0.435505
   -0.435515
   -0.435911
   -0.436247
   -0.436314
   -0.436227
   -0.436334
   -0.435351
   -0.435920
   -0.436011
   -0.436747
   -0.435270
   -0.436345
   -0.435653
   -0.436330
   -0.436049
   -0.436306
   -0.436076
   -0.436286
   -0.436099
   -0.436268
   -0.436113
   -0.436253
   -0.436373
   -0.436365
   -0.436283
   -0.436656
   -0.435540
   -0.436249
   -0.435919
   -0.436263
   -0.436284
   -0.436284
   -0.436261
   -0.436301
   -0.436242
   -0.436317
   -0.436230
   -0.436328
   -0.436139
   -0.436425
   -0.436038
   -0.436722
   -0.435293
   -0.436323
   -0.436054
   -0.436311
   -0.436067
   -0.436292
   -0.436086
   -0.436279
   -0.436101
   -0.436268
   -0.436110
   -0.436260
   -0.436388
   -0.436390
   -0.436394
   -0.436678
   -0.436690
   -0.437434
   -0.431497
   -0.436278
   -0.436272
   -0.436293
   -0.436257
   -0.445110
   -0.445054
   -0.445118
   -0.445049
   -0.445123
   -0.436215
   -0.436387
   -0.436208
   -0.436688
   -0.436491
   -0.437457
   -0.436080
   -0.436288
   -0.436085
   -0.436279
   -0.436094
   -0.445084
   -0.444908
   -0.445081
   -0.444908
   -0.445081
   -0.436355
   -0.436424
   -0.436361
   -0.436708
   -0.436662
   -0.437459
   -0.436259
   -0.436297
   -0.436256
   -0.436304
   -0.436250
   -0.445113
   -0.445056
   -0.445114
   -0.445057
   -0.445112
   -0.436236
   -0.436365
   -0.436230
   -0.436668
   -0.436508
   -0.437442
   -0.436094
   -0.436276
   -0.436095
   -0.436272
   -0.436098
   -0.445083
   -0.444905
   -0.445086
   -0.444901
   -0.445090
   -0.436344
   -0.436437
   -0.436348
   -0.436720
   -0.436653
   -0.437467
   -0.436252
   -0.436303
   -0.436253
   -0.436305
   -0.436252
   -0.445107
   -0.445065
   -0.445102
   -0.445072
   -0.445095
   -0.436240
   -0.436358
   -0.436236
   -0.436663
   -0.436511
   -0.437441
   -0.436094
   -0.436277
   -0.436091
   -0.436278
   -0.436090
   -0.445095
   -0.444889
   -0.445104
   -0.444879
   -0.445115
   -0.436338
   -0.436444
   -0.436343
   -0.436723
   -0.436652
   -0.437466
   -0.436255
   -0.436299
   -0.436259
   -0.436297
   -0.436262
   -0.445094
   -0.445082
   -0.445082
   -0.445095
   -0.445069
   -0.436242
   -0.436355
   -0.436239
   -0.436662
   -0.436509
   -0.437443
   -0.436090
   -0.436282
   -0.436084
   -0.436286
   -0.436079
   -0.445109
   -0.444871
   -0.445125
   -0.444855
   -0.445142
   -0.436338
   -0.436445
   -0.436342
   -0.436723
   -0.436655
   -0.437462
   -0.436260
   -0.436293
   -0.436267
   -0.436287
   -0.436274
   -0.445080
   -0.445100
   -0.445062
   -0.445118
   -0.445043
   -0.381806
   -0.382433
   -0.382324
   -0.381448
   -0.381074
   -0.381390
   -0.381117
   -0.381352
   -0.381158
   -0.381308
   -0.381762
   -0.390831
   -0.390612
   -0.390601
   -0.390631
   -0.390591
   -0.382434
   -0.381805
   -0.382809
   -0.380976
   -0.381793
   -0.381413
   -0.381750
   -0.381450
   -0.381330
   -0.381111
   -0.381847
   -0.390720
   -0.390620
   -0.390541
   -0.390602
   -0.390550
   -0.382346
   -0.382774
   -0.382737
   -0.381421
   -0.381475
   -0.381751
   -0.381514
   -0.381136
   -0.380965
   -0.381681
   -0.381764
   -0.390833
   -0.390605
   -0.390609
   -0.390620
   -0.390601
   -0.382878
   -0.382233
   -0.383150
   -0.380427
   -0.381564
   -0.382197
   -0.381910
   -0.381642
   -0.381878
   -0.381677
   -0.381845
   -0.391098
   -0.390627
   -0.390533
   -0.390612
   -0.390541
   -0.376833
   -0.381552
   -0.381033
   -0.381180
   -0.381681
   -0.390712
   -0.391101
   -0.390689
   -0.390545
   -0.390658
   -0.390574
   -0.390633
   -0.390598
   -0.390617
   -0.390611
   -0.390609
   -0.381071
   -0.380519
   -0.381359
   -0.380843
   -0.381919
   -0.390442
   -0.391285
   -0.390467
   -0.390674
   -0.390495
   -0.390647
   -0.390518
   -0.390626
   -0.390533
   -0.390614
   -0.390541
   -0.380722
   -0.380890
   -0.381083
   -0.381138
   -0.381714
   -0.390686
   -0.390540
   -0.390669
   -0.390560
   -0.390647
   -0.390581
   -0.390631
   -0.390595
   -0.390621
   -0.390604
   -0.390615
   -0.380886
   -0.380580
   -0.380861
   -0.380888
   -0.381123
   -0.389710
   -0.390881
   -0.390485
   -0.390661
   -0.390504
   -0.390644
   -0.391276
   -0.391395
   -0.391284
   -0.391388
   -0.391289
   -0.380678
   -0.380825
   -0.380694
   -0.381095
   -0.380986
   -0.389898
   -0.390562
   -0.390652
   -0.390572
   -0.390639
   -0.390584
   -0.391395
   -0.391348
   -0.391393
   -0.391351
   -0.391391
   -0.380820
   -0.380639
   -0.380810
   -0.380931
   -0.381089
   -0.389738
   -0.390657
   -0.390501
   -0.390650
   -0.390511
   -0.390643
   -0.391271
   -0.391406
   -0.391269
   -0.391405
   -0.391270
   -0.380732
   -0.380776
   -0.380737
   -0.381058
   -0.381014
   -0.389874
   -0.390579
   -0.390638
   -0.390582
   -0.390632
   -0.390585
   -0.391399
   -0.391339
   -0.391404
   -0.391337
   -0.391405
   -0.380781
   -0.380675
   -0.380780
   -0.380956
   -0.381072
   -0.389752
   -0.390649
   -0.390508
   -0.390646
   -0.390513
   -0.390644
   -0.391268
   -0.391412
   -0.391262
   -0.391414
   -0.391262
   -0.380767
   -0.380745
   -0.380762
   -0.381037
   -0.381027
   -0.389865
   -0.390583
   -0.390635
   -0.390583
   -0.390633
   -0.390582
   -0.391403
   -0.391333
   -0.391411
   -0.391330
   -0.391411
   -0.380759
   -0.380694
   -0.380765
   -0.380968
   -0.381067
   -0.389754
   -0.390650
   -0.390506
   -0.390649
   -0.390509
   -0.390650
   -0.391261
   -0.391420
   -0.391254
   -0.391422
   -0.391256
   -0.380770
   -0.380743
   -0.380762
   -0.381038
   -0.381021
   -0.389872
   -0.390574
   -0.390643
   -0.390575
   -0.390640
   -0.390574
   -0.391411
   -0.391323
   -0.391421
   -0.391320
   -0.391420
   -0.380757
   -0.380696
   -0.380766
   -0.380967
   -0.381072
   -0.389748
   -0.390660
   -0.390498
   -0.390658
   -0.390501
   -0.390660
   -0.391251
   -0.391432
   -0.391240
   -0.391436
   -0.391241
   -0.375311
   -0.375472
   -0.375584
   -0.374884
   -0.375206
   -0.374861
   -0.375220
   -0.374866
   -0.375206
   -0.374890
   -0.383318
   -0.384487
   -0.384048
   -0.383859
   -0.384009
   -0.383892
   -0.375071
   -0.375565
   -0.375324
   -0.375017
   -0.374315
   -0.374454
   -0.374302
   -0.374448
   -0.374898
   -0.375009
   -0.383075
   -0.384549
   -0.383868
   -0.383851
   -0.383901
   -0.383823
   -0.374808
   -0.374891
   -0.374997
   -0.374890
   -0.374612
   -0.374290
   -0.374619
   -0.374220
   -0.374522
   -0.374326
   -0.383299
   -0.384504
   -0.384034
   -0.383870
   -0.384002
   -0.383895
   -0.374572
   -0.374977
   -0.374747
   -0.374927
   -0.383638
   -0.383248
   -0.383049
   -0.383157
   -0.383064
   -0.383134
   -0.383092
   -0.383953
   -0.383878
   -0.383845
   -0.383904
   -0.383825
   -0.375184
   -0.375657
   -0.375671
   -0.374235
   -0.383327
   -0.383795
   -0.384169
   -0.383808
   -0.384071
   -0.383832
   -0.384043
   -0.383853
   -0.384021
   -0.383878
   -0.383997
   -0.383896
   -0.375254
   -0.375229
   -0.375433
   -0.374337
   -0.383064
   -0.383916
   -0.383905
   -0.383905
   -0.383839
   -0.383884
   -0.383863
   -0.383867
   -0.383879
   -0.383848
   -0.383898
   -0.383834
   -0.375475
   -0.375157
   -0.375664
   -0.374243
   -0.383316
   -0.383806
   -0.384074
   -0.383820
   -0.384058
   -0.383841
   -0.384037
   -0.383855
   -0.384023
   -0.383871
   -0.384007
   -0.383883
   -0.375185
   -0.375217
   -0.375179
   -0.374327
   -0.374268
   -0.375096
   -0.384500
   -0.383895
   -0.383849
   -0.383879
   -0.383864
   -0.382708
   -0.382704
   -0.382698
   -0.382714
   -0.382692
   -0.375367
   -0.375181
   -0.375376
   -0.374265
   -0.374487
   -0.375016
   -0.384058
   -0.383833
   -0.384048
   -0.383845
   -0.384039
   -0.382679
   -0.382869
   -0.382684
   -0.382864
   -0.382685
   -0.375218
   -0.375188
   -0.375205
   -0.374304
   -0.374289
   -0.375080
   -0.383852
   -0.383884
   -0.383856
   -0.383878
   -0.383858
   -0.382721
   -0.382686
   -0.382722
   -0.382686
   -0.382724
   -0.375343
   -0.375202
   -0.375357
   -0.374280
   -0.374474
   -0.375024
   -0.384052
   -0.383833
   -0.384052
   -0.383834
   -0.384054
   -0.382658
   -0.382894
   -0.382654
   -0.382897
   -0.382649
   -0.375236
   -0.375172
   -0.375219
   -0.374294
   -0.374298
   -0.375076
   -0.383854
   -0.383888
   -0.383848
   -0.383893
   -0.383838
   -0.382746
   -0.382656
   -0.382757
   -0.382648
   -0.382767
   -0.375324
   -0.375218
   -0.375343
   -0.374291
   -0.374465
   -0.375029
   -0.384049
   -0.383830
   -0.384059
   -0.383820
   -0.384074
   -0.382633
   -0.382925
   -0.382617
   -0.382938
   -0.382603
   -0.375247
   -0.375163
   -0.375227
   -0.374290
   -0.374301
   -0.375077
   -0.383851
   -0.383895
   -0.383837
   -0.383911
   -0.383816
   -0.382774
   -0.382622
   -0.382797
   -0.382603
   -0.382817
   -0.375324
   -0.375217
   -0.375345
   -0.374285
   -0.374471
   -0.375019
   -0.384059
   -0.383818
   -0.384074
   -0.383800
   -0.384098
   -0.382605
   -0.382957
   -0.382579
   -0.382979
   -0.382557
   -0.375246
   -0.375166
   -0.375222
   -0.374297
   -0.374292
   -0.375089
   -0.383840
   -0.383909
   -0.383821
   -0.383931
   -0.383792
   -0.382802
   -0.382592
   -0.382832
   -0.382566
   -0.382858
   -0.394393
   -0.394269
   -0.393066
   -0.402669
   -0.402642
   -0.402653
   -0.402664
   -0.402637
   -0.402670
   -0.402635
   -0.403565
   -0.402241
   -0.402371
   -0.402399
   -0.402365
   -0.402397
   -0.394436
   -0.394272
   -0.393104
   -0.402683
   -0.402584
   -0.402620
   -0.402563
   -0.402637
   -0.402635
   -0.402721
   -0.403525
   -0.402310
   -0.402378
   -0.402421
   -0.402383
   -0.402423
   -0.393950
   -0.394199
   -0.392978
   -0.402675
   -0.402557
   -0.402576
   -0.402579
   -0.402770
   -0.402802
   -0.402554
   -0.403566
   -0.402238
   -0.402377
   -0.402392
   -0.402371
   -0.402391
   -0.394022
   -0.394175
   -0.393036
   -0.402883
   -0.403649
   -0.403371
   -0.403544
   -0.403605
   -0.403534
   -0.403610
   -0.403528
   -0.402229
   -0.402376
   -0.402424
   -0.402381
   -0.402424
   -0.403325
   -0.403022
   -0.401985
   -0.402821
   -0.403520
   -0.402398
   -0.402163
   -0.402378
   -0.402385
   -0.402376
   -0.402389
   -0.402378
   -0.402370
   -0.402398
   -0.402363
   -0.402401
   -0.403046
   -0.403357
   -0.402057
   -0.402805
   -0.403566
   -0.402419
   -0.402164
   -0.402435
   -0.402371
   -0.402435
   -0.402370
   -0.402431
   -0.402389
   -0.402410
   -0.402398
   -0.402406
   -0.402951
   -0.403400
   -0.401984
   -0.402822
   -0.403519
   -0.402401
   -0.402369
   -0.402387
   -0.402374
   -0.402390
   -0.402371
   -0.402397
   -0.402351
   -0.402419
   -0.402339
   -0.402428
   -0.403405
   -0.403352
   -0.403391
   -0.402799
   -0.402810
   -0.401653
   -0.402253
   -0.402426
   -0.402382
   -0.402421
   -0.402387
   -0.402253
   -0.402245
   -0.402231
   -0.402259
   -0.402219
   -0.403292
   -0.403408
   -0.403306
   -0.402823
   -0.402758
   -0.401641
   -0.402365
   -0.402392
   -0.402365
   -0.402401
   -0.402356
   -0.402252
   -0.402172
   -0.402276
   -0.402155
   -0.402293
   -0.403396
   -0.403362
   -0.403381
   -0.402809
   -0.402800
   -0.401660
   -0.402380
   -0.402428
   -0.402385
   -0.402416
   -0.402396
   -0.402242
   -0.402257
   -0.402218
   -0.402277
   -0.402198
   -0.403311
   -0.403390
   -0.403325
   -0.402805
   -0.402775
   -0.401627
   -0.402377
   -0.402386
   -0.402367
   -0.402403
   -0.402350
   -0.402260
   -0.402163
   -0.402286
   -0.402140
   -0.402310
   -0.403376
   -0.403381
   -0.403361
   -0.402829
   -0.402781
   -0.401677
   -0.402367
   -0.402436
   -0.402382
   -0.402414
   -0.402403
   -0.402232
   -0.402270
   -0.402203
   -0.402296
   -0.402176
   -0.403332
   -0.403368
   -0.403347
   -0.402782
   -0.402798
   -0.401605
   -0.402395
   -0.402373
   -0.402374
   -0.402401
   -0.402347
   -0.402267
   -0.402152
   -0.402300
   -0.402122
   -0.402332
   -0.403353
   -0.403404
   -0.403338
   -0.402853
   -0.402756
   -0.401701
   -0.402346
   -0.402452
   -0.402371
   -0.402420
   -0.402400
   -0.402232
   -0.402273
   -0.402198
   -0.402305
   -0.402164
   -0.403342
   -0.403357
   -0.403359
   -0.402769
   -0.402814
   -0.401590
   -0.402407
   -0.402364
   -0.402379
   -0.402399
   -0.402347
   -0.402269
   -0.402149
   -0.402305
   -0.402113
   -0.402343
   -0.403357
   -0.403402
   -0.403337
   -0.402855
   -0.402751
   -0.401706
   -0.402342
   -0.402454
   -0.402372
   -0.402417
   -0.402405
   -0.402225
   -0.402281
   -0.402189
   -0.402318
   -0.402149
   -0.394493
   -0.393931
   -0.394160
   -0.404206
   -0.403757
   -0.404184
   -0.403778
   -0.404159
   -0.403802
   -0.404131
   -0.402899
   -0.402761
   -0.402781
   -0.402943
   -0.402823
   -0.402903
   -0.395104
   -0.393468
   -0.394634
   -0.403850
   -0.404389
   -0.404086
   -0.404367
   -0.404111
   -0.404130
   -0.403926
   -0.403147
   -0.402639
   -0.402943
   -0.402899
   -0.402905
   -0.402935
   -0.394600
   -0.394116
   -0.394394
   -0.404187
   -0.403988
   -0.404380
   -0.404010
   -0.404364
   -0.404041
   -0.404329
   -0.402912
   -0.402753
   -0.402785
   -0.402943
   -0.402816
   -0.402914
   -0.395145
   -0.393711
   -0.394824
   -0.403881
   -0.403001
   -0.402938
   -0.403193
   -0.402970
   -0.403172
   -0.402995
   -0.403139
   -0.402854
   -0.402946
   -0.402891
   -0.402920
   -0.402913
   -0.395471
   -0.394853
   -0.395183
   -0.404391
   -0.402847
   -0.403043
   -0.402698
   -0.403021
   -0.402726
   -0.402999
   -0.402755
   -0.402975
   -0.402781
   -0.402952
   -0.402801
   -0.402937
   -0.395881
   -0.395678
   -0.395569
   -0.404115
   -0.403196
   -0.402803
   -0.403007
   -0.402822
   -0.403000
   -0.402840
   -0.402976
   -0.402858
   -0.402957
   -0.402875
   -0.402943
   -0.402884
   -0.395454
   -0.395980
   -0.395221
   -0.404358
   -0.402877
   -0.403018
   -0.402728
   -0.403004
   -0.402739
   -0.402993
   -0.402754
   -0.402984
   -0.402764
   -0.402975
   -0.402770
   -0.402974
   -0.395962
   -0.395729
   -0.395933
   -0.404151
   -0.404327
   -0.403997
   -0.402772
   -0.402838
   -0.402989
   -0.402844
   -0.402979
   -0.403271
   -0.403403
   -0.403274
   -0.403402
   -0.403269
   -0.395647
   -0.395932
   -0.395668
   -0.404318
   -0.404079
   -0.404157
   -0.402753
   -0.402984
   -0.402752
   -0.402986
   -0.402753
   -0.403420
   -0.403174
   -0.403426
   -0.403166
   -0.403438
   -0.395903
   -0.395782
   -0.395888
   -0.404191
   -0.404292
   -0.404026
   -0.402970
   -0.402857
   -0.402976
   -0.402849
   -0.402983
   -0.403258
   -0.403425
   -0.403245
   -0.403439
   -0.403227
   -0.395697
   -0.395888
   -0.395706
   -0.404286
   -0.404106
   -0.404136
   -0.402768
   -0.402974
   -0.402756
   -0.402990
   -0.402740
   -0.403440
   -0.403145
   -0.403461
   -0.403124
   -0.403486
   -0.395860
   -0.395820
   -0.395857
   -0.404218
   -0.404269
   -0.404043
   -0.402959
   -0.402864
   -0.402975
   -0.402843
   -0.402998
   -0.403235
   -0.403457
   -0.403207
   -0.403485
   -0.403174
   -0.395736
   -0.395854
   -0.395733
   -0.404263
   -0.404126
   -0.404122
   -0.402779
   -0.402969
   -0.402757
   -0.402995
   -0.402727
   -0.403461
   -0.403115
   -0.403498
   -0.403080
   -0.403537
   -0.395828
   -0.395847
   -0.395835
   -0.404235
   -0.404255
   -0.404052
   -0.402953
   -0.402864
   -0.402979
   -0.402833
   -0.403016
   -0.403209
   -0.403491
   -0.403166
   -0.403532
   -0.403121
   -0.395761
   -0.395833
   -0.395750
   -0.404251
   -0.404134
   -0.404118
   -0.402779
   -0.402973
   -0.402748
   -0.403010
   -0.402705
   -0.403491
   -0.403078
   -0.403540
   -0.403032
   -0.403590
   -0.395815
   -0.395858
   -0.395828
   -0.404240
   -0.404253
   -0.404050
   -0.402958
   -0.402856
   -0.402992
   -0.402816
   -0.403040
   -0.403179
   -0.403526
   -0.403126
   -0.403576
   -0.403072
   -0.388006
   -0.388158
   -0.397518
   -0.396617
   -0.397063
   -0.396662
   -0.397016
   -0.396722
   -0.396947
   -0.396788
   -0.396663
   -0.397084
   -0.397075
   -0.397026
   -0.397068
   -0.397035
   -0.387398
   -0.388669
   -0.397019
   -0.397025
   -0.396662
   -0.396994
   -0.396704
   -0.396940
   -0.396758
   -0.396871
   -0.396582
   -0.397103
   -0.397026
   -0.397027
   -0.397031
   -0.397020
   -0.388997
   -0.388213
   -0.397485
   -0.396653
   -0.397039
   -0.396699
   -0.397001
   -0.396673
   -0.396867
   -0.396804
   -0.396659
   -0.397087
   -0.397072
   -0.397028
   -0.397066
   -0.397035
   -0.388491
   -0.388632
   -0.397069
   -0.396915
   -0.396448
   -0.396807
   -0.396489
   -0.396688
   -0.396539
   -0.396641
   -0.396580
   -0.397116
   -0.397020
   -0.397034
   -0.397022
   -0.397031
   -0.387570
   -0.387091
   -0.396205
   -0.396616
   -0.396776
   -0.396905
   -0.397251
   -0.396942
   -0.397132
   -0.396983
   -0.397096
   -0.397007
   -0.397087
   -0.397010
   -0.397087
   -0.397010
   -0.387299
   -0.386581
   -0.395867
   -0.396885
   -0.396490
   -0.397130
   -0.397014
   -0.397103
   -0.396972
   -0.397069
   -0.397000
   -0.397052
   -0.397004
   -0.397053
   -0.397000
   -0.397058
   -0.387657
   -0.386299
   -0.396164
   -0.396651
   -0.396747
   -0.396928
   -0.397158
   -0.396950
   -0.397131
   -0.396977
   -0.397109
   -0.396991
   -0.397106
   -0.396988
   -0.397113
   -0.396980
   -0.386317
   -0.386533
   -0.386342
   -0.396848
   -0.396682
   -0.397265
   -0.397026
   -0.397091
   -0.396977
   -0.397072
   -0.396992
   -0.397081
   -0.397008
   -0.397087
   -0.396998
   -0.397100
   -0.386573
   -0.386346
   -0.386552
   -0.396687
   -0.396877
   -0.397114
   -0.397141
   -0.396958
   -0.397130
   -0.396970
   -0.397122
   -0.396991
   -0.397145
   -0.396981
   -0.397160
   -0.396963
   -0.386371
   -0.386484
   -0.386386
   -0.396810
   -0.396716
   -0.397239
   -0.396978
   -0.397081
   -0.396979
   -0.397078
   -0.396980
   -0.397096
   -0.396990
   -0.397109
   -0.396972
   -0.397131
   -0.386516
   -0.386398
   -0.386506
   -0.396727
   -0.396842
   -0.397140
   -0.397122
   -0.396966
   -0.397130
   -0.396962
   -0.397135
   -0.396974
   -0.397164
   -0.396960
   -0.397183
   -0.396935
   -0.386418
   -0.386441
   -0.386425
   -0.396777
   -0.396744
   -0.397219
   -0.396991
   -0.397078
   -0.396974
   -0.397090
   -0.396964
   -0.397115
   -0.396969
   -0.397131
   -0.396947
   -0.397160
   -0.386484
   -0.386426
   -0.386480
   -0.396748
   -0.396823
   -0.397153
   -0.397115
   -0.396964
   -0.397138
   -0.396948
   -0.397152
   -0.396955
   -0.397184
   -0.396939
   -0.397206
   -0.396908
   -0.386443
   -0.386419
   -0.386445
   -0.396761
   -0.396759
   -0.397210
   -0.396995
   -0.397082
   -0.396965
   -0.397103
   -0.396948
   -0.397134
   -0.396949
   -0.397152
   -0.396924
   -0.397187
   -0.386471
   -0.386439
   -0.386468
   -0.396757
   -0.396815
   -0.397156
   -0.397116
   -0.396956
   -0.397151
   -0.396931
   -0.397172
   -0.396933
   -0.397207
   -0.396914
   -0.397234
   -0.396878
   -0.386452
   -0.386410
   -0.386454
   -0.396754
   -0.396764
   -0.397210
   -0.396991
   -0.397094
   -0.396949
   -0.397124
   -0.396923
   -0.397162
   -0.396919
   -0.397184
   -0.396888
   -0.397226
   -0.389053
   -0.397883
   -0.398612
   -0.397323
   -0.397302
   -0.397302
   -0.397313
   -0.397299
   -0.397310
   -0.397302
   -0.397664
   -0.397733
   -0.397697
   -0.397648
   -0.397702
   -0.397660
   -0.389072
   -0.397811
   -0.398648
   -0.397244
   -0.397224
   -0.397187
   -0.397213
   -0.397191
   -0.397291
   -0.397265
   -0.397642
   -0.397722
   -0.397647
   -0.397662
   -0.397640
   -0.397653
   -0.389125
   -0.397781
   -0.398563
   -0.397297
   -0.397247
   -0.397207
   -0.397253
   -0.397211
   -0.397252
   -0.397212
   -0.397678
   -0.397720
   -0.397709
   -0.397636
   -0.397716
   -0.397642
   -0.389092
   -0.397760
   -0.398548
   -0.397270
   -0.397711
   -0.397628
   -0.397631
   -0.397629
   -0.397635
   -0.397627
   -0.397634
   -0.397655
   -0.397638
   -0.397671
   -0.397629
   -0.397670
   -0.388970
   -0.397604
   -0.398422
   -0.397210
   -0.397688
   -0.397648
   -0.397701
   -0.397654
   -0.397698
   -0.397657
   -0.397699
   -0.397644
   -0.397712
   -0.397633
   -0.397721
   -0.397632
   -0.388927
   -0.388804
   -0.398379
   -0.397205
   -0.397628
   -0.397654
   -0.397645
   -0.397647
   -0.397654
   -0.397646
   -0.397651
   -0.397660
   -0.397637
   -0.397672
   -0.397626
   -0.397677
   -0.388984
   -0.388797
   -0.398427
   -0.397205
   -0.397688
   -0.397649
   -0.397701
   -0.397657
   -0.397696
   -0.397658
   -0.397699
   -0.397643
   -0.397714
   -0.397629
   -0.397728
   -0.397619
   -0.388805
   -0.388805
   -0.388807
   -0.397208
   -0.397205
   -0.397225
   -0.397725
   -0.397643
   -0.397657
   -0.397644
   -0.397652
   -0.397510
   -0.397483
   -0.397527
   -0.397464
   -0.397543
   -0.388861
   -0.388796
   -0.388860
   -0.397201
   -0.397263
   -0.397221
   -0.397698
   -0.397661
   -0.397694
   -0.397659
   -0.397699
   -0.397490
   -0.397564
   -0.397472
   -0.397585
   -0.397451
   -0.388817
   -0.388795
   -0.388814
   -0.397203
   -0.397213
   -0.397218
   -0.397663
   -0.397634
   -0.397664
   -0.397638
   -0.397656
   -0.397507
   -0.397484
   -0.397528
   -0.397459
   -0.397554
   -0.388855
   -0.388801
   -0.388857
   -0.397202
   -0.397258
   -0.397226
   -0.397689
   -0.397669
   -0.397685
   -0.397668
   -0.397691
   -0.397497
   -0.397557
   -0.397476
   -0.397583
   -0.397447
   -0.388814
   -0.388798
   -0.388810
   -0.397208
   -0.397212
   -0.397217
   -0.397669
   -0.397626
   -0.397675
   -0.397626
   -0.397670
   -0.397494
   -0.397497
   -0.397516
   -0.397468
   -0.397551
   -0.388854
   -0.388801
   -0.388858
   -0.397200
   -0.397255
   -0.397230
   -0.397680
   -0.397680
   -0.397671
   -0.397684
   -0.397673
   -0.397514
   -0.397540
   -0.397493
   -0.397569
   -0.397456
   -0.388819
   -0.388795
   -0.388813
   -0.397205
   -0.397219
   -0.397208
   -0.397683
   -0.397611
   -0.397693
   -0.397606
   -0.397690
   -0.397474
   -0.397518
   -0.397496
   -0.397486
   -0.397537
   -0.388847
   -0.388807
   -0.388853
   -0.397205
   -0.397247
   -0.397240
   -0.397665
   -0.397697
   -0.397653
   -0.397704
   -0.397654
   -0.397533
   -0.397520
   -0.397512
   -0.397553
   -0.397468
   -0.388824
   -0.388791
   -0.388817
   -0.397202
   -0.397226
   -0.397199
   -0.397697
   -0.397594
   -0.397711
   -0.397586
   -0.397709
   -0.397457
   -0.397536
   -0.397479
   -0.397500
   -0.397527
   -0.397415
   -0.398939
   -0.397077
   -0.397972
   -0.397399
   -0.397915
   -0.397461
   -0.397847
   -0.397529
   -0.397788
   -0.397631
   -0.397612
   -0.397518
   -0.397608
   -0.397549
   -0.397586
   -0.398170
   -0.398298
   -0.397706
   -0.397452
   -0.397924
   -0.397509
   -0.397866
   -0.397572
   -0.397799
   -0.397624
   -0.397795
   -0.397533
   -0.397604
   -0.397595
   -0.397575
   -0.397616
   -0.388833
   -0.398869
   -0.397148
   -0.397911
   -0.397459
   -0.397869
   -0.397509
   -0.397839
   -0.397592
   -0.397765
   -0.397653
   -0.397592
   -0.397532
   -0.397598
   -0.397553
   -0.397584
   -0.389424
   -0.398379
   -0.397641
   -0.397541
   -0.397908
   -0.397576
   -0.397867
   -0.397652
   -0.397818
   -0.397694
   -0.397780
   -0.397546
   -0.397601
   -0.397592
   -0.397587
   -0.397600
   -0.389414
   -0.399222
   -0.397665
   -0.397885
   -0.397553
   -0.397719
   -0.397411
   -0.397679
   -0.397478
   -0.397645
   -0.397507
   -0.397623
   -0.397525
   -0.397612
   -0.397530
   -0.397612
   -0.389797
   -0.398145
   -0.398027
   -0.397606
   -0.397856
   -0.397500
   -0.397646
   -0.397533
   -0.397640
   -0.397560
   -0.397617
   -0.397576
   -0.397606
   -0.397580
   -0.397607
   -0.397574
   -0.389433
   -0.398424
   -0.397724
   -0.397831
   -0.397602
   -0.397675
   -0.397476
   -0.397648
   -0.397502
   -0.397626
   -0.397520
   -0.397614
   -0.397527
   -0.397614
   -0.397521
   -0.397625
   -0.398405
   -0.398200
   -0.398379
   -0.397657
   -0.397792
   -0.397526
   -0.397603
   -0.397566
   -0.397612
   -0.397583
   -0.397598
   -0.397600
   -0.397601
   -0.397597
   -0.397611
   -0.397582
   -0.398150
   -0.398377
   -0.398172
   -0.397796
   -0.397616
   -0.397630
   -0.397498
   -0.397632
   -0.397512
   -0.397621
   -0.397521
   -0.397625
   -0.397527
   -0.397634
   -0.397510
   -0.397656
   -0.398355
   -0.398246
   -0.398336
   -0.397695
   -0.397757
   -0.397556
   -0.397609
   -0.397585
   -0.397598
   -0.397592
   -0.397593
   -0.397601
   -0.397607
   -0.397588
   -0.397628
   -0.397562
   -0.398197
   -0.398332
   -0.398213
   -0.397758
   -0.397650
   -0.397599
   -0.397523
   -0.397612
   -0.397527
   -0.397610
   -0.397527
   -0.397623
   -0.397522
   -0.397643
   -0.397494
   -0.397676
   -0.398318
   -0.398282
   -0.398303
   -0.397726
   -0.397729
   -0.397581
   -0.397588
   -0.397600
   -0.397588
   -0.397599
   -0.397592
   -0.397598
   -0.397617
   -0.397574
   -0.397650
   -0.397534
   -0.398226
   -0.398304
   -0.398240
   -0.397732
   -0.397675
   -0.397576
   -0.397542
   -0.397598
   -0.397539
   -0.397602
   -0.397532
   -0.397622
   -0.397517
   -0.397652
   -0.397477
   -0.397698
   -0.398293
   -0.398307
   -0.398279
   -0.397750
   -0.397704
   -0.397605
   -0.397569
   -0.397616
   -0.397574
   -0.397610
   -0.397584
   -0.397602
   -0.397618
   -0.397568
   -0.397664
   -0.397515
   -0.398248
   -0.398281
   -0.398261
   -0.397710
   -0.397698
   -0.397554
   -0.397560
   -0.397583
   -0.397551
   -0.397592
   -0.397539
   -0.397620
   -0.397513
   -0.397660
   -0.397460
   -0.397721
   -0.398279
   -0.398322
   -0.398263
   -0.397767
   -0.397686
   -0.397623
   -0.397553
   -0.397630
   -0.397562
   -0.397622
   -0.397574
   -0.397608
   -0.397616
   -0.397567
   -0.397672
   -0.397502
   -0.398203
   -0.396961
   -0.396864
   -0.397264
   -0.397283
   -0.397289
   -0.397258
   -0.397303
   -0.397253
   -0.397313
   -0.397110
   -0.397179
   -0.397124
   -0.397190
   -0.397138
   -0.397177
   -0.398130
   -0.397067
   -0.396808
   -0.397330
   -0.397302
   -0.397335
   -0.397323
   -0.397324
   -0.397301
   -0.397289
   -0.397185
   -0.397135
   -0.397186
   -0.397169
   -0.397173
   -0.397180
   -0.389209
   -0.397002
   -0.396879
   -0.397273
   -0.397305
   -0.397318
   -0.397286
   -0.397324
   -0.397278
   -0.397337
   -0.397113
   -0.397177
   -0.397122
   -0.397193
   -0.397131
   -0.397187
   -0.389169
   -0.397077
   -0.396849
   -0.397315
   -0.397129
   -0.397179
   -0.397169
   -0.397168
   -0.397171
   -0.397162
   -0.397183
   -0.397162
   -0.397189
   -0.397165
   -0.397180
   -0.397171
   -0.389210
   -0.397031
   -0.396884
   -0.397301
   -0.397145
   -0.397168
   -0.397146
   -0.397173
   -0.397140
   -0.397179
   -0.397129
   -0.397191
   -0.397130
   -0.397186
   -0.397136
   -0.397182
   -0.389189
   -0.398249
   -0.396870
   -0.397337
   -0.397158
   -0.397184
   -0.397178
   -0.397179
   -0.397176
   -0.397173
   -0.397188
   -0.397160
   -0.397191
   -0.397162
   -0.397187
   -0.397163
   -0.389205
   -0.398197
   -0.396884
   -0.397299
   -0.397148
   -0.397163
   -0.397148
   -0.397169
   -0.397144
   -0.397175
   -0.397131
   -0.397192
   -0.397124
   -0.397194
   -0.397121
   -0.397200
   -0.398196
   -0.398247
   -0.398195
   -0.397341
   -0.397306
   -0.397340
   -0.397146
   -0.397185
   -0.397170
   -0.397180
   -0.397182
   -0.397217
   -0.397243
   -0.397212
   -0.397248
   -0.397204
   -0.398204
   -0.398204
   -0.398204
   -0.397311
   -0.397288
   -0.397327
   -0.397138
   -0.397177
   -0.397135
   -0.397183
   -0.397123
   -0.397253
   -0.397165
   -0.397262
   -0.397155
   -0.397276
   -0.398199
   -0.398245
   -0.398197
   -0.397339
   -0.397308
   -0.397338
   -0.397170
   -0.397184
   -0.397172
   -0.397179
   -0.397185
   -0.397212
   -0.397252
   -0.397201
   -0.397265
   -0.397184
   -0.398203
   -0.398204
   -0.398205
   -0.397310
   -0.397288
   -0.397327
   -0.397140
   -0.397174
   -0.397139
   -0.397178
   -0.397127
   -0.397250
   -0.397164
   -0.397263
   -0.397150
   -0.397280
   -0.398208
   -0.398237
   -0.398204
   -0.397332
   -0.397314
   -0.397334
   -0.397172
   -0.397185
   -0.397169
   -0.397185
   -0.397176
   -0.397222
   -0.397242
   -0.397212
   -0.397254
   -0.397198
   -0.398189
   -0.398216
   -0.398194
   -0.397319
   -0.397281
   -0.397332
   -0.397137
   -0.397174
   -0.397142
   -0.397171
   -0.397138
   -0.397237
   -0.397180
   -0.397244
   -0.397170
   -0.397257
   -0.398216
   -0.398232
   -0.398208
   -0.397330
   -0.397315
   -0.397335
   -0.397168
   -0.397192
   -0.397161
   -0.397198
   -0.397161
   -0.397241
   -0.397222
   -0.397236
   -0.397229
   -0.397227
   -0.398189
   -0.398215
   -0.398197
   -0.397316
   -0.397285
   -0.397326
   -0.397147
   -0.397161
   -0.397156
   -0.397154
   -0.397157
   -0.397214
   -0.397204
   -0.397217
   -0.397198
   -0.397225
   -0.398211
   -0.398237
   -0.398202
   -0.397337
   -0.397307
   -0.397344
   -0.397155
   -0.397208
   -0.397144
   -0.397216
   -0.397141
   -0.397263
   -0.397198
   -0.397263
   -0.397202
   -0.397258
   -0.403251
   -0.402712
   -0.403491
   -0.403018
   -0.403348
   -0.403032
   -0.403327
   -0.403054
   -0.403303
   -0.403078
   -0.403269
   -0.403167
   -0.403293
   -0.403187
   -0.403268
   -0.403205
   -0.402900
   -0.402945
   -0.403180
   -0.403231
   -0.403046
   -0.403218
   -0.403061
   -0.403200
   -0.403086
   -0.403184
   -0.403105
   -0.403218
   -0.403185
   -0.403177
   -0.403207
   -0.403161
   -0.395186
   -0.402760
   -0.403440
   -0.403061
   -0.403304
   -0.403064
   -0.403291
   -0.403070
   -0.403265
   -0.403096
   -0.403252
   -0.403182
   -0.403283
   -0.403193
   -0.403265
   -0.403205
   -0.394944
   -0.402896
   -0.403217
   -0.403186
   -0.403081
   -0.403198
   -0.403085
   -0.403179
   -0.403097
   -0.403167
   -0.403113
   -0.403211
   -0.403184
   -0.403184
   -0.403196
   -0.403176
   -0.394954
   -0.402656
   -0.403237
   -0.403085
   -0.403270
   -0.403141
   -0.403330
   -0.403146
   -0.403315
   -0.403153
   -0.403305
   -0.403163
   -0.403294
   -0.403175
   -0.403288
   -0.403178
   -0.394830
   -0.402853
   -0.403095
   -0.403146
   -0.403111
   -0.403212
   -0.403172
   -0.403213
   -0.403165
   -0.403209
   -0.403171
   -0.403204
   -0.403176
   -0.403198
   -0.403177
   -0.403200
   -0.394945
   -0.402831
   -0.403216
   -0.403105
   -0.403250
   -0.403159
   -0.403305
   -0.403159
   -0.403303
   -0.403162
   -0.403298
   -0.403166
   -0.403296
   -0.403169
   -0.403298
   -0.403164
   -0.402852
   -0.402837
   -0.402847
   -0.403129
   -0.403120
   -0.403189
   -0.403190
   -0.403201
   -0.403176
   -0.403200
   -0.403178
   -0.403192
   -0.403170
   -0.403193
   -0.403163
   -0.403203
   -0.402938
   -0.402841
   -0.402942
   -0.403113
   -0.403234
   -0.403158
   -0.403301
   -0.403160
   -0.403304
   -0.403161
   -0.403303
   -0.403150
   -0.403300
   -0.403145
   -0.403310
   -0.403132
   -0.402858
   -0.402832
   -0.402853
   -0.403123
   -0.403127
   -0.403184
   -0.403181
   -0.403200
   -0.403175
   -0.403201
   -0.403173
   -0.403202
   -0.403154
   -0.403213
   -0.403138
   -0.403232
   -0.402933
   -0.402845
   -0.402937
   -0.403117
   -0.403230
   -0.403160
   -0.403301
   -0.403156
   -0.403309
   -0.403152
   -0.403316
   -0.403130
   -0.403327
   -0.403113
   -0.403349
   -0.403086
   -0.402865
   -0.402826
   -0.402859
   -0.403118
   -0.403131
   -0.403183
   -0.403178
   -0.403208
   -0.403165
   -0.403216
   -0.403152
   -0.403231
   -0.403117
   -0.403258
   -0.403085
   -0.403295
   -0.402924
   -0.402853
   -0.402930
   -0.403123
   -0.403226
   -0.403160
   -0.403305
   -0.403146
   -0.403325
   -0.403132
   -0.403342
   -0.403095
   -0.403370
   -0.403061
   -0.403410
   -0.403015
   -0.402876
   -0.402815
   -0.402869
   -0.403110
   -0.403137
   -0.403183
   -0.403173
   -0.403221
   -0.403145
   -0.403241
   -0.403120
   -0.403271
   -0.403068
   -0.403315
   -0.403019
   -0.403370
   -0.402913
   -0.402864
   -0.402920
   -0.403132
   -0.403220
   -0.403160
   -0.403311
   -0.403132
   -0.403345
   -0.403105
   -0.403378
   -0.403051
   -0.403424
   -0.402998
   -0.403482
   -0.402934
   -0.402879
   -0.402812
   -0.402872
   -0.403108
   -0.403137
   -0.403187
   -0.403165
   -0.403236
   -0.403124
   -0.403267
   -0.403087
   -0.403314
   -0.403017
   -0.403375
   -0.402951
   -0.403447
   -0.401456
   -0.401934
   -0.401908
   -0.401801
   -0.401770
   -0.401790
   -0.401784
   -0.401783
   -0.401783
   -0.401782
   -0.401837
   -0.401818
   -0.401829
   -0.401814
   -0.401828
   -0.401814
   -0.401518
   -0.401838
   -0.401955
   -0.401720
   -0.401795
   -0.401721
   -0.401783
   -0.401727
   -0.401790
   -0.401740
   -0.401827
   -0.401796
   -0.401818
   -0.401788
   -0.401818
   -0.401789
   -0.392441
   -0.401931
   -0.401892
   -0.401809
   -0.401752
   -0.401791
   -0.401763
   -0.401787
   -0.401768
   -0.401780
   -0.401831
   -0.401822
   -0.401827
   -0.401815
   -0.401829
   -0.401812
   -0.392508
   -0.401834
   -0.401942
   -0.401726
   -0.401855
   -0.401775
   -0.401837
   -0.401783
   -0.401834
   -0.401788
   -0.401824
   -0.401793
   -0.401810
   -0.401797
   -0.401807
   -0.401802
   -0.392467
   -0.401926
   -0.401914
   -0.401790
   -0.401818
   -0.401831
   -0.401815
   -0.401826
   -0.401819
   -0.401821
   -0.401830
   -0.401807
   -0.401838
   -0.401804
   -0.401842
   -0.401798
   -0.392496
   -0.401440
   -0.401932
   -0.401736
   -0.401828
   -0.401786
   -0.401813
   -0.401790
   -0.401812
   -0.401795
   -0.401801
   -0.401813
   -0.401789
   -0.401820
   -0.401781
   -0.401830
   -0.392495
   -0.401475
   -0.401935
   -0.401770
   -0.401838
   -0.401812
   -0.401833
   -0.401810
   -0.401834
   -0.401807
   -0.401845
   -0.401789
   -0.401859
   -0.401780
   -0.401869
   -0.401767
   -0.401476
   -0.401457
   -0.401475
   -0.401749
   -0.401763
   -0.401745
   -0.401812
   -0.401800
   -0.401803
   -0.401805
   -0.401791
   -0.401807
   -0.401756
   -0.401819
   -0.401742
   -0.401836
   -0.401505
   -0.401462
   -0.401504
   -0.401753
   -0.401802
   -0.401742
   -0.401849
   -0.401794
   -0.401851
   -0.401788
   -0.401865
   -0.401748
   -0.401868
   -0.401731
   -0.401886
   -0.401710
   -0.401471
   -0.401462
   -0.401471
   -0.401755
   -0.401756
   -0.401752
   -0.401800
   -0.401807
   -0.401795
   -0.401816
   -0.401778
   -0.401825
   -0.401733
   -0.401848
   -0.401708
   -0.401875
   -0.401510
   -0.401459
   -0.401508
   -0.401748
   -0.401807
   -0.401738
   -0.401851
   -0.401792
   -0.401855
   -0.401782
   -0.401873
   -0.401735
   -0.401885
   -0.401709
   -0.401913
   -0.401679
   -0.401466
   -0.401465
   -0.401468
   -0.401758
   -0.401754
   -0.401754
   -0.401800
   -0.401806
   -0.401796
   -0.401817
   -0.401776
   -0.401830
   -0.401724
   -0.401859
   -0.401694
   -0.401890
   -0.401510
   -0.401459
   -0.401508
   -0.401748
   -0.401807
   -0.401738
   -0.401849
   -0.401794
   -0.401852
   -0.401783
   -0.401872
   -0.401734
   -0.401889
   -0.401705
   -0.401919
   -0.401673
   -0.401470
   -0.401462
   -0.401470
   -0.401758
   -0.401753
   -0.401755
   -0.401801
   -0.401805
   -0.401797
   -0.401817
   -0.401775
   -0.401832
   -0.401721
   -0.401862
   -0.401688
   -0.401896
   -0.401505
   -0.401463
   -0.401506
   -0.401748
   -0.401808
   -0.401736
   -0.401848
   -0.401795
   -0.401849
   -0.401785
   -0.401870
   -0.401736
   -0.401887
   -0.401707
   -0.401920
   -0.401672
   -0.401477
   -0.401457
   -0.401473
   -0.401758
   -0.401752
   -0.401756
   -0.401802
   -0.401803
   -0.401801
   -0.401814
   -0.401779
   -0.401829
   -0.401724
   -0.401859
   -0.401690
   -0.401896
   -0.383021
   -0.383341
   -0.382924
   -0.383217
   -0.383011
   -0.383202
   -0.383014
   -0.383200
   -0.383023
   -0.383182
   -0.383038
   -0.383145
   -0.383034
   -0.383135
   -0.383036
   -0.383140
   -0.383313
   -0.383234
   -0.383148
   -0.383171
   -0.383186
   -0.383188
   -0.383182
   -0.383190
   -0.383172
   -0.383203
   -0.383154
   -0.383189
   -0.383123
   -0.383208
   -0.383122
   -0.383203
   -0.374405
   -0.383315
   -0.382948
   -0.383199
   -0.383026
   -0.383192
   -0.383026
   -0.383196
   -0.383033
   -0.383184
   -0.383034
   -0.383152
   -0.383024
   -0.383148
   -0.383021
   -0.383157
   -0.374623
   -0.383274
   -0.383118
   -0.383201
   -0.383158
   -0.383201
   -0.383160
   -0.383202
   -0.383158
   -0.383207
   -0.383153
   -0.383190
   -0.383129
   -0.383200
   -0.383133
   -0.383190
   -0.374516
   -0.383323
   -0.383040
   -0.383173
   -0.383047
   -0.383146
   -0.383021
   -0.383153
   -0.383019
   -0.383156
   -0.383017
   -0.383159
   -0.383016
   -0.383158
   -0.383007
   -0.383171
   -0.374632
   -0.383355
   -0.383137
   -0.383236
   -0.383134
   -0.383210
   -0.383119
   -0.383201
   -0.383129
   -0.383195
   -0.383136
   -0.383187
   -0.383141
   -0.383183
   -0.383153
   -0.383168
   -0.374542
   -0.383280
   -0.383064
   -0.383153
   -0.383062
   -0.383133
   -0.383034
   -0.383146
   -0.383021
   -0.383160
   -0.383006
   -0.383176
   -0.382993
   -0.383187
   -0.382975
   -0.383207
   -0.383260
   -0.383374
   -0.383254
   -0.383249
   -0.383132
   -0.383226
   -0.383111
   -0.383205
   -0.383129
   -0.383189
   -0.383147
   -0.383175
   -0.383167
   -0.383162
   -0.383187
   -0.383140
   -0.383207
   -0.383265
   -0.383209
   -0.383144
   -0.383076
   -0.383135
   -0.383037
   -0.383144
   -0.383021
   -0.383163
   -0.382998
   -0.383191
   -0.382982
   -0.383209
   -0.382958
   -0.383234
   -0.383245
   -0.383387
   -0.383244
   -0.383256
   -0.383127
   -0.383229
   -0.383116
   -0.383204
   -0.383134
   -0.383181
   -0.383160
   -0.383158
   -0.383190
   -0.383135
   -0.383217
   -0.383108
   -0.383216
   -0.383257
   -0.383214
   -0.383140
   -0.383077
   -0.383135
   -0.383033
   -0.383149
   -0.383011
   -0.383177
   -0.382979
   -0.383215
   -0.382950
   -0.383245
   -0.382917
   -0.383278
   -0.383244
   -0.383389
   -0.383244
   -0.383256
   -0.383130
   -0.383224
   -0.383124
   -0.383195
   -0.383146
   -0.383166
   -0.383180
   -0.383135
   -0.383219
   -0.383102
   -0.383254
   -0.383068
   -0.383214
   -0.383257
   -0.383212
   -0.383144
   -0.383070
   -0.383144
   -0.383021
   -0.383163
   -0.382995
   -0.383196
   -0.382957
   -0.383240
   -0.382921
   -0.383278
   -0.382881
   -0.383316
   -0.383252
   -0.383382
   -0.383252
   -0.383247
   -0.383141
   -0.383212
   -0.383140
   -0.383177
   -0.383165
   -0.383145
   -0.383203
   -0.383110
   -0.383247
   -0.383072
   -0.383287
   -0.383036
   -0.383196
   -0.383273
   -0.383196
   -0.383160
   -0.383054
   -0.383160
   -0.383002
   -0.383181
   -0.382976
   -0.383214
   -0.382938
   -0.383258
   -0.382901
   -0.383297
   -0.382861
   -0.383334
   -0.383266
   -0.383371
   -0.383264
   -0.383235
   -0.383153
   -0.383200
   -0.383153
   -0.383165
   -0.383177
   -0.383134
   -0.383214
   -0.383101
   -0.383257
   -0.383064
   -0.383296
   -0.383029
   -0.392705
   -0.392339
   -0.392530
   -0.392417
   -0.392552
   -0.392437
   -0.392532
   -0.392455
   -0.392517
   -0.392472
   -0.392487
   -0.392475
   -0.392470
   -0.392491
   -0.392459
   -0.392498
   -0.392486
   -0.392575
   -0.392366
   -0.392605
   -0.392434
   -0.392591
   -0.392451
   -0.392576
   -0.392462
   -0.392558
   -0.392458
   -0.392530
   -0.392480
   -0.392520
   -0.392490
   -0.392515
   -0.392784
   -0.392373
   -0.392504
   -0.392443
   -0.392530
   -0.392464
   -0.392513
   -0.392479
   -0.392497
   -0.392496
   -0.392466
   -0.392494
   -0.392452
   -0.392509
   -0.392441
   -0.392515
   -0.392625
   -0.392556
   -0.392391
   -0.392584
   -0.392434
   -0.392552
   -0.392454
   -0.392535
   -0.392469
   -0.392518
   -0.392485
   -0.392507
   -0.392508
   -0.392492
   -0.392520
   -0.392484
   -0.392751
   -0.392387
   -0.392474
   -0.392467
   -0.392488
   -0.392472
   -0.392475
   -0.392489
   -0.392457
   -0.392509
   -0.392437
   -0.392529
   -0.392417
   -0.392545
   -0.392401
   -0.392557
   -0.392639
   -0.392678
   -0.392404
   -0.392565
   -0.392461
   -0.392531
   -0.392485
   -0.392513
   -0.392502
   -0.392493
   -0.392523
   -0.392470
   -0.392546
   -0.392452
   -0.392564
   -0.392437
   -0.392734
   -0.392553
   -0.392459
   -0.392483
   -0.392469
   -0.392492
   -0.392452
   -0.392513
   -0.392430
   -0.392537
   -0.392405
   -0.392563
   -0.392379
   -0.392585
   -0.392357
   -0.392605
   -0.392544
   -0.392664
   -0.392562
   -0.392550
   -0.392497
   -0.392530
   -0.392503
   -0.392492
   -0.392526
   -0.392467
   -0.392554
   -0.392444
   -0.392587
   -0.392421
   -0.392611
   -0.392400
   -0.392612
   -0.392561
   -0.392593
   -0.392496
   -0.392471
   -0.392527
   -0.392434
   -0.392531
   -0.392409
   -0.392560
   -0.392377
   -0.392600
   -0.392351
   -0.392629
   -0.392321
   -0.392655
   -0.392555
   -0.392654
   -0.392573
   -0.392536
   -0.392513
   -0.392514
   -0.392523
   -0.392473
   -0.392549
   -0.392442
   -0.392583
   -0.392410
   -0.392626
   -0.392377
   -0.392660
   -0.392345
   -0.392597
   -0.392574
   -0.392577
   -0.392513
   -0.392452
   -0.392544
   -0.392415
   -0.392551
   -0.392387
   -0.392584
   -0.392349
   -0.392631
   -0.392314
   -0.392670
   -0.392273
   -0.392708
   -0.392573
   -0.392638
   -0.392592
   -0.392517
   -0.392533
   -0.392496
   -0.392541
   -0.392456
   -0.392567
   -0.392424
   -0.392604
   -0.392389
   -0.392650
   -0.392350
   -0.392693
   -0.392310
   -0.392578
   -0.392590
   -0.392560
   -0.392532
   -0.392432
   -0.392563
   -0.392397
   -0.392566
   -0.392372
   -0.392597
   -0.392335
   -0.392645
   -0.392298
   -0.392688
   -0.392252
   -0.392731
   -0.392587
   -0.392626
   -0.392605
   -0.392503
   -0.392550
   -0.392480
   -0.392555
   -0.392444
   -0.392578
   -0.392415
   -0.392614
   -0.392379
   -0.392661
   -0.392338
   -0.392708
   -0.392293
   -0.392568
   -0.392600
   -0.392548
   -0.392545
   -0.392416
   -0.392577
   -0.392384
   -0.392575
   -0.392365
   -0.392602
   -0.392330
   -0.392648
   -0.392295
   -0.392690
   -0.392247
   -0.392736
   -0.392596
   -0.392617
   -0.392616
   -0.392489
   -0.392566
   -0.392466
   -0.392569
   -0.392435
   -0.392584
   -0.392412
   -0.392617
   -0.392378
   -0.392663
   -0.392337
   -0.392711
   -0.392291
   -0.443756
   -0.443577
   -0.443819
   -0.443602
   -0.443790
   -0.443607
   -0.443785
   -0.443614
   -0.443780
   -0.443617
   -0.443775
   -0.443634
   -0.443775
   -0.443637
   -0.443772
   -0.443643
   -0.443605
   -0.443536
   -0.443656
   -0.443564
   -0.443633
   -0.443560
   -0.443637
   -0.443555
   -0.443641
   -0.443554
   -0.443650
   -0.443556
   -0.443662
   -0.443549
   -0.443664
   -0.443545
   -0.444729
   -0.443590
   -0.443803
   -0.443615
   -0.443778
   -0.443616
   -0.443775
   -0.443619
   -0.443772
   -0.443621
   -0.443770
   -0.443639
   -0.443770
   -0.443642
   -0.443767
   -0.443646
   -0.444602
   -0.443527
   -0.443663
   -0.443557
   -0.443642
   -0.443561
   -0.443643
   -0.443556
   -0.443645
   -0.443555
   -0.443650
   -0.443556
   -0.443661
   -0.443550
   -0.443663
   -0.443547
   -0.444704
   -0.443578
   -0.443779
   -0.443618
   -0.443777
   -0.443627
   -0.443781
   -0.443632
   -0.443777
   -0.443633
   -0.443773
   -0.443640
   -0.443767
   -0.443644
   -0.443765
   -0.443648
   -0.444585
   -0.443500
   -0.443649
   -0.443551
   -0.443646
   -0.443561
   -0.443655
   -0.443556
   -0.443659
   -0.443554
   -0.443662
   -0.443550
   -0.443665
   -0.443547
   -0.443668
   -0.443543
   -0.444707
   -0.443571
   -0.443777
   -0.443621
   -0.443772
   -0.443631
   -0.443775
   -0.443637
   -0.443770
   -0.443640
   -0.443767
   -0.443643
   -0.443765
   -0.443645
   -0.443763
   -0.443649
   -0.443599
   -0.443496
   -0.443597
   -0.443544
   -0.443651
   -0.443549
   -0.443665
   -0.443548
   -0.443668
   -0.443545
   -0.443669
   -0.443543
   -0.443666
   -0.443543
   -0.443667
   -0.443541
   -0.443726
   -0.443564
   -0.443724
   -0.443619
   -0.443767
   -0.443628
   -0.443773
   -0.443640
   -0.443765
   -0.443644
   -0.443764
   -0.443643
   -0.443764
   -0.443642
   -0.443762
   -0.443645
   -0.443600
   -0.443495
   -0.443601
   -0.443540
   -0.443659
   -0.443542
   -0.443671
   -0.443540
   -0.443676
   -0.443539
   -0.443674
   -0.443540
   -0.443666
   -0.443545
   -0.443665
   -0.443545
   -0.443717
   -0.443573
   -0.443714
   -0.443629
   -0.443756
   -0.443638
   -0.443763
   -0.443648
   -0.443758
   -0.443649
   -0.443763
   -0.443640
   -0.443770
   -0.443633
   -0.443772
   -0.443631
   -0.443605
   -0.443489
   -0.443608
   -0.443532
   -0.443668
   -0.443534
   -0.443679
   -0.443534
   -0.443683
   -0.443535
   -0.443675
   -0.443543
   -0.443660
   -0.443554
   -0.443654
   -0.443559
   -0.443709
   -0.443581
   -0.443706
   -0.443637
   -0.443747
   -0.443646
   -0.443756
   -0.443653
   -0.443753
   -0.443651
   -0.443763
   -0.443637
   -0.443777
   -0.443623
   -0.443785
   -0.443616
   -0.443617
   -0.443477
   -0.443620
   -0.443522
   -0.443678
   -0.443525
   -0.443687
   -0.443528
   -0.443687
   -0.443534
   -0.443675
   -0.443546
   -0.443654
   -0.443562
   -0.443643
   -0.443572
   -0.443703
   -0.443588
   -0.443699
   -0.443643
   -0.443740
   -0.443651
   -0.443751
   -0.443656
   -0.443751
   -0.443651
   -0.443764
   -0.443635
   -0.443780
   -0.443618
   -0.443791
   -0.443609
   -0.443616
   -0.443477
   -0.443620
   -0.443522
   -0.443680
   -0.443526
   -0.443687
   -0.443529
   -0.443687
   -0.443535
   -0.443673
   -0.443547
   -0.443652
   -0.443565
   -0.443640
   -0.443575
   -0.403410
   -0.403662
   -0.403494
   -0.403607
   -0.403512
   -0.403577
   -0.403543
   -0.403546
   -0.403569
   -0.403529
   -0.403588
   -0.403522
   -0.403594
   -0.403512
   -0.403604
   -0.403505
   -0.403652
   -0.403300
   -0.403663
   -0.403315
   -0.403616
   -0.403343
   -0.403587
   -0.403371
   -0.403564
   -0.403388
   -0.403557
   -0.403402
   -0.403548
   -0.403410
   -0.403540
   -0.403416
   -0.403338
   -0.403643
   -0.403508
   -0.403595
   -0.403522
   -0.403567
   -0.403549
   -0.403541
   -0.403572
   -0.403525
   -0.403589
   -0.403521
   -0.403595
   -0.403513
   -0.403602
   -0.403508
   -0.403538
   -0.403318
   -0.403645
   -0.403330
   -0.403611
   -0.403360
   -0.403583
   -0.403386
   -0.403561
   -0.403402
   -0.403549
   -0.403410
   -0.403539
   -0.403420
   -0.403530
   -0.403426
   -0.403365
   -0.403626
   -0.403530
   -0.403578
   -0.403542
   -0.403559
   -0.403564
   -0.403536
   -0.403584
   -0.403523
   -0.403594
   -0.403513
   -0.403601
   -0.403506
   -0.403609
   -0.403502
   -0.403517
   -0.403293
   -0.403630
   -0.403345
   -0.403597
   -0.403370
   -0.403572
   -0.403391
   -0.403555
   -0.403403
   -0.403544
   -0.403413
   -0.403537
   -0.403421
   -0.403529
   -0.403426
   -0.403393
   -0.403551
   -0.403550
   -0.403561
   -0.403555
   -0.403548
   -0.403573
   -0.403529
   -0.403589
   -0.403519
   -0.403597
   -0.403510
   -0.403605
   -0.403502
   -0.403612
   -0.403498
   -0.403578
   -0.403320
   -0.403561
   -0.403365
   -0.403574
   -0.403378
   -0.403562
   -0.403401
   -0.403547
   -0.403410
   -0.403539
   -0.403417
   -0.403529
   -0.403424
   -0.403523
   -0.403428
   -0.403516
   -0.403523
   -0.403531
   -0.403537
   -0.403570
   -0.403524
   -0.403589
   -0.403515
   -0.403601
   -0.403509
   -0.403607
   -0.403499
   -0.403612
   -0.403492
   -0.403618
   -0.403489
   -0.403547
   -0.403349
   -0.403534
   -0.403390
   -0.403553
   -0.403398
   -0.403543
   -0.403418
   -0.403532
   -0.403424
   -0.403525
   -0.403432
   -0.403514
   -0.403439
   -0.403507
   -0.403444
   -0.403545
   -0.403497
   -0.403555
   -0.403515
   -0.403590
   -0.403506
   -0.403605
   -0.403500
   -0.403614
   -0.403496
   -0.403620
   -0.403484
   -0.403629
   -0.403475
   -0.403636
   -0.403470
   -0.403523
   -0.403370
   -0.403514
   -0.403408
   -0.403537
   -0.403412
   -0.403531
   -0.403427
   -0.403524
   -0.403430
   -0.403519
   -0.403439
   -0.403506
   -0.403448
   -0.403498
   -0.403454
   -0.403565
   -0.403479
   -0.403573
   -0.403499
   -0.403604
   -0.403494
   -0.403614
   -0.403495
   -0.403617
   -0.403496
   -0.403619
   -0.403485
   -0.403627
   -0.403478
   -0.403634
   -0.403473
   -0.403504
   -0.403387
   -0.403497
   -0.403422
   -0.403524
   -0.403422
   -0.403524
   -0.403432
   -0.403523
   -0.403428
   -0.403522
   -0.403435
   -0.403511
   -0.403441
   -0.403506
   -0.403445
   -0.403579
   -0.403466
   -0.403587
   -0.403487
   -0.403614
   -0.403484
   -0.403621
   -0.403489
   -0.403619
   -0.403495
   -0.403619
   -0.403486
   -0.403625
   -0.403481
   -0.403629
   -0.403478
   -0.403498
   -0.403394
   -0.403488
   -0.403430
   -0.403517
   -0.403429
   -0.403519
   -0.403436
   -0.403522
   -0.403429
   -0.403521
   -0.403435
   -0.403511
   -0.403440
   -0.403508
   -0.403442
