   -0.073987
    0.061193
    0.101621
    0.101472
    0.084305
    0.002365
   -0.199143
   -0.276538
   -0.251666
   -0.277038
   -0.298850
   -0.280733
   -0.499523
   -0.482379
   -0.486597
   -0.486666
   -0.172867
    0.013318
    0.098101
    0.118266
    0.122712
    0.062110
   -0.083759
   -0.251352
   -0.259475
   -0.273022
   -0.307209
   -0.280790
   -0.499621
   -0.482467
   -0.486720
   -0.486758
   -0.244421
   -0.104346
    0.086937
    0.092387
    0.156012
    0.070852
    0.031791
   -0.178349
   -0.271528
   -0.272518
   -0.306457
   -0.280717
   -0.499540
   -0.482360
   -0.486616
   -0.486648
   -0.176519
   -0.096450
    0.019327
    0.070390
    0.134520
    0.100863
    0.070389
   -0.062654
   -0.271737
   -0.298297
   -0.297354
   -0.280779
   -0.499631
   -0.482460
   -0.486726
   -0.486750
   -0.140866
   -0.136635
   -0.058505
    0.053822
    0.092002
    0.135579
    0.070371
    0.040623
   -0.203875
   -0.306792
   -0.297926
   -0.280752
   -0.499509
   -0.482389
   -0.486590
   -0.486675
   -0.173888
   -0.206653
   -0.206605
    0.006115
    0.071045
    0.143159
    0.091892
    0.070451
   -0.084264
   -0.267862
   -0.302208
   -0.280794
   -0.499612
   -0.482481
   -0.486704
   -0.486773
   -0.246403
   -0.263952
   -0.290508
   -0.037251
    0.074742
    0.117056
    0.130561
    0.062187
    0.010438
   -0.215628
   -0.305988
   -0.280754
   -0.499510
   -0.482386
   -0.486594
   -0.486672
   -0.310292
   -0.274692
   -0.263653
   -0.233099
    0.034327
    0.109029
    0.117941
    0.085103
    0.078705
   -0.104232
   -0.310662
   -0.295029
   -0.474134
   -0.508764
   -0.486737
   -0.486877
   -0.284896
   -0.266444
   -0.264385
   -0.278327
   -0.055195
    0.067326
    0.102264
    0.130785
    0.058895
   -0.002738
   -0.250260
   -0.303291
   -0.482521
   -0.500583
   -0.486594
   -0.491098
   -0.264919
   -0.269107
   -0.283491
   -0.281074
   -0.187680
    0.036661
    0.084100
    0.146791
    0.089503
    0.037455
   -0.159782
   -0.299217
   -0.500375
   -0.487315
   -0.477984
   -0.491111
   -0.277501
   -0.278570
   -0.288289
   -0.289870
   -0.278096
   -0.026156
    0.091808
    0.128463
    0.152095
    0.069042
   -0.045916
   -0.269291
   -0.512780
   -0.478594
   -0.477885
   -0.499573
   -0.286766
   -0.279201
   -0.290618
   -0.309228
   -0.300403
   -0.182716
    0.082909
    0.096832
    0.160846
    0.104823
    0.038508
   -0.201262
   -0.512924
   -0.482985
   -0.477977
   -0.503979
   -0.279126
   -0.281430
   -0.284207
   -0.301060
   -0.283388
   -0.285689
    0.000436
    0.062880
    0.130615
    0.112034
    0.064744
   -0.089103
   -0.512851
   -0.487188
   -0.482201
   -0.499640
   -0.283920
   -0.296858
   -0.284548
   -0.291687
   -0.287802
   -0.294456
   -0.137642
    0.057187
    0.122505
    0.100008
    0.070140
    0.013440
   -0.500511
   -0.500678
   -0.490935
   -0.499828
   -0.297146
   -0.291227
   -0.286395
   -0.290925
   -0.296233
   -0.280658
   -0.235974
    0.072248
    0.109463
    0.148684
    0.085563
    0.073517
   -0.486951
   -0.508746
   -0.499466
   -0.491142
   -0.290215
   -0.294306
   -0.295117
   -0.289674
   -0.288778
   -0.275189
   -0.248113
   -0.005551
    0.076646
    0.124375
    0.142697
    0.096102
   -0.481998
   -0.504305
   -0.491070
   -0.486912
   -0.045984
    0.077415
    0.101866
    0.110246
    0.091048
    0.002438
   -0.216719
   -0.301214
   -0.272947
   -0.301574
   -0.324734
   -0.306316
   -0.543360
   -0.525345
   -0.529536
   -0.530000
   -0.165046
    0.012429
    0.090401
    0.128375
    0.132927
    0.068625
   -0.090306
   -0.273197
   -0.282782
   -0.296911
   -0.333600
   -0.306256
   -0.543509
   -0.525435
   -0.529647
   -0.530122
   -0.270647
   -0.086695
    0.064585
    0.099837
    0.169955
    0.077600
    0.035558
   -0.192756
   -0.297234
   -0.296234
   -0.332858
   -0.306311
   -0.543364
   -0.525343
   -0.529535
   -0.530003
   -0.299395
   -0.188708
   -0.021587
    0.076974
    0.146400
    0.109516
    0.077650
   -0.066314
   -0.296258
   -0.323792
   -0.324184
   -0.306263
   -0.543505
   -0.525435
   -0.529651
   -0.530115
   -0.309301
   -0.282585
   -0.126861
    0.058480
    0.100181
    0.146730
    0.078461
    0.044683
   -0.220191
   -0.334000
   -0.324486
   -0.306345
   -0.543327
   -0.525384
   -0.529488
   -0.530053
   -0.311358
   -0.314403
   -0.237212
    0.006923
    0.076814
    0.156226
    0.101584
    0.077648
   -0.089216
   -0.291894
   -0.329361
   -0.306280
   -0.543491
   -0.525445
   -0.529646
   -0.530116
   -0.295436
   -0.291641
   -0.268059
   -0.041018
    0.082168
    0.127931
    0.143458
    0.068891
    0.012906
   -0.234979
   -0.333614
   -0.306316
   -0.543352
   -0.525363
   -0.529505
   -0.530039
   -0.302858
   -0.262002
   -0.227480
   -0.158912
    0.052335
    0.089664
    0.120585
    0.097873
    0.094591
   -0.093901
   -0.329267
   -0.320958
   -0.516624
   -0.553200
   -0.529689
   -0.529568
   -0.267823
   -0.204684
   -0.178339
   -0.183975
   -0.026607
    0.072121
    0.123984
    0.157566
    0.081208
    0.008709
   -0.260709
   -0.329579
   -0.525936
   -0.544121
   -0.529490
   -0.534223
   -0.246620
   -0.214373
   -0.192627
   -0.213093
   -0.184596
    0.033446
    0.101921
    0.165197
    0.112556
    0.061317
   -0.151306
   -0.324207
   -0.544557
   -0.530056
   -0.520827
   -0.534596
   -0.254018
   -0.260027
   -0.266729
   -0.262339
   -0.302062
   -0.055223
    0.100263
    0.136528
    0.159729
    0.080594
   -0.032192
   -0.291035
   -0.557802
   -0.520820
   -0.520659
   -0.543882
   -0.287646
   -0.301857
   -0.315203
   -0.292467
   -0.317821
   -0.199000
    0.098908
    0.101721
    0.156188
    0.112094
    0.045746
   -0.216084
   -0.557980
   -0.525352
   -0.521031
   -0.548391
   -0.305655
   -0.304442
   -0.293162
   -0.287365
   -0.298476
   -0.287178
    0.025460
    0.072670
    0.138054
    0.128377
    0.094660
   -0.095097
   -0.557655
   -0.529973
   -0.525339
   -0.543537
   -0.305277
   -0.313378
   -0.292429
   -0.306243
   -0.316973
   -0.298972
   -0.119836
    0.065387
    0.127563
    0.125106
    0.105711
    0.016128
   -0.544044
   -0.544185
   -0.534493
   -0.543432
   -0.304242
   -0.315544
   -0.314593
   -0.319592
   -0.326668
   -0.296159
   -0.235211
    0.064019
    0.090233
    0.146501
    0.098511
    0.081302
   -0.529911
   -0.553210
   -0.543276
   -0.534280
   -0.308218
   -0.301417
   -0.304664
   -0.303043
   -0.315060
   -0.280577
   -0.282347
   -0.051494
    0.093884
    0.104978
    0.117934
    0.121552
   -0.526216
   -0.543786
   -0.533887
   -0.529792
   -0.078856
    0.041842
    0.089724
    0.094374
    0.077447
    0.001780
   -0.190887
   -0.263389
   -0.236823
   -0.262012
   -0.281456
   -0.267897
   -0.475860
   -0.459734
   -0.463682
   -0.463815
   -0.157942
    0.019404
    0.075369
    0.110719
    0.115459
    0.058666
   -0.079127
   -0.237941
   -0.246681
   -0.257465
   -0.290291
   -0.267830
   -0.475816
   -0.459683
   -0.463651
   -0.463777
   -0.249387
   -0.103132
    0.038134
    0.087800
    0.150481
    0.067311
    0.031441
   -0.168416
   -0.261495
   -0.258745
   -0.292702
   -0.267929
   -0.475828
   -0.459763
   -0.463653
   -0.463843
   -0.306133
   -0.224995
   -0.037204
    0.067908
    0.130740
    0.095372
    0.068485
   -0.058525
   -0.260822
   -0.283526
   -0.285797
   -0.267849
   -0.475796
   -0.459707
   -0.463627
   -0.463802
   -0.311688
   -0.317392
   -0.146301
    0.050754
    0.088292
    0.127607
    0.068089
    0.039195
   -0.193887
   -0.291523
   -0.284071
   -0.267887
   -0.475872
   -0.459716
   -0.463700
   -0.463795
   -0.300873
   -0.297659
   -0.209889
    0.006632
    0.066832
    0.137922
    0.088559
    0.067799
   -0.078058
   -0.255904
   -0.288135
   -0.267823
   -0.475819
   -0.459687
   -0.463646
   -0.463784
   -0.281563
   -0.257531
   -0.262694
   -0.032025
    0.072294
    0.114980
    0.125106
    0.058912
    0.010785
   -0.209124
   -0.293752
   -0.267879
   -0.475882
   -0.459702
   -0.463715
   -0.463780
   -0.266069
   -0.279295
   -0.273962
   -0.227350
   -0.001683
    0.058956
    0.108913
    0.102337
    0.051428
   -0.097434
   -0.293949
   -0.267435
   -0.447491
   -0.479792
   -0.463592
   -0.463575
   -0.274913
   -0.273981
   -0.273651
   -0.268448
   -0.075049
    0.063601
    0.095984
    0.137044
    0.090259
    0.007632
   -0.206556
   -0.279541
   -0.455874
   -0.467365
   -0.463728
   -0.467592
   -0.255029
   -0.263489
   -0.268611
   -0.274435
   -0.189288
    0.029987
    0.083655
    0.122035
    0.117661
    0.044769
   -0.111430
   -0.275065
   -0.467680
   -0.459399
   -0.455734
   -0.467785
   -0.256108
   -0.256962
   -0.254033
   -0.271720
   -0.258548
   -0.052330
    0.092028
    0.106634
    0.112570
    0.053278
   -0.022734
   -0.246247
   -0.484040
   -0.451305
   -0.455826
   -0.475929
   -0.277525
   -0.279537
   -0.266535
   -0.243725
   -0.229972
   -0.137654
    0.093454
    0.086126
    0.107200
    0.098565
    0.053410
   -0.176460
   -0.483878
   -0.455402
   -0.455735
   -0.480042
   -0.278181
   -0.260700
   -0.236176
   -0.177266
   -0.152367
   -0.132343
    0.028294
    0.058576
    0.123629
    0.122745
    0.095450
   -0.074779
   -0.483914
   -0.459427
   -0.459873
   -0.475789
   -0.244823
   -0.218259
   -0.203513
   -0.170267
   -0.142489
   -0.144855
   -0.092921
    0.032719
    0.114499
    0.115875
    0.099919
    0.027262
   -0.467389
   -0.467405
   -0.467782
   -0.475734
   -0.217358
   -0.203543
   -0.205530
   -0.211650
   -0.182655
   -0.204051
   -0.193645
    0.020902
    0.055222
    0.131958
    0.109428
    0.084468
   -0.459714
   -0.479627
   -0.476007
   -0.467477
   -0.205841
   -0.231811
   -0.257847
   -0.267314
   -0.283181
   -0.256719
   -0.266731
   -0.048904
    0.068767
    0.108409
    0.111931
    0.110405
   -0.460300
   -0.475013
   -0.467492
   -0.463603
   -0.023311
    0.044436
    0.115256
    0.092729
    0.079073
    0.001460
   -0.186634
   -0.258349
   -0.235010
   -0.257592
   -0.277990
   -0.260924
   -0.467785
   -0.450190
   -0.455284
   -0.454189
   -0.119922
    0.058258
    0.086065
    0.110762
    0.114424
    0.055826
   -0.080566
   -0.234133
   -0.241682
   -0.253411
   -0.287513
   -0.260862
   -0.467702
   -0.450078
   -0.455188
   -0.454085
   -0.224728
   -0.023045
    0.083797
    0.087292
    0.147563
    0.064136
    0.028684
   -0.169545
   -0.251256
   -0.255277
   -0.288628
   -0.260948
   -0.467760
   -0.450215
   -0.455255
   -0.454219
   -0.263000
   -0.164464
    0.036258
    0.066229
    0.127207
    0.095017
    0.063823
   -0.062022
   -0.254640
   -0.280279
   -0.278758
   -0.260844
   -0.467721
   -0.450059
   -0.455210
   -0.454063
   -0.259670
   -0.238700
   -0.067910
    0.049637
    0.086832
    0.127145
    0.062141
    0.036801
   -0.194411
   -0.286130
   -0.277988
   -0.260877
   -0.467830
   -0.450145
   -0.455323
   -0.454150
   -0.266089
   -0.257468
   -0.187241
    0.006211
    0.066571
    0.134534
    0.082288
    0.064335
   -0.083788
   -0.249797
   -0.281758
   -0.260812
   -0.467754
   -0.450026
   -0.455244
   -0.454030
   -0.295447
   -0.252140
   -0.259099
   -0.031159
    0.068877
    0.110483
    0.119292
    0.054563
    0.006620
   -0.203852
   -0.286231
   -0.260936
   -0.467770
   -0.450204
   -0.455263
   -0.454209
   -0.273593
   -0.271151
   -0.287891
   -0.242491
    0.033195
    0.118855
    0.135533
    0.081558
    0.053115
   -0.111667
   -0.284532
   -0.257881
   -0.436013
   -0.470459
   -0.455169
   -0.455596
   -0.287154
   -0.284722
   -0.304695
   -0.302475
   -0.043562
    0.094541
    0.092736
    0.113888
    0.048431
   -0.009591
   -0.234572
   -0.272566
   -0.443655
   -0.457346
   -0.455291
   -0.459672
   -0.278906
   -0.293550
   -0.302740
   -0.321842
   -0.187321
    0.044091
    0.066980
    0.117856
    0.083139
    0.040987
   -0.132716
   -0.270468
   -0.455926
   -0.449879
   -0.445723
   -0.458561
   -0.268848
   -0.290363
   -0.276817
   -0.298573
   -0.277512
   -0.024879
    0.088193
    0.114299
    0.125390
    0.059999
   -0.016414
   -0.244014
   -0.474151
   -0.441497
   -0.445790
   -0.466699
   -0.278355
   -0.266280
   -0.261554
   -0.265087
   -0.249976
   -0.139273
    0.095439
    0.083471
    0.123718
    0.087201
    0.046699
   -0.176226
   -0.474012
   -0.445962
   -0.445140
   -0.471168
   -0.270575
   -0.268621
   -0.269476
   -0.245872
   -0.198926
   -0.204963
    0.008528
    0.053199
    0.125666
    0.114594
    0.080261
   -0.075323
   -0.474605
   -0.450044
   -0.449757
   -0.467725
   -0.251011
   -0.242180
   -0.249861
   -0.254888
   -0.218360
   -0.230813
   -0.116745
    0.042703
    0.123897
    0.120773
    0.098506
    0.027619
   -0.457429
   -0.457218
   -0.458744
   -0.468055
   -0.246916
   -0.242174
   -0.246544
   -0.254339
   -0.265490
   -0.250146
   -0.216721
    0.058526
    0.086256
    0.146060
    0.115075
    0.084184
   -0.449729
   -0.470421
   -0.467912
   -0.459555
   -0.264808
   -0.276266
   -0.273994
   -0.288951
   -0.303211
   -0.279378
   -0.251983
   -0.037918
    0.075340
    0.098623
    0.117245
    0.108323
   -0.447479
   -0.468139
   -0.460546
   -0.454977
   -0.048618
    0.066802
    0.120305
    0.115750
    0.099563
    0.006000
   -0.187916
   -0.272242
   -0.264277
   -0.284978
   -0.314670
   -0.275827
   -0.491402
   -0.474219
   -0.478639
   -0.478442
   -0.206172
    0.008511
    0.101984
    0.128825
    0.128640
    0.068972
   -0.083009
   -0.255494
   -0.259440
   -0.284970
   -0.314842
   -0.275838
   -0.491424
   -0.474255
   -0.478657
   -0.478462
   -0.233535
   -0.067909
    0.080319
    0.090623
    0.141164
    0.073251
    0.026819
   -0.180264
   -0.254233
   -0.272428
   -0.293650
   -0.275808
   -0.491421
   -0.474199
   -0.478660
   -0.478420
   -0.156926
   -0.046672
    0.027240
    0.065122
    0.115416
    0.103411
    0.064428
   -0.062233
   -0.255072
   -0.293775
   -0.276186
   -0.275814
   -0.491448
   -0.474232
   -0.478678
   -0.478443
   -0.097932
   -0.080872
   -0.017839
    0.056795
    0.086249
    0.141505
    0.068510
    0.039407
   -0.197090
   -0.306033
   -0.293060
   -0.275784
   -0.491445
   -0.474174
   -0.478687
   -0.478391
   -0.150612
   -0.193733
   -0.190523
    0.001961
    0.073863
    0.132541
    0.089603
    0.069035
   -0.088182
   -0.259153
   -0.297138
   -0.275802
   -0.491460
   -0.474222
   -0.478687
   -0.478436
   -0.229444
   -0.278877
   -0.265200
   -0.061172
    0.068951
    0.094305
    0.127780
    0.068788
    0.009619
   -0.187480
   -0.288558
   -0.275823
   -0.491405
   -0.474212
   -0.478651
   -0.478425
   -0.265942
   -0.256911
   -0.263682
   -0.228743
    0.037307
    0.113514
    0.124835
    0.079058
    0.067109
   -0.106562
   -0.301116
   -0.275964
   -0.461367
   -0.495680
   -0.478675
   -0.478806
   -0.265434
   -0.265852
   -0.268374
   -0.259410
   -0.035458
    0.086709
    0.107415
    0.131761
    0.056026
   -0.004439
   -0.248898
   -0.289000
   -0.469606
   -0.483056
   -0.478626
   -0.483019
   -0.286809
   -0.265019
   -0.268050
   -0.285315
   -0.189732
    0.039174
    0.082213
    0.145855
    0.095640
    0.053446
   -0.137151
   -0.285217
   -0.482685
   -0.474500
   -0.469866
   -0.482810
   -0.268565
   -0.280887
   -0.288592
   -0.294223
   -0.291765
   -0.024258
    0.087304
    0.126198
    0.154998
    0.086321
   -0.018713
   -0.256128
   -0.499669
   -0.465977
   -0.469803
   -0.491254
   -0.284560
   -0.282273
   -0.283978
   -0.292557
   -0.280220
   -0.170588
    0.089700
    0.091866
    0.152361
    0.104417
    0.040468
   -0.184700
   -0.499814
   -0.470238
   -0.469792
   -0.495533
   -0.270329
   -0.269700
   -0.279940
   -0.289545
   -0.268682
   -0.285532
   -0.004520
    0.062444
    0.135076
    0.113294
    0.079558
   -0.078884
   -0.499818
   -0.474497
   -0.474049
   -0.491462
   -0.272926
   -0.266020
   -0.276412
   -0.302417
   -0.299416
   -0.305939
   -0.136742
    0.058061
    0.136094
    0.120087
    0.100006
    0.026974
   -0.483117
   -0.482980
   -0.482837
   -0.491510
   -0.292145
   -0.280904
   -0.275871
   -0.295917
   -0.299562
   -0.282424
   -0.240269
    0.075352
    0.121718
    0.174336
    0.115707
    0.085964
   -0.474235
   -0.495747
   -0.491339
   -0.483075
   -0.286899
   -0.279780
   -0.274808
   -0.291337
   -0.286419
   -0.265593
   -0.256306
   -0.044922
    0.075816
    0.111774
    0.126839
    0.111247
   -0.473512
   -0.491865
   -0.483350
   -0.478621
   -0.070063
    0.109032
    0.084379
    0.126545
    0.088461
    0.011026
   -0.186706
   -0.272436
   -0.256920
   -0.290616
   -0.316602
   -0.289552
   -0.483366
   -0.479455
   -0.474977
   -0.483680
   -0.192942
    0.058704
    0.068013
    0.121678
    0.125477
    0.087781
   -0.060862
   -0.256326
   -0.264432
   -0.291033
   -0.303052
   -0.289500
   -0.483449
   -0.479481
   -0.475069
   -0.483699
   -0.260498
   -0.099555
    0.062017
    0.082001
    0.131591
    0.091275
    0.039798
   -0.150123
   -0.284267
   -0.264391
   -0.275628
   -0.289510
   -0.483406
   -0.479415
   -0.475016
   -0.483640
   -0.278616
   -0.228350
    0.006720
    0.064977
    0.109923
    0.095318
    0.086309
   -0.026982
   -0.254274
   -0.276515
   -0.274954
   -0.289517
   -0.483434
   -0.479497
   -0.475053
   -0.483714
   -0.279845
   -0.261167
   -0.102298
    0.061501
    0.081596
    0.133481
    0.103774
    0.052540
   -0.161854
   -0.307011
   -0.297990
   -0.289498
   -0.483416
   -0.479405
   -0.475027
   -0.483631
   -0.290107
   -0.262193
   -0.218578
    0.001346
    0.069789
    0.131836
    0.124776
    0.086315
   -0.035967
   -0.263889
   -0.302469
   -0.289510
   -0.483443
   -0.479489
   -0.475060
   -0.483709
   -0.294285
   -0.269275
   -0.266834
   -0.081404
    0.081677
    0.096676
    0.154110
    0.100201
    0.040118
   -0.177167
   -0.292643
   -0.289453
   -0.483461
   -0.479357
   -0.475076
   -0.483579
   -0.284570
   -0.255162
   -0.227671
   -0.131252
    0.034251
    0.073950
    0.125804
    0.102275
    0.076794
   -0.050759
   -0.262555
   -0.298770
   -0.479781
   -0.492288
   -0.475029
   -0.470889
   -0.227674
   -0.155334
   -0.098013
   -0.092675
   -0.021646
    0.063888
    0.128227
    0.125511
    0.085746
    0.023877
   -0.229600
   -0.294034
   -0.492527
   -0.483999
   -0.475043
   -0.474979
   -0.181985
   -0.128063
   -0.089089
   -0.129869
   -0.153210
    0.031179
    0.090698
    0.118803
    0.102775
    0.057573
   -0.127387
   -0.272696
   -0.496848
   -0.475446
   -0.479444
   -0.483674
   -0.202369
   -0.202972
   -0.207036
   -0.228033
   -0.257769
   -0.062830
    0.072498
    0.112097
    0.132032
    0.085691
    0.010002
   -0.230265
   -0.500650
   -0.471185
   -0.479430
   -0.492020
   -0.255060
   -0.270523
   -0.278996
   -0.269867
   -0.266914
   -0.183172
    0.084428
    0.109519
    0.144121
    0.126018
    0.085612
   -0.150121
   -0.500671
   -0.471215
   -0.483738
   -0.492049
   -0.283829
   -0.283266
   -0.273997
   -0.258009
   -0.280106
   -0.266486
    0.006246
    0.064089
    0.141758
    0.123679
    0.072894
   -0.057144
   -0.496378
   -0.475333
   -0.483667
   -0.483441
   -0.276518
   -0.274929
   -0.266327
   -0.262197
   -0.284203
   -0.279545
   -0.143911
    0.027727
    0.121886
    0.115197
    0.073263
    0.031060
   -0.483990
   -0.484115
   -0.483550
   -0.479261
   -0.268868
   -0.272390
   -0.271251
   -0.286574
   -0.236777
   -0.267315
   -0.255557
    0.035075
    0.097774
    0.150106
    0.108056
    0.085932
   -0.479610
   -0.492163
   -0.483426
   -0.474987
   -0.279511
   -0.277696
   -0.278661
   -0.282539
   -0.266735
   -0.284706
   -0.267049
   -0.080963
    0.082822
    0.125944
    0.146458
    0.095646
   -0.501924
   -0.478533
   -0.469955
   -0.475151
   -0.087915
    0.056204
    0.075360
    0.124014
    0.083954
    0.011585
   -0.183803
   -0.267338
   -0.249481
   -0.284385
   -0.308768
   -0.286276
   -0.474838
   -0.472256
   -0.467044
   -0.476406
   -0.177061
    0.002808
    0.057029
    0.117717
    0.122484
    0.087759
   -0.057087
   -0.250616
   -0.259577
   -0.284363
   -0.294856
   -0.286218
   -0.474839
   -0.472192
   -0.467048
   -0.476351
   -0.264040
   -0.128031
    0.028647
    0.080858
    0.130505
    0.091837
    0.041648
   -0.143343
   -0.283821
   -0.258287
   -0.269451
   -0.286286
   -0.474830
   -0.472262
   -0.467037
   -0.476412
   -0.299022
   -0.266716
   -0.052187
    0.064926
    0.110828
    0.092936
    0.088562
   -0.022383
   -0.251018
   -0.269279
   -0.271524
   -0.286243
   -0.474813
   -0.472220
   -0.467021
   -0.476377
   -0.322797
   -0.320181
   -0.160395
    0.061055
    0.081434
    0.130207
    0.106378
    0.054467
   -0.155502
   -0.300378
   -0.293179
   -0.286273
   -0.474843
   -0.472247
   -0.467050
   -0.476400
   -0.315872
   -0.297084
   -0.240206
    0.002363
    0.068293
    0.131419
    0.127099
    0.087590
   -0.028161
   -0.260027
   -0.297523
   -0.286225
   -0.474830
   -0.472204
   -0.467040
   -0.476357
   -0.293318
   -0.248409
   -0.254203
   -0.078257
    0.083490
    0.098885
    0.155302
    0.101481
    0.043503
   -0.175867
   -0.289290
   -0.286267
   -0.474851
   -0.472239
   -0.467055
   -0.476397
   -0.283109
   -0.271062
   -0.279121
   -0.237905
    0.028930
    0.059012
    0.113081
    0.111719
    0.103145
   -0.047696
   -0.267935
   -0.295394
   -0.473683
   -0.483605
   -0.467009
   -0.462369
   -0.269795
   -0.262102
   -0.273712
   -0.250731
   -0.102922
    0.057772
    0.086077
    0.115661
    0.088938
    0.026248
   -0.176754
   -0.289210
   -0.486764
   -0.475706
   -0.467084
   -0.466503
   -0.262627
   -0.261603
   -0.275437
   -0.250875
   -0.203545
    0.024714
    0.069365
    0.120611
    0.098181
    0.085025
   -0.056154
   -0.266321
   -0.489780
   -0.467439
   -0.472778
   -0.475812
   -0.280137
   -0.273142
   -0.275011
   -0.283551
   -0.246267
   -0.086831
    0.065677
    0.110528
    0.139863
    0.092445
    0.035872
   -0.223231
   -0.492501
   -0.463801
   -0.472815
   -0.484146
   -0.261001
   -0.279460
   -0.282781
   -0.279080
   -0.243016
   -0.164517
    0.058271
    0.068378
    0.145375
    0.104430
    0.073225
   -0.143219
   -0.492366
   -0.463368
   -0.477368
   -0.483693
   -0.290224
   -0.283121
   -0.253884
   -0.179903
   -0.155365
   -0.126677
    0.033349
    0.054503
    0.123034
    0.133728
    0.079202
   -0.053430
   -0.487756
   -0.467505
   -0.476906
   -0.474863
   -0.251911
   -0.229935
   -0.196838
   -0.120045
   -0.102302
   -0.119320
   -0.076070
    0.038026
    0.099138
    0.152307
    0.094326
    0.031876
   -0.475688
   -0.475761
   -0.475824
   -0.470180
   -0.188196
   -0.187049
   -0.192904
   -0.178366
   -0.149548
   -0.208150
   -0.232654
    0.001104
    0.087619
    0.134858
    0.113204
    0.085510
   -0.472337
   -0.483443
   -0.475007
   -0.466373
   -0.227653
   -0.233416
   -0.243964
   -0.283585
   -0.271135
   -0.291304
   -0.271221
   -0.085625
    0.072352
    0.119405
    0.138577
    0.092120
   -0.495906
   -0.469816
   -0.461595
   -0.467013
   -0.065808
    0.032140
    0.091245
    0.121497
    0.084306
    0.009827
   -0.186565
   -0.268851
   -0.252017
   -0.285178
   -0.310019
   -0.284905
   -0.476804
   -0.472349
   -0.468418
   -0.476505
   -0.173852
    0.000276
    0.080702
    0.117953
    0.122031
    0.084500
   -0.061174
   -0.251821
   -0.260256
   -0.284840
   -0.297757
   -0.284863
   -0.476779
   -0.472309
   -0.468373
   -0.476483
   -0.252369
   -0.066033
    0.080367
    0.081628
    0.131851
    0.089384
    0.039735
   -0.147887
   -0.280698
   -0.260080
   -0.272951
   -0.284954
   -0.476756
   -0.472396
   -0.468370
   -0.476552
   -0.272239
   -0.159388
   -0.003090
    0.064638
    0.111093
    0.093614
    0.085276
   -0.027643
   -0.252173
   -0.272830
   -0.273185
   -0.284902
   -0.476738
   -0.472352
   -0.468332
   -0.476525
   -0.273830
   -0.250030
   -0.125212
    0.060673
    0.082114
    0.131595
    0.102012
    0.052694
   -0.160445
   -0.300876
   -0.292904
   -0.284939
   -0.476774
   -0.472377
   -0.468389
   -0.476532
   -0.263517
   -0.277564
   -0.227481
    0.003023
    0.069226
    0.132217
    0.122987
    0.086424
   -0.035233
   -0.259452
   -0.296354
   -0.284880
   -0.476757
   -0.472335
   -0.468348
   -0.476509
   -0.268146
   -0.277898
   -0.275528
   -0.074865
    0.082227
    0.099554
    0.152616
    0.097948
    0.040194
   -0.176687
   -0.288685
   -0.284977
   -0.476739
   -0.472410
   -0.468355
   -0.476566
   -0.281171
   -0.280370
   -0.287208
   -0.283470
    0.045982
    0.106896
    0.117947
    0.113157
    0.089510
   -0.084151
   -0.316034
   -0.292845
   -0.472112
   -0.484886
   -0.468353
   -0.464222
   -0.293295
   -0.312995
   -0.322818
   -0.311494
   -0.102502
    0.085183
    0.066803
    0.126798
    0.099592
    0.029477
   -0.219364
   -0.289102
   -0.484538
   -0.476465
   -0.468385
   -0.468420
   -0.287665
   -0.307962
   -0.316517
   -0.300974
   -0.203422
    0.048833
    0.048498
    0.131372
    0.114598
    0.092979
   -0.104426
   -0.268508
   -0.488747
   -0.468177
   -0.472300
   -0.476580
   -0.282095
   -0.295968
   -0.284258
   -0.298346
   -0.229602
   -0.044623
    0.074207
    0.121999
    0.139581
    0.085938
   -0.001859
   -0.227145
   -0.493218
   -0.463968
   -0.472353
   -0.484918
   -0.288245
   -0.293410
   -0.270994
   -0.304698
   -0.281507
   -0.169179
    0.064396
    0.093689
    0.144103
    0.099743
    0.067218
   -0.148107
   -0.493157
   -0.464051
   -0.476357
   -0.485010
   -0.283465
   -0.284282
   -0.270405
   -0.268168
   -0.277658
   -0.229624
   -0.014839
    0.073649
    0.120719
    0.132004
    0.087346
   -0.056439
   -0.489104
   -0.468219
   -0.476496
   -0.476752
   -0.270098
   -0.265057
   -0.268813
   -0.226832
   -0.243749
   -0.244292
   -0.136590
    0.055085
    0.093696
    0.155100
    0.098326
    0.031403
   -0.476480
   -0.476424
   -0.476608
   -0.472616
   -0.260914
   -0.257220
   -0.262284
   -0.245515
   -0.243489
   -0.275802
   -0.265366
    0.026093
    0.095440
    0.150739
    0.128171
    0.085574
   -0.472388
   -0.484866
   -0.476843
   -0.468358
   -0.287979
   -0.288292
   -0.288690
   -0.287136
   -0.290199
   -0.294886
   -0.266321
   -0.072481
    0.070458
    0.109527
    0.130314
    0.088474
   -0.483940
   -0.477604
   -0.469363
   -0.468314
   -0.081327
    0.034627
    0.099957
    0.118317
    0.081647
    0.005548
   -0.194387
   -0.273307
   -0.257109
   -0.289630
   -0.314696
   -0.284654
   -0.477131
   -0.472373
   -0.468601
   -0.476559
   -0.195268
   -0.002062
    0.068897
    0.114778
    0.118945
    0.080041
   -0.065528
   -0.256805
   -0.264502
   -0.289602
   -0.302543
   -0.284714
   -0.477073
   -0.472469
   -0.468586
   -0.476616
   -0.221518
   -0.042938
    0.068513
    0.073521
    0.127234
    0.084689
    0.034430
   -0.153396
   -0.284218
   -0.264594
   -0.281537
   -0.284677
   -0.477107
   -0.472396
   -0.468579
   -0.476582
   -0.147880
   -0.062988
   -0.013191
    0.060191
    0.102062
    0.089573
    0.079688
   -0.032808
   -0.256265
   -0.281680
   -0.280833
   -0.284707
   -0.477081
   -0.472463
   -0.468591
   -0.476611
   -0.156800
   -0.156960
   -0.104139
    0.056399
    0.073054
    0.127333
    0.096367
    0.042894
   -0.165984
   -0.310292
   -0.297423
   -0.284670
   -0.477114
   -0.472387
   -0.468589
   -0.476571
   -0.209889
   -0.261595
   -0.218365
   -0.001805
    0.065115
    0.126841
    0.117477
    0.080483
   -0.045872
   -0.263924
   -0.301039
   -0.284668
   -0.477120
   -0.472425
   -0.468627
   -0.476575
   -0.236492
   -0.289469
   -0.257661
   -0.080384
    0.072271
    0.093386
    0.146309
    0.092714
    0.033981
   -0.180667
   -0.293048
   -0.284703
   -0.477080
   -0.472419
   -0.468558
   -0.476602
   -0.274428
   -0.261762
   -0.270150
   -0.236415
    0.043826
    0.101444
    0.124961
    0.117417
    0.079308
   -0.088719
   -0.308155
   -0.292748
   -0.471922
   -0.485305
   -0.468623
   -0.464614
   -0.278375
   -0.261703
   -0.260377
   -0.265256
   -0.097732
    0.076138
    0.079081
    0.137092
    0.096083
    0.028544
   -0.222052
   -0.289326
   -0.484159
   -0.476859
   -0.468522
   -0.468839
   -0.269467
   -0.271791
   -0.268242
   -0.267016
   -0.198521
    0.045236
    0.053114
    0.145758
    0.115358
    0.089480
   -0.115981
   -0.269131
   -0.488800
   -0.468458
   -0.472274
   -0.476737
   -0.262990
   -0.283243
   -0.282654
   -0.279033
   -0.235893
   -0.045876
    0.082924
    0.132309
    0.134348
    0.083030
   -0.005839
   -0.228154
   -0.493313
   -0.464219
   -0.472099
   -0.485200
   -0.284500
   -0.284912
   -0.267656
   -0.302485
   -0.302220
   -0.188134
    0.071580
    0.107052
    0.141295
    0.096836
    0.072331
   -0.149276
   -0.493480
   -0.464279
   -0.476277
   -0.485223
   -0.275896
   -0.288873
   -0.281124
   -0.295027
   -0.329898
   -0.284637
   -0.020143
    0.084231
    0.119843
    0.124389
    0.093813
   -0.057201
   -0.489380
   -0.468505
   -0.476314
   -0.477175
   -0.280942
   -0.285486
   -0.299439
   -0.267785
   -0.304377
   -0.294312
   -0.145659
    0.061338
    0.097057
    0.148003
    0.099432
    0.031090
   -0.476938
   -0.476715
   -0.476893
   -0.472993
   -0.289441
   -0.276505
   -0.275000
   -0.270556
   -0.274640
   -0.294423
   -0.259184
    0.041478
    0.100960
    0.153589
    0.127312
    0.085145
   -0.472286
   -0.485423
   -0.476930
   -0.468943
   -0.283732
   -0.282941
   -0.280402
   -0.285037
   -0.283516
   -0.289999
   -0.251223
   -0.075747
    0.081031
    0.114090
    0.151604
    0.089410
   -0.483024
   -0.477906
   -0.469784
   -0.468477
   -0.078807
    0.069313
    0.085732
    0.123354
    0.085501
    0.010404
   -0.185144
   -0.268393
   -0.251587
   -0.284903
   -0.310005
   -0.285053
   -0.476130
   -0.472142
   -0.467819
   -0.476318
   -0.192285
   -0.000329
    0.066782
    0.118059
    0.122753
    0.084751
   -0.060180
   -0.252316
   -0.260473
   -0.285423
   -0.297714
   -0.285087
   -0.476102
   -0.472182
   -0.467856
   -0.476323
   -0.258634
   -0.117008
    0.049713
    0.071468
    0.125936
    0.084539
    0.034456
   -0.152261
   -0.286020
   -0.264586
   -0.281897
   -0.285021
   -0.476160
   -0.472111
   -0.467850
   -0.476289
   -0.255325
   -0.213575
   -0.021606
    0.060021
    0.100953
    0.089200
    0.080936
   -0.031049
   -0.255923
   -0.281224
   -0.280992
   -0.285040
   -0.476150
   -0.472136
   -0.467901
   -0.476278
   -0.271821
   -0.237785
   -0.136268
    0.051747
    0.067291
    0.122205
    0.093215
    0.038252
   -0.168604
   -0.315355
   -0.302107
   -0.285016
   -0.476164
   -0.472105
   -0.467858
   -0.476281
   -0.281794
   -0.254936
   -0.231783
   -0.007527
    0.059456
    0.121429
    0.113633
    0.071489
   -0.048802
   -0.269314
   -0.310954
   -0.285049
   -0.476141
   -0.472148
   -0.467887
   -0.476292
   -0.249650
   -0.228336
   -0.233003
   -0.090287
    0.063690
    0.084465
    0.139005
    0.085375
    0.026511
   -0.193210
   -0.301977
   -0.285029
   -0.476151
   -0.472114
   -0.467851
   -0.476287
   -0.221567
   -0.169924
   -0.167076
   -0.124853
    0.014330
    0.056627
    0.123501
    0.090604
    0.066173
   -0.041765
   -0.275327
   -0.293551
   -0.472213
   -0.484605
   -0.467845
   -0.463736
   -0.182687
   -0.149641
   -0.146335
   -0.153494
   -0.108177
    0.048180
    0.088055
    0.122475
    0.077710
    0.035709
   -0.211631
   -0.289141
   -0.484791
   -0.476262
   -0.467872
   -0.467824
   -0.222053
   -0.221182
   -0.206769
   -0.200851
   -0.213185
    0.003751
    0.061618
    0.145872
    0.106985
    0.084635
   -0.104698
   -0.268166
   -0.488910
   -0.467935
   -0.472196
   -0.476226
   -0.276844
   -0.284239
   -0.268761
   -0.252237
   -0.250318
   -0.085298
    0.071697
    0.141438
    0.141345
    0.082337
    0.013007
   -0.226509
   -0.492864
   -0.463841
   -0.472116
   -0.484580
   -0.277884
   -0.266755
   -0.257502
   -0.260178
   -0.274433
   -0.190738
    0.054196
    0.101918
    0.138115
    0.090285
    0.068995
   -0.147417
   -0.492870
   -0.463834
   -0.476337
   -0.484563
   -0.266587
   -0.265309
   -0.255194
   -0.261216
   -0.292208
   -0.260395
   -0.028440
    0.070942
    0.121601
    0.127309
    0.085834
   -0.055985
   -0.488696
   -0.467924
   -0.476313
   -0.476144
   -0.276699
   -0.269698
   -0.269577
   -0.278876
   -0.294066
   -0.272206
   -0.145173
    0.054828
    0.113656
    0.159218
    0.086703
    0.031225
   -0.476324
   -0.476268
   -0.476280
   -0.471940
   -0.279647
   -0.259336
   -0.259111
   -0.294546
   -0.273423
   -0.284135
   -0.240627
    0.029552
    0.108976
    0.148008
    0.089129
    0.085217
   -0.472151
   -0.484507
   -0.476167
   -0.467807
   -0.284132
   -0.288693
   -0.289610
   -0.274279
   -0.287176
   -0.283520
   -0.238187
   -0.094454
    0.091543
    0.117237
    0.147398
    0.098616
   -0.486039
   -0.471092
   -0.462800
   -0.467807
   -0.107606
    0.055384
    0.095568
    0.124814
    0.086732
    0.012065
   -0.185941
   -0.270787
   -0.254103
   -0.288612
   -0.314398
   -0.289463
   -0.483267
   -0.479284
   -0.474923
   -0.483479
   -0.210566
   -0.030389
    0.063771
    0.120554
    0.124114
    0.088213
   -0.060751
   -0.253575
   -0.263199
   -0.288521
   -0.301552
   -0.289275
   -0.483332
   -0.479150
   -0.474909
   -0.483398
   -0.269725
   -0.136976
    0.040662
    0.072630
    0.128600
    0.086697
    0.037052
   -0.153393
   -0.288911
   -0.268777
   -0.285667
   -0.289431
   -0.483296
   -0.479256
   -0.474948
   -0.483453
   -0.298196
   -0.247680
   -0.059819
    0.061216
    0.102868
    0.091211
    0.084137
   -0.031066
   -0.258971
   -0.285421
   -0.285738
   -0.289289
   -0.483320
   -0.479160
   -0.474901
   -0.483407
   -0.310791
   -0.294400
   -0.176553
    0.051732
    0.068862
    0.124451
    0.095188
    0.040747
   -0.170683
   -0.319119
   -0.306986
   -0.289417
   -0.483307
   -0.479247
   -0.474955
   -0.483446
   -0.290021
   -0.275726
   -0.245809
   -0.007426
    0.059714
    0.124648
    0.115704
    0.073924
   -0.048261
   -0.273207
   -0.316788
   -0.289342
   -0.483269
   -0.479210
   -0.474852
   -0.483456
   -0.271505
   -0.272967
   -0.281717
   -0.092238
    0.064979
    0.086067
    0.142511
    0.085809
    0.027815
   -0.198834
   -0.307389
   -0.289412
   -0.483311
   -0.479245
   -0.474957
   -0.483442
   -0.281355
   -0.277676
   -0.276048
   -0.239989
    0.000713
    0.077426
    0.111676
    0.060991
    0.068734
   -0.035679
   -0.280532
   -0.297875
   -0.479372
   -0.491759
   -0.474840
   -0.470628
   -0.270515
   -0.265918
   -0.276530
   -0.247948
   -0.125117
    0.054257
    0.092266
    0.090955
    0.066641
    0.016675
   -0.206761
   -0.293389
   -0.492252
   -0.483286
   -0.475048
   -0.474731
   -0.283238
   -0.281481
   -0.286768
   -0.272439
   -0.235006
   -0.011150
    0.071518
    0.117771
    0.084597
    0.054175
   -0.087203
   -0.272048
   -0.496230
   -0.474884
   -0.479287
   -0.483363
   -0.288409
   -0.293100
   -0.271116
   -0.292276
   -0.244312
   -0.085768
    0.069416
    0.115882
    0.121559
    0.059814
    0.028412
   -0.229650
   -0.500409
   -0.470685
   -0.479450
   -0.491733
   -0.277607
   -0.257338
   -0.235927
   -0.230807
   -0.198582
   -0.119425
    0.043164
    0.089349
    0.125641
    0.091993
    0.061474
   -0.149415
   -0.500192
   -0.470756
   -0.483479
   -0.491837
   -0.238220
   -0.212863
   -0.193068
   -0.166706
   -0.156312
   -0.140023
   -0.034244
    0.068187
    0.112947
    0.142311
    0.063448
   -0.056661
   -0.496091
   -0.474887
   -0.483631
   -0.483214
   -0.211258
   -0.218606
   -0.215476
   -0.192629
   -0.186341
   -0.192342
   -0.164096
    0.042674
    0.088495
    0.155438
    0.081005
    0.031739
   -0.483328
   -0.483374
   -0.483339
   -0.479019
   -0.240261
   -0.252932
   -0.262043
   -0.263182
   -0.241706
   -0.285364
   -0.288034
   -0.005800
    0.065694
    0.119967
    0.096861
    0.086730
   -0.479465
   -0.491576
   -0.483539
   -0.474624
   -0.268013
   -0.268598
   -0.274555
   -0.282466
   -0.289833
   -0.283191
   -0.243365
   -0.085818
    0.088664
    0.116286
    0.140251
    0.100154
   -0.492568
   -0.478337
   -0.469769
   -0.474969
   -0.075711
    0.039505
    0.093017
    0.122510
    0.084567
    0.009802
   -0.189278
   -0.272115
   -0.256345
   -0.289661
   -0.314673
   -0.288079
   -0.481852
   -0.477474
   -0.473402
   -0.481693
   -0.177785
   -0.004739
    0.057248
    0.119887
    0.123772
    0.086644
   -0.061374
   -0.254502
   -0.262372
   -0.288547
   -0.300565
   -0.288150
   -0.481764
   -0.477485
   -0.473341
   -0.481686
   -0.252747
   -0.095732
    0.043844
    0.075586
    0.128876
    0.087995
    0.036703
   -0.152813
   -0.287019
   -0.266672
   -0.282491
   -0.288116
   -0.481819
   -0.477505
   -0.473372
   -0.481720
   -0.259989
   -0.188073
   -0.044023
    0.060027
    0.103194
    0.089345
    0.081565
   -0.032636
   -0.259156
   -0.284580
   -0.284854
   -0.288179
   -0.481732
   -0.477520
   -0.473306
   -0.481723
   -0.280405
   -0.264728
   -0.140866
    0.052725
    0.070107
    0.124349
    0.094661
    0.041172
   -0.170887
   -0.316564
   -0.305119
   -0.288103
   -0.481834
   -0.477487
   -0.473391
   -0.481700
   -0.277021
   -0.275601
   -0.231358
   -0.004480
    0.062495
    0.125593
    0.117494
    0.075648
   -0.047041
   -0.269802
   -0.311633
   -0.288137
   -0.481769
   -0.477487
   -0.473337
   -0.481695
   -0.267440
   -0.264222
   -0.278037
   -0.090366
    0.064465
    0.086460
    0.140157
    0.085340
    0.027412
   -0.196863
   -0.305292
   -0.288148
   -0.481796
   -0.477521
   -0.473359
   -0.481728
   -0.299199
   -0.287813
   -0.289877
   -0.285632
    0.004715
    0.049711
    0.113359
    0.060600
    0.073390
   -0.090351
   -0.303765
   -0.296467
   -0.477458
   -0.490124
   -0.473354
   -0.469116
   -0.300486
   -0.300018
   -0.309491
   -0.281703
   -0.114371
    0.068584
    0.090082
    0.110593
    0.088762
    0.012604
   -0.226938
   -0.292351
   -0.490101
   -0.481696
   -0.473397
   -0.473331
   -0.288719
   -0.295750
   -0.295993
   -0.286688
   -0.218965
    0.037308
    0.070454
    0.149276
    0.111107
    0.086787
   -0.111366
   -0.271401
   -0.494282
   -0.473294
   -0.477483
   -0.481723
   -0.277767
   -0.291964
   -0.277021
   -0.307032
   -0.261924
   -0.062024
    0.082295
    0.139168
    0.130558
    0.079357
    0.002379
   -0.229399
   -0.498598
   -0.469074
   -0.477535
   -0.490129
   -0.287111
   -0.292798
   -0.288837
   -0.289761
   -0.277873
   -0.174787
    0.068771
    0.100094
    0.131077
    0.085817
    0.065854
   -0.149495
   -0.498541
   -0.469103
   -0.481654
   -0.490176
   -0.284463
   -0.283240
   -0.281516
   -0.256062
   -0.271314
   -0.242840
   -0.020916
    0.088154
    0.123258
    0.129338
    0.094913
   -0.056910
   -0.494387
   -0.473321
   -0.481723
   -0.481772
   -0.268205
   -0.270425
   -0.272283
   -0.258143
   -0.259141
   -0.254908
   -0.156974
    0.087400
    0.100194
    0.148664
    0.095902
    0.031598
   -0.481749
   -0.481678
   -0.481753
   -0.477553
   -0.280594
   -0.277026
   -0.279204
   -0.285721
   -0.261909
   -0.273147
   -0.296168
    0.056278
    0.078129
    0.113830
    0.088466
    0.086273
   -0.477555
   -0.490134
   -0.481837
   -0.473321
   -0.273183
   -0.268272
   -0.264234
   -0.262994
   -0.256625
   -0.255677
   -0.242503
   -0.018795
    0.080583
    0.130782
    0.124983
    0.094020
   -0.481299
   -0.482423
   -0.474029
   -0.473528
   -0.036966
    0.048687
    0.099310
    0.121940
    0.086382
    0.004251
   -0.185964
   -0.264623
   -0.246664
   -0.272083
   -0.291420
   -0.274719
   -0.459371
   -0.455289
   -0.451288
   -0.459331
   -0.151846
    0.024288
    0.058912
    0.117943
    0.123316
    0.076797
   -0.060384
   -0.248971
   -0.254450
   -0.272028
   -0.282985
   -0.274835
   -0.459336
   -0.455467
   -0.451328
   -0.459449
   -0.167940
   -0.010022
    0.050380
    0.078797
    0.126019
    0.079002
    0.028685
   -0.153329
   -0.279489
   -0.249780
   -0.262505
   -0.274774
   -0.459318
   -0.455338
   -0.451239
   -0.459379
   -0.113515
   -0.053383
    0.029714
    0.061918
    0.105664
    0.082637
    0.068210
   -0.032717
   -0.251464
   -0.262414
   -0.262477
   -0.274805
   -0.459364
   -0.455442
   -0.451352
   -0.459426
   -0.138586
   -0.159783
   -0.064018
    0.054728
    0.070628
    0.114124
    0.087216
    0.032610
   -0.165873
   -0.300150
   -0.286571
   -0.274732
   -0.459363
   -0.455291
   -0.451287
   -0.459330
   -0.217193
   -0.273854
   -0.217162
   -0.001311
    0.063471
    0.114037
    0.108125
    0.065195
   -0.049249
   -0.254821
   -0.289583
   -0.274749
   -0.459419
   -0.455389
   -0.451405
   -0.459374
   -0.256369
   -0.280632
   -0.263113
   -0.082005
    0.065321
    0.078677
    0.124685
    0.080192
    0.021061
   -0.177057
   -0.286686
   -0.274797
   -0.459299
   -0.455353
   -0.451224
   -0.459393
   -0.270223
   -0.253815
   -0.259574
   -0.226271
    0.029801
    0.044949
    0.109897
    0.078831
    0.069520
   -0.109196
   -0.287060
   -0.282767
   -0.455286
   -0.467479
   -0.451395
   -0.447405
   -0.253261
   -0.246126
   -0.265081
   -0.229528
   -0.082546
    0.064499
    0.081051
    0.124046
    0.086943
    0.001583
   -0.215722
   -0.278884
   -0.467168
   -0.459422
   -0.451199
   -0.451451
   -0.250002
   -0.267792
   -0.256001
   -0.248359
   -0.191352
    0.039273
    0.060599
    0.155763
    0.104922
    0.073598
   -0.112865
   -0.258847
   -0.471348
   -0.451426
   -0.455334
   -0.459418
   -0.255590
   -0.279286
   -0.263306
   -0.280544
   -0.252452
   -0.070937
    0.067165
    0.132627
    0.120050
    0.061107
   -0.018064
   -0.218881
   -0.475235
   -0.447414
   -0.455102
   -0.467512
   -0.255955
   -0.278114
   -0.282557
   -0.288662
   -0.298745
   -0.193638
    0.062876
    0.088334
    0.117256
    0.067769
    0.052300
   -0.142559
   -0.475442
   -0.447387
   -0.459351
   -0.467439
   -0.265204
   -0.276837
   -0.285060
   -0.270687
   -0.314003
   -0.266611
   -0.016585
    0.073695
    0.110885
    0.117754
    0.086932
   -0.054273
   -0.471325
   -0.451358
   -0.459203
   -0.459438
   -0.280184
   -0.274020
   -0.281398
   -0.265434
   -0.286606
   -0.265013
   -0.141715
    0.085227
    0.095094
    0.145495
    0.085970
    0.030126
   -0.459421
   -0.459407
   -0.459427
   -0.455423
   -0.277250
   -0.271216
   -0.275574
   -0.267851
   -0.259047
   -0.254528
   -0.257686
    0.060706
    0.078681
    0.112604
    0.072791
    0.082191
   -0.455192
   -0.467465
   -0.459242
   -0.451450
   -0.280022
   -0.281504
   -0.273993
   -0.261529
   -0.272502
   -0.289537
   -0.256105
   -0.070511
    0.065259
    0.121123
    0.114621
    0.089709
   -0.458189
   -0.459985
   -0.451953
   -0.451292
   -0.076169
    0.064593
    0.088295
    0.139528
    0.098678
    0.014750
   -0.177736
   -0.260635
   -0.239645
   -0.263485
   -0.287985
   -0.281623
   -0.470497
   -0.466505
   -0.462294
   -0.470615
   -0.207467
   -0.020343
    0.029694
    0.121225
    0.127006
    0.078481
   -0.063151
   -0.252647
   -0.262420
   -0.275632
   -0.289778
   -0.281540
   -0.470559
   -0.466529
   -0.462340
   -0.470637
   -0.242669
   -0.081567
    0.053072
    0.070859
    0.125604
    0.069644
    0.025280
   -0.163727
   -0.291658
   -0.260546
   -0.278322
   -0.281602
   -0.470516
   -0.466489
   -0.462308
   -0.470602
   -0.263917
   -0.211171
   -0.029461
    0.069475
    0.113727
    0.089775
    0.079494
   -0.030057
   -0.252304
   -0.263823
   -0.262456
   -0.281511
   -0.470590
   -0.466496
   -0.462374
   -0.470603
   -0.249086
   -0.262875
   -0.099731
    0.056442
    0.070837
    0.117430
    0.087655
    0.032850
   -0.169816
   -0.307321
   -0.292940
   -0.281573
   -0.470542
   -0.466464
   -0.462333
   -0.470577
   -0.275063
   -0.292303
   -0.240089
   -0.015397
    0.054673
    0.107416
    0.094946
    0.056848
   -0.060742
   -0.270238
   -0.310317
   -0.281534
   -0.470570
   -0.466513
   -0.462358
   -0.470618
   -0.279020
   -0.252355
   -0.263114
   -0.079777
    0.074262
    0.083279
    0.137618
    0.085332
    0.025557
   -0.175532
   -0.289283
   -0.281587
   -0.470525
   -0.466484
   -0.462310
   -0.470599
   -0.217455
   -0.182173
   -0.139834
   -0.121963
    0.039987
    0.042343
    0.116257
    0.099231
    0.048487
   -0.104860
   -0.279409
   -0.289836
   -0.466458
   -0.478879
   -0.462307
   -0.458314
   -0.168011
   -0.136411
   -0.127373
   -0.143803
   -0.077179
    0.058429
    0.080522
    0.134079
    0.060211
    0.000931
   -0.208620
   -0.285662
   -0.478826
   -0.470575
   -0.462325
   -0.462339
   -0.194971
   -0.195481
   -0.202625
   -0.191188
   -0.196005
    0.027609
    0.058571
    0.153478
    0.089255
    0.079417
   -0.112514
   -0.265041
   -0.482955
   -0.462382
   -0.466508
   -0.470595
   -0.262026
   -0.266826
   -0.267195
   -0.248405
   -0.253325
   -0.076963
    0.062769
    0.119502
    0.120036
    0.069935
   -0.020624
   -0.223988
   -0.486964
   -0.458291
   -0.466420
   -0.478837
   -0.273917
   -0.274262
   -0.262721
   -0.262873
   -0.277939
   -0.182812
    0.060683
    0.068215
    0.124424
    0.078070
    0.033643
   -0.145858
   -0.486992
   -0.458318
   -0.470582
   -0.478852
   -0.273121
   -0.271359
   -0.255254
   -0.247395
   -0.287907
   -0.246406
   -0.003355
    0.053406
    0.111591
    0.121340
    0.060063
   -0.055417
   -0.482912
   -0.462326
   -0.470597
   -0.470534
   -0.279787
   -0.270439
   -0.263460
   -0.257656
   -0.284738
   -0.258873
   -0.126954
    0.062726
    0.095872
    0.148101
    0.070316
    0.030858
   -0.470599
   -0.470604
   -0.470600
   -0.466464
   -0.271583
   -0.259706
   -0.254529
   -0.289950
   -0.282091
   -0.279038
   -0.235547
    0.032265
    0.073007
    0.114765
    0.072667
    0.084328
   -0.466537
   -0.478710
   -0.470613
   -0.462262
   -0.288081
   -0.290651
   -0.287603
   -0.280504
   -0.264238
   -0.275357
   -0.255112
   -0.052584
    0.062386
    0.095028
    0.098158
    0.093760
   -0.470859
   -0.469333
   -0.461118
   -0.461824
   -0.088219
    0.066320
    0.094696
    0.155956
    0.104659
    0.025813
   -0.215354
   -0.285388
   -0.279992
   -0.294420
   -0.327008
   -0.318286
   -0.531973
   -0.527318
   -0.522707
   -0.531948
   -0.213299
   -0.003535
    0.064664
    0.137700
    0.135870
    0.096570
   -0.086655
   -0.271983
   -0.298869
   -0.305236
   -0.327155
   -0.318148
   -0.531946
   -0.527129
   -0.522641
   -0.531794
   -0.284609
   -0.115401
    0.066258
    0.081382
    0.145965
    0.076901
    0.039786
   -0.192901
   -0.322310
   -0.300283
   -0.313359
   -0.318230
   -0.532023
   -0.527271
   -0.522752
   -0.531904
   -0.326249
   -0.241542
   -0.023552
    0.076397
    0.132741
    0.094554
    0.100740
   -0.048790
   -0.281335
   -0.303916
   -0.300643
   -0.318168
   -0.531932
   -0.527140
   -0.522632
   -0.531802
   -0.319797
   -0.298104
   -0.141341
    0.062047
    0.077814
    0.136221
    0.090939
    0.049835
   -0.198280
   -0.335883
   -0.332684
   -0.318262
   -0.531986
   -0.527311
   -0.522709
   -0.531948
   -0.310683
   -0.299608
   -0.261603
   -0.016825
    0.057689
    0.127481
    0.099154
    0.077280
   -0.072553
   -0.299708
   -0.352007
   -0.318206
   -0.531897
   -0.527173
   -0.522602
   -0.531832
   -0.318906
   -0.278876
   -0.290606
   -0.090297
    0.089423
    0.091383
    0.165291
    0.080623
    0.035854
   -0.208377
   -0.327245
   -0.318220
   -0.532026
   -0.527270
   -0.522749
   -0.531906
   -0.313362
   -0.307029
   -0.292968
   -0.240600
    0.055854
    0.104268
    0.139105
    0.110685
    0.071530
   -0.089668
   -0.311987
   -0.327531
   -0.527255
   -0.541130
   -0.522567
   -0.517912
   -0.319083
   -0.312535
   -0.283007
   -0.256863
   -0.104526
    0.098522
    0.098836
    0.129917
    0.061734
    0.002944
   -0.253348
   -0.322798
   -0.541409
   -0.531850
   -0.522804
   -0.522540
   -0.309686
   -0.307418
   -0.300689
   -0.294455
   -0.260454
    0.043424
    0.076604
    0.133559
    0.081249
    0.094511
   -0.135838
   -0.299553
   -0.545893
   -0.522486
   -0.527298
   -0.531798
   -0.306908
   -0.299609
   -0.305348
   -0.319368
   -0.288891
   -0.052131
    0.079637
    0.113140
    0.132679
    0.105209
   -0.018957
   -0.253079
   -0.550677
   -0.517909
   -0.527484
   -0.541116
   -0.307077
   -0.290505
   -0.259825
   -0.258677
   -0.217073
   -0.118356
    0.092012
    0.081081
    0.156093
    0.101741
    0.032821
   -0.164905
   -0.550433
   -0.517933
   -0.531857
   -0.541179
   -0.269667
   -0.237612
   -0.210647
   -0.165769
   -0.155060
   -0.149857
    0.023893
    0.060167
    0.132480
    0.127906
    0.038228
   -0.062659
   -0.546011
   -0.522560
   -0.532121
   -0.531816
   -0.208405
   -0.212669
   -0.223511
   -0.189644
   -0.194181
   -0.197643
   -0.118201
    0.063697
    0.114140
    0.168181
    0.070283
    0.034872
   -0.531928
   -0.531797
   -0.531907
   -0.527166
   -0.243344
   -0.260356
   -0.279720
   -0.276899
   -0.277683
   -0.276410
   -0.256115
    0.022857
    0.097844
    0.177468
    0.124850
    0.095365
   -0.527568
   -0.541014
   -0.532222
   -0.522397
   -0.294597
   -0.311437
   -0.324964
   -0.308436
   -0.293907
   -0.306139
   -0.280604
   -0.036000
    0.072910
    0.106395
    0.105069
    0.103936
   -0.532310
   -0.532418
   -0.523207
   -0.522975
   -0.049348
    0.039196
    0.094315
    0.132813
    0.085543
    0.015829
   -0.206531
   -0.267285
   -0.261028
   -0.276627
   -0.302707
   -0.289352
   -0.483936
   -0.479537
   -0.475465
   -0.483774
   -0.185022
    0.004166
    0.068973
    0.128695
    0.115517
    0.095759
   -0.083691
   -0.254156
   -0.264258
   -0.288798
   -0.293772
   -0.289396
   -0.483814
   -0.479452
   -0.475371
   -0.483674
   -0.277584
   -0.097061
    0.053242
    0.086772
    0.133348
    0.082481
    0.041252
   -0.171567
   -0.284451
   -0.273017
   -0.272625
   -0.289370
   -0.483923
   -0.479546
   -0.475459
   -0.483778
   -0.291572
   -0.195887
   -0.001699
    0.060891
    0.120637
    0.073371
    0.087806
   -0.050035
   -0.263566
   -0.277615
   -0.285727
   -0.289407
   -0.483798
   -0.479471
   -0.475351
   -0.483694
   -0.276773
   -0.243058
   -0.107302
    0.052691
    0.081888
    0.116821
    0.085802
    0.054124
   -0.188510
   -0.296890
   -0.306549
   -0.289409
   -0.483889
   -0.479578
   -0.475427
   -0.483809
   -0.268093
   -0.260901
   -0.208228
   -0.006172
    0.060927
    0.121291
    0.098824
    0.083867
   -0.061402
   -0.263477
   -0.314823
   -0.289385
   -0.483817
   -0.479455
   -0.475366
   -0.483682
   -0.277006
   -0.271833
   -0.268060
   -0.082442
    0.065969
    0.086422
    0.142543
    0.064119
    0.036514
   -0.205927
   -0.298101
   -0.289396
   -0.483905
   -0.479559
   -0.475448
   -0.483786
   -0.302022
   -0.297567
   -0.293247
   -0.256822
    0.032335
    0.092272
    0.104506
    0.102452
    0.084252
   -0.059081
   -0.289708
   -0.297819
   -0.479576
   -0.492138
   -0.475363
   -0.471017
   -0.309458
   -0.308793
   -0.294524
   -0.272210
   -0.093269
    0.090209
    0.083349
    0.101243
    0.082092
    0.006602
   -0.249110
   -0.293633
   -0.492331
   -0.483785
   -0.475449
   -0.475341
   -0.304237
   -0.304197
   -0.294262
   -0.282409
   -0.213607
    0.058647
    0.070902
    0.108388
    0.097548
    0.083293
   -0.163065
   -0.272460
   -0.496512
   -0.475198
   -0.479615
   -0.483657
   -0.294592
   -0.289345
   -0.289759
   -0.298730
   -0.260316
   -0.027876
    0.066921
    0.118496
    0.128578
    0.097861
   -0.047447
   -0.230286
   -0.500798
   -0.471101
   -0.479675
   -0.492225
   -0.289332
   -0.283560
   -0.290021
   -0.289929
   -0.258291
   -0.140763
    0.068388
    0.095852
    0.143104
    0.096448
    0.031800
   -0.149997
   -0.500705
   -0.471017
   -0.483794
   -0.492157
   -0.272978
   -0.269740
   -0.281454
   -0.252016
   -0.246022
   -0.225164
    0.000637
    0.057873
    0.125441
    0.111174
    0.058921
   -0.057086
   -0.496560
   -0.475344
   -0.483887
   -0.483788
   -0.264957
   -0.266686
   -0.268970
   -0.257182
   -0.262663
   -0.253775
   -0.118420
    0.061451
    0.112358
    0.141698
    0.069327
    0.031764
   -0.483874
   -0.483628
   -0.483866
   -0.479427
   -0.278423
   -0.281737
   -0.276238
   -0.283853
   -0.292782
   -0.268211
   -0.239108
    0.043610
    0.088144
    0.154524
    0.091505
    0.086611
   -0.479695
   -0.492210
   -0.483937
   -0.475295
   -0.269081
   -0.270396
   -0.272149
   -0.300253
   -0.271410
   -0.242184
   -0.225434
   -0.019629
    0.036855
    0.104146
    0.115608
    0.086482
   -0.483746
   -0.492280
   -0.484025
   -0.479501
