   -0.393497
   -0.425258
   -0.424343
   -0.438974
   -0.453290
   -0.444336
   -0.401432
   -0.417996
   -0.435153
   -0.426786
   -0.473166
   -0.468843
   -0.405187
   -0.252770
   -0.029777
    0.311328
   -0.433267
   -0.413721
   -0.408932
   -0.455155
   -0.407125
   -0.394584
   -0.387936
   -0.467788
   -0.470776
   -0.390162
   -0.213409
    0.107780
    0.311013
    0.279731
    0.206756
    0.236399
   -0.426544
   -0.418037
   -0.416975
   -0.416703
   -0.394337
   -0.365998
   -0.301178
   -0.084841
    0.171163
    0.317604
    0.264934
    0.225492
    0.278395
    0.308794
    0.273841
    0.173550
   -0.420812
   -0.403205
   -0.404368
   -0.385857
   -0.075082
    0.229636
    0.418430
    0.337432
    0.259462
    0.273861
    0.310744
    0.288735
    0.304161
    0.318443
    0.331498
    0.118206
   -0.413212
   -0.436636
   -0.416192
    0.047435
    0.333218
    0.329946
    0.389677
    0.376856
    0.304398
    0.285276
    0.306358
    0.315483
    0.358045
    0.347940
    0.305918
    0.209169
   -0.398598
   -0.384219
   -0.384573
   -0.265505
    0.241559
    0.344415
    0.353088
    0.369369
    0.338176
    0.289555
    0.352029
    0.306105
    0.239555
    0.246912
    0.328293
    0.331719
   -0.430654
   -0.395903
   -0.391810
   -0.367809
    0.076597
    0.307759
    0.364077
    0.379706
    0.376609
    0.207625
   -0.146177
   -0.187835
    0.143015
    0.309626
    0.410628
    0.360926
   -0.376969
   -0.398239
   -0.411868
   -0.416599
   -0.226432
    0.265274
    0.313090
    0.087535
   -0.220663
   -0.261381
   -0.254002
   -0.352347
    0.131243
    0.277872
    0.308912
   -0.104882
   -0.403185
   -0.417977
   -0.406442
   -0.405682
   -0.325325
   -0.086930
   -0.239024
   -0.244620
   -0.261167
   -0.350302
   -0.438680
   -0.471085
    0.031178
    0.052015
    0.033818
    0.331124
   -0.420815
   -0.409074
   -0.411851
   -0.320547
   -0.288248
   -0.206872
   -0.245388
   -0.339655
   -0.364572
   -0.309503
   -0.217627
    0.065881
    0.332725
    0.382394
    0.314650
    0.296278
   -0.389495
   -0.316634
   -0.287845
   -0.260846
   -0.305946
   -0.358119
   -0.387410
   -0.096374
    0.176737
    0.376795
    0.317197
    0.270264
    0.292360
    0.311460
    0.302305
    0.278343
   -0.306909
   -0.272932
   -0.273915
   -0.347519
   -0.430121
   -0.422956
   -0.185216
    0.245575
    0.278464
    0.368925
    0.370201
    0.317893
    0.267533
    0.297594
    0.336360
    0.286002
   -0.299666
   -0.336808
   -0.342196
   -0.396320
   -0.415814
   -0.430912
   -0.355989
    0.095663
    0.288056
    0.318841
    0.361023
    0.316917
    0.316730
    0.297218
    0.317977
    0.181513
   -0.396527
   -0.424092
   -0.386952
   -0.412327
   -0.418521
   -0.398558
   -0.434200
   -0.132796
    0.233348
    0.309853
    0.370045
    0.391595
    0.279829
    0.253672
    0.178007
   -0.248023
   -0.402595
   -0.415678
   -0.418952
   -0.432564
   -0.431215
   -0.430350
   -0.422881
   -0.355495
    0.153197
    0.263429
    0.345085
   -0.053386
   -0.054625
    0.243142
    0.207697
    0.057565
   -0.435617
   -0.419565
   -0.406560
   -0.415165
   -0.434871
   -0.444072
   -0.429404
   -0.418314
   -0.050064
    0.166443
    0.250430
    0.174010
   -0.107045
    0.232648
    0.241375
    0.263989
   -0.467150
   -0.449531
   -0.467156
   -0.435655
   -0.428646
   -0.429556
   -0.415643
   -0.411405
   -0.432869
   -0.508591
   -0.481964
   -0.304190
   -0.026195
    0.165208
    0.211642
    0.242656
   -0.467028
   -0.414527
   -0.409800
   -0.416886
   -0.406019
   -0.424609
   -0.441169
   -0.317551
   -0.115808
    0.108669
    0.180851
    0.239825
    0.181558
    0.197975
    0.326966
    0.369475
   -0.438876
   -0.444098
   -0.406942
   -0.457022
   -0.463469
   -0.165718
    0.165967
    0.349610
    0.322173
    0.274064
    0.172082
    0.225312
    0.259951
    0.308881
    0.367953
    0.370574
   -0.439032
   -0.472836
   -0.448494
   -0.475285
   -0.364940
    0.134705
    0.265092
    0.282687
    0.286406
    0.342805
    0.286564
    0.349871
    0.339778
    0.311148
    0.397318
    0.420217
   -0.452095
   -0.449192
   -0.451882
   -0.356444
   -0.258935
   -0.019701
    0.181238
    0.280728
    0.351590
    0.415065
    0.345767
    0.383402
    0.327781
    0.205657
    0.366560
    0.374520
   -0.431796
   -0.368585
   -0.333078
   -0.316063
   -0.272508
   -0.245108
    0.082379
    0.325217
    0.364027
    0.415370
    0.280557
   -0.153968
   -0.387405
   -0.167962
    0.372127
    0.437892
   -0.328809
   -0.309077
   -0.307595
   -0.335020
   -0.378602
   -0.382243
   -0.073331
    0.371870
    0.117336
   -0.309948
   -0.463005
   -0.356606
   -0.377829
   -0.294205
    0.303891
    0.351449
   -0.319898
   -0.357215
   -0.424335
   -0.437047
   -0.438026
   -0.427348
   -0.347297
   -0.407689
   -0.443269
   -0.387016
   -0.418613
   -0.412818
   -0.441162
   -0.365063
    0.107116
   -0.002959
   -0.418694
   -0.443850
   -0.432900
   -0.438276
   -0.440462
   -0.443251
   -0.458301
   -0.402607
   -0.425319
   -0.428130
   -0.348121
   -0.174990
    0.080258
    0.227183
    0.303027
    0.317454
   -0.476370
   -0.478575
   -0.452999
   -0.426850
   -0.426327
   -0.416554
   -0.465249
   -0.445308
   -0.246416
    0.139309
    0.352089
    0.397539
    0.307493
    0.277551
    0.314123
    0.274730
   -0.448883
   -0.430540
   -0.450166
   -0.463702
   -0.483486
   -0.493680
   -0.457500
   -0.421552
    0.109464
    0.256652
    0.330979
    0.371377
    0.323453
    0.309298
    0.245025
    0.282087
   -0.428806
   -0.438487
   -0.449036
   -0.454261
   -0.481122
   -0.470355
   -0.416460
   -0.390234
   -0.231396
    0.307566
    0.338893
    0.378568
    0.410689
    0.341232
    0.327545
    0.232637
   -0.444784
   -0.484736
   -0.496820
   -0.456038
   -0.433296
   -0.447493
   -0.423479
   -0.376523
   -0.334621
    0.191821
    0.354211
    0.394536
    0.454121
    0.365417
    0.230608
    0.199845
   -0.486731
   -0.479434
   -0.467043
   -0.459849
   -0.450467
   -0.438220
   -0.442984
   -0.413302
   -0.396437
   -0.082915
    0.381745
    0.404656
    0.304012
   -0.070568
    0.227879
    0.177354
   -0.484562
   -0.471695
   -0.466014
   -0.454551
   -0.440810
   -0.428703
   -0.438929
   -0.413262
   -0.380303
   -0.302241
    0.261022
    0.319400
    0.321607
    0.193465
    0.095400
    0.293271
   -0.462085
   -0.450806
   -0.448056
   -0.457961
   -0.449788
   -0.434510
   -0.418125
   -0.453384
   -0.402734
   -0.372274
    0.074276
    0.314936
    0.306974
    0.391808
    0.196142
    0.193164
   -0.397143
   -0.377715
   -0.335186
   -0.247848
   -0.227344
   -0.258240
   -0.275636
   -0.337721
   -0.280991
   -0.071146
    0.185355
    0.340395
    0.376275
    0.334925
    0.281441
    0.239453
   -0.303591
   -0.253246
   -0.260753
   -0.266737
   -0.296377
   -0.391124
   -0.361641
    0.203929
    0.405648
    0.413380
    0.344967
    0.292202
    0.249576
    0.265082
    0.240435
    0.343653
   -0.271283
   -0.273175
   -0.314449
   -0.383757
   -0.390947
   -0.406253
   -0.314874
    0.063629
    0.263787
    0.313102
    0.376248
    0.355844
    0.275899
    0.318501
    0.305542
    0.347337
   -0.349034
   -0.397611
   -0.371417
   -0.398060
   -0.422056
   -0.418037
   -0.466367
   -0.184252
    0.255557
    0.334172
    0.359528
    0.385609
    0.330737
    0.382354
    0.253740
    0.129688
   -0.403159
   -0.419595
   -0.407068
   -0.453721
   -0.479455
   -0.464503
   -0.477443
   -0.344402
    0.176690
    0.327377
    0.374354
    0.336791
   -0.012000
   -0.368703
   -0.418154
   -0.039900
   -0.396024
   -0.389631
   -0.412634
   -0.434558
   -0.468154
   -0.494925
   -0.471676
   -0.417784
    0.006368
    0.128036
   -0.198595
   -0.448966
   -0.447623
   -0.412528
   -0.402302
   -0.108020
   -0.420938
   -0.395752
   -0.407385
   -0.418259
   -0.455969
   -0.475475
   -0.451028
   -0.403518
   -0.453184
   -0.436108
   -0.372184
   -0.400380
   -0.457895
   -0.495794
   -0.393217
   -0.154407
   -0.409623
   -0.396203
   -0.392045
   -0.385117
   -0.412720
   -0.485710
   -0.485625
   -0.442736
   -0.379251
   -0.378722
   -0.405859
   -0.338641
   -0.209422
    0.017274
    0.113810
    0.250892
   -0.443235
   -0.429699
   -0.420143
   -0.412323
   -0.410350
   -0.425308
   -0.378024
   -0.393598
   -0.386161
   -0.399246
    0.157339
    0.371276
    0.373958
    0.297027
    0.254729
    0.247753
   -0.431023
   -0.412881
   -0.381086
   -0.402604
   -0.410514
   -0.428957
   -0.431941
   -0.397200
   -0.385885
   -0.262561
    0.233549
    0.260376
    0.266767
    0.299363
    0.299184
    0.273481
   -0.406055
   -0.400310
   -0.405296
   -0.389228
   -0.378141
   -0.380104
   -0.397601
   -0.434903
   -0.423638
   -0.402811
    0.069858
    0.244181
    0.310984
    0.364487
    0.391787
    0.305138
   -0.407057
   -0.410283
   -0.405130
   -0.402252
   -0.381381
   -0.368757
   -0.410733
   -0.470644
   -0.384091
   -0.281752
   -0.155430
    0.174145
    0.360229
    0.432918
    0.414536
    0.200881
   -0.407473
   -0.400937
   -0.402313
   -0.392123
   -0.397648
   -0.391859
   -0.387416
   -0.342121
   -0.313836
   -0.258518
   -0.351126
    0.110611
    0.374589
    0.346494
    0.121694
   -0.101867
   -0.378582
   -0.387329
   -0.402232
   -0.410035
   -0.389805
   -0.344155
   -0.305324
   -0.272832
   -0.332278
   -0.389883
   -0.426566
   -0.225447
    0.284420
    0.304087
    0.377128
    0.001707
   -0.394737
   -0.391339
   -0.398054
   -0.387754
   -0.357944
   -0.294517
   -0.235574
   -0.211021
   -0.426155
   -0.458483
   -0.415646
   -0.342598
    0.268713
    0.347191
    0.370838
    0.251243
   -0.363216
   -0.378524
   -0.412089
   -0.364382
   -0.248558
   -0.207815
   -0.242096
   -0.374724
   -0.454785
   -0.445652
   -0.425274
   -0.383918
    0.017689
    0.282903
    0.307227
    0.325786
   -0.380400
   -0.415674
   -0.390915
   -0.375478
   -0.388342
   -0.378864
   -0.378520
   -0.375911
   -0.347492
    0.306545
    0.448928
    0.438404
    0.343665
    0.321568
    0.289770
    0.297504
   -0.377852
   -0.406285
   -0.400313
   -0.385549
   -0.384486
   -0.403809
   -0.379487
   -0.350824
   -0.292724
    0.103032
    0.330021
    0.303226
    0.357262
    0.302991
    0.214942
    0.178236
   -0.402295
   -0.382142
   -0.417163
   -0.415616
   -0.368495
   -0.425062
   -0.437379
   -0.440872
   -0.413920
   -0.168839
    0.266992
    0.292453
    0.332999
    0.264693
    0.205772
    0.277859
   -0.421544
   -0.419573
   -0.402389
   -0.411904
   -0.413456
   -0.463988
   -0.474858
   -0.461781
   -0.410208
   -0.379688
    0.161694
    0.280022
    0.314786
    0.210220
   -0.075621
   -0.447178
   -0.405287
   -0.400656
   -0.387595
   -0.383315
   -0.414057
   -0.444272
   -0.445792
   -0.463827
   -0.426174
   -0.384326
    0.074545
    0.079557
   -0.169458
   -0.381163
   -0.468430
   -0.433794
   -0.385039
   -0.406355
   -0.427296
   -0.384597
   -0.399785
   -0.425769
   -0.466752
   -0.486142
   -0.412582
   -0.329275
   -0.284430
   -0.210094
   -0.277396
   -0.377175
   -0.439375
   -0.478767
   -0.410110
   -0.411339
   -0.392373
   -0.374697
   -0.386592
   -0.400219
   -0.454394
   -0.465545
   -0.297395
   -0.236462
   -0.193574
   -0.332486
   -0.354662
   -0.280956
   -0.140210
    0.127023
   -0.421159
   -0.399669
   -0.382475
   -0.384305
   -0.390051
   -0.390430
   -0.350365
   -0.198627
   -0.177850
   -0.219275
   -0.340560
   -0.270133
    0.319628
    0.428784
    0.407239
    0.347351
   -0.395750
   -0.369384
   -0.403541
   -0.389665
   -0.378579
   -0.294073
   -0.201632
   -0.223198
   -0.285313
   -0.359188
   -0.330527
   -0.206336
    0.259100
    0.345608
    0.347938
    0.332851
   -0.352515
   -0.378463
   -0.386129
   -0.377375
   -0.271150
   -0.216564
   -0.174710
   -0.292793
   -0.385329
   -0.450572
   -0.417190
   -0.433339
    0.090679
    0.277942
    0.317638
    0.397713
   -0.389711
   -0.372197
   -0.370472
   -0.241459
   -0.193512
   -0.219814
   -0.332359
   -0.375970
   -0.445818
   -0.487917
   -0.420995
   -0.393423
   -0.135482
    0.265214
    0.384559
    0.414691
   -0.385825
   -0.357252
   -0.222142
   -0.209351
   -0.212267
   -0.331815
   -0.394027
   -0.410908
   -0.423407
   -0.461508
   -0.473838
   -0.441022
   -0.377193
    0.239209
    0.349819
    0.331145
   -0.328107
   -0.190997
   -0.204726
   -0.254239
   -0.368971
   -0.389759
   -0.383315
   -0.393424
   -0.416633
   -0.474150
   -0.467805
   -0.448632
   -0.420245
   -0.057814
    0.293384
    0.307707
   -0.203237
   -0.222806
   -0.298504
   -0.399136
   -0.389043
   -0.395366
   -0.386283
   -0.391833
   -0.363257
   -0.414859
   -0.504701
   -0.490364
   -0.437951
   -0.236855
    0.312351
    0.333160
   -0.207721
   -0.305304
   -0.377887
   -0.398002
   -0.409997
   -0.387515
   -0.352610
   -0.354880
   -0.398101
   -0.441558
   -0.496264
   -0.496256
   -0.439705
   -0.385929
    0.196293
    0.286345
   -0.303745
   -0.377288
   -0.413031
   -0.401514
   -0.382344
   -0.380091
   -0.394402
   -0.393321
   -0.402103
   -0.398607
   -0.483103
   -0.479822
   -0.488060
   -0.430488
   -0.091205
    0.156975
   -0.414838
   -0.419580
   -0.416544
   -0.417751
   -0.410391
   -0.397793
   -0.426582
   -0.410957
   -0.376667
   -0.264101
   -0.196095
    0.049190
    0.271417
    0.369450
    0.387657
    0.395209
   -0.417805
   -0.416941
   -0.416674
   -0.413288
   -0.418577
   -0.411682
   -0.414609
   -0.482170
   -0.343423
   -0.289305
   -0.242075
   -0.106522
    0.355647
    0.369064
    0.389685
    0.332257
   -0.409069
   -0.391516
   -0.392600
   -0.417187
   -0.413867
   -0.380944
   -0.336765
   -0.277480
   -0.291439
   -0.339091
   -0.385725
   -0.281054
    0.268961
    0.342933
    0.325566
    0.066263
   -0.408019
   -0.402904
   -0.410924
   -0.417879
   -0.364090
   -0.267639
   -0.188122
   -0.232929
   -0.411861
   -0.471080
   -0.414064
   -0.406228
    0.008717
   -0.195497
   -0.437026
   -0.429454
   -0.418062
   -0.422550
   -0.402021
   -0.310233
   -0.227190
   -0.201552
   -0.221760
   -0.356423
   -0.469908
   -0.490920
   -0.420393
   -0.430994
   -0.390831
   -0.353353
   -0.341924
   -0.416788
   -0.392444
   -0.388076
   -0.329932
   -0.236486
   -0.196211
   -0.253575
   -0.354801
   -0.366549
   -0.450664
   -0.422787
   -0.397325
   -0.364955
   -0.369592
   -0.379667
   -0.268967
   -0.165709
   -0.359404
   -0.287427
   -0.224043
   -0.240692
   -0.294325
   -0.357730
   -0.382317
   -0.392753
   -0.340834
   -0.354665
   -0.388689
   -0.379942
   -0.375725
    0.005665
    0.402703
    0.476328
   -0.254208
   -0.225626
   -0.288176
   -0.376433
   -0.422524
   -0.382660
   -0.336405
   -0.359815
   -0.387253
   -0.365838
   -0.386762
   -0.384266
   -0.340541
   -0.121447
    0.347495
    0.301410
   -0.261280
   -0.316668
   -0.353170
   -0.398450
   -0.425260
   -0.390592
   -0.374434
   -0.381586
   -0.396927
   -0.391300
   -0.485369
   -0.468455
   -0.449994
   -0.310350
    0.195366
    0.325286
   -0.318786
   -0.387084
   -0.419518
   -0.413440
   -0.392232
   -0.375802
   -0.386628
   -0.413572
   -0.419269
   -0.411263
   -0.491897
   -0.466958
   -0.440800
   -0.410189
    0.024844
    0.373105
   -0.380814
   -0.400259
   -0.410580
   -0.396246
   -0.384459
   -0.377175
   -0.407498
   -0.390273
   -0.400607
   -0.387462
   -0.466377
   -0.489530
   -0.458747
   -0.447796
   -0.184245
    0.328132
   -0.398219
   -0.393468
   -0.394125
   -0.401145
   -0.407250
   -0.407846
   -0.398077
   -0.371762
   -0.410078
   -0.403691
   -0.438176
   -0.501440
   -0.478645
   -0.430131
   -0.353440
    0.146327
   -0.397644
   -0.365355
   -0.375507
   -0.401586
   -0.415651
   -0.411702
   -0.404115
   -0.410154
   -0.412973
   -0.419916
   -0.407754
   -0.483124
   -0.502778
   -0.451462
   -0.381187
    0.014976
   -0.390164
   -0.373282
   -0.382755
   -0.404169
   -0.408370
   -0.419224
   -0.423905
   -0.432571
   -0.396618
   -0.413718
   -0.404347
   -0.419872
   -0.489391
   -0.463479
   -0.418537
   -0.213214
   -0.395465
   -0.414370
   -0.411858
   -0.418636
   -0.426661
   -0.432540
   -0.443222
   -0.435878
   -0.403437
   -0.414303
   -0.384388
   -0.392944
   -0.482538
   -0.462523
   -0.424083
   -0.385479
   -0.406306
   -0.390447
   -0.399606
   -0.426943
   -0.438463
   -0.451451
   -0.445213
   -0.436472
   -0.404440
   -0.392324
   -0.390737
   -0.381734
   -0.442433
   -0.471919
   -0.462787
   -0.420982
   -0.414839
   -0.402489
   -0.321121
   -0.211242
   -0.202398
   -0.253372
   -0.398974
   -0.387685
   -0.410570
   -0.507216
   -0.499611
   -0.453700
   -0.432336
   -0.030871
    0.387533
    0.408644
   -0.359110
   -0.252956
   -0.220028
   -0.206680
   -0.314833
   -0.405789
   -0.415019
   -0.411109
   -0.394408
   -0.440433
   -0.451259
   -0.450886
   -0.417452
   -0.222293
    0.304899
    0.406206
   -0.238949
   -0.220409
   -0.251524
   -0.381720
   -0.412624
   -0.391299
   -0.392253
   -0.374880
   -0.365317
   -0.406602
   -0.461517
   -0.474641
   -0.423127
   -0.354159
    0.078397
   -0.279487
   -0.227364
   -0.336361
   -0.406431
   -0.423385
   -0.395900
   -0.371685
   -0.362187
   -0.348608
   -0.395832
   -0.380801
   -0.440915
   -0.485281
   -0.402828
   -0.470181
   -0.432310
   -0.332722
   -0.387640
   -0.404069
   -0.409126
   -0.393484
   -0.398303
   -0.380326
   -0.348242
   -0.380902
   -0.389994
   -0.404215
   -0.460470
   -0.468858
   -0.439056
   -0.416820
   -0.382495
   -0.361141
   -0.399746
   -0.416397
   -0.393521
   -0.356848
   -0.398702
   -0.389453
   -0.382546
   -0.374146
   -0.379116
   -0.390079
   -0.416618
   -0.454437
   -0.440366
   -0.380576
   -0.364799
    0.220749
   -0.402673
   -0.391901
   -0.372247
   -0.402096
   -0.401699
   -0.419143
   -0.387621
   -0.369702
   -0.400705
   -0.439069
   -0.453776
   -0.416925
   -0.413477
   -0.394018
   -0.327320
    0.036894
   -0.387829
   -0.388958
   -0.402253
   -0.410889
   -0.416725
   -0.412579
   -0.412211
   -0.437869
   -0.449313
   -0.447409
   -0.437291
   -0.433241
   -0.496645
   -0.485153
   -0.423600
   -0.263690
   -0.395351
   -0.408612
   -0.405265
   -0.408988
   -0.414698
   -0.426587
   -0.445082
   -0.439626
   -0.447196
   -0.425130
   -0.414475
   -0.422740
   -0.481951
   -0.471294
   -0.400939
   -0.386038
   -0.412172
   -0.412698
   -0.412148
   -0.415962
   -0.425151
   -0.444894
   -0.459951
   -0.435735
   -0.418149
   -0.380593
   -0.372914
   -0.366405
   -0.452404
   -0.469483
   -0.415364
   -0.402120
   -0.409041
   -0.412150
   -0.416034
   -0.434186
   -0.452095
   -0.451688
   -0.436394
   -0.421657
   -0.374794
   -0.361980
   -0.387907
   -0.387928
   -0.412419
   -0.472321
   -0.478410
   -0.422757
   -0.408279
   -0.417194
   -0.440060
   -0.453939
   -0.454853
   -0.436601
   -0.413781
   -0.406634
   -0.392097
   -0.361443
   -0.377194
   -0.385904
   -0.401879
   -0.469478
   -0.482465
   -0.386562
   -0.417269
   -0.446848
   -0.454212
   -0.448211
   -0.424396
   -0.415672
   -0.415423
   -0.406211
   -0.403392
   -0.369234
   -0.363274
   -0.385204
   -0.395074
   -0.412903
   -0.417442
   -0.258314
   -0.447493
   -0.449226
   -0.441144
   -0.420475
   -0.413969
   -0.412734
   -0.416230
   -0.409840
   -0.404413
   -0.388357
   -0.359006
   -0.369278
   -0.363700
   -0.339345
   -0.343890
   -0.292495
   -0.455258
   -0.440628
   -0.420944
   -0.413124
   -0.413168
   -0.415988
   -0.413515
   -0.418240
   -0.396000
   -0.379621
   -0.377214
   -0.356594
   -0.316878
   -0.255621
   -0.291627
   -0.390067
   -0.439238
   -0.409378
   -0.409188
   -0.408653
   -0.405133
   -0.411755
   -0.410117
   -0.412333
   -0.407046
   -0.411114
   -0.390283
   -0.305623
   -0.207921
   -0.213988
   -0.342577
   -0.474836
   -0.401940
   -0.408758
   -0.387624
   -0.362815
   -0.385568
   -0.391572
   -0.393202
   -0.397786
   -0.397637
   -0.419269
   -0.428499
   -0.464022
   -0.491506
   -0.456224
   -0.409669
   -0.136945
   -0.398384
   -0.384863
   -0.378989
   -0.388296
   -0.395378
   -0.411099
   -0.401875
   -0.373339
   -0.385793
   -0.411417
   -0.434382
   -0.449299
   -0.497204
   -0.482949
   -0.427050
   -0.313108
   -0.385016
   -0.387479
   -0.393914
   -0.403864
   -0.404408
   -0.407732
   -0.415587
   -0.412485
   -0.420223
   -0.427108
   -0.411831
   -0.414867
   -0.480539
   -0.478053
   -0.432205
   -0.437519
   -0.388475
   -0.401117
   -0.405718
   -0.405608
   -0.412597
   -0.433386
   -0.455557
   -0.438305
   -0.410711
   -0.391419
   -0.387369
   -0.388638
   -0.444418
   -0.410771
   -0.360281
   -0.374223
   -0.405047
   -0.403063
   -0.404049
   -0.421480
   -0.441986
   -0.455301
   -0.457854
   -0.436813
   -0.389475
   -0.371223
   -0.383755
   -0.386805
   -0.396635
   -0.402570
   -0.405478
   -0.371729
   -0.406315
   -0.409851
   -0.416304
   -0.432290
   -0.456383
   -0.452429
   -0.435808
   -0.422046
   -0.379003
   -0.373923
   -0.403328
   -0.417073
   -0.408860
   -0.402941
   -0.426007
   -0.376859
   -0.411741
   -0.423322
   -0.436741
   -0.445722
   -0.442811
   -0.431826
   -0.419432
   -0.411866
   -0.416251
   -0.406021
   -0.397434
   -0.408074
   -0.420361
   -0.449755
   -0.486298
   -0.389440
   -0.432934
   -0.445867
   -0.440618
   -0.425214
   -0.410287
   -0.413730
   -0.425925
   -0.425492
   -0.401648
   -0.390113
   -0.388759
   -0.405664
   -0.413584
   -0.389955
   -0.402794
   -0.289854
   -0.444400
   -0.436825
   -0.425405
   -0.412462
   -0.408542
   -0.414351
   -0.404306
   -0.409870
   -0.394393
   -0.396062
   -0.373023
   -0.370666
   -0.339072
   -0.294090
   -0.303850
   -0.335311
   -0.440745
   -0.415998
   -0.408930
   -0.408831
   -0.410488
   -0.410942
   -0.407828
   -0.398343
   -0.402482
   -0.408278
   -0.387470
   -0.328242
   -0.260249
   -0.243293
   -0.325166
   -0.467211
   -0.413640
   -0.408370
   -0.411904
   -0.411192
   -0.404904
   -0.397561
   -0.397292
   -0.415479
   -0.432705
   -0.435112
   -0.337385
   -0.230880
   -0.204385
   -0.274882
   -0.400954
   -0.485975
   -0.394131
   -0.404750
   -0.406359
   -0.402620
   -0.402312
   -0.398457
   -0.405487
   -0.427663
   -0.429462
   -0.373202
   -0.260191
   -0.196031
   -0.269042
   -0.370008
   -0.406787
   -0.462177
   -0.391618
   -0.401880
   -0.404022
   -0.394152
   -0.393294
   -0.408599
   -0.414634
   -0.406437
   -0.354326
   -0.277131
   -0.252279
   -0.302900
   -0.371815
   -0.391763
   -0.385957
   -0.444264
   -0.384342
   -0.403779
   -0.396490
   -0.391736
   -0.400397
   -0.397270
   -0.400430
   -0.330100
   -0.271353
   -0.254886
   -0.330567
   -0.406912
   -0.393732
   -0.365640
   -0.341325
   -0.418999
   -0.402019
   -0.399264
   -0.395761
   -0.398974
   -0.403498
   -0.375931
   -0.325023
   -0.239363
   -0.269602
   -0.343726
   -0.416139
   -0.405748
   -0.343646
   -0.344710
   -0.362539
   -0.357627
   -0.394503
   -0.407902
   -0.423306
   -0.383623
   -0.362845
   -0.279262
   -0.242663
   -0.271431
   -0.357606
   -0.413942
   -0.425529
   -0.387755
   -0.366815
   -0.366524
   -0.276576
   -0.409835
   -0.402932
   -0.405883
   -0.419524
   -0.440101
   -0.453326
   -0.446825
   -0.419645
   -0.392871
   -0.382582
   -0.357723
   -0.369340
   -0.366449
   -0.368856
   -0.435345
   -0.493291
   -0.471307
   -0.412795
   -0.431239
   -0.444038
   -0.453955
   -0.437619
   -0.418167
   -0.389437
   -0.420439
   -0.417550
   -0.382268
   -0.365083
   -0.368815
   -0.388038
   -0.432241
   -0.487789
   -0.440369
   -0.437541
   -0.446745
   -0.448280
   -0.426684
   -0.413068
   -0.407963
   -0.406755
   -0.413337
   -0.424644
   -0.415044
   -0.384524
   -0.372569
   -0.390754
   -0.361521
   -0.361319
   -0.202718
   -0.453148
   -0.435865
   -0.417129
   -0.404127
   -0.407439
   -0.427086
   -0.415678
   -0.420481
   -0.399724
   -0.407243
   -0.388764
   -0.371590
   -0.348764
   -0.231635
   -0.216484
   -0.259529
   -0.424617
   -0.415618
   -0.412177
   -0.412422
   -0.409081
   -0.416565
   -0.408661
   -0.439047
   -0.416477
   -0.403768
   -0.363515
   -0.309132
   -0.244248
   -0.206698
   -0.298435
   -0.408362
   -0.412546
   -0.410026
   -0.412283
   -0.419551
   -0.408203
   -0.402008
   -0.407944
   -0.393240
   -0.423033
   -0.383564
   -0.295596
   -0.227474
   -0.223201
   -0.339946
   -0.389892
   -0.490620
   -0.413001
   -0.411696
   -0.412085
   -0.394637
   -0.396350
   -0.402874
   -0.431263
   -0.421244
   -0.366278
   -0.264749
   -0.205994
   -0.264420
   -0.356680
   -0.398082
   -0.416200
   -0.446894
   -0.417323
   -0.423330
   -0.403842
   -0.399891
   -0.384988
   -0.404721
   -0.403821
   -0.345950
   -0.247480
   -0.211468
   -0.290241
   -0.363302
   -0.368391
   -0.356575
   -0.375859
   -0.384102
   -0.420404
   -0.393671
   -0.403812
   -0.417870
   -0.407823
   -0.390531
   -0.315555
   -0.270023
   -0.218186
   -0.337744
   -0.389063
   -0.397196
   -0.370215
   -0.353636
   -0.354444
   -0.378801
   -0.396775
   -0.402506
   -0.413467
   -0.386444
   -0.407302
   -0.301740
   -0.246761
   -0.253496
   -0.320032
   -0.423538
   -0.435443
   -0.406987
   -0.351592
   -0.370076
   -0.373557
   -0.392431
   -0.405861
   -0.411628
   -0.398564
   -0.380834
   -0.283284
   -0.252186
   -0.272147
   -0.350162
   -0.422228
   -0.414155
   -0.379248
   -0.391362
   -0.386947
   -0.345433
   -0.376310
   -0.390796
   -0.412937
   -0.382651
   -0.346425
   -0.254068
   -0.251539
   -0.271946
   -0.380287
   -0.436401
   -0.411829
   -0.407593
   -0.388914
   -0.400656
   -0.335640
   -0.391895
   -0.375669
   -0.389082
   -0.403004
   -0.302030
   -0.245972
   -0.247333
   -0.320979
   -0.384237
   -0.397556
   -0.409085
   -0.393616
   -0.404425
   -0.381812
   -0.396205
   -0.410940
   -0.404301
   -0.396961
   -0.424797
   -0.293451
   -0.259341
   -0.248347
   -0.319702
   -0.391432
   -0.406751
   -0.395770
   -0.386516
   -0.382629
   -0.388975
   -0.407048
   -0.416172
   -0.422270
   -0.436793
   -0.396313
   -0.408627
   -0.247670
   -0.274159
   -0.349272
   -0.402238
   -0.396960
   -0.378154
   -0.397682
   -0.370415
   -0.377517
   -0.419763
   -0.415551
   -0.415601
   -0.425718
   -0.438788
   -0.419946
   -0.394497
   -0.306216
   -0.375421
   -0.423550
   -0.427037
   -0.394068
   -0.374010
   -0.394806
   -0.335219
   -0.388191
   -0.409557
   -0.422478
   -0.428599
   -0.427216
   -0.429820
   -0.388259
   -0.389024
   -0.415470
   -0.413084
   -0.413430
   -0.415028
   -0.405197
   -0.417369
   -0.421174
   -0.386900
   -0.386861
   -0.377847
   -0.318160
   -0.218248
   -0.189102
   -0.297199
   -0.390814
   -0.433125
   -0.416066
   -0.406456
   -0.404921
   -0.397599
   -0.395555
   -0.397558
   -0.408973
   -0.422237
   -0.377440
   -0.293727
   -0.222248
   -0.241728
   -0.304738
   -0.358163
   -0.383539
   -0.383720
   -0.410878
   -0.403491
   -0.393514
   -0.398715
   -0.414462
   -0.417203
   -0.394005
   -0.364939
   -0.257496
   -0.214919
   -0.288794
   -0.374450
   -0.381666
   -0.381117
   -0.359003
   -0.354663
   -0.407787
   -0.403142
   -0.399568
   -0.402964
   -0.405700
   -0.371604
   -0.290140
   -0.240677
   -0.255805
   -0.323975
   -0.378155
   -0.401277
   -0.377791
   -0.385333
   -0.393477
   -0.362092
   -0.395731
   -0.414816
   -0.426097
   -0.407264
   -0.355817
   -0.279567
   -0.222711
   -0.245408
   -0.362741
   -0.414635
   -0.402441
   -0.376997
   -0.375006
   -0.388342
   -0.405402
   -0.407816
   -0.411365
   -0.402657
   -0.398504
   -0.357099
   -0.272206
   -0.247411
   -0.282092
   -0.357204
   -0.408776
   -0.401510
   -0.385501
   -0.385236
   -0.377030
   -0.391542
   -0.406953
   -0.408912
   -0.411739
   -0.382360
   -0.329553
   -0.259986
   -0.257786
   -0.315450
   -0.394481
   -0.404832
   -0.377498
   -0.361451
   -0.376825
   -0.382089
   -0.395673
   -0.390001
   -0.345531
   -0.384584
   -0.347005
   -0.277831
   -0.245416
   -0.279247
   -0.355142
   -0.427171
   -0.394482
   -0.393375
   -0.380674
   -0.386354
   -0.367489
   -0.374312
   -0.405002
   -0.395377
   -0.378719
   -0.381198
   -0.268218
   -0.253343
   -0.307827
   -0.377957
   -0.390672
   -0.394514
   -0.419779
   -0.390524
   -0.382130
   -0.390360
   -0.409619
   -0.416817
   -0.427503
   -0.433360
   -0.400493
   -0.400549
   -0.257943
   -0.320334
   -0.382880
   -0.385992
   -0.392234
   -0.400883
   -0.401238
   -0.386630
   -0.393363
   -0.403144
   -0.417630
   -0.431191
   -0.440176
   -0.434443
   -0.414674
   -0.380105
   -0.348401
   -0.388496
   -0.377315
   -0.391027
   -0.401163
   -0.401463
   -0.415059
   -0.399166
   -0.407097
   -0.396806
   -0.413010
   -0.440048
   -0.450906
   -0.434117
   -0.385062
   -0.385655
   -0.402995
   -0.406669
   -0.407220
   -0.384470
   -0.398660
   -0.393773
   -0.381420
   -0.405203
   -0.408876
   -0.413531
   -0.417173
   -0.430073
   -0.412432
   -0.413114
   -0.420171
   -0.379439
   -0.414755
   -0.396103
   -0.385198
   -0.396525
   -0.400112
   -0.396948
   -0.408020
   -0.415377
   -0.415480
   -0.417779
   -0.409950
   -0.410540
   -0.415285
   -0.406481
   -0.425409
   -0.422731
   -0.393423
   -0.394079
   -0.395786
   -0.391171
   -0.403820
   -0.420850
   -0.407532
   -0.424064
   -0.420325
   -0.423867
   -0.413289
   -0.410613
   -0.427350
   -0.436520
   -0.444444
   -0.401992
   -0.382274
   -0.391002
   -0.404439
   -0.411748
   -0.392745
   -0.409310
   -0.435991
   -0.441624
   -0.428896
   -0.424864
   -0.410726
   -0.417563
   -0.441004
   -0.441522
   -0.430812
   -0.417892
   -0.399996
   -0.408421
   -0.402587
   -0.409810
   -0.398213
   -0.400684
   -0.424448
   -0.413338
   -0.422279
   -0.430899
   -0.437854
   -0.451064
   -0.444605
   -0.429325
   -0.434131
   -0.399622
   -0.423913
   -0.425161
   -0.381672
   -0.313883
   -0.241698
   -0.220488
   -0.288526
   -0.379045
   -0.401867
   -0.396689
   -0.386234
   -0.390537
   -0.399801
   -0.384585
   -0.365145
   -0.370597
   -0.406140
   -0.361611
   -0.287589
   -0.225811
   -0.248035
   -0.321580
   -0.399217
   -0.401756
   -0.394198
   -0.396412
   -0.389917
   -0.389310
   -0.408493
   -0.402770
   -0.372848
   -0.373784
   -0.330991
   -0.270341
   -0.235559
   -0.277642
   -0.353078
   -0.412487
   -0.407566
   -0.372232
   -0.366643
   -0.369581
   -0.392556
   -0.410788
   -0.405608
   -0.397194
   -0.401347
   -0.431465
   -0.223727
   -0.253353
   -0.325238
   -0.411948
   -0.427846
   -0.391946
   -0.377583
   -0.374580
   -0.375490
   -0.366634
   -0.389879
   -0.411486
   -0.408176
   -0.413725
   -0.406995
   -0.428026
   -0.281963
   -0.348044
   -0.384128
   -0.396420
   -0.401806
   -0.389774
   -0.374314
   -0.372186
   -0.387097
   -0.399456
   -0.416656
   -0.425879
   -0.428512
   -0.430078
   -0.411331
   -0.425960
   -0.376485
   -0.392911
   -0.377073
   -0.386034
   -0.397627
   -0.398137
   -0.399434
   -0.397180
   -0.397679
   -0.414564
   -0.434050
   -0.439294
   -0.439761
   -0.416921
   -0.409628
   -0.381927
   -0.395976
   -0.402662
   -0.410982
   -0.419382
   -0.420736
   -0.419286
   -0.410374
   -0.406698
   -0.410550
   -0.429635
   -0.446171
   -0.432634
   -0.411361
   -0.405603
   -0.407482
   -0.393358
   -0.404022
   -0.392033
   -0.388783
   -0.396262
   -0.393353
   -0.393470
   -0.408239
   -0.418972
   -0.427766
   -0.425306
   -0.410389
   -0.402775
   -0.416721
   -0.421813
   -0.418025
   -0.432299
   -0.390220
   -0.392844
   -0.396086
   -0.396650
   -0.405077
   -0.414208
   -0.426065
   -0.420352
   -0.420000
   -0.406845
   -0.396959
   -0.403402
   -0.428033
   -0.444566
   -0.439056
   -0.438901
   -0.398167
   -0.394807
   -0.396931
   -0.410758
   -0.411294
   -0.426637
   -0.435860
   -0.424017
   -0.415320
   -0.403114
   -0.411802
   -0.422145
   -0.445329
   -0.430338
   -0.413603
   -0.410754
   -0.398676
   -0.409451
   -0.401877
   -0.405052
   -0.427630
   -0.440519
   -0.435364
   -0.425719
   -0.414780
   -0.416017
   -0.427272
   -0.431026
   -0.424473
   -0.423624
   -0.410086
   -0.397292
   -0.406272
   -0.411195
   -0.411419
   -0.407901
   -0.411463
   -0.419982
   -0.410832
   -0.416505
   -0.431783
   -0.448723
   -0.444989
   -0.424467
   -0.419494
   -0.409235
   -0.400777
   -0.398238
   -0.405208
   -0.405690
   -0.409135
   -0.418898
   -0.414224
   -0.417129
   -0.435818
   -0.439551
   -0.433167
   -0.421137
   -0.424788
   -0.419779
   -0.403564
   -0.379517
   -0.372061
   -0.394165
   -0.420755
   -0.422255
   -0.425201
   -0.420257
   -0.419995
   -0.431392
   -0.437538
   -0.425810
   -0.408715
   -0.412844
   -0.407426
   -0.396094
   -0.392211
   -0.379728
   -0.372520
   -0.408215
   -0.423464
   -0.422786
   -0.422829
   -0.429118
   -0.426389
   -0.432033
   -0.432154
   -0.422484
   -0.407034
   -0.396593
   -0.390348
   -0.387690
   -0.385582
   -0.391127
   -0.402836
   -0.404322
   -0.417256
   -0.448851
   -0.440069
   -0.425127
   -0.414559
   -0.412011
   -0.409292
   -0.401889
   -0.391021
   -0.393398
   -0.366691
   -0.363752
   -0.382812
   -0.402787
   -0.438404
   -0.388068
   -0.361941
   -0.386992
   -0.388768
   -0.395320
   -0.393248
   -0.388016
   -0.388447
   -0.406747
   -0.411408
   -0.418901
   -0.427085
   -0.442230
   -0.451402
   -0.436265
   -0.427718
   -0.386853
   -0.402247
   -0.406387
   -0.400450
   -0.401389
   -0.407449
   -0.412093
   -0.406598
   -0.403607
   -0.416558
   -0.432892
   -0.449031
   -0.441533
   -0.435157
   -0.424288
   -0.422661
   -0.407065
   -0.409895
   -0.409288
   -0.410230
   -0.412676
   -0.406256
   -0.412499
   -0.409129
   -0.419285
   -0.427320
   -0.438764
   -0.425507
   -0.414815
   -0.418673
   -0.412112
   -0.424892
   -0.448093
   -0.400448
   -0.399810
   -0.404218
   -0.409059
   -0.410983
   -0.414787
   -0.426418
   -0.435576
   -0.422991
   -0.411210
   -0.401220
   -0.409583
   -0.428544
   -0.433879
   -0.437418
   -0.444474
   -0.404315
   -0.404536
   -0.405469
   -0.418474
   -0.422715
   -0.433344
   -0.432340
   -0.430287
   -0.414781
   -0.403655
   -0.416608
   -0.429342
   -0.436004
   -0.434571
   -0.426388
   -0.409376
   -0.413034
   -0.417817
   -0.415003
   -0.424478
   -0.432557
   -0.438806
   -0.428429
   -0.425274
   -0.416833
   -0.433174
   -0.441877
   -0.440506
   -0.430878
   -0.417424
   -0.411525
   -0.403086
   -0.414077
   -0.420992
   -0.421086
   -0.429401
   -0.430938
   -0.426909
   -0.414353
   -0.434882
   -0.449198
   -0.456126
   -0.444215
   -0.421795
   -0.419073
   -0.411679
   -0.415349
   -0.417467
   -0.422250
   -0.421732
   -0.415898
   -0.419916
   -0.415663
   -0.418168
   -0.440840
   -0.454528
   -0.452425
   -0.443799
   -0.430765
   -0.423465
   -0.407019
   -0.388819
   -0.398413
   -0.402427
   -0.429390
   -0.422760
   -0.419386
   -0.416472
   -0.430481
   -0.438519
   -0.436708
   -0.429137
   -0.420803
   -0.413680
   -0.407863
   -0.403717
   -0.389461
   -0.380478
   -0.404041
   -0.385792
   -0.425855
   -0.426250
   -0.429408
   -0.439209
   -0.440462
   -0.436781
   -0.426188
   -0.425550
   -0.413812
   -0.407312
   -0.396388
   -0.387839
   -0.378492
   -0.383209
   -0.407460
   -0.401265
   -0.428758
   -0.443199
   -0.445013
   -0.434957
   -0.420468
   -0.418689
   -0.418534
   -0.412714
   -0.407761
   -0.402915
   -0.391097
   -0.380421
   -0.391038
   -0.404667
   -0.394481
   -0.408076
   -0.437124
   -0.449869
   -0.430720
   -0.416458
   -0.416430
   -0.416469
   -0.416969
   -0.378172
   -0.380920
   -0.397546
   -0.412076
   -0.406629
   -0.409025
   -0.400021
   -0.344185
   -0.260592
   -0.426574
   -0.427507
   -0.415275
   -0.411175
   -0.411930
   -0.411141
   -0.405025
   -0.391633
   -0.392507
   -0.412442
   -0.438829
   -0.431215
   -0.378200
   -0.311675
   -0.247890
   -0.221055
   -0.416340
   -0.421290
   -0.411558
   -0.411189
   -0.401483
   -0.394761
   -0.396161
   -0.414874
   -0.412185
   -0.405024
   -0.404606
   -0.360583
   -0.293410
   -0.238386
   -0.237183
   -0.370845
   -0.419211
   -0.409549
   -0.399803
   -0.389419
   -0.395780
   -0.391454
   -0.388730
   -0.400749
   -0.404252
   -0.383277
   -0.330586
   -0.266416
   -0.243954
   -0.290498
   -0.367064
   -0.396770
   -0.416852
   -0.388019
   -0.415591
   -0.401997
   -0.395419
   -0.411794
   -0.410128
   -0.403399
   -0.340088
   -0.258124
   -0.205183
   -0.242072
   -0.329659
   -0.385841
   -0.408877
   -0.437751
   -0.402614
   -0.405696
   -0.416857
   -0.424453
   -0.437569
   -0.433614
   -0.420082
   -0.405798
   -0.407192
   -0.415334
   -0.426690
   -0.438383
   -0.438742
   -0.428001
   -0.450421
   -0.418168
   -0.420301
   -0.424021
   -0.429852
   -0.434658
   -0.434514
   -0.424137
   -0.409823
   -0.410571
   -0.423208
   -0.430981
   -0.435144
   -0.430270
   -0.410461
   -0.409607
   -0.415431
   -0.422295
   -0.432256
   -0.435747
   -0.442636
   -0.429871
   -0.425587
   -0.416783
   -0.433169
   -0.439747
   -0.444614
   -0.435791
   -0.418837
   -0.408002
   -0.396074
   -0.402799
   -0.385986
   -0.398157
   -0.432026
   -0.431805
   -0.426273
   -0.413633
   -0.433043
   -0.447811
   -0.449551
   -0.449986
   -0.429374
   -0.420107
   -0.406658
   -0.397217
   -0.405037
   -0.391250
   -0.408205
   -0.367382
   -0.423484
   -0.421130
   -0.429020
   -0.441660
   -0.457927
   -0.456172
   -0.451115
   -0.432821
   -0.420404
   -0.406901
   -0.381952
   -0.384617
   -0.388983
   -0.387438
   -0.404995
   -0.388488
   -0.423654
   -0.434807
   -0.443647
   -0.443937
   -0.427859
   -0.421462
   -0.417424
   -0.411585
   -0.408043
   -0.393575
   -0.375062
   -0.387839
   -0.365798
   -0.404274
   -0.420305
   -0.388118
   -0.439399
   -0.439548
   -0.436149
   -0.425980
   -0.422858
   -0.413040
   -0.407340
   -0.394668
   -0.388597
   -0.379679
   -0.382162
   -0.401903
   -0.388514
   -0.401744
   -0.340522
   -0.275204
   -0.431793
   -0.413101
   -0.412076
   -0.420317
   -0.420209
   -0.404376
   -0.384204
   -0.401949
   -0.390303
   -0.413249
   -0.419562
   -0.404821
   -0.413822
   -0.306569
   -0.247327
   -0.220984
   -0.412519
   -0.406956
   -0.411507
   -0.415830
   -0.381022
   -0.377958
   -0.386793
   -0.415943
   -0.424569
   -0.398279
   -0.416506
   -0.369799
   -0.247542
   -0.207630
   -0.247376
   -0.306655
   -0.408629
   -0.407981
   -0.402595
   -0.401441
   -0.390624
   -0.388029
   -0.402046
   -0.425285
   -0.411494
   -0.388473
   -0.302186
   -0.225038
   -0.188157
   -0.269950
   -0.404592
   -0.389204
   -0.401787
   -0.392670
   -0.392629
   -0.395905
   -0.413755
   -0.410670
   -0.403533
   -0.381197
   -0.344117
   -0.261632
   -0.212844
   -0.222137
   -0.347101
   -0.391235
   -0.393753
   -0.401555
   -0.385215
   -0.393908
   -0.394183
   -0.391250
   -0.407985
   -0.404350
   -0.382847
   -0.306889
   -0.248001
   -0.226990
   -0.291515
   -0.373181
   -0.396242
   -0.419121
   -0.404961
   -0.402847
   -0.404006
   -0.404349
   -0.417658
   -0.408823
   -0.398979
   -0.343892
   -0.258221
   -0.211100
   -0.244687
   -0.363650
   -0.400926
   -0.408391
   -0.437552
   -0.400382
   -0.388916
   -0.403788
   -0.383263
   -0.407877
   -0.386505
   -0.374662
   -0.311270
   -0.251887
   -0.240532
   -0.335929
   -0.407611
   -0.388180
   -0.410652
   -0.412027
   -0.384886
   -0.370833
   -0.371011
   -0.390480
   -0.400632
   -0.401432
   -0.352346
   -0.248964
   -0.236779
   -0.263733
   -0.332918
   -0.381624
   -0.417737
   -0.426623
   -0.410851
   -0.410425
   -0.394730
   -0.398626
   -0.418886
   -0.383202
   -0.302616
   -0.249863
   -0.226971
   -0.275769
   -0.335632
   -0.388707
   -0.406012
   -0.437708
   -0.433131
   -0.398838
   -0.379280
   -0.385490
   -0.407940
   -0.410433
   -0.403294
   -0.413626
   -0.405721
   -0.425297
   -0.430685
   -0.429316
   -0.420241
   -0.409473
   -0.398369
   -0.386548
   -0.371395
   -0.381896
   -0.377786
   -0.395090
   -0.352579
   -0.353542
   -0.368077
   -0.402966
   -0.421962
   -0.432692
   -0.431947
   -0.429006
   -0.410017
   -0.400221
   -0.387743
   -0.385613
   -0.374873
   -0.370124
   -0.349783
   -0.365833
   -0.355942
   -0.388108
   -0.367826
   -0.344953
   -0.421242
   -0.405121
   -0.398797
   -0.395541
   -0.392856
   -0.389611
   -0.381733
   -0.380319
   -0.391923
   -0.364605
   -0.382647
   -0.394153
   -0.355972
   -0.379069
   -0.302225
   -0.203603
   -0.407933
   -0.407485
   -0.398319
   -0.391124
   -0.377204
   -0.371581
   -0.366391
   -0.366056
   -0.382683
   -0.384017
   -0.404264
   -0.357389
   -0.275881
   -0.202604
   -0.192798
   -0.201621
   -0.399358
   -0.398779
   -0.384084
   -0.365927
   -0.379773
   -0.370053
   -0.389689
   -0.382785
   -0.368216
   -0.395243
   -0.297320
   -0.234945
   -0.204524
   -0.243083
   -0.292816
   -0.372291
   -0.394417
   -0.358671
   -0.355718
   -0.367855
   -0.397395
   -0.402943
   -0.373454
   -0.377534
   -0.338284
   -0.220943
   -0.180034
   -0.206886
   -0.267710
   -0.340606
   -0.392190
   -0.388215
   -0.387631
   -0.375598
   -0.374097
   -0.383526
   -0.403156
   -0.389981
   -0.365903
   -0.280804
   -0.194486
   -0.155975
   -0.240827
   -0.385958
   -0.370788
   -0.399109
   -0.396022
   -0.357277
   -0.370178
   -0.386831
   -0.390519
   -0.396046
   -0.379616
   -0.312398
   -0.204810
   -0.184229
   -0.201746
   -0.340117
   -0.385759
   -0.385816
   -0.394123
   -0.367191
   -0.349710
   -0.348360
   -0.366219
   -0.393270
   -0.399979
   -0.351778
   -0.239503
   -0.212369
   -0.247406
   -0.291739
   -0.366877
   -0.380859
   -0.400561
   -0.386087
   -0.387091
   -0.362715
   -0.370979
   -0.352980
   -0.397924
   -0.357411
   -0.268777
   -0.204179
   -0.207775
   -0.268144
   -0.364779
   -0.392056
   -0.395701
   -0.413665
   -0.373483
   -0.359761
   -0.382134
   -0.401402
   -0.406093
   -0.391780
   -0.305142
   -0.221901
   -0.215451
   -0.249882
   -0.349981
   -0.402381
   -0.382271
   -0.386085
   -0.385187
   -0.367829
   -0.349872
   -0.355980
   -0.386140
   -0.401340
   -0.398540
   -0.396209
   -0.205725
   -0.246200
   -0.295810
   -0.357164
   -0.392061
   -0.403694
   -0.390818
   -0.389425
   -0.389953
   -0.378029
   -0.380052
   -0.407647
   -0.372846
   -0.396522
   -0.422716
   -0.415387
   -0.290074
   -0.366058
   -0.418129
   -0.403522
   -0.415915
   -0.418700
   -0.405275
   -0.367450
   -0.372402
   -0.388064
   -0.386465
   -0.382408
   -0.394681
   -0.406654
   -0.403143
   -0.423740
   -0.374435
   -0.365817
   -0.391487
   -0.383237
   -0.392511
   -0.388249
   -0.387128
   -0.381427
   -0.409668
   -0.416051
   -0.400551
   -0.397460
   -0.403976
   -0.421744
   -0.423819
   -0.412337
   -0.383709
   -0.388110
   -0.381248
   -0.372658
   -0.361182
   -0.398337
   -0.408976
   -0.413276
   -0.400309
   -0.395238
   -0.403217
   -0.426127
   -0.430533
   -0.422126
   -0.413148
   -0.403140
   -0.331847
   -0.341025
   -0.345011
   -0.361265
   -0.390193
   -0.386019
   -0.403855
   -0.397336
   -0.431315
   -0.412806
   -0.405723
   -0.426034
   -0.423649
   -0.407680
   -0.392786
   -0.391648
   -0.410614
   -0.390196
   -0.364305
   -0.385458
   -0.384647
   -0.385026
   -0.401573
   -0.389780
   -0.376482
   -0.317904
   -0.247733
   -0.210632
   -0.199369
   -0.253117
   -0.329226
   -0.411771
   -0.376046
   -0.384914
   -0.410818
   -0.408174
   -0.398121
   -0.391353
   -0.399752
   -0.369177
   -0.281224
   -0.215908
   -0.209288
   -0.251166
   -0.330629
   -0.380279
   -0.387668
   -0.428249
   -0.379415
   -0.400252
   -0.411237
   -0.392222
   -0.400248
   -0.377488
   -0.248406
   -0.212168
   -0.200865
   -0.245910
   -0.313868
   -0.372903
   -0.400837
   -0.397982
   -0.396130
   -0.383330
   -0.405930
   -0.402424
   -0.394266
   -0.370312
   -0.290088
   -0.216713
   -0.217126
   -0.196799
   -0.321411
   -0.395298
   -0.407814
   -0.421531
   -0.395468
   -0.382117
   -0.386482
   -0.390011
   -0.397035
   -0.377445
   -0.302709
   -0.219128
   -0.197724
   -0.226419
   -0.327571
   -0.374904
   -0.396913
   -0.402799
   -0.392712
   -0.373209
   -0.365475
   -0.365594
   -0.371170
   -0.407399
   -0.333689
   -0.240041
   -0.214124
   -0.252803
   -0.324339
   -0.383131
   -0.382915
   -0.396026
   -0.395072
   -0.394218
   -0.398873
   -0.392021
   -0.380313
   -0.381192
   -0.409287
   -0.406445
   -0.222017
   -0.241081
   -0.288728
   -0.366501
   -0.407808
   -0.406062
   -0.434652
   -0.418163
   -0.384610
   -0.382406
   -0.395161
   -0.407125
   -0.407506
   -0.426009
   -0.446487
   -0.415480
   -0.261338
   -0.336430
   -0.404441
   -0.408020
   -0.390049
   -0.393995
   -0.395766
   -0.363338
   -0.365862
   -0.383206
   -0.400688
   -0.408066
   -0.407870
   -0.416610
   -0.419456
   -0.426370
   -0.391020
   -0.408870
   -0.408679
   -0.401549
   -0.385350
   -0.378653
   -0.370299
   -0.393850
   -0.407598
   -0.402766
   -0.397507
   -0.418082
   -0.444359
   -0.441805
   -0.439017
   -0.423248
   -0.428568
   -0.405289
   -0.406438
   -0.413428
   -0.409048
   -0.406133
   -0.413968
   -0.400550
   -0.397732
   -0.401398
   -0.413175
   -0.421828
   -0.437062
   -0.441153
   -0.425949
   -0.428305
   -0.407207
   -0.409867
   -0.410452
   -0.396957
   -0.383872
   -0.398674
   -0.417517
   -0.426061
   -0.416889
   -0.419868
   -0.428816
   -0.436738
   -0.428625
   -0.421764
   -0.414352
   -0.417478
   -0.392537
   -0.391425
   -0.402621
   -0.414438
   -0.407586
   -0.407571
   -0.405000
   -0.417754
   -0.435570
   -0.445573
   -0.437903
   -0.429575
   -0.417246
   -0.407422
   -0.400730
   -0.402269
   -0.373954
   -0.378043
   -0.383273
   -0.395169
   -0.409858
   -0.428254
   -0.442648
   -0.433075
   -0.432415
   -0.427753
   -0.418713
   -0.405790
   -0.397880
   -0.400320
   -0.394769
   -0.391672
   -0.393013
   -0.378713
   -0.390001
   -0.398876
   -0.424429
   -0.440865
   -0.444843
   -0.428152
   -0.429790
   -0.430358
   -0.399522
   -0.395854
   -0.399427
   -0.392931
   -0.393840
   -0.395028
   -0.383126
   -0.380241
   -0.373241
   -0.387796
   -0.407701
   -0.428251
   -0.442424
   -0.425570
   -0.416840
   -0.414646
   -0.407201
   -0.413428
   -0.407470
   -0.386006
   -0.392562
   -0.407548
   -0.406047
   -0.388841
   -0.406502
   -0.425457
   -0.408320
   -0.397764
   -0.390667
   -0.370445
   -0.395068
   -0.411394
   -0.381719
   -0.390101
   -0.408226
   -0.405803
   -0.397410
   -0.400532
   -0.391482
   -0.299790
   -0.238638
   -0.270506
   -0.314346
   -0.374399
   -0.464827
   -0.445064
   -0.450060
   -0.451336
   -0.441229
   -0.436344
   -0.445148
   -0.441632
   -0.434459
   -0.465410
   -0.278942
   -0.291423
   -0.332451
   -0.383874
   -0.423321
   -0.448116
   -0.453594
   -0.450661
   -0.444372
   -0.430921
   -0.425048
   -0.439243
   -0.451992
   -0.456407
   -0.460832
   -0.475023
   -0.313992
   -0.398389
   -0.455890
   -0.459047
   -0.458577
   -0.451750
   -0.410596
   -0.445220
   -0.443290
   -0.443088
   -0.446792
   -0.462904
   -0.471034
   -0.462747
   -0.469328
   -0.484389
   -0.452376
   -0.452138
   -0.444755
   -0.463803
   -0.453243
   -0.430613
   -0.440755
   -0.438428
   -0.451568
   -0.461551
   -0.459653
   -0.472015
   -0.476818
   -0.480009
   -0.477711
   -0.485701
   -0.464967
   -0.458227
   -0.449001
   -0.447770
   -0.444500
   -0.449756
   -0.461845
   -0.453884
   -0.460483
   -0.464460
   -0.472299
   -0.474960
   -0.474258
   -0.468904
   -0.463240
   -0.459584
   -0.446707
   -0.451135
   -0.461353
   -0.442478
   -0.458883
   -0.480941
   -0.467496
   -0.463416
   -0.464208
   -0.475428
   -0.480789
   -0.476307
   -0.466532
   -0.461365
   -0.457404
   -0.453922
   -0.444747
   -0.445112
   -0.446174
   -0.473906
   -0.479790
   -0.463378
   -0.472082
   -0.478166
   -0.482980
   -0.479032
   -0.464505
   -0.449875
   -0.460222
   -0.462362
   -0.461602
   -0.459256
   -0.455073
   -0.453092
   -0.450860
   -0.454952
   -0.462729
   -0.471017
   -0.485542
   -0.492736
   -0.483389
   -0.455497
   -0.448902
   -0.447231
   -0.449903
   -0.461899
   -0.464405
   -0.457399
   -0.455981
   -0.457123
   -0.455930
   -0.461836
   -0.471926
   -0.475274
   -0.472844
   -0.467736
   -0.460462
   -0.458102
   -0.454679
   -0.454815
   -0.451589
   -0.456104
   -0.450992
   -0.449439
   -0.437424
   -0.455918
   -0.475323
   -0.489174
   -0.480881
   -0.469296
   -0.462072
   -0.448077
   -0.447223
   -0.454665
   -0.460424
   -0.459098
   -0.450265
   -0.434585
   -0.431536
   -0.423076
   -0.441968
   -0.465702
   -0.479523
   -0.477304
   -0.467365
   -0.461566
   -0.467155
   -0.456231
   -0.456149
   -0.461054
   -0.459946
   -0.450834
   -0.441170
   -0.436853
   -0.443484
   -0.447764
   -0.450888
   -0.455095
   -0.456490
   -0.453275
   -0.452192
   -0.453062
   -0.458635
   -0.455480
   -0.447122
   -0.451925
   -0.446178
   -0.436222
   -0.449905
   -0.444860
   -0.441274
   -0.466563
   -0.455119
   -0.450004
   -0.428430
   -0.422705
   -0.422872
   -0.431246
   -0.449004
   -0.452319
   -0.443890
   -0.435637
   -0.444363
   -0.445189
   -0.450465
   -0.426864
   -0.380934
   -0.376122
   -0.424142
   -0.430928
   -0.426968
   -0.419724
   -0.421250
   -0.428025
   -0.427281
   -0.430813
   -0.440578
   -0.445978
   -0.453685
   -0.450657
   -0.420461
   -0.356451
   -0.317173
   -0.306708
   -0.417948
   -0.424674
   -0.438821
   -0.439350
   -0.427345
   -0.417109
   -0.416277
   -0.405286
   -0.422564
   -0.450072
   -0.444292
   -0.402378
   -0.348199
   -0.318473
   -0.335776
   -0.397962
   -0.437877
   -0.430196
   -0.459628
   -0.442227
   -0.421374
   -0.447482
   -0.422382
   -0.422450
   -0.395884
   -0.443168
   -0.347208
   -0.329191
   -0.325050
   -0.325334
   -0.414805
   -0.430281
   -0.403940
   -0.400399
   -0.401868
   -0.399070
   -0.404939
   -0.411496
   -0.414446
   -0.420813
   -0.423045
   -0.430779
   -0.434859
   -0.438916
   -0.437086
   -0.434075
   -0.424741
   -0.416921
   -0.404604
   -0.405131
   -0.407091
   -0.417686
   -0.423245
   -0.421796
   -0.416396
   -0.420045
   -0.430992
   -0.437714
   -0.433749
   -0.429742
   -0.420394
   -0.414615
   -0.418961
   -0.411438
   -0.408946
   -0.415957
   -0.425529
   -0.435865
   -0.426040
   -0.423279
   -0.431754
   -0.436328
   -0.433384
   -0.427073
   -0.422533
   -0.420555
   -0.417473
   -0.412921
   -0.413476
   -0.412610
   -0.413114
   -0.417411
   -0.425378
   -0.429563
   -0.435099
   -0.442545
   -0.443541
   -0.437420
   -0.418261
   -0.405628
   -0.407649
   -0.415092
   -0.419145
   -0.416545
   -0.416439
   -0.415304
   -0.415042
   -0.416277
   -0.429158
   -0.439866
   -0.442644
   -0.443383
   -0.431552
   -0.419923
   -0.413740
   -0.408830
   -0.410195
   -0.416959
   -0.417992
   -0.417162
   -0.416689
   -0.406955
   -0.424636
   -0.441496
   -0.442274
   -0.430781
   -0.422536
   -0.417021
   -0.415707
   -0.413532
   -0.418162
   -0.418925
   -0.413975
   -0.414563
   -0.410196
   -0.410893
   -0.407434
   -0.406741
   -0.435075
   -0.440791
   -0.434506
   -0.426862
   -0.422112
   -0.416228
   -0.405477
   -0.412013
   -0.420772
   -0.420060
   -0.416816
   -0.410107
   -0.406954
   -0.405130
   -0.404564
   -0.406591
   -0.426430
   -0.424134
   -0.415088
   -0.419515
   -0.418775
   -0.414787
   -0.411202
   -0.445628
   -0.418855
   -0.389170
   -0.403152
   -0.418353
   -0.423200
   -0.420181
   -0.413967
   -0.378274
   -0.405038
   -0.394242
   -0.394479
   -0.404667
   -0.415268
   -0.420387
   -0.413149
   -0.397799
   -0.407927
   -0.407619
   -0.404628
   -0.408834
   -0.397243
   -0.380106
   -0.335222
   -0.284855
   -0.389540
   -0.386398
   -0.384455
   -0.389052
   -0.396775
   -0.407945
   -0.414787
   -0.407280
   -0.407428
   -0.415506
   -0.412269
   -0.379511
   -0.317267
   -0.267563
   -0.252370
   -0.267030
   -0.384702
   -0.386696
   -0.388222
   -0.389707
   -0.399023
   -0.396114
   -0.402623
   -0.412128
   -0.416576
   -0.401661
   -0.365852
   -0.289409
   -0.243374
   -0.265629
   -0.325584
   -0.392167
   -0.403813
   -0.412726
   -0.403251
   -0.401114
   -0.402406
   -0.385650
   -0.381968
   -0.386166
   -0.368648
   -0.308863
   -0.265568
   -0.255737
   -0.313559
   -0.381439
   -0.402586
   -0.413616
   -0.411451
   -0.414214
   -0.390724
   -0.388221
   -0.386228
   -0.370601
   -0.351527
   -0.314363
   -0.281377
   -0.263858
   -0.304386
   -0.360429
   -0.404877
   -0.409564
   -0.388731
   -0.417999
   -0.404597
   -0.395273
   -0.380406
   -0.369806
   -0.369155
   -0.336789
   -0.285988
   -0.249773
   -0.257269
   -0.315278
   -0.395728
   -0.416804
   -0.392074
   -0.381496
   -0.406332
   -0.371052
   -0.405640
   -0.402658
   -0.378921
   -0.361486
   -0.328160
   -0.262785
   -0.217477
   -0.290577
   -0.323850
   -0.348315
   -0.360871
   -0.359945
   -0.375312
   -0.407902
   -0.413235
   -0.379452
   -0.389624
   -0.356028
   -0.298193
   -0.257994
   -0.272332
   -0.286344
   -0.314338
   -0.404985
   -0.382702
   -0.380914
   -0.374217
   -0.366833
   -0.360247
   -0.368309
   -0.416367
   -0.388602
