   -0.444575
   -0.439487
   -0.440175
   -0.416821
   -0.419585
   -0.417882
   -0.427633
   -0.423672
   -0.423510
   -0.450449
   -0.422692
   -0.309883
   -0.499158
   -0.478636
   -0.489934
   -0.482565
   -0.434158
   -0.428938
   -0.432832
   -0.414243
   -0.423260
   -0.419748
   -0.425399
   -0.422415
   -0.420351
   -0.432404
   -0.409728
   -0.185973
   -0.486787
   -0.477632
   -0.486069
   -0.482550
   -0.418286
   -0.417198
   -0.425479
   -0.422220
   -0.432394
   -0.423515
   -0.432553
   -0.428486
   -0.420915
   -0.445888
   -0.431479
   -0.060714
   -0.486788
   -0.471259
   -0.476415
   -0.487626
   -0.418626
   -0.414923
   -0.424290
   -0.434134
   -0.434517
   -0.428045
   -0.430415
   -0.425050
   -0.415777
   -0.429854
   -0.414705
    0.063635
   -0.490334
   -0.485284
   -0.458338
   -0.502148
   -0.422381
   -0.422745
   -0.427526
   -0.451116
   -0.422434
   -0.432473
   -0.422916
   -0.412257
   -0.417201
   -0.412246
   -0.336494
    0.129995
   -0.484355
   -0.500257
   -0.459056
   -0.488166
   -0.381490
   -0.386113
   -0.395846
   -0.425839
   -0.422856
   -0.422963
   -0.419820
   -0.409466
   -0.441981
   -0.410711
   -0.203603
    0.135180
   -0.481679
   -0.492008
   -0.477043
   -0.482925
   -0.327915
   -0.330963
   -0.332349
   -0.392724
   -0.439793
   -0.411395
   -0.409485
   -0.388258
   -0.426679
   -0.379862
   -0.012023
    0.171671
   -0.490067
   -0.479332
   -0.481064
   -0.487000
   -0.346649
   -0.342092
   -0.342204
   -0.353436
   -0.342451
   -0.318092
   -0.309359
   -0.246162
   -0.315381
   -0.347676
    0.083911
    0.152225
   -0.477915
   -0.482501
   -0.482316
   -0.500015
   -0.397460
   -0.381797
   -0.365267
   -0.363539
   -0.360964
   -0.330784
   -0.254935
   -0.192313
   -0.195402
   -0.164709
    0.146270
    0.156249
   -0.477946
   -0.482209
   -0.482295
   -0.504183
   -0.430005
   -0.424015
   -0.411871
   -0.411391
   -0.408615
   -0.385215
   -0.297035
   -0.258089
   -0.241536
    0.002570
    0.145610
    0.156180
   -0.477947
   -0.482380
   -0.482342
   -0.500100
   -0.428730
   -0.431694
   -0.438762
   -0.439601
   -0.442021
   -0.424908
   -0.416061
   -0.398121
   -0.390978
    0.066425
    0.146373
    0.152205
   -0.477781
   -0.482357
   -0.477907
   -0.491120
   -0.421954
   -0.420981
   -0.423231
   -0.394647
   -0.421858
   -0.416523
   -0.454126
   -0.438666
   -0.381429
    0.095506
    0.173890
    0.143420
   -0.486476
   -0.482543
   -0.477966
   -0.491357
   -0.422662
   -0.426265
   -0.417632
   -0.405549
   -0.418416
   -0.396074
   -0.416661
   -0.384259
   -0.161509
    0.108852
    0.165684
    0.135287
   -0.490761
   -0.482334
   -0.473613
   -0.486725
   -0.421901
   -0.426012
   -0.423247
   -0.435856
   -0.438192
   -0.408609
   -0.410131
   -0.398886
    0.036613
    0.132280
    0.163358
    0.126617
   -0.499445
   -0.482611
   -0.473618
   -0.482510
   -0.429048
   -0.428136
   -0.427420
   -0.444002
   -0.424486
   -0.418615
   -0.397486
   -0.382382
    0.109058
    0.181591
    0.154832
    0.122751
   -0.499421
   -0.482422
   -0.473583
   -0.482129
   -0.429988
   -0.428550
   -0.429127
   -0.422834
   -0.433230
   -0.424067
   -0.438993
   -0.165807
    0.108585
    0.184652
    0.089845
    0.095189
   -0.499505
   -0.477406
   -0.481783
   -0.483113
   -0.482503
   -0.481960
   -0.481042
   -0.457152
   -0.464839
   -0.463695
   -0.478820
   -0.464774
   -0.461118
   -0.477970
   -0.447588
   -0.264123
   -0.533699
   -0.518632
   -0.525499
   -0.520476
   -0.487918
   -0.486212
   -0.482349
   -0.461250
   -0.473509
   -0.468479
   -0.472663
   -0.461899
   -0.468450
   -0.484925
   -0.454774
   -0.129722
   -0.529916
   -0.515112
   -0.529237
   -0.529712
   -0.481128
   -0.494175
   -0.486070
   -0.474984
   -0.479751
   -0.469349
   -0.471966
   -0.470062
   -0.469201
   -0.485086
   -0.469553
    0.006579
   -0.524898
   -0.526524
   -0.524618
   -0.546189
   -0.469487
   -0.474247
   -0.469905
   -0.496730
   -0.483196
   -0.488574
   -0.481608
   -0.487326
   -0.489515
   -0.500444
   -0.461275
    0.112303
   -0.526184
   -0.546150
   -0.516352
   -0.545708
   -0.477327
   -0.477266
   -0.477030
   -0.488356
   -0.465851
   -0.476738
   -0.472297
   -0.473073
   -0.489825
   -0.483744
   -0.342840
    0.151137
   -0.526356
   -0.535670
   -0.509858
   -0.527724
   -0.463671
   -0.461412
   -0.462031
   -0.467392
   -0.481033
   -0.462927
   -0.468952
   -0.455042
   -0.492971
   -0.453169
   -0.157283
    0.167038
   -0.530832
   -0.525089
   -0.512744
   -0.519200
   -0.449297
   -0.445860
   -0.450434
   -0.451842
   -0.467455
   -0.440787
   -0.438184
   -0.392258
   -0.457160
   -0.444899
   -0.017115
    0.171875
   -0.532058
   -0.515667
   -0.518279
   -0.525143
   -0.464441
   -0.464303
   -0.459635
   -0.434506
   -0.473926
   -0.459586
   -0.469872
   -0.434023
   -0.459315
   -0.425214
    0.097099
    0.171182
   -0.520352
   -0.526139
   -0.525039
   -0.543274
   -0.486194
   -0.458949
   -0.465565
   -0.446734
   -0.474167
   -0.471166
   -0.445581
   -0.449754
   -0.443302
   -0.241574
    0.139867
    0.171492
   -0.520538
   -0.525833
   -0.525052
   -0.543358
   -0.465168
   -0.461358
   -0.459567
   -0.457605
   -0.473463
   -0.453494
   -0.438334
   -0.458158
   -0.468368
   -0.050803
    0.165643
    0.170597
   -0.520495
   -0.525794
   -0.520854
   -0.535224
   -0.432042
   -0.476803
   -0.448112
   -0.451048
   -0.463774
   -0.444899
   -0.458177
   -0.466081
   -0.465257
    0.067597
    0.196012
    0.161657
   -0.524819
   -0.525495
   -0.520554
   -0.534135
   -0.391747
   -0.380318
   -0.359898
   -0.414771
   -0.428459
   -0.402476
   -0.433290
   -0.438968
   -0.343419
    0.096638
    0.201847
    0.155762
   -0.529820
   -0.525640
   -0.516337
   -0.530529
   -0.399935
   -0.396824
   -0.365945
   -0.375438
   -0.353812
   -0.288261
   -0.289217
   -0.337155
   -0.080913
    0.128125
    0.200001
    0.142387
   -0.534780
   -0.525083
   -0.516137
   -0.525760
   -0.448571
   -0.443634
   -0.421846
   -0.402498
   -0.335656
   -0.261103
   -0.215745
   -0.278388
    0.115368
    0.192258
    0.195862
    0.136590
   -0.543677
   -0.525444
   -0.515975
   -0.525804
   -0.476949
   -0.477735
   -0.464075
   -0.466868
   -0.416697
   -0.362319
   -0.301021
   -0.194915
    0.137781
    0.205785
    0.140523
    0.123884
   -0.544046
   -0.520920
   -0.520338
   -0.525792
   -0.436786
   -0.458387
   -0.458336
   -0.438896
   -0.488002
   -0.445799
   -0.465385
   -0.059892
    0.161787
    0.186082
    0.128065
    0.084499
   -0.530746
   -0.520587
   -0.528224
   -0.521768
   -0.409123
   -0.418348
   -0.410029
   -0.380867
   -0.393424
   -0.407695
   -0.404612
   -0.397079
   -0.366468
   -0.339230
   -0.335223
   -0.146737
   -0.474148
   -0.454634
   -0.464665
   -0.455061
   -0.399313
   -0.401579
   -0.404732
   -0.397957
   -0.402063
   -0.424318
   -0.419535
   -0.407040
   -0.420167
   -0.407249
   -0.400876
   -0.088047
   -0.460434
   -0.461846
   -0.468325
   -0.463901
   -0.410030
   -0.397659
   -0.391606
   -0.410424
   -0.397952
   -0.396928
   -0.394174
   -0.394694
   -0.410204
   -0.394606
   -0.401145
    0.027319
   -0.455925
   -0.481279
   -0.467385
   -0.470261
   -0.404781
   -0.400837
   -0.394872
   -0.401916
   -0.391624
   -0.407283
   -0.388988
   -0.387695
   -0.392756
   -0.385353
   -0.405581
    0.118519
   -0.463527
   -0.483177
   -0.464706
   -0.459836
   -0.413654
   -0.413064
   -0.408340
   -0.401413
   -0.405848
   -0.401378
   -0.405717
   -0.380730
   -0.382054
   -0.375058
   -0.311282
    0.106595
   -0.476765
   -0.459616
   -0.461322
   -0.451685
   -0.420627
   -0.414019
   -0.408014
   -0.410810
   -0.414611
   -0.402552
   -0.426978
   -0.396172
   -0.401899
   -0.379217
   -0.167680
    0.110355
   -0.465489
   -0.454065
   -0.460624
   -0.454754
   -0.432812
   -0.437773
   -0.434839
   -0.428222
   -0.403998
   -0.377523
   -0.410196
   -0.387709
   -0.426445
   -0.381870
   -0.057960
    0.165476
   -0.465232
   -0.445078
   -0.462537
   -0.458637
   -0.434941
   -0.435800
   -0.431309
   -0.423539
   -0.437222
   -0.456583
   -0.442543
   -0.442093
   -0.432319
   -0.422551
    0.082647
    0.149024
   -0.455973
   -0.459580
   -0.459684
   -0.475308
   -0.432750
   -0.433309
   -0.429277
   -0.426408
   -0.435110
   -0.429664
   -0.431560
   -0.474786
   -0.476962
   -0.333219
    0.138118
    0.149681
   -0.455719
   -0.459982
   -0.459711
   -0.474941
   -0.411953
   -0.420748
   -0.414201
   -0.410174
   -0.418184
   -0.405162
   -0.423022
   -0.456649
   -0.490056
   -0.144996
    0.125662
    0.149845
   -0.455726
   -0.460129
   -0.455137
   -0.466372
   -0.399877
   -0.411595
   -0.401949
   -0.395638
   -0.393422
   -0.405938
   -0.411641
   -0.420299
   -0.437845
    0.070346
    0.142267
    0.140760
   -0.460481
   -0.459698
   -0.455816
   -0.467501
   -0.394174
   -0.394830
   -0.395684
   -0.420769
   -0.385402
   -0.408430
   -0.402652
   -0.425714
   -0.342627
    0.131682
    0.172378
    0.137426
   -0.463955
   -0.459788
   -0.451186
   -0.463004
   -0.394764
   -0.400851
   -0.411276
   -0.409533
   -0.390231
   -0.386115
   -0.361157
   -0.405495
   -0.148817
    0.085146
    0.171784
    0.124057
   -0.468158
   -0.459718
   -0.451830
   -0.459073
   -0.401428
   -0.403640
   -0.406629
   -0.393352
   -0.394268
   -0.375576
   -0.330801
   -0.399185
    0.040312
    0.123565
    0.153746
    0.120256
   -0.475988
   -0.459620
   -0.451633
   -0.459828
   -0.398394
   -0.406673
   -0.401407
   -0.404405
   -0.425161
   -0.401092
   -0.386529
   -0.339417
    0.089547
    0.184767
    0.134628
    0.106706
   -0.476237
   -0.454977
   -0.456392
   -0.459972
   -0.365935
   -0.391742
   -0.387199
   -0.408566
   -0.403998
   -0.417072
   -0.410172
   -0.068877
    0.086085
    0.147315
    0.131542
    0.081798
   -0.462653
   -0.464045
   -0.468345
   -0.451056
   -0.382895
   -0.389345
   -0.388813
   -0.393005
   -0.382910
   -0.398756
   -0.386125
   -0.412137
   -0.390601
   -0.383575
   -0.396766
   -0.219590
   -0.474516
   -0.460784
   -0.458109
   -0.450602
   -0.357645
   -0.372419
   -0.374018
   -0.381711
   -0.365622
   -0.389386
   -0.383299
   -0.413357
   -0.382262
   -0.377842
   -0.418445
   -0.105705
   -0.449719
   -0.462351
   -0.460552
   -0.454418
   -0.276671
   -0.267404
   -0.267050
   -0.300023
   -0.295744
   -0.305340
   -0.318445
   -0.302059
   -0.289779
   -0.269682
   -0.316654
    0.035297
   -0.450330
   -0.449743
   -0.425181
   -0.465802
   -0.325593
   -0.318486
   -0.319742
   -0.291304
   -0.294200
   -0.264363
   -0.272282
   -0.174146
   -0.156263
   -0.116343
   -0.131148
    0.096483
   -0.450936
   -0.441575
   -0.440248
   -0.470353
   -0.397951
   -0.401080
   -0.401292
   -0.361598
   -0.385476
   -0.340889
   -0.341317
   -0.225531
   -0.200142
   -0.145613
   -0.064820
    0.082669
   -0.456749
   -0.448245
   -0.482490
   -0.458823
   -0.412084
   -0.397816
   -0.393919
   -0.380445
   -0.402163
   -0.400647
   -0.404985
   -0.354900
   -0.353210
   -0.325188
   -0.077069
    0.067327
   -0.444718
   -0.454610
   -0.474878
   -0.457483
   -0.392561
   -0.393093
   -0.389415
   -0.418023
   -0.405325
   -0.406686
   -0.391724
   -0.414085
   -0.404152
   -0.362293
    0.022270
    0.125120
   -0.440072
   -0.442952
   -0.439347
   -0.448878
   -0.391591
   -0.391006
   -0.390701
   -0.391958
   -0.410778
   -0.422231
   -0.386118
   -0.389465
   -0.366437
   -0.358853
    0.074753
    0.143047
   -0.446774
   -0.448342
   -0.450762
   -0.468922
   -0.392648
   -0.395519
   -0.392893
   -0.399613
   -0.416494
   -0.392181
   -0.363157
   -0.383217
   -0.368786
   -0.264655
    0.136051
    0.143072
   -0.446377
   -0.448552
   -0.450893
   -0.468990
   -0.398917
   -0.399535
   -0.398838
   -0.402777
   -0.419703
   -0.387765
   -0.377788
   -0.387729
   -0.395603
   -0.085680
    0.115766
    0.145259
   -0.446350
   -0.449271
   -0.446256
   -0.459274
   -0.409378
   -0.404371
   -0.395019
   -0.400595
   -0.401433
   -0.414565
   -0.410146
   -0.402670
   -0.395551
    0.098983
    0.128310
    0.137565
   -0.450502
   -0.449524
   -0.446428
   -0.459535
   -0.425819
   -0.421587
   -0.420059
   -0.435584
   -0.390528
   -0.430922
   -0.421463
   -0.421560
   -0.318838
    0.152901
    0.165765
    0.135631
   -0.454361
   -0.449829
   -0.441750
   -0.454362
   -0.423179
   -0.424695
   -0.435088
   -0.448556
   -0.417453
   -0.445310
   -0.433742
   -0.427023
   -0.134601
    0.088523
    0.171956
    0.123468
   -0.457865
   -0.450527
   -0.441852
   -0.449529
   -0.405462
   -0.410757
   -0.411089
   -0.422194
   -0.434986
   -0.450467
   -0.429639
   -0.457422
    0.054944
    0.124314
    0.154149
    0.121161
   -0.466769
   -0.450529
   -0.441703
   -0.449555
   -0.393080
   -0.394120
   -0.395390
   -0.416558
   -0.434304
   -0.446144
   -0.450710
   -0.390598
    0.107083
    0.184408
    0.136836
    0.108134
   -0.466173
   -0.446032
   -0.446301
   -0.448260
   -0.386422
   -0.402779
   -0.398783
   -0.392917
   -0.388071
   -0.411512
   -0.403161
   -0.081378
    0.088015
    0.174964
    0.141068
    0.079657
   -0.454382
   -0.455901
   -0.461968
   -0.440579
   -0.420250
   -0.419505
   -0.420105
   -0.419572
   -0.417379
   -0.421770
   -0.408164
   -0.416843
   -0.430749
   -0.425164
   -0.433109
   -0.263461
   -0.504092
   -0.485319
   -0.469854
   -0.474360
   -0.422502
   -0.424245
   -0.424527
   -0.416925
   -0.406949
   -0.420993
   -0.410054
   -0.434558
   -0.409064
   -0.405466
   -0.424701
   -0.141157
   -0.471929
   -0.493093
   -0.481697
   -0.482098
   -0.410615
   -0.412580
   -0.414085
   -0.421735
   -0.409390
   -0.426955
   -0.417229
   -0.438718
   -0.412969
   -0.404848
   -0.432503
   -0.000791
   -0.469090
   -0.478963
   -0.462751
   -0.482882
   -0.413535
   -0.413744
   -0.415115
   -0.420055
   -0.416686
   -0.413467
   -0.428847
   -0.405796
   -0.392728
   -0.381326
   -0.387102
    0.095765
   -0.472761
   -0.463342
   -0.443555
   -0.485280
   -0.415940
   -0.418513
   -0.419274
   -0.418604
   -0.418956
   -0.411528
   -0.425302
   -0.397278
   -0.377501
   -0.357954
   -0.294282
    0.132797
   -0.476717
   -0.464821
   -0.467897
   -0.475042
   -0.408634
   -0.408642
   -0.409472
   -0.410564
   -0.412425
   -0.419454
   -0.410118
   -0.407414
   -0.397577
   -0.381542
   -0.167663
    0.131660
   -0.467066
   -0.479194
   -0.484109
   -0.478583
   -0.310024
   -0.299910
   -0.321560
   -0.428877
   -0.409205
   -0.423630
   -0.385136
   -0.431103
   -0.403608
   -0.384020
    0.005986
    0.150721
   -0.457724
   -0.478836
   -0.471898
   -0.476242
   -0.312979
   -0.312062
   -0.312108
   -0.309375
   -0.303679
   -0.335835
   -0.248133
   -0.250648
   -0.291050
   -0.295768
    0.096081
    0.156724
   -0.469059
   -0.474868
   -0.474358
   -0.492285
   -0.358867
   -0.349840
   -0.340102
   -0.319205
   -0.323048
   -0.313812
   -0.188297
   -0.134709
   -0.131056
   -0.102210
    0.152759
    0.153105
   -0.469970
   -0.473822
   -0.474302
   -0.492018
   -0.406409
   -0.405179
   -0.405038
   -0.379029
   -0.403281
   -0.358782
   -0.269033
   -0.207578
   -0.209647
    0.036638
    0.121514
    0.152524
   -0.470050
   -0.472906
   -0.470278
   -0.483378
   -0.416361
   -0.418985
   -0.423734
   -0.421488
   -0.442222
   -0.421182
   -0.395190
   -0.377811
   -0.379455
    0.092572
    0.123233
    0.144947
   -0.473961
   -0.474099
   -0.469942
   -0.483054
   -0.413675
   -0.427668
   -0.432823
   -0.423917
   -0.417827
   -0.421069
   -0.419188
   -0.415302
   -0.310633
    0.128860
    0.161385
    0.139853
   -0.478460
   -0.473601
   -0.465931
   -0.478716
   -0.411651
   -0.423920
   -0.431869
   -0.412117
   -0.405819
   -0.395385
   -0.401144
   -0.388447
   -0.060991
    0.123598
    0.181204
    0.128499
   -0.482414
   -0.473855
   -0.465518
   -0.474458
   -0.422045
   -0.432421
   -0.426362
   -0.413777
   -0.416679
   -0.405455
   -0.400229
   -0.414110
    0.094473
    0.144897
    0.171038
    0.124540
   -0.491249
   -0.474296
   -0.465730
   -0.474012
   -0.420215
   -0.422876
   -0.423409
   -0.405629
   -0.426703
   -0.421032
   -0.403652
   -0.324317
    0.116172
    0.177360
    0.133017
    0.112706
   -0.490892
   -0.470289
   -0.469616
   -0.473801
   -0.432044
   -0.428570
   -0.428564
   -0.378897
   -0.420692
   -0.423981
   -0.421365
   -0.053600
    0.146239
    0.181910
    0.120107
    0.087490
   -0.477516
   -0.478286
   -0.482651
   -0.465353
   -0.436112
   -0.432589
   -0.431654
   -0.412909
   -0.427149
   -0.422282
   -0.426951
   -0.403390
   -0.426364
   -0.410150
   -0.409194
   -0.295493
   -0.483969
   -0.473395
   -0.483316
   -0.475743
   -0.436054
   -0.440193
   -0.439296
   -0.423996
   -0.435643
   -0.448040
   -0.426458
   -0.409117
   -0.439563
   -0.417505
   -0.410949
   -0.148186
   -0.480125
   -0.474933
   -0.477730
   -0.481375
   -0.437637
   -0.444827
   -0.447117
   -0.444208
   -0.450611
   -0.464842
   -0.444715
   -0.452342
   -0.464795
   -0.456569
   -0.471069
   -0.003961
   -0.474571
   -0.473862
   -0.477244
   -0.479863
   -0.428215
   -0.432316
   -0.430436
   -0.435233
   -0.447747
   -0.448114
   -0.450103
   -0.485564
   -0.474819
   -0.485672
   -0.495972
    0.106022
   -0.475933
   -0.474654
   -0.474744
   -0.473056
   -0.419809
   -0.422112
   -0.420568
   -0.419673
   -0.424827
   -0.422601
   -0.434242
   -0.463557
   -0.455173
   -0.465864
   -0.389293
    0.151742
   -0.478668
   -0.475233
   -0.469037
   -0.469220
   -0.419894
   -0.423320
   -0.422354
   -0.420759
   -0.411468
   -0.404604
   -0.416617
   -0.421962
   -0.427934
   -0.423291
   -0.167573
    0.150558
   -0.484881
   -0.475504
   -0.472723
   -0.460782
   -0.412490
   -0.410370
   -0.414989
   -0.413655
   -0.393547
   -0.394124
   -0.418770
   -0.401352
   -0.424871
   -0.411379
   -0.015244
    0.127964
   -0.483023
   -0.474668
   -0.476233
   -0.455604
   -0.407466
   -0.411731
   -0.416602
   -0.423824
   -0.407855
   -0.405912
   -0.396762
   -0.409169
   -0.402356
   -0.412801
    0.123939
    0.182886
   -0.471160
   -0.492555
   -0.475160
   -0.470756
   -0.412493
   -0.410740
   -0.411643
   -0.398993
   -0.377388
   -0.424680
   -0.412070
   -0.404641
   -0.393866
   -0.295076
    0.155842
    0.180411
   -0.475070
   -0.492478
   -0.474975
   -0.470718
   -0.415854
   -0.417057
   -0.418496
   -0.402284
   -0.408766
   -0.428317
   -0.397930
   -0.405054
   -0.427131
   -0.110448
    0.117576
    0.163558
   -0.475227
   -0.484464
   -0.475278
   -0.475004
   -0.403861
   -0.406413
   -0.408004
   -0.415760
   -0.408956
   -0.413252
   -0.416287
   -0.396831
   -0.432798
    0.044253
    0.133092
    0.150527
   -0.479328
   -0.483810
   -0.475069
   -0.475090
   -0.311610
   -0.334382
   -0.342479
   -0.397973
   -0.408096
   -0.375563
   -0.410211
   -0.422027
   -0.353623
    0.106033
    0.157869
    0.129894
   -0.483727
   -0.479806
   -0.475394
   -0.479278
   -0.287763
   -0.293168
   -0.295457
   -0.290955
   -0.312232
   -0.197784
   -0.203255
   -0.294507
   -0.096522
    0.142622
    0.163507
    0.116355
   -0.491991
   -0.475642
   -0.475044
   -0.483885
   -0.383800
   -0.358363
   -0.344507
   -0.323458
   -0.272419
   -0.146856
   -0.123404
   -0.137762
    0.074711
    0.114447
    0.150727
    0.099294
   -0.492083
   -0.475110
   -0.475421
   -0.483631
   -0.412267
   -0.412499
   -0.412762
   -0.392951
   -0.351990
   -0.254020
   -0.202872
   -0.137252
    0.107165
    0.168741
    0.156922
    0.094175
   -0.496699
   -0.475344
   -0.475339
   -0.493529
   -0.420309
   -0.419091
   -0.418209
   -0.396420
   -0.443725
   -0.387983
   -0.422071
   -0.117114
    0.130557
    0.173126
    0.124307
    0.117980
   -0.480607
   -0.478419
   -0.465363
   -0.478646
   -0.405521
   -0.406546
   -0.407429
   -0.393337
   -0.406070
   -0.429124
   -0.430203
   -0.438508
   -0.400169
   -0.392711
   -0.368988
   -0.216518
   -0.481756
   -0.457816
   -0.478426
   -0.471659
   -0.408036
   -0.403813
   -0.403503
   -0.395585
   -0.405329
   -0.425747
   -0.402387
   -0.424482
   -0.414841
   -0.408866
   -0.415212
   -0.142372
   -0.487680
   -0.456638
   -0.477610
   -0.475355
   -0.416952
   -0.412359
   -0.410018
   -0.419602
   -0.403843
   -0.412996
   -0.392787
   -0.405500
   -0.390730
   -0.392477
   -0.415684
    0.005431
   -0.478390
   -0.469371
   -0.464752
   -0.471557
   -0.406490
   -0.403724
   -0.403996
   -0.427806
   -0.387981
   -0.399209
   -0.402647
   -0.421804
   -0.395693
   -0.405258
   -0.422108
    0.094558
   -0.477317
   -0.488974
   -0.458540
   -0.466434
   -0.421137
   -0.414441
   -0.414347
   -0.400373
   -0.413337
   -0.407456
   -0.430687
   -0.401972
   -0.392006
   -0.411073
   -0.377145
    0.064232
   -0.472957
   -0.477829
   -0.465717
   -0.472133
   -0.428614
   -0.426267
   -0.426830
   -0.421833
   -0.420230
   -0.404902
   -0.435221
   -0.410492
   -0.429115
   -0.409659
   -0.209711
    0.052901
   -0.487919
   -0.471796
   -0.471529
   -0.465779
   -0.439068
   -0.443604
   -0.440015
   -0.427305
   -0.428639
   -0.405962
   -0.424848
   -0.410294
   -0.451970
   -0.396315
   -0.087217
    0.119344
   -0.493840
   -0.472169
   -0.473371
   -0.468675
   -0.429991
   -0.432815
   -0.436320
   -0.436034
   -0.466006
   -0.453950
   -0.462963
   -0.449340
   -0.461076
   -0.451521
    0.111191
    0.154035
   -0.472151
   -0.477576
   -0.467630
   -0.456442
   -0.420230
   -0.422159
   -0.425564
   -0.423065
   -0.410994
   -0.428815
   -0.471563
   -0.479133
   -0.480246
   -0.404747
    0.157773
    0.179818
   -0.468064
   -0.486377
   -0.467529
   -0.460771
   -0.415125
   -0.414573
   -0.416314
   -0.444144
   -0.403834
   -0.419534
   -0.443502
   -0.462523
   -0.460162
   -0.204287
    0.132422
    0.170087
   -0.468238
   -0.485516
   -0.468180
   -0.466183
   -0.413556
   -0.412842
   -0.412158
   -0.437666
   -0.408833
   -0.411040
   -0.407485
   -0.409667
   -0.424722
    0.030949
    0.129133
    0.152472
   -0.472378
   -0.476906
   -0.468128
   -0.466472
   -0.405035
   -0.405934
   -0.406163
   -0.409972
   -0.403029
   -0.423797
   -0.437310
   -0.419756
   -0.383755
    0.116538
    0.156631
    0.138647
   -0.476548
   -0.476486
   -0.468689
   -0.471463
   -0.394217
   -0.397099
   -0.400687
   -0.398925
   -0.398610
   -0.411860
   -0.416839
   -0.435310
   -0.240787
    0.119801
    0.176056
    0.117029
   -0.485206
   -0.472001
   -0.468566
   -0.476855
   -0.405672
   -0.402300
   -0.401938
   -0.407753
   -0.387342
   -0.372715
   -0.358004
   -0.375943
   -0.010897
    0.121559
    0.151903
    0.099054
   -0.484247
   -0.467465
   -0.468703
   -0.476838
   -0.409962
   -0.411561
   -0.411815
   -0.426576
   -0.408578
   -0.395221
   -0.380350
   -0.369804
    0.120562
    0.175781
    0.136124
    0.091082
   -0.489022
   -0.468003
   -0.468194
   -0.486495
   -0.388819
   -0.399780
   -0.400791
   -0.415720
   -0.455508
   -0.385691
   -0.429536
   -0.195087
    0.118362
    0.181153
    0.118049
    0.105630
   -0.484869
   -0.471583
   -0.461636
   -0.477205
   -0.319349
   -0.334324
   -0.344165
   -0.388988
   -0.407679
   -0.414933
   -0.414099
   -0.416461
   -0.405510
   -0.431499
   -0.437899
   -0.195590
   -0.478771
   -0.471737
   -0.467476
   -0.467674
   -0.345254
   -0.301162
   -0.302288
   -0.331388
   -0.327920
   -0.329323
   -0.370974
   -0.381631
   -0.371343
   -0.422610
   -0.439874
   -0.113870
   -0.474622
   -0.462960
   -0.485890
   -0.463661
   -0.405674
   -0.360404
   -0.346107
   -0.313711
   -0.314655
   -0.305963
   -0.301637
   -0.259154
   -0.210095
   -0.231590
   -0.267062
    0.041570
   -0.474491
   -0.485052
   -0.466571
   -0.463715
   -0.414913
   -0.395368
   -0.405421
   -0.392196
   -0.385875
   -0.362369
   -0.322692
   -0.250794
   -0.195798
   -0.158388
   -0.138208
    0.127364
   -0.465676
   -0.494990
   -0.445700
   -0.477219
   -0.423564
   -0.402516
   -0.416116
   -0.415800
   -0.426355
   -0.412818
   -0.387530
   -0.334142
   -0.276132
   -0.247361
   -0.092234
    0.102702
   -0.470259
   -0.472701
   -0.470568
   -0.477956
   -0.406083
   -0.395773
   -0.405284
   -0.394777
   -0.418178
   -0.431279
   -0.446520
   -0.398539
   -0.399974
   -0.396199
   -0.084975
    0.056875
   -0.473573
   -0.468370
   -0.470056
   -0.478206
   -0.405955
   -0.413790
   -0.399581
   -0.422836
   -0.417810
   -0.397204
   -0.432824
   -0.400666
   -0.419186
   -0.405305
    0.041441
    0.114121
   -0.490921
   -0.485751
   -0.471974
   -0.465573
   -0.411841
   -0.414258
   -0.410823
   -0.405383
   -0.416273
   -0.396640
   -0.374514
   -0.390847
   -0.414993
   -0.372668
    0.122286
    0.165241
   -0.469143
   -0.475327
   -0.468218
   -0.459836
   -0.407925
   -0.407019
   -0.403645
   -0.429194
   -0.418740
   -0.405950
   -0.392553
   -0.392328
   -0.385598
   -0.243360
    0.140670
    0.171997
   -0.468313
   -0.484216
   -0.468401
   -0.464366
   -0.423559
   -0.419379
   -0.415243
   -0.442517
   -0.428775
   -0.414807
   -0.403649
   -0.401623
   -0.387101
   -0.043703
    0.124171
    0.160801
   -0.468242
   -0.477187
   -0.468228
   -0.468401
   -0.431031
   -0.429007
   -0.427121
   -0.423677
   -0.413356
   -0.410071
   -0.406217
   -0.422295
   -0.398561
    0.086900
    0.129619
    0.147794
   -0.472546
   -0.476133
   -0.468401
   -0.468246
   -0.439250
   -0.436762
   -0.437278
   -0.419864
   -0.416399
   -0.434987
   -0.430871
   -0.449609
   -0.306043
    0.123275
    0.157434
    0.128198
   -0.476539
   -0.472564
   -0.468135
   -0.472447
   -0.434860
   -0.435005
   -0.438209
   -0.432188
   -0.443706
   -0.490101
   -0.469021
   -0.464696
   -0.116185
    0.140002
    0.173169
    0.114927
   -0.484946
   -0.468524
   -0.468307
   -0.476322
   -0.420159
   -0.423420
   -0.424237
   -0.427312
   -0.443513
   -0.474177
   -0.471225
   -0.471254
    0.050255
    0.167574
    0.155541
    0.098672
   -0.484924
   -0.468273
   -0.467947
   -0.476478
   -0.416983
   -0.416365
   -0.414128
   -0.413150
   -0.442771
   -0.413441
   -0.453592
   -0.360103
    0.101667
    0.179900
    0.133019
    0.098308
   -0.484559
   -0.468228
   -0.464280
   -0.475886
   -0.413533
   -0.417955
   -0.427779
   -0.439322
   -0.418926
   -0.430288
   -0.406466
   -0.063841
    0.121535
    0.191785
    0.116584
    0.089932
   -0.473698
   -0.476589
   -0.473279
   -0.484950
   -0.409778
   -0.411749
   -0.410862
   -0.411859
   -0.438233
   -0.425468
   -0.398034
   -0.404419
   -0.428985
   -0.423081
   -0.409825
   -0.240258
   -0.476440
   -0.470158
   -0.464877
   -0.468357
   -0.410748
   -0.407167
   -0.408665
   -0.423702
   -0.432741
   -0.406078
   -0.414930
   -0.406061
   -0.400367
   -0.436129
   -0.415369
   -0.120358
   -0.455456
   -0.465603
   -0.471240
   -0.467065
   -0.412017
   -0.409307
   -0.411112
   -0.401840
   -0.412151
   -0.395403
   -0.405730
   -0.391462
   -0.376039
   -0.407030
   -0.407939
   -0.016318
   -0.457963
   -0.469442
   -0.473022
   -0.462827
   -0.419652
   -0.426794
   -0.431492
   -0.395130
   -0.420576
   -0.417187
   -0.408695
   -0.386082
   -0.383780
   -0.389475
   -0.384353
    0.070823
   -0.457702
   -0.471038
   -0.454212
   -0.469616
   -0.370442
   -0.401458
   -0.414016
   -0.414447
   -0.429618
   -0.433785
   -0.426971
   -0.425680
   -0.405983
   -0.391886
   -0.284759
    0.111275
   -0.463150
   -0.466788
   -0.454887
   -0.467529
   -0.317420
   -0.329414
   -0.330304
   -0.373223
   -0.400959
   -0.414691
   -0.414464
   -0.398728
   -0.402712
   -0.400078
   -0.138060
    0.104873
   -0.461277
   -0.462606
   -0.462636
   -0.473848
   -0.333140
   -0.315644
   -0.311376
   -0.320329
   -0.334447
   -0.335889
   -0.358734
   -0.341368
   -0.373142
   -0.375333
    0.044063
    0.128323
   -0.467361
   -0.473854
   -0.466278
   -0.472817
   -0.393707
   -0.379995
   -0.357183
   -0.329395
   -0.336508
   -0.318085
   -0.189759
   -0.217817
   -0.226983
   -0.260697
    0.128337
    0.170151
   -0.467829
   -0.476195
   -0.468503
   -0.461013
   -0.421153
   -0.413615
   -0.396107
   -0.379990
   -0.379546
   -0.354667
   -0.207375
   -0.177944
   -0.161101
   -0.102032
    0.124602
    0.171094
   -0.468113
   -0.484342
   -0.468284
   -0.465295
   -0.421083
   -0.424136
   -0.412086
   -0.392905
   -0.412800
   -0.410431
   -0.323792
   -0.285884
   -0.260772
    0.054795
    0.107772
    0.158782
   -0.468320
   -0.475200
   -0.468349
   -0.468771
   -0.411720
   -0.413386
   -0.411629
   -0.390432
   -0.411222
   -0.418517
   -0.413210
   -0.413009
   -0.382816
    0.104841
    0.124969
    0.146878
   -0.472266
   -0.476423
   -0.468115
   -0.468900
   -0.411336
   -0.409433
   -0.409850
   -0.420895
   -0.415587
   -0.398796
   -0.399722
   -0.404815
   -0.271152
    0.123172
    0.158020
    0.125891
   -0.476772
   -0.471598
   -0.468310
   -0.472417
   -0.411098
   -0.412052
   -0.415525
   -0.408472
   -0.408374
   -0.408957
   -0.385947
   -0.371053
   -0.033965
    0.132415
    0.166714
    0.114338
   -0.484600
   -0.467947
   -0.467918
   -0.476574
   -0.414483
   -0.411211
   -0.411593
   -0.396338
   -0.386844
   -0.423681
   -0.411676
   -0.416032
    0.084103
    0.136930
    0.161261
    0.098534
   -0.485302
   -0.468227
   -0.468257
   -0.476156
   -0.421153
   -0.413294
   -0.412832
   -0.431946
   -0.416919
   -0.385337
   -0.411539
   -0.327042
    0.099858
    0.141986
    0.177620
    0.098916
   -0.484035
   -0.468575
   -0.463357
   -0.475358
   -0.431620
   -0.427426
   -0.427460
   -0.435574
   -0.429845
   -0.419110
   -0.380634
   -0.050564
    0.099091
    0.179519
    0.091146
    0.091486
   -0.471142
   -0.476901
   -0.474268
   -0.484815
   -0.441432
   -0.436599
   -0.431480
   -0.402358
   -0.431280
   -0.428766
   -0.401356
   -0.399361
   -0.411562
   -0.405615
   -0.393990
   -0.240056
   -0.469956
   -0.471600
   -0.474225
   -0.473388
   -0.438003
   -0.443978
   -0.442506
   -0.431210
   -0.456941
   -0.438140
   -0.425596
   -0.413454
   -0.411817
   -0.442566
   -0.427925
   -0.130814
   -0.453613
   -0.467919
   -0.474612
   -0.472205
   -0.423064
   -0.431886
   -0.435558
   -0.431077
   -0.445139
   -0.435025
   -0.445018
   -0.452320
   -0.458622
   -0.486536
   -0.479866
   -0.024441
   -0.453505
   -0.469755
   -0.476825
   -0.467590
   -0.415457
   -0.426155
   -0.425292
   -0.403017
   -0.425991
   -0.433516
   -0.442934
   -0.458504
   -0.469448
   -0.486363
   -0.488726
    0.071380
   -0.454480
   -0.473231
   -0.460278
   -0.470205
   -0.407834
   -0.427120
   -0.431715
   -0.412674
   -0.418884
   -0.419588
   -0.429946
   -0.448767
   -0.447904
   -0.445076
   -0.365680
    0.112504
   -0.455624
   -0.471914
   -0.455458
   -0.470289
   -0.412311
   -0.427810
   -0.422752
   -0.404897
   -0.417278
   -0.415594
   -0.419037
   -0.408587
   -0.416523
   -0.411750
   -0.168158
    0.123390
   -0.458617
   -0.467581
   -0.465474
   -0.475408
   -0.405363
   -0.405178
   -0.403149
   -0.391962
   -0.396112
   -0.374607
   -0.397063
   -0.380347
   -0.407419
   -0.400554
    0.004626
    0.137037
   -0.462077
   -0.472929
   -0.472896
   -0.477878
   -0.411213
   -0.406921
   -0.414769
   -0.395292
   -0.430281
   -0.393678
   -0.403626
   -0.403524
   -0.397575
   -0.429529
    0.079731
    0.169019
   -0.467649
   -0.476769
   -0.467916
   -0.459588
   -0.413240
   -0.417056
   -0.429005
   -0.398078
   -0.395128
   -0.403765
   -0.394153
   -0.389911
   -0.370110
   -0.272321
    0.113808
    0.173563
   -0.467994
   -0.485705
   -0.467951
   -0.463508
   -0.354218
   -0.384742
   -0.406592
   -0.419494
   -0.402408
   -0.432884
   -0.396323
   -0.392979
   -0.398373
   -0.059936
    0.112767
    0.160509
   -0.467930
   -0.476205
   -0.467919
   -0.467887
   -0.314711
   -0.326025
   -0.332229
   -0.383394
   -0.389213
   -0.395078
   -0.414157
   -0.402995
   -0.438290
    0.067601
    0.137898
    0.148823
   -0.472249
   -0.476692
   -0.468098
   -0.467679
   -0.337991
   -0.334230
   -0.330647
   -0.319742
   -0.341719
   -0.280215
   -0.352031
   -0.338621
   -0.328819
    0.111726
    0.184406
    0.126931
   -0.476221
   -0.472640
   -0.467912
   -0.472188
   -0.379792
   -0.374788
   -0.363279
   -0.315525
   -0.303530
   -0.177883
   -0.196978
   -0.192706
   -0.070321
    0.130458
    0.177761
    0.114844
   -0.484746
   -0.467703
   -0.468138
   -0.476148
   -0.402415
   -0.396850
   -0.405212
   -0.372335
   -0.320830
   -0.237618
   -0.174637
   -0.166512
    0.106196
    0.147424
    0.137660
    0.097211
   -0.484362
   -0.468150
   -0.468280
   -0.476591
   -0.400382
   -0.398294
   -0.414234
   -0.412709
   -0.404342
   -0.373888
   -0.304737
   -0.191639
    0.113013
    0.163876
    0.136737
    0.097661
   -0.485859
   -0.467262
   -0.463570
   -0.476357
   -0.410077
   -0.413109
   -0.403381
   -0.423217
   -0.434191
   -0.401871
   -0.393996
   -0.074760
    0.093294
    0.178703
    0.083395
    0.099398
   -0.471420
   -0.477070
   -0.472172
   -0.486053
   -0.405790
   -0.401199
   -0.412305
   -0.429729
   -0.415743
   -0.425839
   -0.420242
   -0.426458
   -0.415712
   -0.389661
   -0.384963
   -0.195791
   -0.482862
   -0.479398
   -0.493653
   -0.474943
   -0.416179
   -0.412245
   -0.406614
   -0.403961
   -0.411005
   -0.414680
   -0.397885
   -0.410293
   -0.421618
   -0.411163
   -0.449844
   -0.115415
   -0.484463
   -0.474740
   -0.495091
   -0.479977
   -0.435087
   -0.429779
   -0.409966
   -0.409774
   -0.422293
   -0.427940
   -0.406565
   -0.408019
   -0.405123
   -0.394154
   -0.434520
    0.031968
   -0.471497
   -0.483045
   -0.476948
   -0.479902
   -0.420319
   -0.422328
   -0.430090
   -0.426846
   -0.416550
   -0.414628
   -0.428420
   -0.429114
   -0.405884
   -0.396390
   -0.397414
    0.123341
   -0.470586
   -0.492501
   -0.463690
   -0.479426
   -0.422573
   -0.420124
   -0.436054
   -0.402246
   -0.413404
   -0.412088
   -0.433263
   -0.404853
   -0.416328
   -0.409609
   -0.321554
    0.087639
   -0.471410
   -0.483804
   -0.473001
   -0.485839
   -0.441963
   -0.448128
   -0.450178
   -0.410978
   -0.422984
   -0.407092
   -0.428016
   -0.395488
   -0.422413
   -0.410653
   -0.147206
    0.114818
   -0.474653
   -0.484436
   -0.485466
   -0.480416
   -0.440548
   -0.445213
   -0.443400
   -0.450629
   -0.468643
   -0.422521
   -0.463732
   -0.419245
   -0.434195
   -0.416738
   -0.029072
    0.160471
   -0.466326
   -0.480946
   -0.496019
   -0.478798
   -0.426408
   -0.424845
   -0.439119
   -0.431483
   -0.480100
   -0.460178
   -0.483097
   -0.452280
   -0.468838
   -0.448790
    0.083874
    0.170246
   -0.475099
   -0.483595
   -0.474823
   -0.466265
   -0.433515
   -0.425414
   -0.430826
   -0.416806
   -0.417889
   -0.454101
   -0.473399
   -0.479619
   -0.482190
   -0.312974
    0.122270
    0.175899
   -0.475247
   -0.492024
   -0.475203
   -0.470221
   -0.417241
   -0.414997
   -0.424118
   -0.441409
   -0.403619
   -0.442001
   -0.426923
   -0.452032
   -0.472944
   -0.084516
    0.128973
    0.163156
   -0.474996
   -0.483902
   -0.474966
   -0.474826
   -0.404974
   -0.402211
   -0.388691
   -0.429353
   -0.399183
   -0.404216
   -0.418332
   -0.417412
   -0.444932
    0.080900
    0.156326
    0.150475
   -0.479577
   -0.483301
   -0.475371
   -0.474511
   -0.410458
   -0.419834
   -0.417387
   -0.395602
   -0.401740
   -0.372179
   -0.443082
   -0.418738
   -0.344204
    0.116682
    0.196756
    0.129162
   -0.483297
   -0.479618
   -0.474868
   -0.479337
   -0.418462
   -0.408127
   -0.407038
   -0.406894
   -0.413783
   -0.356491
   -0.404685
   -0.394543
   -0.152525
    0.109579
    0.187235
    0.116326
   -0.492213
   -0.474963
   -0.475366
   -0.483238
   -0.420694
   -0.419101
   -0.423755
   -0.439338
   -0.411680
   -0.388111
   -0.378259
   -0.380835
    0.028353
    0.118294
    0.142613
    0.098831
   -0.491565
   -0.475186
   -0.474809
   -0.483821
   -0.368498
   -0.390954
   -0.401932
   -0.431345
   -0.424252
   -0.440253
   -0.436839
   -0.340394
    0.083202
    0.148086
    0.135899
    0.099044
   -0.492555
   -0.474616
   -0.471323
   -0.483553
   -0.325409
   -0.347506
   -0.341273
   -0.401635
   -0.415597
   -0.416350
   -0.421073
   -0.087615
    0.126252
    0.206050
    0.099432
    0.095587
   -0.479678
   -0.483398
   -0.478553
   -0.492724
   -0.295104
   -0.310025
   -0.350760
   -0.405002
   -0.405156
   -0.409365
   -0.405021
   -0.421517
   -0.420978
   -0.410598
   -0.413038
   -0.189571
   -0.492622
   -0.477573
   -0.470541
   -0.463829
   -0.307323
   -0.300258
   -0.305818
   -0.304474
   -0.289380
   -0.312982
   -0.354973
   -0.371826
   -0.378653
   -0.365003
   -0.438527
   -0.040586
   -0.480306
   -0.473809
   -0.484256
   -0.481647
   -0.388122
   -0.355203
   -0.331075
   -0.288880
   -0.304231
   -0.310367
   -0.291209
   -0.207560
   -0.170617
   -0.172719
   -0.291379
    0.103176
   -0.470263
   -0.483247
   -0.476611
   -0.481753
   -0.419438
   -0.397295
   -0.400324
   -0.398028
   -0.373084
   -0.336588
   -0.310597
   -0.201798
   -0.154245
   -0.127534
   -0.127908
    0.142191
   -0.470643
   -0.491515
   -0.468873
   -0.482320
   -0.426334
   -0.414257
   -0.421515
   -0.409350
   -0.409433
   -0.421844
   -0.447510
   -0.350543
   -0.312344
   -0.257319
   -0.064727
    0.097401
   -0.496249
   -0.477942
   -0.484525
   -0.482657
   -0.405284
   -0.410746
   -0.408884
   -0.433899
   -0.409192
   -0.410545
   -0.446514
   -0.414528
   -0.437846
   -0.373601
   -0.017729
    0.069470
   -0.474171
   -0.478616
   -0.492128
   -0.473329
   -0.411044
   -0.423542
   -0.422471
   -0.413727
   -0.411981
   -0.407671
   -0.418561
   -0.392759
   -0.438352
   -0.393712
    0.008256
    0.176823
   -0.459758
   -0.490573
   -0.483324
   -0.464654
   -0.422939
   -0.414997
   -0.414158
   -0.410079
   -0.436172
   -0.416086
   -0.399056
   -0.383693
   -0.393724
   -0.336015
    0.102615
    0.174467
   -0.473431
   -0.481487
   -0.473363
   -0.464886
   -0.415483
   -0.404980
   -0.408868
   -0.423390
   -0.421913
   -0.421367
   -0.402432
   -0.412455
   -0.402161
   -0.164633
    0.119593
    0.170020
   -0.473290
   -0.481461
   -0.473297
   -0.469267
   -0.419893
   -0.415160
   -0.411152
   -0.437307
   -0.409378
   -0.420386
   -0.398120
   -0.411729
   -0.427111
    0.019571
    0.131824
    0.157780
   -0.473407
   -0.481585
   -0.473424
   -0.473219
   -0.445841
   -0.459179
   -0.440739
   -0.429167
   -0.390892
   -0.422136
   -0.421392
   -0.417003
   -0.404962
    0.122965
    0.160286
    0.140641
   -0.477519
   -0.477395
   -0.473288
   -0.473407
   -0.434614
   -0.447099
   -0.467810
   -0.444911
   -0.416659
   -0.435311
   -0.451213
   -0.430632
   -0.256953
    0.132379
    0.170470
    0.124301
   -0.481905
   -0.472972
   -0.473500
   -0.477283
   -0.423990
   -0.418157
   -0.436402
   -0.443662
   -0.456513
   -0.448721
   -0.475873
   -0.464508
   -0.064714
    0.110639
    0.162561
    0.111378
   -0.490105
   -0.473377
   -0.473238
   -0.481782
   -0.425442
   -0.419960
   -0.419834
   -0.435302
   -0.460971
   -0.463366
   -0.497973
   -0.449081
    0.051203
    0.118162
    0.156903
    0.099201
   -0.490331
   -0.473101
   -0.469181
   -0.481437
   -0.411222
   -0.411314
   -0.398799
   -0.411199
   -0.441269
   -0.446323
   -0.475488
   -0.262065
    0.097733
    0.157036
    0.131640
    0.098845
   -0.481333
   -0.477776
   -0.473217
   -0.481759
   -0.417834
   -0.407965
   -0.400183
   -0.410317
   -0.431164
   -0.425258
   -0.425872
    0.034732
    0.103582
    0.206357
    0.119365
    0.054354
   -0.478384
   -0.476603
   -0.472699
   -0.479995
   -0.400988
   -0.411705
   -0.419265
   -0.396397
   -0.410511
   -0.386518
   -0.398314
   -0.391733
   -0.412911
   -0.408656
   -0.409984
   -0.209086
   -0.468525
   -0.451385
   -0.443944
   -0.449861
   -0.394001
   -0.392923
   -0.404770
   -0.392827
   -0.407953
   -0.381127
   -0.395456
   -0.382504
   -0.399180
   -0.392325
   -0.426305
   -0.058363
   -0.457294
   -0.454476
   -0.436548
   -0.459446
   -0.396473
   -0.388590
   -0.393294
   -0.395332
   -0.408805
   -0.377106
   -0.394588
   -0.366659
   -0.376940
   -0.358906
   -0.404273
    0.052382
   -0.446159
   -0.466366
   -0.439355
   -0.459668
   -0.395907
   -0.392171
   -0.395440
   -0.371605
   -0.385158
   -0.380632
   -0.401938
   -0.375464
   -0.393197
   -0.391098
   -0.351149
    0.110303
   -0.451655
   -0.468207
   -0.443642
   -0.456218
   -0.362200
   -0.387085
   -0.389203
   -0.392716
   -0.396352
   -0.414546
   -0.422463
   -0.413164
   -0.406857
   -0.400542
   -0.209405
    0.110006
   -0.462909
   -0.459046
   -0.447448
   -0.442132
   -0.289991
   -0.277544
   -0.286386
   -0.388296
   -0.385632
   -0.396994
   -0.401155
   -0.405736
   -0.418402
   -0.387722
   -0.054956
    0.077287
   -0.459589
   -0.454268
   -0.455531
   -0.441882
   -0.292723
   -0.285687
   -0.296578
   -0.272493
   -0.285533
   -0.322138
   -0.330469
   -0.330434
   -0.383931
   -0.364434
    0.030655
    0.115346
   -0.449244
   -0.454767
   -0.467095
   -0.450000
   -0.351810
   -0.335221
   -0.322574
   -0.288608
   -0.294073
   -0.277307
   -0.135582
   -0.143408
   -0.165951
   -0.223590
    0.108758
    0.167369
   -0.451357
   -0.459320
   -0.451441
   -0.443410
   -0.387265
   -0.388119
   -0.380010
   -0.365345
   -0.349741
   -0.325136
   -0.193939
   -0.186902
   -0.155132
   -0.029280
    0.125349
    0.161786
   -0.451143
   -0.458373
   -0.451171
   -0.447504
   -0.401340
   -0.402280
   -0.392958
   -0.385721
   -0.382473
   -0.380856
   -0.297260
   -0.280356
   -0.259992
    0.102460
    0.130275
    0.149851
   -0.451388
   -0.459206
   -0.451383
   -0.451402
   -0.394789
   -0.399589
   -0.398532
   -0.370397
   -0.389361
   -0.405332
   -0.389114
   -0.382663
   -0.356123
    0.111766
    0.142420
    0.133291
   -0.455154
   -0.454894
   -0.451145
   -0.451465
   -0.395296
   -0.392803
   -0.392968
   -0.392965
   -0.407725
   -0.395694
   -0.406811
   -0.399480
   -0.225930
    0.112231
    0.151033
    0.117912
   -0.459562
   -0.450631
   -0.451521
   -0.455213
   -0.391919
   -0.395570
   -0.407692
   -0.383531
   -0.390737
   -0.371953
   -0.382498
   -0.400094
    0.007826
    0.119350
    0.142383
    0.105804
   -0.467196
   -0.451319
   -0.451137
   -0.459410
   -0.390126
   -0.396601
   -0.400203
   -0.382643
   -0.381915
   -0.399713
   -0.392292
   -0.386315
    0.102587
    0.135726
    0.154577
    0.094525
   -0.467597
   -0.451220
   -0.447021
   -0.459174
   -0.408228
   -0.407744
   -0.395758
   -0.421055
   -0.412016
   -0.427778
   -0.359768
   -0.206774
    0.102392
    0.164132
    0.147944
    0.094257
   -0.457998
   -0.456042
   -0.451426
   -0.459433
   -0.437392
   -0.432523
   -0.407435
   -0.388993
   -0.419282
   -0.419288
   -0.417134
    0.047014
    0.082832
    0.177421
    0.076514
    0.051158
   -0.454937
   -0.455181
   -0.451327
   -0.456802
   -0.430229
   -0.428240
   -0.423198
   -0.403478
   -0.403750
   -0.402751
   -0.400722
   -0.406177
   -0.400426
   -0.403958
   -0.394646
   -0.252255
   -0.468333
   -0.462311
   -0.459378
   -0.464091
   -0.433983
   -0.434898
   -0.433828
   -0.422797
   -0.433719
   -0.415472
   -0.405966
   -0.412993
   -0.414341
   -0.420224
   -0.424255
   -0.142748
   -0.470931
   -0.462392
   -0.448242
   -0.467296
   -0.428156
   -0.431361
   -0.435599
   -0.439725
   -0.451544
   -0.427209
   -0.432811
   -0.447902
   -0.460540
   -0.459334
   -0.473866
   -0.019060
   -0.462364
   -0.472510
   -0.448515
   -0.471403
   -0.425536
   -0.415874
   -0.407590
   -0.410850
   -0.422229
   -0.423836
   -0.441948
   -0.461537
   -0.474041
   -0.479486
   -0.463928
    0.082175
   -0.458794
   -0.479061
   -0.449575
   -0.465382
   -0.424758
   -0.419618
   -0.410065
   -0.396257
   -0.401699
   -0.412014
   -0.414311
   -0.437976
   -0.432368
   -0.451426
   -0.332596
    0.121396
   -0.464837
   -0.470587
   -0.450675
   -0.455507
   -0.405277
   -0.402887
   -0.403372
   -0.405485
   -0.407711
   -0.427662
   -0.402035
   -0.424634
   -0.401634
   -0.407230
   -0.134742
    0.098291
   -0.472201
   -0.465709
   -0.461108
   -0.453123
   -0.397342
   -0.398286
   -0.411679
   -0.364358
   -0.364167
   -0.397379
   -0.375645
   -0.387677
   -0.391252
   -0.379130
    0.002277
    0.088932
   -0.470228
   -0.465774
   -0.473291
   -0.458458
   -0.377083
   -0.390814
   -0.391317
   -0.370374
   -0.414385
   -0.407437
   -0.386624
   -0.395201
   -0.394598
   -0.402289
    0.085764
    0.170578
   -0.462365
   -0.470654
   -0.462388
   -0.454129
   -0.400185
   -0.406056
   -0.423397
   -0.395628
   -0.391356
   -0.391636
   -0.383308
   -0.373576
   -0.378955
   -0.226082
    0.132443
    0.166726
   -0.462416
   -0.470718
   -0.462402
   -0.458130
   -0.396015
   -0.397305
   -0.406360
   -0.404452
   -0.404198
   -0.407284
   -0.406235
   -0.368714
   -0.406158
   -0.031534
    0.146952
    0.154251
   -0.462406
   -0.470593
   -0.462411
   -0.462339
   -0.288211
   -0.302767
   -0.330305
   -0.373979
   -0.398208
   -0.390939
   -0.411659
   -0.389697
   -0.411527
    0.068599
    0.135850
    0.137993
   -0.466543
   -0.466489
   -0.462426
   -0.462251
   -0.300887
   -0.306938
   -0.281333
   -0.275147
   -0.300580
   -0.281669
   -0.347173
   -0.366762
   -0.266250
    0.123394
    0.192308
    0.121298
   -0.470592
   -0.462482
   -0.462383
   -0.466504
   -0.375789
   -0.358162
   -0.335689
   -0.300059
   -0.231912
   -0.145089
   -0.152251
   -0.205488
    0.008650
    0.110586
    0.154047
    0.109029
   -0.478808
   -0.462352
   -0.462361
   -0.470577
   -0.397606
   -0.389686
   -0.390309
   -0.366466
   -0.269345
   -0.217015
   -0.161391
   -0.181788
    0.128497
    0.133022
    0.137389
    0.096468
   -0.478749
   -0.462441
   -0.458304
   -0.470687
   -0.380486
   -0.399957
   -0.415521
   -0.399611
   -0.371210
   -0.382462
   -0.277686
   -0.133875
    0.117769
    0.194735
    0.110534
    0.096613
   -0.470806
   -0.466344
   -0.462327
   -0.470601
   -0.402832
   -0.423965
   -0.406781
   -0.380914
   -0.402883
   -0.426837
   -0.412557
   -0.027319
    0.088851
    0.181111
    0.072443
    0.065341
   -0.462099
   -0.470939
   -0.470974
   -0.483223
   -0.474105
   -0.473169
   -0.463095
   -0.460107
   -0.464474
   -0.479247
   -0.476677
   -0.478285
   -0.455674
   -0.443230
   -0.428688
   -0.229493
   -0.532124
   -0.522191
   -0.522133
   -0.527080
   -0.469944
   -0.474768
   -0.460588
   -0.447259
   -0.453512
   -0.458766
   -0.460520
   -0.465739
   -0.463676
   -0.459766
   -0.477499
   -0.106136
   -0.541040
   -0.531353
   -0.517344
   -0.530410
   -0.459608
   -0.470550
   -0.469455
   -0.452820
   -0.458442
   -0.454058
   -0.459855
   -0.454500
   -0.452753
   -0.449193
   -0.458959
    0.030307
   -0.527813
   -0.543315
   -0.509031
   -0.530905
   -0.474109
   -0.473321
   -0.472030
   -0.455926
   -0.457484
   -0.461643
   -0.471743
   -0.466903
   -0.456942
   -0.465035
   -0.407559
    0.108412
   -0.517212
   -0.531339
   -0.512847
   -0.522712
   -0.465243
   -0.462103
   -0.461667
   -0.447827
   -0.447580
   -0.458349
   -0.462764
   -0.473375
   -0.472003
   -0.494033
   -0.299471
    0.122046
   -0.521109
   -0.527781
   -0.518552
   -0.519270
   -0.476905
   -0.474388
   -0.469318
   -0.459041
   -0.456042
   -0.467656
   -0.455529
   -0.474382
   -0.480599
   -0.485216
   -0.143293
    0.112898
   -0.530979
   -0.527999
   -0.526065
   -0.518366
   -0.488315
   -0.481290
   -0.472647
   -0.478435
   -0.488853
   -0.472887
   -0.456741
   -0.456116
   -0.459606
   -0.455105
    0.021276
    0.143715
   -0.540004
   -0.539966
   -0.525245
   -0.518651
   -0.471322
   -0.473305
   -0.488270
   -0.472836
   -0.506338
   -0.468586
   -0.484067
   -0.517861
   -0.498113
   -0.456506
    0.108662
    0.192467
   -0.522602
   -0.531865
   -0.522567
   -0.513245
   -0.467545
   -0.463103
   -0.469807
   -0.484346
   -0.471108
   -0.459050
   -0.494226
   -0.502954
   -0.481313
   -0.289463
    0.121765
    0.188422
   -0.522886
   -0.532120
   -0.522878
   -0.517811
   -0.473118
   -0.463885
   -0.466191
   -0.483557
   -0.467720
   -0.451449
   -0.494233
   -0.471034
   -0.488723
   -0.067219
    0.128972
    0.174447
   -0.522660
   -0.531840
   -0.522657
   -0.522477
   -0.463534
   -0.451607
   -0.450187
   -0.453960
   -0.462025
   -0.450442
   -0.482544
   -0.476569
   -0.496928
    0.089834
    0.154826
    0.156102
   -0.527591
   -0.527242
   -0.522942
   -0.522415
   -0.453048
   -0.445364
   -0.444228
   -0.443840
   -0.450871
   -0.436813
   -0.448019
   -0.462914
   -0.369795
    0.137899
    0.206027
    0.137179
   -0.531846
   -0.522781
   -0.522561
   -0.527238
   -0.460837
   -0.455015
   -0.455622
   -0.456912
   -0.443251
   -0.432160
   -0.423815
   -0.428083
   -0.125816
    0.125984
    0.211914
    0.123320
   -0.541452
   -0.522527
   -0.522871
   -0.531806
   -0.462941
   -0.466349
   -0.466119
   -0.478581
   -0.447909
   -0.457974
   -0.441134
   -0.428522
    0.041143
    0.144412
    0.175986
    0.109009
   -0.541058
   -0.522665
   -0.518001
   -0.531970
   -0.414772
   -0.442648
   -0.462869
   -0.462917
   -0.472299
   -0.469721
   -0.456806
   -0.291971
    0.110865
    0.203362
    0.099723
    0.109273
   -0.532582
   -0.526902
   -0.522813
   -0.531764
   -0.356925
   -0.380302
   -0.398664
   -0.434864
   -0.447460
   -0.493082
   -0.453073
   -0.062171
    0.135087
    0.178969
    0.111192
    0.060206
   -0.526985
   -0.527673
   -0.528242
   -0.552213
   -0.403072
   -0.407005
   -0.404398
   -0.436770
   -0.425410
   -0.451536
   -0.443762
   -0.443207
   -0.425303
   -0.422974
   -0.414740
   -0.251920
   -0.497095
   -0.471185
   -0.496345
   -0.475242
   -0.347585
   -0.356666
   -0.354887
   -0.384565
   -0.370280
   -0.403438
   -0.410205
   -0.394042
   -0.389399
   -0.383804
   -0.416275
   -0.095156
   -0.484814
   -0.484505
   -0.493470
   -0.475616
   -0.333838
   -0.345374
   -0.344638
   -0.340399
   -0.319541
   -0.338565
   -0.338399
   -0.278823
   -0.263598
   -0.254861
   -0.295071
    0.060909
   -0.476089
   -0.480634
   -0.463377
   -0.475225
   -0.394379
   -0.395298
   -0.391683
   -0.364961
   -0.350062
   -0.345308
   -0.326164
   -0.232562
   -0.194946
   -0.190254
   -0.165010
    0.077501
   -0.466980
   -0.478546
   -0.467633
   -0.479178
   -0.423369
   -0.431058
   -0.436988
   -0.411831
   -0.407252
   -0.402964
   -0.408155
   -0.328268
   -0.311106
   -0.296752
   -0.140176
    0.064344
   -0.471662
   -0.483105
   -0.481136
   -0.475985
   -0.417483
   -0.422079
   -0.421123
   -0.421057
   -0.423559
   -0.414376
   -0.442005
   -0.415630
   -0.427910
   -0.392778
   -0.090768
    0.110836
   -0.475065
   -0.483808
   -0.472264
   -0.471772
   -0.420468
   -0.419511
   -0.417149
   -0.448321
   -0.441344
   -0.393645
   -0.419902
   -0.413389
   -0.427131
   -0.381130
    0.029594
    0.168284
   -0.471868
   -0.481428
   -0.462006
   -0.479191
   -0.437908
   -0.423901
   -0.425078
   -0.417972
   -0.445257
   -0.433500
   -0.416088
   -0.431085
   -0.424996
   -0.380240
    0.088649
    0.175314
   -0.475315
   -0.483718
   -0.475299
   -0.466852
   -0.422168
   -0.416162
   -0.410755
   -0.441296
   -0.419832
   -0.422048
   -0.430500
   -0.432718
   -0.417152
   -0.230982
    0.096444
    0.171055
   -0.475505
   -0.483631
   -0.475520
   -0.471055
   -0.419427
   -0.413933
   -0.412535
   -0.444544
   -0.421477
   -0.410988
   -0.435976
   -0.421922
   -0.440015
   -0.037091
    0.112373
    0.158421
   -0.475367
   -0.483678
   -0.475343
   -0.475259
   -0.433560
   -0.430647
   -0.430648
   -0.416113
   -0.421250
   -0.417560
   -0.439079
   -0.436978
   -0.448148
    0.089438
    0.142065
    0.141510
   -0.479780
   -0.479391
   -0.475580
   -0.475200
   -0.438430
   -0.433091
   -0.449278
   -0.420556
   -0.437687
   -0.431429
   -0.427938
   -0.426766
   -0.324555
    0.124860
    0.173700
    0.124622
   -0.483801
   -0.475217
   -0.475314
   -0.479510
   -0.429201
   -0.438950
   -0.442653
   -0.422841
   -0.447234
   -0.457987
   -0.448309
   -0.420669
   -0.100968
    0.116195
    0.183208
    0.111960
   -0.492431
   -0.475222
   -0.475568
   -0.483645
   -0.426402
   -0.435919
   -0.435773
   -0.432441
   -0.442890
   -0.459861
   -0.466670
   -0.436262
    0.045042
    0.127842
    0.161050
    0.099294
   -0.492220
   -0.475297
   -0.471009
   -0.483775
   -0.419061
   -0.419449
   -0.419226
   -0.421412
   -0.447971
   -0.425536
   -0.443326
   -0.288613
    0.109144
    0.173007
    0.097089
    0.099319
   -0.483880
   -0.479502
   -0.475587
   -0.483634
   -0.410105
   -0.401162
   -0.405300
   -0.420827
   -0.432298
   -0.442590
   -0.390076
   -0.028400
    0.132279
    0.156662
    0.119940
    0.050948
   -0.480181
   -0.478858
   -0.478986
   -0.500823
