   -0.396339
   -0.396833
   -0.396381
   -0.396783
   -0.396441
   -0.396722
   -0.396488
   -0.396689
   -0.396521
   -0.396664
   -0.396535
   -0.396650
   -0.396545
   -0.396646
   -0.400872
   -0.400947
   -0.396806
   -0.396571
   -0.396767
   -0.396617
   -0.396712
   -0.396674
   -0.396669
   -0.396705
   -0.396637
   -0.396730
   -0.396622
   -0.396745
   -0.396611
   -0.396750
   -0.400949
   -0.401047
   -0.396375
   -0.396801
   -0.396410
   -0.396760
   -0.396459
   -0.396708
   -0.396499
   -0.396681
   -0.396527
   -0.396657
   -0.396542
   -0.396643
   -0.396553
   -0.396636
   -0.400884
   -0.400928
   -0.396770
   -0.396604
   -0.396738
   -0.396642
   -0.396692
   -0.396690
   -0.396656
   -0.396716
   -0.396629
   -0.396739
   -0.396612
   -0.396755
   -0.396599
   -0.396763
   -0.400933
   -0.401046
   -0.396410
   -0.396769
   -0.396439
   -0.396734
   -0.396480
   -0.396692
   -0.396512
   -0.396669
   -0.396536
   -0.396648
   -0.396551
   -0.396633
   -0.396564
   -0.396624
   -0.400900
   -0.400920
   -0.396737
   -0.396635
   -0.396710
   -0.396667
   -0.396671
   -0.396705
   -0.396643
   -0.396726
   -0.396621
   -0.396747
   -0.396605
   -0.396763
   -0.396591
   -0.396773
   -0.400922
   -0.401086
   -0.396415
   -0.396720
   -0.396441
   -0.396690
   -0.396475
   -0.396656
   -0.396523
   -0.396661
   -0.396543
   -0.396642
   -0.396558
   -0.396627
   -0.396570
   -0.396617
   -0.396574
   -0.396559
   -0.396754
   -0.396709
   -0.396730
   -0.396736
   -0.396699
   -0.396767
   -0.396622
   -0.396736
   -0.396613
   -0.396753
   -0.396599
   -0.396767
   -0.396587
   -0.396776
   -0.396584
   -0.396787
   -0.396518
   -0.396758
   -0.396538
   -0.396735
   -0.396564
   -0.396709
   -0.396527
   -0.396651
   -0.396550
   -0.396635
   -0.396563
   -0.396622
   -0.396574
   -0.396614
   -0.396577
   -0.396602
   -0.396719
   -0.396740
   -0.396702
   -0.396760
   -0.396681
   -0.396781
   -0.396611
   -0.396744
   -0.396607
   -0.396759
   -0.396594
   -0.396772
   -0.396583
   -0.396780
   -0.396579
   -0.396774
   -0.396554
   -0.396725
   -0.396567
   -0.396710
   -0.396583
   -0.396694
   -0.396539
   -0.396641
   -0.396558
   -0.396627
   -0.396571
   -0.396614
   -0.396581
   -0.396607
   -0.396585
   -0.396609
   -0.396690
   -0.396767
   -0.396680
   -0.396778
   -0.396667
   -0.396792
   -0.396602
   -0.396752
   -0.396600
   -0.396766
   -0.396586
   -0.396780
   -0.396575
   -0.396788
   -0.396570
   -0.396813
   -0.396575
   -0.396707
   -0.396582
   -0.396698
   -0.396592
   -0.396687
   -0.396545
   -0.396636
   -0.396563
   -0.396622
   -0.396578
   -0.396607
   -0.396589
   -0.396598
   -0.396595
   -0.396599
   -0.396677
   -0.396778
   -0.396670
   -0.396786
   -0.396662
   -0.396796
   -0.396598
   -0.396757
   -0.396596
   -0.396772
   -0.396579
   -0.396789
   -0.396565
   -0.396800
   -0.396558
   -0.396805
   -0.396584
   -0.396699
   -0.396589
   -0.396692
   -0.396595
   -0.396684
   -0.396547
   -0.396632
   -0.396566
   -0.396616
   -0.396584
   -0.396599
   -0.396599
   -0.396587
   -0.396608
   -0.396576
   -0.396668
   -0.396786
   -0.396663
   -0.396792
   -0.396657
   -0.396800
   -0.396594
   -0.396760
   -0.396592
   -0.396776
   -0.396573
   -0.396795
   -0.396558
   -0.396808
   -0.396549
   -0.396818
   -0.431671
   -0.431829
   -0.431672
   -0.431831
   -0.431671
   -0.431838
   -0.431658
   -0.431859
   -0.431639
   -0.431858
   -0.431650
   -0.431855
   -0.431652
   -0.431843
   -0.436177
   -0.436484
   -0.431813
   -0.431872
   -0.431810
   -0.431873
   -0.431809
   -0.431868
   -0.431819
   -0.431850
   -0.431835
   -0.431852
   -0.431825
   -0.431855
   -0.431823
   -0.431866
   -0.436301
   -0.436564
   -0.431669
   -0.431830
   -0.431671
   -0.431830
   -0.431672
   -0.431834
   -0.431663
   -0.431851
   -0.431648
   -0.431850
   -0.431657
   -0.431848
   -0.431659
   -0.431836
   -0.436181
   -0.436479
   -0.431813
   -0.431873
   -0.431810
   -0.431873
   -0.431810
   -0.431870
   -0.431815
   -0.431857
   -0.431828
   -0.431858
   -0.431819
   -0.431862
   -0.431815
   -0.431874
   -0.436295
   -0.436600
   -0.431670
   -0.431828
   -0.431672
   -0.431828
   -0.431673
   -0.431830
   -0.431669
   -0.431842
   -0.431657
   -0.431842
   -0.431664
   -0.431840
   -0.431668
   -0.431827
   -0.436188
   -0.436490
   -0.431809
   -0.431878
   -0.431806
   -0.431879
   -0.431804
   -0.431878
   -0.431807
   -0.431869
   -0.431816
   -0.431868
   -0.431811
   -0.431871
   -0.431805
   -0.431884
   -0.436287
   -0.436566
   -0.431732
   -0.431879
   -0.431734
   -0.431878
   -0.431735
   -0.431880
   -0.431677
   -0.431832
   -0.431667
   -0.431834
   -0.431671
   -0.431832
   -0.431675
   -0.431820
   -0.431693
   -0.431938
   -0.431640
   -0.431710
   -0.431636
   -0.431713
   -0.431634
   -0.431713
   -0.431587
   -0.431877
   -0.431807
   -0.431876
   -0.431803
   -0.431879
   -0.431797
   -0.431892
   -0.431780
   -0.431891
   -0.431503
   -0.431661
   -0.431507
   -0.431659
   -0.431508
   -0.431658
   -0.431463
   -0.431830
   -0.431669
   -0.431832
   -0.431673
   -0.431828
   -0.431679
   -0.431815
   -0.431696
   -0.431810
   -0.431650
   -0.431701
   -0.431644
   -0.431705
   -0.431641
   -0.431708
   -0.431592
   -0.431876
   -0.431807
   -0.431878
   -0.431801
   -0.431884
   -0.431792
   -0.431900
   -0.431774
   -0.431935
   -0.431500
   -0.431663
   -0.431505
   -0.431661
   -0.431505
   -0.431660
   -0.431462
   -0.431828
   -0.431673
   -0.431827
   -0.431679
   -0.431820
   -0.431687
   -0.431806
   -0.431704
   -0.431808
   -0.431641
   -0.431710
   -0.431636
   -0.431712
   -0.431636
   -0.431713
   -0.431588
   -0.431882
   -0.431801
   -0.431884
   -0.431795
   -0.431891
   -0.431785
   -0.431906
   -0.431769
   -0.431908
   -0.431507
   -0.431656
   -0.431512
   -0.431654
   -0.431510
   -0.431655
   -0.431465
   -0.431825
   -0.431677
   -0.431823
   -0.431682
   -0.431816
   -0.431691
   -0.431802
   -0.431706
   -0.431781
   -0.431632
   -0.431718
   -0.431627
   -0.431721
   -0.431629
   -0.431719
   -0.431584
   -0.431885
   -0.431798
   -0.431886
   -0.431793
   -0.431894
   -0.431783
   -0.431909
   -0.431767
   -0.431916
   -0.431516
   -0.431647
   -0.431521
   -0.431645
   -0.431518
   -0.431649
   -0.431470
   -0.431820
   -0.431681
   -0.431819
   -0.431685
   -0.431811
   -0.431696
   -0.431797
   -0.431711
   -0.431797
   -0.431621
   -0.431729
   -0.431616
   -0.431731
   -0.431620
   -0.431726
   -0.431579
   -0.431890
   -0.431795
   -0.431889
   -0.431791
   -0.431897
   -0.431780
   -0.431912
   -0.431765
   -0.431914
   -0.378045
   -0.377861
   -0.378018
   -0.377892
   -0.377985
   -0.377922
   -0.377970
   -0.377932
   -0.377966
   -0.377933
   -0.377961
   -0.377934
   -0.377968
   -0.377932
   -0.381966
   -0.382011
   -0.377866
   -0.377950
   -0.377891
   -0.377922
   -0.377920
   -0.377895
   -0.377933
   -0.377887
   -0.377938
   -0.377885
   -0.377942
   -0.377883
   -0.377938
   -0.377884
   -0.381938
   -0.381931
   -0.378025
   -0.377878
   -0.378002
   -0.377904
   -0.377976
   -0.377928
   -0.377965
   -0.377936
   -0.377960
   -0.377939
   -0.377953
   -0.377943
   -0.377955
   -0.377945
   -0.381950
   -0.382039
   -0.377889
   -0.377930
   -0.377909
   -0.377908
   -0.377931
   -0.377889
   -0.377939
   -0.377883
   -0.377943
   -0.377881
   -0.377948
   -0.377877
   -0.377947
   -0.377875
   -0.381949
   -0.381967
   -0.378012
   -0.377890
   -0.377991
   -0.377911
   -0.377971
   -0.377930
   -0.377963
   -0.377936
   -0.377957
   -0.377942
   -0.377949
   -0.377948
   -0.377947
   -0.377952
   -0.381941
   -0.382016
   -0.377897
   -0.377923
   -0.377916
   -0.377905
   -0.377932
   -0.377889
   -0.377939
   -0.377884
   -0.377944
   -0.377878
   -0.377953
   -0.377872
   -0.377955
   -0.377869
   -0.381957
   -0.381893
   -0.378063
   -0.377939
   -0.378042
   -0.377957
   -0.378025
   -0.377975
   -0.377966
   -0.377933
   -0.377957
   -0.377943
   -0.377945
   -0.377952
   -0.377941
   -0.377956
   -0.377938
   -0.378080
   -0.377808
   -0.377836
   -0.377826
   -0.377820
   -0.377840
   -0.377806
   -0.378017
   -0.377886
   -0.377945
   -0.377876
   -0.377957
   -0.377869
   -0.377958
   -0.377869
   -0.377957
   -0.377852
   -0.377914
   -0.377811
   -0.377897
   -0.377825
   -0.377885
   -0.377838
   -0.378047
   -0.377931
   -0.377958
   -0.377942
   -0.377945
   -0.377949
   -0.377944
   -0.377949
   -0.377947
   -0.377971
   -0.377824
   -0.377823
   -0.377837
   -0.377814
   -0.377843
   -0.377806
   -0.378016
   -0.377890
   -0.377941
   -0.377882
   -0.377951
   -0.377878
   -0.377948
   -0.377883
   -0.377940
   -0.377917
   -0.377898
   -0.377824
   -0.377886
   -0.377831
   -0.377882
   -0.377837
   -0.378048
   -0.377926
   -0.377964
   -0.377934
   -0.377954
   -0.377938
   -0.377958
   -0.377930
   -0.377968
   -0.377899
   -0.377835
   -0.377814
   -0.377843
   -0.377812
   -0.377842
   -0.377811
   -0.378010
   -0.377900
   -0.377931
   -0.377893
   -0.377938
   -0.377893
   -0.377930
   -0.377905
   -0.377918
   -0.377864
   -0.377889
   -0.377830
   -0.377882
   -0.377830
   -0.377886
   -0.377830
   -0.378057
   -0.377915
   -0.377975
   -0.377923
   -0.377966
   -0.377925
   -0.377972
   -0.377913
   -0.377985
   -0.377887
   -0.377842
   -0.377810
   -0.377846
   -0.377813
   -0.377838
   -0.377818
   -0.378002
   -0.377909
   -0.377922
   -0.377902
   -0.377930
   -0.377902
   -0.377922
   -0.377915
   -0.377908
   -0.377935
   -0.377881
   -0.377836
   -0.377878
   -0.377831
   -0.377888
   -0.377825
   -0.378062
   -0.377907
   -0.377983
   -0.377915
   -0.377973
   -0.377916
   -0.377981
   -0.377902
   -0.377994
   -0.377895
   -0.377849
   -0.377804
   -0.377852
   -0.377811
   -0.377837
   -0.377821
   -0.377998
   -0.377916
   -0.377913
   -0.377912
   -0.377920
   -0.377914
   -0.377908
   -0.377932
   -0.377891
   -0.377945
   -0.370644
   -0.370538
   -0.370679
   -0.370506
   -0.370709
   -0.370485
   -0.370722
   -0.370469
   -0.370735
   -0.370470
   -0.370716
   -0.370495
   -0.370684
   -0.370527
   -0.375160
   -0.374550
   -0.370578
   -0.370480
   -0.370542
   -0.370513
   -0.370512
   -0.370535
   -0.370497
   -0.370552
   -0.370483
   -0.370554
   -0.370498
   -0.370533
   -0.370526
   -0.370503
   -0.375053
   -0.374504
   -0.370629
   -0.370553
   -0.370663
   -0.370521
   -0.370693
   -0.370499
   -0.370707
   -0.370483
   -0.370720
   -0.370481
   -0.370706
   -0.370502
   -0.370678
   -0.370531
   -0.375157
   -0.374557
   -0.370594
   -0.370464
   -0.370558
   -0.370498
   -0.370527
   -0.370522
   -0.370510
   -0.370539
   -0.370496
   -0.370544
   -0.370507
   -0.370526
   -0.370532
   -0.370500
   -0.375057
   -0.374399
   -0.370613
   -0.370569
   -0.370646
   -0.370537
   -0.370676
   -0.370514
   -0.370691
   -0.370499
   -0.370704
   -0.370495
   -0.370694
   -0.370513
   -0.370668
   -0.370539
   -0.375148
   -0.374527
   -0.370606
   -0.370451
   -0.370573
   -0.370482
   -0.370543
   -0.370506
   -0.370527
   -0.370522
   -0.370514
   -0.370528
   -0.370521
   -0.370513
   -0.370544
   -0.370489
   -0.375069
   -0.374521
   -0.370439
   -0.370399
   -0.370468
   -0.370371
   -0.370495
   -0.370349
   -0.370683
   -0.370506
   -0.370696
   -0.370500
   -0.370691
   -0.370513
   -0.370670
   -0.370535
   -0.370650
   -0.370131
   -0.371105
   -0.370949
   -0.371078
   -0.370975
   -0.371051
   -0.370998
   -0.371120
   -0.370514
   -0.370522
   -0.370523
   -0.370522
   -0.370516
   -0.370537
   -0.370500
   -0.370552
   -0.370549
   -0.371100
   -0.371079
   -0.371125
   -0.371055
   -0.371150
   -0.371032
   -0.371252
   -0.370518
   -0.370685
   -0.370508
   -0.370687
   -0.370510
   -0.370678
   -0.370522
   -0.370666
   -0.370494
   -0.371108
   -0.370944
   -0.371085
   -0.370967
   -0.371061
   -0.370989
   -0.371129
   -0.370507
   -0.370530
   -0.370518
   -0.370524
   -0.370521
   -0.370527
   -0.370515
   -0.370534
   -0.370447
   -0.371113
   -0.371069
   -0.371131
   -0.371050
   -0.371151
   -0.371031
   -0.371252
   -0.370516
   -0.370685
   -0.370505
   -0.370694
   -0.370498
   -0.370695
   -0.370500
   -0.370692
   -0.370460
   -0.371089
   -0.370960
   -0.371074
   -0.370976
   -0.371056
   -0.370995
   -0.371123
   -0.370514
   -0.370523
   -0.370528
   -0.370510
   -0.370540
   -0.370504
   -0.370543
   -0.370502
   -0.370594
   -0.371134
   -0.371051
   -0.371144
   -0.371040
   -0.371158
   -0.371023
   -0.371261
   -0.370505
   -0.370697
   -0.370490
   -0.370712
   -0.370475
   -0.370721
   -0.370470
   -0.370725
   -0.370495
   -0.371077
   -0.370970
   -0.371068
   -0.370980
   -0.371053
   -0.370999
   -0.371118
   -0.370523
   -0.370512
   -0.370542
   -0.370493
   -0.370562
   -0.370479
   -0.370570
   -0.370474
   -0.370593
   -0.371138
   -0.371048
   -0.371143
   -0.371041
   -0.371158
   -0.371021
   -0.371265
   -0.370496
   -0.370709
   -0.370474
   -0.370732
   -0.370451
   -0.370748
   -0.370441
   -0.370755
   -0.370397
   -0.371069
   -0.370977
   -0.371064
   -0.370984
   -0.371048
   -0.371007
   -0.371107
   -0.370539
   -0.370491
   -0.370567
   -0.370463
   -0.370596
   -0.370443
   -0.370611
   -0.370431
   -0.370650
   -0.389826
   -0.390161
   -0.389852
   -0.390126
   -0.389897
   -0.390077
   -0.389939
   -0.390039
   -0.389964
   -0.390019
   -0.389989
   -0.390002
   -0.389998
   -0.390002
   -0.394320
   -0.394246
   -0.390148
   -0.389897
   -0.390123
   -0.389930
   -0.390082
   -0.389974
   -0.390044
   -0.390009
   -0.390020
   -0.390028
   -0.389997
   -0.390043
   -0.389988
   -0.390045
   -0.394334
   -0.394362
   -0.389868
   -0.390120
   -0.389888
   -0.390093
   -0.389923
   -0.390057
   -0.389954
   -0.390028
   -0.389972
   -0.390013
   -0.389992
   -0.390000
   -0.390000
   -0.389999
   -0.394324
   -0.394205
   -0.390099
   -0.389943
   -0.390082
   -0.389966
   -0.390054
   -0.389996
   -0.390028
   -0.390020
   -0.390013
   -0.390033
   -0.389995
   -0.390045
   -0.389988
   -0.390046
   -0.394332
   -0.394257
   -0.389906
   -0.390085
   -0.389919
   -0.390066
   -0.389943
   -0.390042
   -0.389964
   -0.390021
   -0.389977
   -0.390009
   -0.389994
   -0.389997
   -0.390001
   -0.389996
   -0.394328
   -0.394306
   -0.390075
   -0.389967
   -0.390062
   -0.389982
   -0.390042
   -0.390003
   -0.390024
   -0.390022
   -0.390012
   -0.390034
   -0.389996
   -0.390045
   -0.389989
   -0.390046
   -0.394331
   -0.394409
   -0.389825
   -0.389975
   -0.389835
   -0.389962
   -0.389850
   -0.389946
   -0.389961
   -0.390026
   -0.389971
   -0.390015
   -0.389986
   -0.390005
   -0.389991
   -0.390006
   -0.389982
   -0.389783
   -0.390175
   -0.390105
   -0.390167
   -0.390114
   -0.390158
   -0.390124
   -0.389646
   -0.390017
   -0.390020
   -0.390025
   -0.390007
   -0.390033
   -0.390005
   -0.390029
   -0.390016
   -0.390051
   -0.390065
   -0.390165
   -0.390070
   -0.390161
   -0.390074
   -0.390156
   -0.389579
   -0.390031
   -0.389962
   -0.390026
   -0.389971
   -0.390023
   -0.389969
   -0.390032
   -0.389952
   -0.389990
   -0.390157
   -0.390123
   -0.390153
   -0.390123
   -0.390155
   -0.390123
   -0.389653
   -0.390005
   -0.390035
   -0.390007
   -0.390030
   -0.390008
   -0.390036
   -0.389993
   -0.390057
   -0.389913
   -0.390086
   -0.390146
   -0.390086
   -0.390150
   -0.390078
   -0.390157
   -0.389573
   -0.390043
   -0.389946
   -0.390046
   -0.389946
   -0.390050
   -0.389935
   -0.390070
   -0.389909
   -0.390171
   -0.390139
   -0.390138
   -0.390141
   -0.390130
   -0.390155
   -0.390118
   -0.389663
   -0.389991
   -0.390054
   -0.389985
   -0.390057
   -0.389976
   -0.390074
   -0.389950
   -0.390105
   -0.390057
   -0.390104
   -0.390130
   -0.390099
   -0.390142
   -0.390079
   -0.390159
   -0.389566
   -0.390053
   -0.389932
   -0.390061
   -0.389926
   -0.390075
   -0.389902
   -0.390108
   -0.389866
   -0.390177
   -0.390122
   -0.390154
   -0.390128
   -0.390139
   -0.390151
   -0.390119
   -0.389666
   -0.389986
   -0.390062
   -0.389975
   -0.390071
   -0.389958
   -0.390099
   -0.389920
   -0.390139
   -0.389858
   -0.390110
   -0.390125
   -0.390102
   -0.390142
   -0.390074
   -0.390166
   -0.389556
   -0.390065
   -0.389916
   -0.390080
   -0.389903
   -0.390103
   -0.389868
   -0.390148
   -0.389822
   -0.390186
   -0.390124
   -0.390152
   -0.390131
   -0.390133
   -0.390161
   -0.390108
   -0.389679
   -0.389969
   -0.390083
   -0.389952
   -0.390100
   -0.389924
   -0.390141
   -0.389872
   -0.390192
   -0.389824
   -0.390678
   -0.390621
   -0.390651
   -0.390656
   -0.390613
   -0.390685
   -0.390598
   -0.390694
   -0.390591
   -0.390694
   -0.390599
   -0.390681
   -0.390616
   -0.390673
   -0.390557
   -0.394906
   -0.390589
   -0.390772
   -0.390617
   -0.390738
   -0.390654
   -0.390709
   -0.390669
   -0.390698
   -0.390678
   -0.390696
   -0.390673
   -0.390706
   -0.390659
   -0.390713
   -0.390595
   -0.394860
   -0.390696
   -0.390604
   -0.390667
   -0.390638
   -0.390631
   -0.390667
   -0.390615
   -0.390680
   -0.390603
   -0.390685
   -0.390605
   -0.390678
   -0.390616
   -0.390674
   -0.390555
   -0.394905
   -0.390575
   -0.390785
   -0.390604
   -0.390753
   -0.390638
   -0.390725
   -0.390654
   -0.390712
   -0.390666
   -0.390705
   -0.390666
   -0.390710
   -0.390657
   -0.390714
   -0.390596
   -0.395175
   -0.390717
   -0.390584
   -0.390687
   -0.390616
   -0.390655
   -0.390643
   -0.390639
   -0.390656
   -0.390626
   -0.390664
   -0.390623
   -0.390662
   -0.390630
   -0.390659
   -0.390569
   -0.394972
   -0.390552
   -0.390808
   -0.390581
   -0.390778
   -0.390610
   -0.390755
   -0.390624
   -0.390742
   -0.390637
   -0.390733
   -0.390640
   -0.390735
   -0.390634
   -0.390738
   -0.390571
   -0.394784
   -0.391240
   -0.391090
   -0.391212
   -0.391117
   -0.391185
   -0.391139
   -0.390656
   -0.390638
   -0.390644
   -0.390648
   -0.390637
   -0.390650
   -0.390640
   -0.390648
   -0.390642
   -0.394752
   -0.386259
   -0.386514
   -0.386285
   -0.386491
   -0.386307
   -0.386473
   -0.386208
   -0.390756
   -0.390622
   -0.390747
   -0.390629
   -0.390743
   -0.390628
   -0.390745
   -0.390626
   -0.390566
   -0.386439
   -0.386277
   -0.386414
   -0.386298
   -0.386394
   -0.386315
   -0.386271
   -0.390618
   -0.390665
   -0.390628
   -0.390655
   -0.390635
   -0.390652
   -0.390635
   -0.390654
   -0.390753
   -0.386271
   -0.386504
   -0.386291
   -0.386488
   -0.386306
   -0.386476
   -0.386204
   -0.390763
   -0.390613
   -0.390755
   -0.390624
   -0.390746
   -0.390628
   -0.390745
   -0.390627
   -0.390942
   -0.386409
   -0.386303
   -0.386393
   -0.386313
   -0.386385
   -0.386321
   -0.386267
   -0.390619
   -0.390667
   -0.390624
   -0.390656
   -0.390637
   -0.390648
   -0.390639
   -0.390650
   -0.390732
   -0.386312
   -0.386468
   -0.386320
   -0.386467
   -0.386320
   -0.386466
   -0.386211
   -0.390759
   -0.390614
   -0.390756
   -0.390624
   -0.390743
   -0.390633
   -0.390741
   -0.390631
   -0.390579
   -0.386359
   -0.386347
   -0.386357
   -0.386341
   -0.386363
   -0.386339
   -0.386251
   -0.390631
   -0.390657
   -0.390634
   -0.390645
   -0.390650
   -0.390632
   -0.390654
   -0.390634
   -0.390552
   -0.386352
   -0.386433
   -0.386349
   -0.386444
   -0.386339
   -0.386449
   -0.386227
   -0.390744
   -0.390629
   -0.390740
   -0.390643
   -0.390722
   -0.390657
   -0.390718
   -0.390654
   -0.390693
   -0.386330
   -0.386373
   -0.386336
   -0.386358
   -0.386348
   -0.386353
   -0.386236
   -0.390646
   -0.390641
   -0.390652
   -0.390624
   -0.390674
   -0.390607
   -0.390679
   -0.390610
   -0.390766
   -0.386369
   -0.386418
   -0.386362
   -0.386433
   -0.386349
   -0.386438
   -0.386241
   -0.390728
   -0.390647
   -0.390719
   -0.390669
   -0.390692
   -0.390690
   -0.390684
   -0.390688
   -0.390623
   -0.384851
   -0.384081
   -0.384772
   -0.384156
   -0.384706
   -0.384212
   -0.384658
   -0.384261
   -0.384604
   -0.384323
   -0.384539
   -0.384379
   -0.384491
   -0.384416
   -0.383945
   -0.388538
   -0.384070
   -0.384743
   -0.384142
   -0.384674
   -0.384203
   -0.384624
   -0.384246
   -0.384578
   -0.384297
   -0.384521
   -0.384356
   -0.384470
   -0.384400
   -0.384436
   -0.383908
   -0.388280
   -0.384789
   -0.384135
   -0.384723
   -0.384198
   -0.384669
   -0.384243
   -0.384630
   -0.384284
   -0.384584
   -0.384336
   -0.384530
   -0.384384
   -0.384489
   -0.384415
   -0.383948
   -0.388632
   -0.384142
   -0.384679
   -0.384200
   -0.384624
   -0.384247
   -0.384587
   -0.384278
   -0.384553
   -0.384317
   -0.384509
   -0.384363
   -0.384468
   -0.384398
   -0.384441
   -0.383901
   -0.388515
   -0.384722
   -0.384196
   -0.384668
   -0.384245
   -0.384627
   -0.384277
   -0.384600
   -0.384308
   -0.384565
   -0.384348
   -0.384524
   -0.384385
   -0.384492
   -0.384409
   -0.383957
   -0.388301
   -0.384204
   -0.384623
   -0.384250
   -0.384583
   -0.384282
   -0.384559
   -0.384302
   -0.384536
   -0.384328
   -0.384505
   -0.384361
   -0.384476
   -0.384385
   -0.384459
   -0.383880
   -0.388219
   -0.384802
   -0.384384
   -0.384762
   -0.384417
   -0.384737
   -0.384436
   -0.384584
   -0.384316
   -0.384563
   -0.384342
   -0.384536
   -0.384364
   -0.384519
   -0.384376
   -0.384510
   -0.389419
   -0.379595
   -0.379887
   -0.379626
   -0.379863
   -0.379641
   -0.379855
   -0.383943
   -0.384523
   -0.384335
   -0.384507
   -0.384351
   -0.384494
   -0.384360
   -0.384490
   -0.384362
   -0.384448
   -0.379925
   -0.379627
   -0.379900
   -0.379644
   -0.379895
   -0.379644
   -0.384189
   -0.384322
   -0.384566
   -0.384329
   -0.384558
   -0.384334
   -0.384557
   -0.384331
   -0.384562
   -0.384457
   -0.379653
   -0.379836
   -0.379671
   -0.379829
   -0.379665
   -0.379839
   -0.383952
   -0.384523
   -0.384326
   -0.384526
   -0.384324
   -0.384531
   -0.384314
   -0.384543
   -0.384302
   -0.384675
   -0.379864
   -0.379682
   -0.379852
   -0.379682
   -0.379867
   -0.379663
   -0.384177
   -0.384325
   -0.384572
   -0.384313
   -0.384582
   -0.384299
   -0.384602
   -0.384277
   -0.384623
   -0.384020
   -0.379709
   -0.379787
   -0.379713
   -0.379797
   -0.379687
   -0.379826
   -0.383958
   -0.384526
   -0.384314
   -0.384548
   -0.384293
   -0.384573
   -0.384261
   -0.384607
   -0.384231
   -0.384290
   -0.379815
   -0.379726
   -0.379814
   -0.379710
   -0.379847
   -0.379675
   -0.384171
   -0.384323
   -0.384581
   -0.384295
   -0.384608
   -0.384263
   -0.384648
   -0.384221
   -0.384685
   -0.384121
   -0.379748
   -0.379751
   -0.379745
   -0.379772
   -0.379704
   -0.379814
   -0.383965
   -0.384525
   -0.384309
   -0.384559
   -0.384276
   -0.384598
   -0.384228
   -0.384647
   -0.384186
   -0.384755
   -0.379786
   -0.379752
   -0.379791
   -0.379726
   -0.379838
   -0.379679
   -0.384171
   -0.384317
   -0.384593
   -0.384277
   -0.384631
   -0.384232
   -0.384687
   -0.384177
   -0.384733
   -0.384130
   -0.379763
   -0.379737
   -0.379756
   -0.379767
   -0.379704
   -0.379821
   -0.383954
   -0.384541
   -0.384287
   -0.384587
   -0.384243
   -0.384639
   -0.384180
   -0.384701
   -0.384127
   -0.384757
   -0.385089
   -0.385014
   -0.385078
   -0.385007
   -0.385087
   -0.385005
   -0.385083
   -0.385009
   -0.385081
   -0.385013
   -0.385073
   -0.385015
   -0.385068
   -0.385023
   -0.385131
   -0.389172
   -0.385018
   -0.385007
   -0.385027
   -0.385014
   -0.385018
   -0.385017
   -0.385020
   -0.385016
   -0.385019
   -0.385015
   -0.385023
   -0.385016
   -0.385025
   -0.385011
   -0.385098
   -0.389468
   -0.385066
   -0.385034
   -0.385058
   -0.385027
   -0.385066
   -0.385023
   -0.385065
   -0.385024
   -0.385068
   -0.385022
   -0.385067
   -0.385019
   -0.385067
   -0.385022
   -0.385133
   -0.389154
   -0.385033
   -0.384995
   -0.385038
   -0.385003
   -0.385029
   -0.385009
   -0.385026
   -0.385013
   -0.385020
   -0.385018
   -0.385017
   -0.385025
   -0.385013
   -0.385026
   -0.385081
   -0.388539
   -0.385054
   -0.385044
   -0.385048
   -0.385037
   -0.385055
   -0.385032
   -0.385058
   -0.385029
   -0.385064
   -0.385023
   -0.385068
   -0.385015
   -0.385073
   -0.385014
   -0.385143
   -0.388984
   -0.385055
   -0.384976
   -0.385057
   -0.384984
   -0.385049
   -0.384991
   -0.385043
   -0.384998
   -0.385034
   -0.385008
   -0.385025
   -0.385020
   -0.385016
   -0.385025
   -0.385081
   -0.389813
   -0.380695
   -0.380714
   -0.380694
   -0.380707
   -0.380701
   -0.380699
   -0.385050
   -0.385034
   -0.385061
   -0.385022
   -0.385072
   -0.385007
   -0.385084
   -0.384999
   -0.385091
   -0.389486
   -0.381002
   -0.380898
   -0.381000
   -0.380906
   -0.380992
   -0.380916
   -0.385631
   -0.384997
   -0.385034
   -0.385012
   -0.385018
   -0.385031
   -0.385000
   -0.385045
   -0.384989
   -0.385596
   -0.380951
   -0.381004
   -0.380955
   -0.380997
   -0.380962
   -0.380987
   -0.385622
   -0.385044
   -0.385052
   -0.385026
   -0.385072
   -0.385003
   -0.385094
   -0.384985
   -0.385108
   -0.384583
   -0.381003
   -0.380901
   -0.380998
   -0.380908
   -0.380992
   -0.380917
   -0.385630
   -0.385000
   -0.385029
   -0.385021
   -0.385005
   -0.385051
   -0.384975
   -0.385074
   -0.384956
   -0.384529
   -0.380968
   -0.380987
   -0.380969
   -0.380985
   -0.380970
   -0.380981
   -0.385626
   -0.385039
   -0.385056
   -0.385020
   -0.385081
   -0.384989
   -0.385112
   -0.384963
   -0.385133
   -0.384714
   -0.380985
   -0.380917
   -0.380987
   -0.380914
   -0.380991
   -0.380915
   -0.385636
   -0.384992
   -0.385039
   -0.385012
   -0.385013
   -0.385045
   -0.384979
   -0.385074
   -0.384955
   -0.385675
   -0.380993
   -0.380964
   -0.380987
   -0.380971
   -0.380978
   -0.380974
   -0.385630
   -0.385037
   -0.385056
   -0.385019
   -0.385083
   -0.384985
   -0.385118
   -0.384954
   -0.385143
   -0.385211
   -0.380965
   -0.380936
   -0.380973
   -0.380925
   -0.380985
   -0.380920
   -0.385633
   -0.384994
   -0.385038
   -0.385014
   -0.385010
   -0.385051
   -0.384970
   -0.385086
   -0.384942
   -0.385197
   -0.380996
   -0.380961
   -0.380986
   -0.380975
   -0.380972
   -0.380981
   -0.385622
   -0.385046
   -0.385047
   -0.385025
   -0.385078
   -0.384985
   -0.385121
   -0.384948
   -0.385151
   -0.384636
   -0.380971
   -0.380931
   -0.380979
   -0.380918
   -0.380993
   -0.380913
   -0.385640
   -0.384987
   -0.385045
   -0.385011
   -0.385010
   -0.385056
   -0.384961
   -0.385098
   -0.384926
   -0.385340
   -0.385039
   -0.385238
   -0.385045
   -0.385226
   -0.385058
   -0.385219
   -0.385058
   -0.385211
   -0.385078
   -0.385191
   -0.385093
   -0.385172
   -0.385105
   -0.385171
   -0.385289
   -0.389476
   -0.385240
   -0.385087
   -0.385231
   -0.385100
   -0.385217
   -0.385110
   -0.385213
   -0.385119
   -0.385193
   -0.385139
   -0.385179
   -0.385157
   -0.385166
   -0.385160
   -0.385332
   -0.390093
   -0.385044
   -0.385231
   -0.385052
   -0.385219
   -0.385065
   -0.385211
   -0.385067
   -0.385204
   -0.385083
   -0.385188
   -0.385094
   -0.385173
   -0.385105
   -0.385172
   -0.385287
   -0.389208
   -0.385224
   -0.385104
   -0.385215
   -0.385116
   -0.385203
   -0.385124
   -0.385199
   -0.385131
   -0.385185
   -0.385145
   -0.385176
   -0.385157
   -0.385168
   -0.385158
   -0.385338
   -0.389691
   -0.385066
   -0.385208
   -0.385075
   -0.385196
   -0.385085
   -0.385190
   -0.385088
   -0.385184
   -0.385100
   -0.385174
   -0.385105
   -0.385165
   -0.385109
   -0.385168
   -0.385287
   -0.390155
   -0.385205
   -0.385124
   -0.385195
   -0.385135
   -0.385186
   -0.385142
   -0.385182
   -0.385148
   -0.385171
   -0.385157
   -0.385166
   -0.385164
   -0.385164
   -0.385161
   -0.385339
   -0.390264
   -0.380361
   -0.380487
   -0.380370
   -0.380478
   -0.380376
   -0.380473
   -0.385092
   -0.385181
   -0.385101
   -0.385174
   -0.385102
   -0.385171
   -0.385101
   -0.385176
   -0.385099
   -0.388032
   -0.381205
   -0.381151
   -0.381194
   -0.381161
   -0.381189
   -0.381165
   -0.385251
   -0.385158
   -0.385162
   -0.385164
   -0.385161
   -0.385166
   -0.385163
   -0.385161
   -0.385165
   -0.385139
   -0.381096
   -0.381205
   -0.381107
   -0.381195
   -0.381110
   -0.381194
   -0.385180
   -0.385175
   -0.385105
   -0.385171
   -0.385103
   -0.385172
   -0.385099
   -0.385178
   -0.385096
   -0.384907
   -0.381192
   -0.381165
   -0.381179
   -0.381174
   -0.381179
   -0.381173
   -0.385244
   -0.385164
   -0.385158
   -0.385166
   -0.385161
   -0.385164
   -0.385165
   -0.385160
   -0.385168
   -0.384967
   -0.381125
   -0.381175
   -0.381136
   -0.381169
   -0.381130
   -0.381176
   -0.385195
   -0.385162
   -0.385115
   -0.385163
   -0.385109
   -0.385169
   -0.385102
   -0.385175
   -0.385097
   -0.385910
   -0.381168
   -0.381188
   -0.381159
   -0.381192
   -0.381167
   -0.381182
   -0.385238
   -0.385167
   -0.385159
   -0.385163
   -0.385168
   -0.385155
   -0.385176
   -0.385150
   -0.385180
   -0.385971
   -0.381142
   -0.381159
   -0.381151
   -0.381155
   -0.381140
   -0.381168
   -0.385202
   -0.385156
   -0.385118
   -0.385162
   -0.385109
   -0.385170
   -0.385101
   -0.385173
   -0.385098
   -0.385300
   -0.381154
   -0.381204
   -0.381143
   -0.381209
   -0.381153
   -0.381196
   -0.385224
   -0.385181
   -0.385146
   -0.385176
   -0.385155
   -0.385169
   -0.385160
   -0.385168
   -0.385163
   -0.384941
   -0.381143
   -0.381156
   -0.381155
   -0.381150
   -0.381144
   -0.381163
   -0.385206
   -0.385152
   -0.385122
   -0.385157
   -0.385113
   -0.385165
   -0.385107
   -0.385165
   -0.385105
   -0.385264
   -0.381159
   -0.381200
   -0.381145
   -0.381208
   -0.381156
   -0.381195
   -0.385226
   -0.385180
   -0.385146
   -0.385177
   -0.385154
   -0.385171
   -0.385157
   -0.385173
   -0.385158
   -0.385086
   -0.384788
   -0.384667
   -0.384776
   -0.384687
   -0.384751
   -0.384711
   -0.384739
   -0.384714
   -0.384729
   -0.384724
   -0.384726
   -0.384732
   -0.384718
   -0.384733
   -0.384675
   -0.388931
   -0.384644
   -0.384838
   -0.384656
   -0.384819
   -0.384680
   -0.384796
   -0.384693
   -0.384791
   -0.384705
   -0.384779
   -0.384708
   -0.384770
   -0.384717
   -0.384770
   -0.384678
   -0.387874
   -0.384813
   -0.384643
   -0.384798
   -0.384665
   -0.384772
   -0.384691
   -0.384755
   -0.384700
   -0.384740
   -0.384715
   -0.384733
   -0.384727
   -0.384721
   -0.384730
   -0.384677
   -0.389035
   -0.384642
   -0.384839
   -0.384656
   -0.384820
   -0.384680
   -0.384795
   -0.384696
   -0.384785
   -0.384712
   -0.384770
   -0.384720
   -0.384757
   -0.384732
   -0.384755
   -0.384693
   -0.390645
   -0.384812
   -0.384643
   -0.384798
   -0.384662
   -0.384776
   -0.384686
   -0.384759
   -0.384697
   -0.384742
   -0.384713
   -0.384733
   -0.384726
   -0.384722
   -0.384728
   -0.384681
   -0.389238
   -0.384636
   -0.384847
   -0.384648
   -0.384832
   -0.384666
   -0.384812
   -0.384681
   -0.384802
   -0.384695
   -0.384787
   -0.384703
   -0.384776
   -0.384711
   -0.384777
   -0.384669
   -0.386924
   -0.380883
   -0.380735
   -0.380872
   -0.380750
   -0.380856
   -0.380768
   -0.384758
   -0.384697
   -0.384743
   -0.384712
   -0.384733
   -0.384725
   -0.384725
   -0.384724
   -0.384728
   -0.385252
   -0.380386
   -0.380555
   -0.380395
   -0.380544
   -0.380407
   -0.380529
   -0.384480
   -0.384790
   -0.384707
   -0.384776
   -0.384716
   -0.384764
   -0.384724
   -0.384765
   -0.384720
   -0.383229
   -0.380511
   -0.380398
   -0.380503
   -0.380408
   -0.380493
   -0.380421
   -0.384539
   -0.384700
   -0.384740
   -0.384715
   -0.384729
   -0.384729
   -0.384719
   -0.384729
   -0.384724
   -0.385910
   -0.380419
   -0.380525
   -0.380423
   -0.380519
   -0.380430
   -0.380509
   -0.384499
   -0.384772
   -0.384724
   -0.384758
   -0.384735
   -0.384743
   -0.384745
   -0.384744
   -0.384739
   -0.386383
   -0.380484
   -0.380422
   -0.380481
   -0.380426
   -0.380476
   -0.380435
   -0.384525
   -0.384713
   -0.384727
   -0.384728
   -0.384714
   -0.384745
   -0.384702
   -0.384747
   -0.384707
   -0.385215
   -0.380422
   -0.380524
   -0.380423
   -0.380522
   -0.380425
   -0.380515
   -0.384494
   -0.384778
   -0.384719
   -0.384763
   -0.384733
   -0.384743
   -0.384748
   -0.384741
   -0.384742
   -0.382881
   -0.380470
   -0.380433
   -0.380470
   -0.380435
   -0.380468
   -0.380442
   -0.384518
   -0.384720
   -0.384719
   -0.384737
   -0.384702
   -0.384760
   -0.384684
   -0.384765
   -0.384689
   -0.383951
   -0.380441
   -0.380508
   -0.380437
   -0.380510
   -0.380437
   -0.380504
   -0.384504
   -0.384769
   -0.384729
   -0.384752
   -0.384747
   -0.384728
   -0.384766
   -0.384722
   -0.384760
   -0.384529
   -0.380456
   -0.380443
   -0.380462
   -0.380440
   -0.380464
   -0.380446
   -0.384515
   -0.384721
   -0.384719
   -0.384738
   -0.384700
   -0.384764
   -0.384678
   -0.384771
   -0.384684
   -0.385558
   -0.380457
   -0.380495
   -0.380449
   -0.380500
   -0.380446
   -0.380495
   -0.384512
   -0.384762
   -0.384735
   -0.384746
   -0.384755
   -0.384717
   -0.384778
   -0.384711
   -0.384771
   -0.384134
   -0.390491
   -0.390573
   -0.390514
   -0.390557
   -0.390526
   -0.390540
   -0.390546
   -0.390533
   -0.390547
   -0.390530
   -0.390553
   -0.390524
   -0.390566
   -0.390511
   -0.390514
   -0.394294
   -0.390584
   -0.390426
   -0.390562
   -0.390443
   -0.390549
   -0.390460
   -0.390528
   -0.390468
   -0.390526
   -0.390472
   -0.390518
   -0.390479
   -0.390505
   -0.390492
   -0.390441
   -0.392853
   -0.390513
   -0.390553
   -0.390534
   -0.390537
   -0.390546
   -0.390521
   -0.390565
   -0.390514
   -0.390567
   -0.390510
   -0.390573
   -0.390506
   -0.390583
   -0.390495
   -0.390531
   -0.395013
   -0.390558
   -0.390449
   -0.390539
   -0.390464
   -0.390526
   -0.390480
   -0.390509
   -0.390487
   -0.390507
   -0.390491
   -0.390501
   -0.390494
   -0.390492
   -0.390505
   -0.390426
   -0.393264
   -0.390520
   -0.390549
   -0.390538
   -0.390533
   -0.390551
   -0.390519
   -0.390566
   -0.390514
   -0.390567
   -0.390511
   -0.390571
   -0.390508
   -0.390580
   -0.390498
   -0.390529
   -0.392284
   -0.390556
   -0.390449
   -0.390540
   -0.390464
   -0.390526
   -0.390479
   -0.390512
   -0.390484
   -0.390510
   -0.390487
   -0.390506
   -0.390490
   -0.390497
   -0.390501
   -0.390430
   -0.389754
   -0.386630
   -0.386600
   -0.386644
   -0.386586
   -0.386657
   -0.386572
   -0.390590
   -0.390490
   -0.390589
   -0.390489
   -0.390591
   -0.390488
   -0.390598
   -0.390479
   -0.390606
   -0.393460
   -0.386277
   -0.386199
   -0.386266
   -0.386212
   -0.386253
   -0.386225
   -0.390496
   -0.390489
   -0.390507
   -0.390489
   -0.390507
   -0.390488
   -0.390501
   -0.390496
   -0.390494
   -0.390965
   -0.386294
   -0.386256
   -0.386302
   -0.386245
   -0.386313
   -0.386233
   -0.390577
   -0.390495
   -0.390583
   -0.390497
   -0.390580
   -0.390500
   -0.390583
   -0.390496
   -0.390588
   -0.390957
   -0.386277
   -0.386195
   -0.386272
   -0.386205
   -0.386261
   -0.386217
   -0.390506
   -0.390479
   -0.390519
   -0.390476
   -0.390523
   -0.390471
   -0.390522
   -0.390472
   -0.390520
   -0.390592
   -0.386288
   -0.386265
   -0.386291
   -0.386257
   -0.386302
   -0.386245
   -0.390563
   -0.390509
   -0.390567
   -0.390513
   -0.390561
   -0.390520
   -0.390559
   -0.390524
   -0.390557
   -0.388333
   -0.386269
   -0.386203
   -0.386265
   -0.386212
   -0.386252
   -0.386226
   -0.390497
   -0.390488
   -0.390510
   -0.390485
   -0.390516
   -0.390478
   -0.390518
   -0.390473
   -0.390520
   -0.388618
   -0.386290
   -0.386263
   -0.386293
   -0.386256
   -0.386304
   -0.386242
   -0.390565
   -0.390508
   -0.390568
   -0.390513
   -0.390559
   -0.390523
   -0.390553
   -0.390533
   -0.390545
   -0.390404
   -0.386277
   -0.386193
   -0.386276
   -0.386199
   -0.386265
   -0.386214
   -0.390511
   -0.390472
   -0.390527
   -0.390466
   -0.390537
   -0.390455
   -0.390545
   -0.390441
   -0.390557
   -0.391115
   -0.386295
   -0.386260
   -0.386294
   -0.386256
   -0.386303
   -0.386243
   -0.390563
   -0.390512
   -0.390560
   -0.390521
   -0.390547
   -0.390536
   -0.390536
   -0.390556
   -0.390518
   -0.390102
   -0.386267
   -0.386201
   -0.386270
   -0.386203
   -0.386261
   -0.386216
   -0.390511
   -0.390469
   -0.390535
   -0.390457
   -0.390551
   -0.390439
   -0.390566
   -0.390412
   -0.390591
   -0.390779
   -0.389405
   -0.388987
   -0.389369
   -0.389022
   -0.389345
   -0.389047
   -0.389310
   -0.389075
   -0.389282
   -0.389110
   -0.389248
   -0.389136
   -0.389221
   -0.389166
   -0.389222
   -0.393357
   -0.389005
   -0.389309
   -0.389037
   -0.389278
   -0.389059
   -0.389256
   -0.389090
   -0.389231
   -0.389115
   -0.389201
   -0.389144
   -0.389179
   -0.389167
   -0.389153
   -0.389202
   -0.396852
   -0.389359
   -0.389030
   -0.389330
   -0.389059
   -0.389308
   -0.389081
   -0.389279
   -0.389103
   -0.389258
   -0.389128
   -0.389234
   -0.389146
   -0.389215
   -0.389168
   -0.389223
   -0.392870
   -0.389030
   -0.389288
   -0.389054
   -0.389263
   -0.389073
   -0.389245
   -0.389098
   -0.389228
   -0.389113
   -0.389209
   -0.389130
   -0.389198
   -0.389143
   -0.389182
   -0.389170
   -0.388900
   -0.389315
   -0.389071
   -0.389293
   -0.389094
   -0.389275
   -0.389111
   -0.389252
   -0.389125
   -0.389240
   -0.389141
   -0.389226
   -0.389148
   -0.389217
   -0.389160
   -0.389231
   -0.392969
   -0.389090
   -0.389231
   -0.389107
   -0.389213
   -0.389122
   -0.389199
   -0.389141
   -0.389189
   -0.389148
   -0.389179
   -0.389156
   -0.389178
   -0.389160
   -0.389170
   -0.389180
   -0.397811
   -0.384558
   -0.384398
   -0.384546
   -0.384411
   -0.384534
   -0.384422
   -0.389233
   -0.389139
   -0.389232
   -0.389142
   -0.389231
   -0.389137
   -0.389233
   -0.389139
   -0.389234
   -0.386585
   -0.385142
   -0.385214
   -0.385149
   -0.385206
   -0.385156
   -0.385199
   -0.389227
   -0.389184
   -0.389147
   -0.389187
   -0.389142
   -0.389197
   -0.389135
   -0.389201
   -0.389130
   -0.402008
   -0.385245
   -0.385157
   -0.385242
   -0.385162
   -0.385236
   -0.385168
   -0.389291
   -0.389154
   -0.389221
   -0.389147
   -0.389230
   -0.389133
   -0.389242
   -0.389125
   -0.389249
   -0.379938
   -0.385169
   -0.385190
   -0.385169
   -0.385188
   -0.385174
   -0.385183
   -0.389240
   -0.389174
   -0.389153
   -0.389185
   -0.389141
   -0.389204
   -0.389123
   -0.389217
   -0.389112
   -0.376034
   -0.385224
   -0.385176
   -0.385226
   -0.385176
   -0.385221
   -0.385181
   -0.389279
   -0.389164
   -0.389214
   -0.389150
   -0.389230
   -0.389127
   -0.389253
   -0.389111
   -0.389265
   -0.385463
   -0.385193
   -0.385169
   -0.385188
   -0.385171
   -0.385191
   -0.385168
   -0.389253
   -0.389164
   -0.389160
   -0.389182
   -0.389140
   -0.389210
   -0.389112
   -0.389232
   -0.389095
   -0.403568
   -0.385207
   -0.385191
   -0.385212
   -0.385189
   -0.385209
   -0.385193
   -0.389269
   -0.389172
   -0.389210
   -0.389151
   -0.389232
   -0.389121
   -0.389263
   -0.389097
   -0.389280
   -0.394251
   -0.385202
   -0.385160
   -0.385197
   -0.385162
   -0.385201
   -0.385157
   -0.389264
   -0.389154
   -0.389168
   -0.389177
   -0.389143
   -0.389211
   -0.389108
   -0.389238
   -0.389088
   -0.389651
   -0.385205
   -0.385194
   -0.385209
   -0.385193
   -0.385202
   -0.385200
   -0.389260
   -0.389180
   -0.389203
   -0.389156
   -0.389228
   -0.389122
   -0.389263
   -0.389095
   -0.389282
   -0.384101
   -0.385196
   -0.385165
   -0.385193
   -0.385165
   -0.385200
   -0.385157
   -0.389265
   -0.389153
   -0.389169
   -0.389177
   -0.389142
   -0.389214
   -0.389105
   -0.389242
   -0.389085
   -0.393660
   -0.371038
   -0.371086
   -0.371051
   -0.371074
   -0.371052
   -0.371074
   -0.371065
   -0.371045
   -0.371086
   -0.371050
   -0.371066
   -0.371069
   -0.371045
   -0.371093
   -0.371037
   -0.376349
   -0.371087
   -0.371186
   -0.371076
   -0.371197
   -0.371074
   -0.371197
   -0.371062
   -0.371225
   -0.371041
   -0.371224
   -0.371056
   -0.371209
   -0.371073
   -0.371189
   -0.371114
   -0.385272
   -0.371018
   -0.371108
   -0.371025
   -0.371101
   -0.371024
   -0.371102
   -0.371034
   -0.371077
   -0.371054
   -0.371077
   -0.371042
   -0.371089
   -0.371027
   -0.371108
   -0.371025
   -0.374404
   -0.371101
   -0.371171
   -0.371094
   -0.371178
   -0.371094
   -0.371177
   -0.371084
   -0.371203
   -0.371063
   -0.371206
   -0.371071
   -0.371198
   -0.371082
   -0.371184
   -0.371117
   -0.377661
   -0.371023
   -0.371104
   -0.371026
   -0.371101
   -0.371023
   -0.371104
   -0.371030
   -0.371082
   -0.371049
   -0.371079
   -0.371042
   -0.371087
   -0.371031
   -0.371100
   -0.371033
   -0.390650
   -0.371080
   -0.371190
   -0.371080
   -0.371189
   -0.371085
   -0.371185
   -0.371081
   -0.371204
   -0.371064
   -0.371207
   -0.371070
   -0.371200
   -0.371080
   -0.371187
   -0.371115
   -0.381856
   -0.366705
   -0.366757
   -0.366700
   -0.366763
   -0.366691
   -0.366772
   -0.371024
   -0.371091
   -0.371037
   -0.371091
   -0.371029
   -0.371099
   -0.371017
   -0.371114
   -0.370999
   -0.342295
   -0.366975
   -0.367108
   -0.366981
   -0.367102
   -0.366990
   -0.367093
   -0.371080
   -0.371199
   -0.371072
   -0.371198
   -0.371079
   -0.371191
   -0.371090
   -0.371176
   -0.371109
   -0.377171
   -0.366951
   -0.366991
   -0.366945
   -0.366999
   -0.366934
   -0.367009
   -0.371020
   -0.371092
   -0.371032
   -0.371095
   -0.371025
   -0.371103
   -0.371013
   -0.371119
   -0.370993
   -0.361316
   -0.366975
   -0.367111
   -0.366979
   -0.367105
   -0.366986
   -0.367097
   -0.371078
   -0.371200
   -0.371072
   -0.371200
   -0.371076
   -0.371196
   -0.371084
   -0.371183
   -0.371102
   -0.360745
   -0.366940
   -0.367000
   -0.366936
   -0.367005
   -0.366929
   -0.367013
   -0.371015
   -0.371098
   -0.371026
   -0.371099
   -0.371023
   -0.371101
   -0.371015
   -0.371114
   -0.370997
   -0.384228
   -0.366989
   -0.367098
   -0.366992
   -0.367094
   -0.366997
   -0.367087
   -0.371090
   -0.371188
   -0.371086
   -0.371187
   -0.371088
   -0.371186
   -0.371095
   -0.371174
   -0.371113
   -0.394735
   -0.366928
   -0.367009
   -0.366927
   -0.367011
   -0.366924
   -0.367018
   -0.371008
   -0.371104
   -0.371019
   -0.371106
   -0.371016
   -0.371107
   -0.371009
   -0.371121
   -0.370988
   -0.375645
   -0.366998
   -0.367093
   -0.366996
   -0.367096
   -0.366995
   -0.367090
   -0.371088
   -0.371191
   -0.371083
   -0.371190
   -0.371085
   -0.371190
   -0.371092
   -0.371177
   -0.371113
   -0.366262
   -0.366928
   -0.367007
   -0.366931
   -0.367003
   -0.366933
   -0.367008
   -0.371017
   -0.371093
   -0.371028
   -0.371096
   -0.371025
   -0.371097
   -0.371017
   -0.371112
   -0.370993
   -0.371159
   -0.366999
   -0.367095
   -0.366992
   -0.367103
   -0.366986
   -0.367101
   -0.371077
   -0.371205
   -0.371070
   -0.371204
   -0.371072
   -0.371205
   -0.371078
   -0.371192
   -0.371100
   -0.371530
   -0.380090
   -0.380203
   -0.380115
   -0.380179
   -0.380128
   -0.380171
   -0.380139
   -0.380163
   -0.380138
   -0.380166
   -0.380140
   -0.380172
   -0.380137
   -0.380165
   -0.380131
   -0.384079
   -0.380191
   -0.380171
   -0.380169
   -0.380193
   -0.380157
   -0.380201
   -0.380147
   -0.380207
   -0.380148
   -0.380205
   -0.380146
   -0.380200
   -0.380148
   -0.380207
   -0.380136
   -0.368416
   -0.380105
   -0.380190
   -0.380124
   -0.380172
   -0.380134
   -0.380166
   -0.380141
   -0.380162
   -0.380138
   -0.380166
   -0.380138
   -0.380173
   -0.380134
   -0.380168
   -0.380127
   -0.391632
   -0.380192
   -0.380169
   -0.380174
   -0.380187
   -0.380164
   -0.380194
   -0.380156
   -0.380198
   -0.380159
   -0.380194
   -0.380159
   -0.380189
   -0.380161
   -0.380193
   -0.380151
   -0.413685
   -0.380120
   -0.380177
   -0.380133
   -0.380163
   -0.380141
   -0.380158
   -0.380147
   -0.380156
   -0.380143
   -0.380161
   -0.380141
   -0.380168
   -0.380137
   -0.380166
   -0.380128
   -0.400615
   -0.380159
   -0.380199
   -0.380149
   -0.380210
   -0.380143
   -0.380214
   -0.380139
   -0.380214
   -0.380143
   -0.380209
   -0.380146
   -0.380202
   -0.380151
   -0.380202
   -0.380143
   -0.354431
   -0.380274
   -0.380287
   -0.380279
   -0.380280
   -0.380282
   -0.380279
   -0.380154
   -0.380151
   -0.380146
   -0.380160
   -0.380139
   -0.380169
   -0.380132
   -0.380173
   -0.380128
   -0.376871
   -0.375494
   -0.375541
   -0.375490
   -0.375546
   -0.375488
   -0.375546
   -0.380122
   -0.380203
   -0.380157
   -0.380193
   -0.380165
   -0.380183
   -0.380173
   -0.380178
   -0.380178
   -0.383766
   -0.375487
   -0.375490
   -0.375489
   -0.375488
   -0.375488
   -0.375490
   -0.380123
   -0.380156
   -0.380138
   -0.380170
   -0.380126
   -0.380182
   -0.380116
   -0.380191
   -0.380108
   -0.376729
   -0.375490
   -0.375545
   -0.375488
   -0.375546
   -0.375490
   -0.375544
   -0.380125
   -0.380200
   -0.380162
   -0.380186
   -0.380175
   -0.380174
   -0.380185
   -0.380164
   -0.380194
   -0.376194
   -0.375488
   -0.375490
   -0.375486
   -0.375493
   -0.375481
   -0.375497
   -0.380116
   -0.380164
   -0.380128
   -0.380182
   -0.380112
   -0.380197
   -0.380097
   -0.380211
   -0.380084
   -0.385797
   -0.375495
   -0.375539
   -0.375497
   -0.375537
   -0.375501
   -0.375534
   -0.380135
   -0.380190
   -0.380175
   -0.380172
   -0.380191
   -0.380158
   -0.380205
   -0.380144
   -0.380218
   -0.385266
   -0.375481
   -0.375497
   -0.375477
   -0.375501
   -0.375472
   -0.375503
   -0.380110
   -0.380168
   -0.380122
   -0.380189
   -0.380104
   -0.380203
   -0.380089
   -0.380220
   -0.380074
   -0.376183
   -0.375494
   -0.375540
   -0.375497
   -0.375536
   -0.375502
   -0.375535
   -0.380134
   -0.380192
   -0.380174
   -0.380170
   -0.380194
   -0.380155
   -0.380210
   -0.380139
   -0.380224
   -0.374815
   -0.375478
   -0.375500
   -0.375473
   -0.375505
   -0.375468
   -0.375506
   -0.380107
   -0.380170
   -0.380118
   -0.380194
   -0.380096
   -0.380211
   -0.380078
   -0.380230
   -0.380063
   -0.385204
   -0.375502
   -0.375531
   -0.375507
   -0.375527
   -0.375510
   -0.375528
   -0.380140
   -0.380187
   -0.380182
   -0.380162
   -0.380204
   -0.380146
   -0.380220
   -0.380130
   -0.380233
   -0.379550
   -0.429961
   -0.429585
   -0.429916
   -0.429638
   -0.429862
   -0.429682
   -0.429830
   -0.429710
   -0.429805
   -0.429721
   -0.429802
   -0.429722
   -0.429806
   -0.429716
   -0.429812
   -0.425275
   -0.429610
   -0.429707
   -0.429649
   -0.429661
   -0.429696
   -0.429623
   -0.429722
   -0.429600
   -0.429742
   -0.429592
   -0.429742
   -0.429595
   -0.429736
   -0.429603
   -0.429717
   -0.411717
   -0.429928
   -0.429613
   -0.429893
   -0.429654
   -0.429851
   -0.429687
   -0.429829
   -0.429707
   -0.429810
   -0.429715
   -0.429810
   -0.429712
   -0.429816
   -0.429705
   -0.429823
   -0.445423
   -0.429643
   -0.429679
   -0.429671
   -0.429645
   -0.429707
   -0.429618
   -0.429724
   -0.429602
   -0.429739
   -0.429597
   -0.429736
   -0.429602
   -0.429728
   -0.429611
   -0.429709
   -0.405904
   -0.429893
   -0.429642
   -0.429868
   -0.429673
   -0.429837
   -0.429696
   -0.429823
   -0.429708
   -0.429811
   -0.429712
   -0.429815
   -0.429705
   -0.429824
   -0.429696
   -0.429833
   -0.426788
   -0.429670
   -0.429656
   -0.429691
   -0.429630
   -0.429717
   -0.429612
   -0.429726
   -0.429604
   -0.429734
   -0.429604
   -0.429727
   -0.429614
   -0.429716
   -0.429626
   -0.429693
   -0.430382
   -0.430361
   -0.430151
   -0.430343
   -0.430173
   -0.430321
   -0.430188
   -0.429825
   -0.429703
   -0.429818
   -0.429703
   -0.429826
   -0.429692
   -0.429838
   -0.429679
   -0.429856
   -0.420081
   -0.425472
   -0.425410
   -0.425486
   -0.425394
   -0.425502
   -0.425384
   -0.429732
   -0.429606
   -0.429731
   -0.429610
   -0.429720
   -0.429623
   -0.429705
   -0.429639
   -0.429684
   -0.428828
   -0.425625
   -0.425454
   -0.425612
   -0.425469
   -0.425598
   -0.425477
   -0.429827
   -0.429702
   -0.429821
   -0.429698
   -0.429832
   -0.429685
   -0.429845
   -0.429669
   -0.429867
   -0.430097
   -0.425485
   -0.425399
   -0.425496
   -0.425388
   -0.425505
   -0.425383
   -0.429731
   -0.429609
   -0.429726
   -0.429615
   -0.429714
   -0.429629
   -0.429700
   -0.429646
   -0.429676
   -0.431087
   -0.425620
   -0.425458
   -0.425609
   -0.425468
   -0.425602
   -0.425471
   -0.429834
   -0.429692
   -0.429833
   -0.429684
   -0.429845
   -0.429671
   -0.429860
   -0.429652
   -0.429885
   -0.428833
   -0.425488
   -0.425397
   -0.425496
   -0.425391
   -0.425498
   -0.425392
   -0.429719
   -0.429623
   -0.429710
   -0.429635
   -0.429694
   -0.429651
   -0.429675
   -0.429675
   -0.429645
   -0.426664
   -0.425612
   -0.425465
   -0.425604
   -0.425468
   -0.425605
   -0.425465
   -0.429843
   -0.429680
   -0.429847
   -0.429667
   -0.429864
   -0.429650
   -0.429885
   -0.429623
   -0.429918
   -0.428138
   -0.425499
   -0.425387
   -0.425504
   -0.425386
   -0.425501
   -0.425392
   -0.429717
   -0.429628
   -0.429703
   -0.429645
   -0.429683
   -0.429665
   -0.429658
   -0.429698
   -0.429618
   -0.430363
   -0.425599
   -0.425477
   -0.425594
   -0.425476
   -0.425598
   -0.425469
   -0.429841
   -0.429679
   -0.429850
   -0.429660
   -0.429873
   -0.429637
   -0.429901
   -0.429600
   -0.429947
   -0.429987
   -0.425505
   -0.425381
   -0.425510
   -0.425382
   -0.425504
   -0.425391
   -0.429716
   -0.429631
   -0.429698
   -0.429653
   -0.429672
   -0.429680
   -0.429639
   -0.429724
   -0.429586
   -0.429715
   -0.390928
   -0.390822
   -0.390938
   -0.390816
   -0.390939
   -0.390814
   -0.390942
   -0.390814
   -0.390938
   -0.390823
   -0.390930
   -0.390823
   -0.390934
   -0.390819
   -0.390936
   -0.389915
   -0.390857
   -0.390748
   -0.390849
   -0.390754
   -0.390847
   -0.390755
   -0.390845
   -0.390755
   -0.390848
   -0.390748
   -0.390855
   -0.390747
   -0.390851
   -0.390751
   -0.390856
   -0.407111
   -0.390934
   -0.390818
   -0.390940
   -0.390813
   -0.390940
   -0.390814
   -0.390941
   -0.390814
   -0.390938
   -0.390822
   -0.390930
   -0.390824
   -0.390933
   -0.390822
   -0.390934
   -0.411937
   -0.390849
   -0.390755
   -0.390844
   -0.390759
   -0.390843
   -0.390759
   -0.390842
   -0.390758
   -0.390846
   -0.390750
   -0.390854
   -0.390748
   -0.390852
   -0.390749
   -0.390857
   -0.375454
   -0.390936
   -0.390816
   -0.390941
   -0.390812
   -0.390942
   -0.390813
   -0.390941
   -0.390815
   -0.390937
   -0.390822
   -0.390929
   -0.390826
   -0.390929
   -0.390826
   -0.390929
   -0.404568
   -0.390848
   -0.390756
   -0.390844
   -0.390758
   -0.390844
   -0.390757
   -0.390846
   -0.390754
   -0.390849
   -0.390748
   -0.390857
   -0.390744
   -0.390859
   -0.390741
   -0.390866
   -0.398541
   -0.390868
   -0.390743
   -0.390870
   -0.390741
   -0.390870
   -0.390744
   -0.390937
   -0.390819
   -0.390932
   -0.390826
   -0.390923
   -0.390834
   -0.390918
   -0.390840
   -0.390910
   -0.386011
   -0.390900
   -0.390817
   -0.390897
   -0.390819
   -0.390896
   -0.390817
   -0.390853
   -0.390755
   -0.390849
   -0.390748
   -0.390859
   -0.390739
   -0.390867
   -0.390730
   -0.390876
   -0.386395
   -0.390997
   -0.390872
   -0.390999
   -0.390870
   -0.391001
   -0.390871
   -0.390948
   -0.390818
   -0.390934
   -0.390824
   -0.390924
   -0.390835
   -0.390913
   -0.390847
   -0.390902
   -0.386926
   -0.390902
   -0.390816
   -0.390899
   -0.390818
   -0.390895
   -0.390819
   -0.390851
   -0.390758
   -0.390845
   -0.390753
   -0.390855
   -0.390741
   -0.390867
   -0.390728
   -0.390879
   -0.395133
   -0.390996
   -0.390872
   -0.390999
   -0.390869
   -0.391004
   -0.390867
   -0.390951
   -0.390813
   -0.390940
   -0.390818
   -0.390930
   -0.390831
   -0.390916
   -0.390846
   -0.390903
   -0.394101
   -0.390905
   -0.390813
   -0.390900
   -0.390818
   -0.390893
   -0.390823
   -0.390848
   -0.390763
   -0.390839
   -0.390761
   -0.390848
   -0.390748
   -0.390862
   -0.390732
   -0.390875
   -0.385992
   -0.390989
   -0.390877
   -0.390995
   -0.390871
   -0.391004
   -0.390865
   -0.390953
   -0.390808
   -0.390946
   -0.390809
   -0.390938
   -0.390823
   -0.390922
   -0.390840
   -0.390908
   -0.387225
   -0.390910
   -0.390810
   -0.390902
   -0.390818
   -0.390891
   -0.390826
   -0.390844
   -0.390769
   -0.390831
   -0.390769
   -0.390839
   -0.390756
   -0.390856
   -0.390738
   -0.390870
   -0.395638
   -0.390991
   -0.390875
   -0.390998
   -0.390868
   -0.391009
   -0.390859
   -0.390959
   -0.390801
   -0.390954
   -0.390801
   -0.390946
   -0.390816
   -0.390927
   -0.390837
   -0.390910
   -0.390121
   -0.390905
   -0.390815
   -0.390897
   -0.390823
   -0.390885
   -0.390834
   -0.390838
   -0.390777
   -0.390822
   -0.390779
   -0.390830
   -0.390764
   -0.390849
   -0.390742
   -0.390866
   -0.390914
