   -0.401328
   -0.400541
   -0.400803
   -0.400326
   -0.409115
   -0.408777
   -0.409846
   -0.410300
   -0.410497
   -0.410690
   -0.410392
   -0.407599
   -0.406149
   -0.407807
   -0.408317
   -0.411890
   -0.400576
   -0.401047
   -0.400469
   -0.400652
   -0.408809
   -0.409570
   -0.410224
   -0.410734
   -0.410473
   -0.411046
   -0.409599
   -0.406651
   -0.406416
   -0.407683
   -0.409356
   -0.414696
   -0.400909
   -0.400394
   -0.400686
   -0.400086
   -0.409192
   -0.409868
   -0.410529
   -0.410770
   -0.411039
   -0.410809
   -0.407894
   -0.407083
   -0.407153
   -0.406898
   -0.409845
   -0.417819
   -0.400454
   -0.400830
   -0.400275
   -0.400544
   -0.409532
   -0.410598
   -0.410585
   -0.411142
   -0.410984
   -0.409877
   -0.406826
   -0.407239
   -0.407126
   -0.407383
   -0.411798
   -0.418178
   -0.400761
   -0.400231
   -0.400339
   -0.400558
   -0.410289
   -0.410313
   -0.410965
   -0.411213
   -0.411005
   -0.407892
   -0.406652
   -0.406683
   -0.406706
   -0.407789
   -0.414885
   -0.416702
   -0.400286
   -0.400542
   -0.400187
   -0.401728
   -0.410328
   -0.410691
   -0.411070
   -0.411503
   -0.409119
   -0.406774
   -0.406660
   -0.406486
   -0.406180
   -0.410791
   -0.416868
   -0.415137
   -0.400520
   -0.400220
   -0.401336
   -0.401655
   -0.402069
   -0.410765
   -0.411260
   -0.410748
   -0.407380
   -0.406549
   -0.406418
   -0.405991
   -0.406090
   -0.413471
   -0.417815
   -0.414934
   -0.400132
   -0.400872
   -0.401546
   -0.402107
   -0.402111
   -0.402661
   -0.402207
   -0.408879
   -0.407392
   -0.406751
   -0.406186
   -0.404633
   -0.411404
   -0.417005
   -0.416720
   -0.417689
   -0.400119
   -0.401240
   -0.401841
   -0.402017
   -0.402337
   -0.402444
   -0.400721
   -0.407467
   -0.407367
   -0.406192
   -0.404928
   -0.407310
   -0.416452
   -0.417548
   -0.415639
   -0.419361
   -0.401430
   -0.401978
   -0.401862
   -0.402214
   -0.402686
   -0.402479
   -0.398832
   -0.406438
   -0.406990
   -0.406363
   -0.404631
   -0.413141
   -0.417661
   -0.419284
   -0.416041
   -0.420550
   -0.401006
   -0.401803
   -0.402463
   -0.402522
   -0.402295
   -0.400127
   -0.397877
   -0.406288
   -0.405837
   -0.405677
   -0.408098
   -0.416650
   -0.417616
   -0.419396
   -0.418036
   -0.413308
   -0.400723
   -0.401173
   -0.401323
   -0.402770
   -0.402199
   -0.399195
   -0.397634
   -0.406151
   -0.405917
   -0.406707
   -0.414662
   -0.418627
   -0.416859
   -0.419944
   -0.419010
   -0.395649
   -0.400733
   -0.401031
   -0.400898
   -0.401206
   -0.399043
   -0.397994
   -0.398034
   -0.405160
   -0.405425
   -0.410473
   -0.418517
   -0.421083
   -0.417223
   -0.420762
   -0.411982
   -0.384970
   -0.400819
   -0.400936
   -0.400939
   -0.401084
   -0.398389
   -0.396803
   -0.396801
   -0.405231
   -0.405633
   -0.415433
   -0.418952
   -0.420512
   -0.417010
   -0.416256
   -0.399884
   -0.383139
   -0.400849
   -0.400711
   -0.400869
   -0.400694
   -0.400922
   -0.400112
   -0.397152
   -0.403302
   -0.408375
   -0.419132
   -0.419128
   -0.419554
   -0.416103
   -0.404630
   -0.382521
   -0.383406
   -0.400814
   -0.401113
   -0.400793
   -0.401123
   -0.400664
   -0.400860
   -0.400195
   -0.408998
   -0.415400
   -0.418764
   -0.417879
   -0.419014
   -0.415572
   -0.392742
   -0.382144
   -0.372418
   -0.435849
   -0.436111
   -0.435455
   -0.436345
   -0.445906
   -0.446703
   -0.446255
   -0.446980
   -0.446046
   -0.443315
   -0.442562
   -0.443128
   -0.444508
   -0.448711
   -0.453390
   -0.446886
   -0.436278
   -0.435684
   -0.436121
   -0.436847
   -0.446571
   -0.446556
   -0.447176
   -0.446870
   -0.444203
   -0.442822
   -0.442859
   -0.442741
   -0.444693
   -0.453193
   -0.452757
   -0.448004
   -0.435632
   -0.436188
   -0.436346
   -0.437334
   -0.446191
   -0.447026
   -0.446762
   -0.445880
   -0.443107
   -0.442737
   -0.442134
   -0.442503
   -0.446696
   -0.455046
   -0.452268
   -0.446488
   -0.436092
   -0.436343
   -0.437409
   -0.437202
   -0.446753
   -0.446912
   -0.446886
   -0.444196
   -0.442730
   -0.441980
   -0.442066
   -0.443260
   -0.451159
   -0.453409
   -0.450932
   -0.448889
   -0.435836
   -0.437356
   -0.437156
   -0.437499
   -0.446655
   -0.447165
   -0.444846
   -0.443149
   -0.441975
   -0.442184
   -0.441167
   -0.446391
   -0.453025
   -0.452851
   -0.450206
   -0.448554
   -0.437148
   -0.437413
   -0.437721
   -0.437866
   -0.446962
   -0.446265
   -0.443437
   -0.442376
   -0.441880
   -0.441802
   -0.442631
   -0.451558
   -0.453646
   -0.453243
   -0.451567
   -0.446763
   -0.436938
   -0.437787
   -0.437537
   -0.438291
   -0.437607
   -0.444042
   -0.442523
   -0.442597
   -0.441524
   -0.441152
   -0.447754
   -0.453795
   -0.454306
   -0.453264
   -0.452573
   -0.438024
   -0.437037
   -0.437692
   -0.437525
   -0.438483
   -0.435438
   -0.433702
   -0.433265
   -0.442828
   -0.441112
   -0.443920
   -0.454161
   -0.454832
   -0.451953
   -0.453680
   -0.451637
   -0.425078
   -0.437753
   -0.438065
   -0.437786
   -0.437904
   -0.433569
   -0.433562
   -0.432985
   -0.441346
   -0.443063
   -0.450908
   -0.453581
   -0.454650
   -0.452558
   -0.457301
   -0.437023
   -0.426542
   -0.437413
   -0.438740
   -0.438453
   -0.435491
   -0.433077
   -0.433745
   -0.433041
   -0.441222
   -0.447770
   -0.453758
   -0.453599
   -0.455712
   -0.454222
   -0.452496
   -0.422906
   -0.418818
   -0.436418
   -0.436937
   -0.436152
   -0.434208
   -0.433186
   -0.432921
   -0.432054
   -0.442902
   -0.452955
   -0.454660
   -0.452853
   -0.455058
   -0.455712
   -0.433245
   -0.417434
   -0.420839
   -0.436530
   -0.436657
   -0.433783
   -0.432737
   -0.433064
   -0.433285
   -0.432279
   -0.448213
   -0.454078
   -0.456770
   -0.453544
   -0.454063
   -0.450593
   -0.421870
   -0.417976
   -0.421733
   -0.436315
   -0.436577
   -0.436828
   -0.434965
   -0.431832
   -0.431186
   -0.434582
   -0.453269
   -0.454655
   -0.457072
   -0.453412
   -0.452842
   -0.434802
   -0.419795
   -0.420790
   -0.426078
   -0.436551
   -0.436939
   -0.436572
   -0.436613
   -0.435673
   -0.434487
   -0.438133
   -0.453789
   -0.456745
   -0.455844
   -0.451481
   -0.441790
   -0.417633
   -0.408344
   -0.425266
   -0.410135
   -0.436104
   -0.436614
   -0.435823
   -0.437063
   -0.435517
   -0.437820
   -0.446524
   -0.457933
   -0.453134
   -0.453538
   -0.454472
   -0.426998
   -0.419042
   -0.407541
   -0.432345
   -0.421207
   -0.436605
   -0.436835
   -0.436553
   -0.436313
   -0.436073
   -0.437054
   -0.438616
   -0.458378
   -0.459019
   -0.456941
   -0.445890
   -0.420719
   -0.416437
   -0.415007
   -0.436148
   -0.461370
   -0.381214
   -0.382852
   -0.382683
   -0.383497
   -0.391234
   -0.391847
   -0.388974
   -0.387576
   -0.387175
   -0.387475
   -0.388311
   -0.396257
   -0.399785
   -0.394184
   -0.391214
   -0.368818
   -0.382631
   -0.382477
   -0.383095
   -0.383203
   -0.391710
   -0.390232
   -0.387640
   -0.386732
   -0.387702
   -0.386853
   -0.390596
   -0.399338
   -0.399219
   -0.393754
   -0.388875
   -0.361016
   -0.382480
   -0.383223
   -0.382817
   -0.383883
   -0.390985
   -0.388625
   -0.386951
   -0.386476
   -0.386457
   -0.387243
   -0.395532
   -0.397872
   -0.396399
   -0.395076
   -0.387207
   -0.352100
   -0.383101
   -0.382854
   -0.383364
   -0.383367
   -0.389664
   -0.387184
   -0.386726
   -0.386242
   -0.386671
   -0.390341
   -0.398704
   -0.397514
   -0.395548
   -0.394506
   -0.382487
   -0.356554
   -0.382691
   -0.383521
   -0.383456
   -0.382626
   -0.387640
   -0.387427
   -0.386115
   -0.386022
   -0.386761
   -0.395728
   -0.399240
   -0.398071
   -0.395932
   -0.393199
   -0.373403
   -0.369006
   -0.383352
   -0.383355
   -0.383560
   -0.379828
   -0.387350
   -0.387094
   -0.386232
   -0.385718
   -0.392137
   -0.399216
   -0.399015
   -0.397504
   -0.397558
   -0.384935
   -0.367917
   -0.382812
   -0.382988
   -0.383526
   -0.380465
   -0.379368
   -0.378334
   -0.386997
   -0.385856
   -0.387500
   -0.397125
   -0.399849
   -0.398157
   -0.398128
   -0.397309
   -0.377049
   -0.364397
   -0.391059
   -0.383868
   -0.382313
   -0.379783
   -0.378569
   -0.378740
   -0.378219
   -0.379088
   -0.393037
   -0.397234
   -0.398754
   -0.397341
   -0.401895
   -0.383240
   -0.370030
   -0.374002
   -0.378379
   -0.383870
   -0.380604
   -0.378937
   -0.378465
   -0.378607
   -0.378415
   -0.383280
   -0.397128
   -0.396789
   -0.398299
   -0.400866
   -0.394175
   -0.368432
   -0.367213
   -0.383174
   -0.369882
   -0.380320
   -0.378692
   -0.378839
   -0.378855
   -0.377915
   -0.378548
   -0.388865
   -0.400240
   -0.396789
   -0.397146
   -0.402022
   -0.377487
   -0.364955
   -0.363790
   -0.383465
   -0.354552
   -0.381538
   -0.379442
   -0.377465
   -0.378119
   -0.378714
   -0.385227
   -0.391510
   -0.400147
   -0.398483
   -0.398824
   -0.392049
   -0.367637
   -0.364211
   -0.365442
   -0.372896
   -0.371440
   -0.382302
   -0.381773
   -0.381313
   -0.378275
   -0.379012
   -0.388265
   -0.392186
   -0.399534
   -0.397874
   -0.395712
   -0.373328
   -0.362617
   -0.367875
   -0.367334
   -0.361857
   -0.438954
   -0.382151
   -0.381911
   -0.381550
   -0.381828
   -0.388089
   -0.391912
   -0.390243
   -0.400802
   -0.399040
   -0.384795
   -0.362193
   -0.350079
   -0.370605
   -0.356721
   -0.374707
   -0.473585
   -0.382171
   -0.382227
   -0.381818
   -0.381902
   -0.389280
   -0.394618
   -0.393143
   -0.400563
   -0.398108
   -0.371137
   -0.361744
   -0.351830
   -0.376075
   -0.370370
   -0.397016
   -0.466880
   -0.381982
   -0.382702
   -0.382001
   -0.382628
   -0.381927
   -0.384074
   -0.389756
   -0.404718
   -0.391230
   -0.361031
   -0.360289
   -0.358152
   -0.380920
   -0.420391
   -0.469613
   -0.465500
   -0.382109
   -0.381819
   -0.382178
   -0.381932
   -0.382665
   -0.382498
   -0.383317
   -0.388793
   -0.369789
   -0.361430
   -0.366164
   -0.364482
   -0.383282
   -0.446884
   -0.467154
   -0.463092
   -0.375847
   -0.375835
   -0.376645
   -0.374913
   -0.381474
   -0.379961
   -0.381078
   -0.380206
   -0.382332
   -0.390513
   -0.391902
   -0.388570
   -0.383336
   -0.364782
   -0.346359
   -0.363542
   -0.375391
   -0.376397
   -0.375651
   -0.373013
   -0.380297
   -0.380288
   -0.379631
   -0.380399
   -0.387827
   -0.391947
   -0.390924
   -0.389127
   -0.383530
   -0.352398
   -0.351704
   -0.362530
   -0.376184
   -0.375467
   -0.374138
   -0.371951
   -0.380778
   -0.379831
   -0.380220
   -0.383546
   -0.390903
   -0.392177
   -0.391280
   -0.389861
   -0.378087
   -0.349386
   -0.356293
   -0.371846
   -0.375701
   -0.374530
   -0.371837
   -0.372051
   -0.380228
   -0.380161
   -0.380604
   -0.388186
   -0.392209
   -0.393500
   -0.390986
   -0.388207
   -0.366118
   -0.362999
   -0.372738
   -0.369315
   -0.375631
   -0.372009
   -0.371734
   -0.371745
   -0.380390
   -0.379703
   -0.385894
   -0.391379
   -0.394060
   -0.391524
   -0.393053
   -0.378807
   -0.360253
   -0.367461
   -0.382862
   -0.380308
   -0.372571
   -0.371428
   -0.370848
   -0.371137
   -0.380209
   -0.382035
   -0.390497
   -0.393498
   -0.393210
   -0.391678
   -0.389318
   -0.364716
   -0.361342
   -0.368831
   -0.377585
   -0.389845
   -0.372341
   -0.370874
   -0.371325
   -0.370467
   -0.371732
   -0.388781
   -0.392424
   -0.392709
   -0.392484
   -0.393519
   -0.374553
   -0.357921
   -0.361799
   -0.370644
   -0.369825
   -0.417491
   -0.372446
   -0.371205
   -0.372099
   -0.370007
   -0.378214
   -0.383640
   -0.384341
   -0.390564
   -0.393805
   -0.386056
   -0.356867
   -0.357307
   -0.375344
   -0.368597
   -0.366562
   -0.435718
   -0.370026
   -0.370630
   -0.371226
   -0.371597
   -0.383284
   -0.383968
   -0.383676
   -0.393593
   -0.388356
   -0.366182
   -0.357386
   -0.359250
   -0.374364
   -0.344419
   -0.416745
   -0.437517
   -0.372303
   -0.369162
   -0.369748
   -0.378345
   -0.385207
   -0.383358
   -0.382527
   -0.393125
   -0.375213
   -0.358416
   -0.357353
   -0.358186
   -0.365301
   -0.356288
   -0.457000
   -0.473415
   -0.374429
   -0.374130
   -0.376204
   -0.382200
   -0.384320
   -0.384054
   -0.384104
   -0.388470
   -0.359824
   -0.355428
   -0.361674
   -0.362219
   -0.352254
   -0.427431
   -0.467289
   -0.454750
   -0.374212
   -0.374340
   -0.382279
   -0.386367
   -0.384916
   -0.382169
   -0.383790
   -0.373563
   -0.356980
   -0.344579
   -0.364922
   -0.358260
   -0.360504
   -0.465188
   -0.449543
   -0.449564
   -0.374907
   -0.374164
   -0.373585
   -0.378769
   -0.386042
   -0.386898
   -0.377600
   -0.358627
   -0.355098
   -0.343435
   -0.368100
   -0.361970
   -0.392855
   -0.457117
   -0.430231
   -0.427424
   -0.374158
   -0.373460
   -0.374201
   -0.374462
   -0.374824
   -0.377146
   -0.366945
   -0.357473
   -0.349337
   -0.350740
   -0.376668
   -0.410766
   -0.466004
   -0.465167
   -0.406856
   -0.439371
   -0.375213
   -0.374176
   -0.375990
   -0.372942
   -0.376846
   -0.370463
   -0.343583
   -0.344666
   -0.361116
   -0.362767
   -0.368248
   -0.444851
   -0.457419
   -0.454567
   -0.388571
   -0.397204
   -0.374273
   -0.373622
   -0.374403
   -0.375068
   -0.375649
   -0.372807
   -0.368274
   -0.341626
   -0.344739
   -0.350080
   -0.388565
   -0.449749
   -0.473181
   -0.418747
   -0.390832
   -0.337780
   -0.395404
   -0.392312
   -0.391197
   -0.390612
   -0.399455
   -0.399217
   -0.406144
   -0.411017
   -0.410838
   -0.408433
   -0.405421
   -0.375522
   -0.363920
   -0.379816
   -0.387977
   -0.395007
   -0.393080
   -0.391618
   -0.391520
   -0.390554
   -0.399497
   -0.402502
   -0.411009
   -0.412651
   -0.408817
   -0.409471
   -0.399529
   -0.369132
   -0.368199
   -0.386579
   -0.406514
   -0.422328
   -0.391658
   -0.391417
   -0.391401
   -0.390362
   -0.400265
   -0.408450
   -0.412031
   -0.413365
   -0.410528
   -0.408770
   -0.385025
   -0.382075
   -0.388988
   -0.386917
   -0.418906
   -0.451492
   -0.391494
   -0.391200
   -0.391594
   -0.390496
   -0.405157
   -0.411325
   -0.413236
   -0.412122
   -0.410504
   -0.399287
   -0.376461
   -0.385939
   -0.400246
   -0.397829
   -0.432130
   -0.448447
   -0.391497
   -0.391190
   -0.390487
   -0.393707
   -0.410091
   -0.411663
   -0.413126
   -0.412424
   -0.409003
   -0.384786
   -0.376950
   -0.387165
   -0.397864
   -0.403632
   -0.452444
   -0.452455
   -0.391483
   -0.390695
   -0.391208
   -0.400819
   -0.411692
   -0.411124
   -0.412057
   -0.412200
   -0.394833
   -0.374514
   -0.381773
   -0.391977
   -0.390014
   -0.425813
   -0.460756
   -0.445768
   -0.391679
   -0.391318
   -0.399185
   -0.403176
   -0.405138
   -0.410453
   -0.412190
   -0.407872
   -0.380058
   -0.375391
   -0.390488
   -0.386829
   -0.384446
   -0.434357
   -0.473564
   -0.457444
   -0.390119
   -0.393620
   -0.401690
   -0.404588
   -0.403073
   -0.402033
   -0.400400
   -0.397770
   -0.386085
   -0.382745
   -0.392351
   -0.363947
   -0.432266
   -0.463355
   -0.457630
   -0.441106
   -0.389935
   -0.399501
   -0.403693
   -0.405310
   -0.401482
   -0.402214
   -0.388234
   -0.385944
   -0.387807
   -0.386872
   -0.373114
   -0.391659
   -0.471517
   -0.471552
   -0.435548
   -0.443125
   -0.399691
   -0.404918
   -0.404512
   -0.402082
   -0.403125
   -0.401617
   -0.372781
   -0.374176
   -0.388951
   -0.389173
   -0.364429
   -0.450350
   -0.470319
   -0.483002
   -0.417648
   -0.419573
   -0.395692
   -0.401634
   -0.406815
   -0.403298
   -0.401104
   -0.382755
   -0.364911
   -0.367163
   -0.384837
   -0.379601
   -0.385558
   -0.477722
   -0.464977
   -0.469947
   -0.424063
   -0.258202
   -0.394163
   -0.394248
   -0.394858
   -0.401000
   -0.400739
   -0.373744
   -0.363641
   -0.369205
   -0.391325
   -0.396611
   -0.444375
   -0.478452
   -0.448076
   -0.461112
   -0.394089
    0.022110
   -0.394209
   -0.394247
   -0.396245
   -0.393334
   -0.374471
   -0.362705
   -0.370478
   -0.369942
   -0.384812
   -0.428548
   -0.485918
   -0.492490
   -0.426619
   -0.447973
   -0.227722
    0.222490
   -0.394121
   -0.393618
   -0.395118
   -0.394236
   -0.373844
   -0.357389
   -0.364954
   -0.368018
   -0.383739
   -0.456613
   -0.488018
   -0.474781
   -0.415911
   -0.396285
    0.060086
    0.284668
   -0.394502
   -0.392112
   -0.394222
   -0.392704
   -0.394157
   -0.389309
   -0.380554
   -0.356980
   -0.393744
   -0.485123
   -0.485215
   -0.449301
   -0.407592
   -0.234306
    0.287325
    0.299441
   -0.394564
   -0.394432
   -0.394350
   -0.393675
   -0.392705
   -0.392598
   -0.392846
   -0.402723
   -0.454558
   -0.484092
   -0.470179
   -0.419363
   -0.394117
    0.036372
    0.329958
    0.333395
   -0.392217
   -0.390746
   -0.390926
   -0.394023
   -0.402534
   -0.405190
   -0.401925
   -0.401599
   -0.396783
   -0.373261
   -0.371055
   -0.380003
   -0.395858
   -0.410379
   -0.436772
   -0.394152
   -0.391929
   -0.391086
   -0.391704
   -0.400733
   -0.404310
   -0.404627
   -0.403190
   -0.401490
   -0.380914
   -0.369420
   -0.374440
   -0.382210
   -0.395624
   -0.445662
   -0.438582
   -0.414390
   -0.392042
   -0.392199
   -0.397796
   -0.402642
   -0.404176
   -0.403270
   -0.402711
   -0.391644
   -0.372482
   -0.368471
   -0.378093
   -0.385107
   -0.417170
   -0.466781
   -0.440309
   -0.389930
   -0.391922
   -0.396040
   -0.402924
   -0.403089
   -0.403417
   -0.402323
   -0.400199
   -0.379253
   -0.368320
   -0.367388
   -0.380533
   -0.390643
   -0.452395
   -0.465853
   -0.432427
   -0.397182
   -0.393340
   -0.402339
   -0.404596
   -0.402607
   -0.402486
   -0.402995
   -0.386188
   -0.369834
   -0.363765
   -0.376660
   -0.377724
   -0.417703
   -0.468023
   -0.464512
   -0.415190
   -0.380881
   -0.400860
   -0.404920
   -0.405877
   -0.402979
   -0.401757
   -0.397097
   -0.372455
   -0.364168
   -0.369492
   -0.379079
   -0.389029
   -0.455631
   -0.472877
   -0.454040
   -0.410198
   -0.308874
   -0.402919
   -0.405226
   -0.403820
   -0.403410
   -0.401015
   -0.377255
   -0.368240
   -0.366857
   -0.376136
   -0.375730
   -0.432100
   -0.471520
   -0.478484
   -0.434166
   -0.410846
   -0.131552
   -0.402327
   -0.404059
   -0.400332
   -0.404464
   -0.382773
   -0.366530
   -0.365938
   -0.395001
   -0.381714
   -0.391671
   -0.490485
   -0.468691
   -0.446803
   -0.402254
   -0.341689
    0.150585
   -0.409471
   -0.404244
   -0.402463
   -0.400093
   -0.368834
   -0.365703
   -0.371267
   -0.364240
   -0.404963
   -0.456091
   -0.472185
   -0.465201
   -0.425039
   -0.420526
   -0.074702
    0.196620
   -0.400033
   -0.407138
   -0.406000
   -0.381812
   -0.362594
   -0.367748
   -0.377921
   -0.368885
   -0.430559
   -0.469354
   -0.468739
   -0.464632
   -0.409640
   -0.308002
    0.184187
    0.242484
   -0.395755
   -0.393481
   -0.387880
   -0.370246
   -0.366249
   -0.370219
   -0.376462
   -0.384318
   -0.475914
   -0.469127
   -0.440935
   -0.449409
   -0.410564
    0.000521
    0.277083
    0.285502
   -0.396304
   -0.394991
   -0.373241
   -0.359086
   -0.364264
   -0.378147
   -0.376991
   -0.429089
   -0.473443
   -0.493301
   -0.423994
   -0.401209
   -0.287046
    0.227629
    0.299871
    0.327746
   -0.394322
   -0.395768
   -0.397555
   -0.382967
   -0.367862
   -0.367838
   -0.392995
   -0.460209
   -0.477718
   -0.479081
   -0.414858
   -0.401178
    0.057521
    0.287584
    0.336527
    0.368963
   -0.396477
   -0.397638
   -0.396079
   -0.394641
   -0.399818
   -0.396701
   -0.424239
   -0.452680
   -0.506234
   -0.429049
   -0.389950
   -0.248025
    0.311995
    0.343361
    0.361706
    0.419478
   -0.393968
   -0.395694
   -0.391887
   -0.398991
   -0.389553
   -0.406814
   -0.487407
   -0.508744
   -0.440116
   -0.407367
   -0.436329
    0.068466
    0.318627
    0.395443
    0.396821
    0.423598
   -0.395981
   -0.397021
   -0.395630
   -0.393164
   -0.392470
   -0.399895
   -0.413328
   -0.481528
   -0.457383
   -0.432046
   -0.272210
    0.270104
    0.355620
    0.373165
    0.375536
    0.357853
   -0.385593
   -0.395395
   -0.397813
   -0.399279
   -0.395091
   -0.395367
   -0.376207
   -0.368701
   -0.370636
   -0.383411
   -0.392508
   -0.438806
   -0.455760
   -0.410549
   -0.384431
   -0.369327
   -0.392952
   -0.396648
   -0.397506
   -0.397253
   -0.394916
   -0.385977
   -0.362715
   -0.363525
   -0.379627
   -0.380905
   -0.407836
   -0.467933
   -0.455248
   -0.399575
   -0.374457
   -0.251755
   -0.396799
   -0.397037
   -0.395974
   -0.397211
   -0.392884
   -0.369223
   -0.359758
   -0.358444
   -0.378321
   -0.383282
   -0.451647
   -0.466656
   -0.433851
   -0.393883
   -0.352749
   -0.066251
   -0.397494
   -0.396511
   -0.394419
   -0.396740
   -0.379206
   -0.361474
   -0.357231
   -0.365024
   -0.378249
   -0.412957
   -0.474636
   -0.466085
   -0.413152
   -0.381100
   -0.196800
    0.065175
   -0.396625
   -0.395347
   -0.396460
   -0.388082
   -0.365160
   -0.360455
   -0.360638
   -0.364255
   -0.378923
   -0.452187
   -0.486489
   -0.456012
   -0.404341
   -0.334753
    0.044271
    0.108231
   -0.395209
   -0.395605
   -0.394766
   -0.367547
   -0.361051
   -0.363411
   -0.367764
   -0.365952
   -0.416521
   -0.480229
   -0.484265
   -0.432130
   -0.398634
   -0.183456
    0.171618
    0.124904
   -0.393860
   -0.393982
   -0.372311
   -0.360734
   -0.356312
   -0.370304
   -0.368278
   -0.374787
   -0.466491
   -0.488112
   -0.461098
   -0.412940
   -0.358776
    0.038172
    0.196851
    0.161254
   -0.398414
   -0.387821
   -0.366231
   -0.356685
   -0.366653
   -0.373892
   -0.378779
   -0.438781
   -0.472998
   -0.461248
   -0.417392
   -0.411444
   -0.090928
    0.230735
    0.199865
    0.208097
   -0.397178
   -0.371028
   -0.359886
   -0.355535
   -0.375016
   -0.373280
   -0.411712
   -0.454231
   -0.462658
   -0.442852
   -0.428194
   -0.269614
    0.196948
    0.228320
    0.257710
    0.219932
   -0.372244
   -0.354651
   -0.357053
   -0.369306
   -0.372170
   -0.374394
   -0.454189
   -0.487962
   -0.426287
   -0.412205
   -0.426466
    0.012486
    0.290165
    0.292553
    0.280136
    0.222311
   -0.384423
   -0.367690
   -0.354877
   -0.368951
   -0.376890
   -0.426983
   -0.476706
   -0.467455
   -0.437818
   -0.401897
   -0.228596
    0.220340
    0.303113
    0.358739
    0.314013
    0.204486
   -0.388330
   -0.388607
   -0.392354
   -0.378906
   -0.377904
   -0.451243
   -0.479948
   -0.437731
   -0.405675
   -0.401489
    0.130350
    0.311918
    0.307361
    0.424290
    0.337484
    0.181058
   -0.388860
   -0.388183
   -0.382282
   -0.394008
   -0.451682
   -0.484637
   -0.456592
   -0.428408
   -0.420999
   -0.200630
    0.328103
    0.379599
    0.341652
    0.446654
    0.344459
    0.177396
   -0.388788
   -0.389325
   -0.386026
   -0.388425
   -0.445304
   -0.492571
   -0.464229
   -0.415729
   -0.407109
    0.134519
    0.360945
    0.391712
    0.399133
    0.384557
    0.337653
    0.232165
   -0.388301
   -0.394054
   -0.389688
   -0.391432
   -0.390534
   -0.398942
   -0.403735
   -0.432814
   -0.193419
    0.335184
    0.385332
    0.393925
    0.398196
    0.380902
    0.267108
    0.300249
   -0.387599
   -0.387265
   -0.388252
   -0.390487
   -0.393669
   -0.391890
   -0.387721
   -0.299287
    0.198476
    0.368185
    0.350846
    0.418139
    0.423878
    0.325947
    0.256858
    0.312230
   -0.397534
   -0.399166
   -0.398000
   -0.388696
   -0.365411
   -0.357887
   -0.371586
   -0.385770
   -0.387814
   -0.462729
   -0.457786
   -0.432050
   -0.367317
   -0.272689
   -0.090072
   -0.231810
   -0.396515
   -0.397841
   -0.395970
   -0.370572
   -0.360343
   -0.361598
   -0.372301
   -0.378910
   -0.444032
   -0.461936
   -0.441173
   -0.421711
   -0.366389
   -0.024752
   -0.078515
   -0.228786
   -0.395261
   -0.394457
   -0.379209
   -0.364599
   -0.361468
   -0.369943
   -0.373869
   -0.402630
   -0.457763
   -0.467697
   -0.428111
   -0.407706
   -0.203713
    0.132092
   -0.051953
   -0.212304
   -0.394836
   -0.384374
   -0.364456
   -0.364491
   -0.366456
   -0.375019
   -0.381737
   -0.431036
   -0.468343
   -0.479515
   -0.411545
   -0.373495
    0.054273
    0.142332
    0.018031
   -0.171114
   -0.391736
   -0.366096
   -0.359845
   -0.366975
   -0.373555
   -0.372982
   -0.420417
   -0.451815
   -0.494259
   -0.426411
   -0.437824
   -0.171069
    0.165618
    0.173693
    0.078207
   -0.125026
   -0.370595
   -0.358944
   -0.356433
   -0.371922
   -0.376399
   -0.388831
   -0.458027
   -0.484895
   -0.450322
   -0.414175
   -0.358203
    0.103977
    0.203699
    0.196470
    0.135529
   -0.106623
   -0.364726
   -0.358775
   -0.367756
   -0.372399
   -0.379967
   -0.443780
   -0.468938
   -0.466820
   -0.426738
   -0.429507
   -0.041025
    0.219466
    0.277115
    0.225486
    0.147990
   -0.141869
   -0.373760
   -0.360918
   -0.390593
   -0.365318
   -0.434331
   -0.470931
   -0.479419
   -0.451940
   -0.439741
   -0.240285
    0.256984
    0.297995
    0.244201
    0.212181
    0.106640
   -0.280779
   -0.340019
   -0.358515
   -0.375350
   -0.371250
   -0.475278
   -0.475953
   -0.447146
   -0.400893
   -0.386188
    0.107561
    0.301152
    0.327010
    0.316080
    0.252300
    0.033435
   -0.303639
   -0.370072
   -0.357854
   -0.365714
   -0.420214
   -0.496115
   -0.467167
   -0.414716
   -0.409436
   -0.106372
    0.282405
    0.290008
    0.384465
    0.356315
    0.255470
   -0.050526
   -0.310481
   -0.381915
   -0.404500
   -0.423210
   -0.464140
   -0.479072
   -0.446664
   -0.423665
   -0.365185
    0.200086
    0.331916
    0.294470
    0.423408
    0.364780
    0.230506
   -0.119914
   -0.313388
   -0.385059
   -0.389136
   -0.446549
   -0.493600
   -0.478516
   -0.429113
   -0.424683
   -0.082156
    0.325962
    0.360550
    0.374643
    0.386515
    0.357689
    0.261446
   -0.132936
   -0.324387
   -0.390914
   -0.378030
   -0.369209
   -0.412722
   -0.449796
   -0.454949
   -0.311303
    0.247155
    0.345343
    0.399749
    0.418628
    0.401201
    0.300933
    0.326107
   -0.042732
   -0.310839
   -0.384582
   -0.372797
   -0.377850
   -0.378747
   -0.366043
   -0.342802
   -0.041610
    0.347419
    0.373244
    0.431585
    0.407669
    0.380644
    0.268105
    0.306996
    0.133199
   -0.269988
   -0.391300
   -0.391693
   -0.405368
   -0.368797
   -0.411705
   -0.299178
    0.290804
    0.435505
    0.394094
    0.376316
    0.433925
    0.324087
    0.286016
    0.260257
    0.266332
   -0.041602
   -0.380958
   -0.374745
   -0.384611
   -0.399109
   -0.406392
   -0.348361
   -0.251800
    0.306843
    0.490739
    0.488928
    0.418988
    0.312824
    0.273992
    0.261468
    0.250049
    0.298355
   -0.395344
   -0.367647
   -0.361003
   -0.359333
   -0.374285
   -0.375850
   -0.426605
   -0.484507
   -0.456440
   -0.411654
   -0.373866
   -0.095691
    0.047080
   -0.154674
   -0.282775
   -0.328904
   -0.375590
   -0.363842
   -0.362324
   -0.369188
   -0.376787
   -0.400997
   -0.464409
   -0.501864
   -0.416219
   -0.416634
   -0.257611
    0.123210
    0.049662
   -0.115190
   -0.267136
   -0.352509
   -0.363677
   -0.364648
   -0.370619
   -0.371980
   -0.381095
   -0.447188
   -0.472324
   -0.477873
   -0.418587
   -0.403222
    0.019439
    0.136204
    0.089960
   -0.043814
   -0.268966
   -0.384909
   -0.362823
   -0.368007
   -0.379002
   -0.372561
   -0.419318
   -0.467331
   -0.477263
   -0.435249
   -0.425694
   -0.232555
    0.186258
    0.157174
    0.156177
   -0.023570
   -0.268595
   -0.410097
   -0.365724
   -0.376161
   -0.374983
   -0.396535
   -0.457131
   -0.470772
   -0.458318
   -0.405411
   -0.370948
    0.065634
    0.243357
    0.224257
    0.163084
    0.004476
   -0.306121
   -0.423242
   -0.375390
   -0.377440
   -0.379924
   -0.453389
   -0.468251
   -0.458339
   -0.427568
   -0.410890
   -0.067451
    0.253662
    0.259190
    0.244214
    0.170380
   -0.083855
   -0.325946
   -0.417061
   -0.386141
   -0.382151
   -0.449554
   -0.470154
   -0.488558
   -0.424828
   -0.429218
   -0.307817
    0.221377
    0.325270
    0.319532
    0.237274
    0.139698
   -0.139321
   -0.365652
   -0.411285
   -0.379287
   -0.396083
   -0.456906
   -0.477723
   -0.442520
   -0.406939
   -0.390091
    0.081921
    0.296128
    0.371497
    0.311519
    0.269885
    0.115096
   -0.224445
   -0.410784
   -0.438244
   -0.360614
   -0.445277
   -0.471296
   -0.489193
   -0.392846
   -0.410362
   -0.132522
    0.264517
    0.334187
    0.369864
    0.418098
    0.259964
    0.048164
   -0.242684
   -0.400254
   -0.441547
   -0.426762
   -0.480257
   -0.495689
   -0.417361
   -0.418156
   -0.387080
    0.207851
    0.363598
    0.327142
    0.359487
    0.443769
    0.287726
   -0.013852
   -0.275007
   -0.378438
   -0.443760
   -0.406206
   -0.441401
   -0.481405
   -0.414338
   -0.403913
   -0.015589
    0.357227
    0.343736
    0.387830
    0.415896
    0.348532
    0.301179
    0.050729
   -0.293842
   -0.407308
   -0.436260
   -0.391268
   -0.389176
   -0.358337
   -0.377950
   -0.328287
    0.184256
    0.361523
    0.373075
    0.417721
    0.438010
    0.289068
    0.327922
    0.185287
   -0.273712
   -0.385744
   -0.399784
   -0.379430
   -0.382836
   -0.404942
   -0.345976
    0.075940
    0.391127
    0.333272
    0.412758
    0.433063
    0.388484
    0.299342
    0.298075
    0.263763
   -0.091065
   -0.350529
   -0.373188
   -0.378494
   -0.372370
   -0.391629
   -0.376462
    0.042429
    0.411021
    0.449058
    0.432226
    0.381420
    0.363226
    0.298096
    0.259514
    0.279301
    0.211514
   -0.224431
   -0.396160
   -0.386498
   -0.358711
   -0.389548
   -0.356271
   -0.382639
   -0.254461
    0.202356
    0.497082
    0.452106
    0.352440
    0.276005
    0.291142
    0.318150
    0.269164
    0.198191
   -0.304371
   -0.388903
   -0.389156
   -0.388702
   -0.383847
   -0.360766
   -0.341600
   -0.295053
   -0.242662
    0.045613
    0.347443
    0.396019
    0.296410
    0.276451
    0.289110
    0.273152
   -0.035179
   -0.360351
   -0.363802
   -0.367962
   -0.395977
   -0.457393
   -0.498647
   -0.409764
   -0.407915
   -0.287577
    0.101714
    0.152944
   -0.002430
   -0.217278
   -0.329947
   -0.413535
   -0.402344
   -0.369052
   -0.368028
   -0.374107
   -0.443428
   -0.471667
   -0.473326
   -0.414593
   -0.376750
   -0.024093
    0.205651
    0.147001
    0.050692
   -0.187737
   -0.388530
   -0.405018
   -0.412953
   -0.377871
   -0.380839
   -0.418559
   -0.461136
   -0.463949
   -0.423271
   -0.411038
   -0.196297
    0.185471
    0.220897
    0.177503
    0.048179
   -0.180833
   -0.416458
   -0.396718
   -0.407629
   -0.386257
   -0.407368
   -0.459627
   -0.456550
   -0.440956
   -0.386137
   -0.347843
    0.088423
    0.236889
    0.261679
    0.204293
    0.035694
   -0.229022
   -0.403721
   -0.424392
   -0.408597
   -0.393086
   -0.458047
   -0.472550
   -0.445109
   -0.407171
   -0.393954
   -0.049554
    0.281586
    0.277743
    0.275813
    0.214013
    0.009453
   -0.287812
   -0.392443
   -0.447431
   -0.406228
   -0.459592
   -0.477632
   -0.490184
   -0.415107
   -0.399289
   -0.284453
    0.243427
    0.331500
    0.353989
    0.280468
    0.207869
   -0.071055
   -0.339161
   -0.429593
   -0.447790
   -0.406064
   -0.464180
   -0.477083
   -0.438898
   -0.407592
   -0.374416
    0.110945
    0.317676
    0.343107
    0.387833
    0.350583
    0.160214
   -0.161766
   -0.378415
   -0.435395
   -0.429914
   -0.400746
   -0.485094
   -0.449635
   -0.390378
   -0.392157
   -0.012440
    0.343720
    0.344197
    0.406778
    0.456730
    0.325873
    0.108444
   -0.224586
   -0.336210
   -0.425483
   -0.429292
   -0.382172
   -0.500893
   -0.422548
   -0.412071
   -0.311632
    0.283213
    0.355572
    0.372509
    0.393326
    0.381654
    0.296109
    0.185507
   -0.270062
   -0.336477
   -0.441106
   -0.418551
   -0.376659
   -0.383964
   -0.419176
   -0.446923
    0.067288
    0.363771
    0.348954
    0.415779
    0.417784
    0.305499
    0.328691
    0.225223
   -0.263249
   -0.373789
   -0.400414
   -0.384677
   -0.378170
   -0.386096
   -0.345197
   -0.164550
    0.316075
    0.344600
    0.431450
    0.454023
    0.438858
    0.332073
    0.311048
    0.299768
   -0.135830
   -0.365134
   -0.385913
   -0.364252
   -0.365932
   -0.420180
   -0.389039
    0.082221
    0.393620
    0.409509
    0.402862
    0.441635
    0.387961
    0.291104
    0.276222
    0.324058
    0.207319
   -0.288949
   -0.349113
   -0.336992
   -0.347999
   -0.372929
   -0.369494
   -0.378035
   -0.096546
    0.382627
    0.511446
    0.402131
    0.294724
    0.280729
    0.288302
    0.269683
    0.302052
    0.092500
   -0.368499
   -0.382413
   -0.360901
   -0.411407
   -0.399094
   -0.375843
   -0.337325
   -0.307185
    0.006053
    0.352841
    0.398682
    0.294024
    0.276320
    0.299063
    0.313029
    0.315707
   -0.103725
   -0.388195
   -0.381774
   -0.372773
   -0.406672
   -0.365067
   -0.415208
   -0.320805
   -0.352051
   -0.384568
   -0.170236
    0.294312
    0.394315
    0.282171
    0.281724
    0.270953
    0.264161
   -0.237136
   -0.317465
   -0.385079
   -0.399970
   -0.389631
   -0.381184
   -0.368299
   -0.374632
   -0.387234
   -0.418466
   -0.453799
   -0.170674
    0.281344
    0.411837
    0.342440
    0.268825
    0.208069
   -0.246194
   -0.378396
   -0.461357
   -0.473487
   -0.487653
   -0.397339
   -0.427346
   -0.031738
    0.196342
    0.186122
    0.113784
   -0.050498
   -0.323961
   -0.409452
   -0.417194
   -0.409177
   -0.440764
   -0.430964
   -0.469065
   -0.473489
   -0.429065
   -0.392675
   -0.222697
    0.210512
    0.254831
    0.219819
    0.139460
   -0.091960
   -0.353567
   -0.399702
   -0.414447
   -0.408665
   -0.425066
   -0.475635
   -0.464493
   -0.431026
   -0.408365
   -0.351537
    0.126914
    0.259401
    0.285253
    0.239778
    0.143898
   -0.181144
   -0.352619
   -0.402396
   -0.415189
   -0.402922
   -0.385474
   -0.482054
   -0.443921
   -0.389795
   -0.410299
   -0.044387
    0.305177
    0.314589
    0.307939
    0.234396
    0.104300
   -0.253423
   -0.369037
   -0.435948
   -0.405869
   -0.401459
   -0.393394
   -0.456660
   -0.409240
   -0.409790
   -0.246806
    0.239674
    0.330250
    0.390691
    0.345993
    0.240172
   -0.005006
   -0.304733
   -0.393531
   -0.454588
   -0.407796
   -0.385267
   -0.366168
   -0.415314
   -0.395858
   -0.387063
    0.166712
    0.309145
    0.327189
    0.385798
    0.375414
    0.227737
   -0.122783
   -0.306708
   -0.403444
   -0.454874
   -0.404790
   -0.378120
   -0.354339
   -0.399011
   -0.364379
    0.044211
    0.332076
    0.393040
    0.369249
    0.421394
    0.363775
    0.220924
   -0.166888
   -0.305032
   -0.407272
   -0.452962
   -0.409861
   -0.369183
   -0.358493
   -0.429638
   -0.253744
    0.274322
    0.390806
    0.401834
    0.395981
    0.374240
    0.323376
    0.247654
   -0.154044
   -0.336077
   -0.417500
   -0.436317
   -0.380177
   -0.348723
   -0.363547
   -0.385938
    0.111908
    0.355672
    0.390934
    0.438194
    0.408987
    0.336496
    0.309515
    0.251671
   -0.055820
   -0.365027
   -0.410914
   -0.391209
   -0.374499
   -0.366882
   -0.367228
   -0.048054
    0.399012
    0.375577
    0.408781
    0.448854
    0.447882
    0.324621
    0.283865
    0.329441
    0.201122
   -0.282995
   -0.386173
   -0.379154
   -0.379421
   -0.374660
   -0.353981
   -0.350814
    0.100527
    0.422503
    0.483221
    0.399922
    0.341897
    0.289410
    0.344023
    0.275944
    0.318986
    0.024451
   -0.362505
   -0.371462
   -0.335268
   -0.338958
   -0.351800
   -0.405031
   -0.386537
   -0.247830
    0.202719
    0.484522
    0.383915
    0.269624
    0.305030
    0.275152
    0.270187
    0.330860
   -0.152871
   -0.409716
   -0.364348
   -0.341415
   -0.367845
   -0.362921
   -0.387715
   -0.322520
   -0.330516
   -0.262051
    0.072272
    0.360110
    0.279791
    0.264818
    0.305592
    0.331090
    0.212082
   -0.294556
   -0.352809
   -0.376999
   -0.363408
   -0.364427
   -0.391881
   -0.358489
   -0.374285
   -0.401688
   -0.399794
   -0.328779
    0.164811
    0.379481
    0.328185
    0.289116
    0.296895
    0.095038
   -0.329510
   -0.359546
   -0.360481
   -0.372964
   -0.413384
   -0.387081
   -0.398429
   -0.371322
   -0.419388
   -0.434674
   -0.476141
   -0.304290
    0.214048
    0.457445
    0.328658
    0.240400
    0.038139
   -0.355167
   -0.313882
   -0.389620
   -0.395128
   -0.395315
   -0.405214
   -0.386822
   -0.424874
   -0.395260
   -0.433449
   -0.384951
   -0.431981
   -0.234408
    0.223176
    0.405983
    0.309133
    0.126581
   -0.295549
   -0.461193
   -0.432339
   -0.409456
   -0.218881
    0.216542
    0.239437
    0.239540
    0.192384
   -0.013027
   -0.287715
   -0.401974
   -0.411512
   -0.407914
   -0.408109
   -0.350357
   -0.225861
   -0.412028
   -0.415108
   -0.354303
    0.160161
    0.301802
    0.291026
    0.256306
    0.172691
   -0.087851
   -0.329779
   -0.408861
   -0.419088
   -0.406968
   -0.384456
   -0.346369
   -0.219427
   -0.397451
   -0.372528
   -0.012700
    0.308072
    0.304558
    0.320808
    0.247538
    0.112212
   -0.162387
   -0.362148
   -0.432544
   -0.431098
   -0.402499
   -0.374493
   -0.353090
   -0.292356
   -0.401518
   -0.177960
    0.287317
    0.303905
    0.366995
    0.368781
    0.260196
    0.022896
   -0.231234
   -0.388527
   -0.447294
   -0.431249
   -0.393481
   -0.361507
   -0.341254
   -0.340460
   -0.338869
    0.210356
    0.349549
    0.338337
    0.381893
    0.407205
    0.259774
   -0.032089
   -0.275417
   -0.393919
   -0.451809
   -0.428329
   -0.387520
   -0.361898
   -0.334771
   -0.365419
    0.069844
    0.356679
    0.399717
    0.387596
    0.388108
    0.378308
    0.247878
   -0.044386
   -0.305664
   -0.409564
   -0.443990
   -0.410609
   -0.383413
   -0.356997
   -0.331014
   -0.353874
    0.272017
    0.367706
    0.410860
    0.441022
    0.421881
    0.319759
    0.262193
   -0.007354
   -0.293248
   -0.433947
   -0.416093
   -0.384386
   -0.371414
   -0.359490
   -0.344481
   -0.316122
    0.364772
    0.360468
    0.439836
    0.437183
    0.364840
    0.284699
    0.301069
    0.133207
   -0.279977
   -0.383784
   -0.394528
   -0.367764
   -0.374921
   -0.339291
   -0.321613
   -0.376902
    0.445594
    0.413530
    0.395247
    0.427451
    0.317771
    0.267357
    0.289624
    0.286024
   -0.076279
   -0.370357
   -0.391844
   -0.350617
   -0.361520
   -0.337567
   -0.369209
   -0.388541
   -0.091638
    0.416103
    0.507993
    0.340115
    0.282468
    0.303526
    0.244446
    0.311889
    0.289093
   -0.220118
   -0.395297
   -0.384406
   -0.349787
   -0.367279
   -0.372711
   -0.383013
   -0.357340
   -0.305801
   -0.029252
    0.315807
    0.361927
    0.257271
    0.268102
    0.291104
    0.322818
    0.134761
   -0.322514
   -0.377295
   -0.332132
   -0.331053
   -0.404085
   -0.368487
   -0.388438
   -0.392943
   -0.407542
   -0.398502
   -0.039827
    0.357206
    0.302966
    0.284885
    0.307516
    0.310976
   -0.105830
   -0.366823
   -0.352394
   -0.366542
   -0.385172
   -0.391539
   -0.413656
   -0.379851
   -0.356775
   -0.415219
   -0.440937
   -0.398135
    0.037251
    0.390876
    0.387946
    0.296247
    0.278189
   -0.181248
   -0.357921
   -0.344214
   -0.366176
   -0.357308
   -0.385445
   -0.378890
   -0.384715
   -0.418108
   -0.394079
   -0.401307
   -0.466747
   -0.295695
    0.172732
    0.446774
    0.291733
    0.213387
   -0.241758
   -0.350825
   -0.322077
   -0.364633
   -0.400438
   -0.376662
   -0.392929
   -0.378977
   -0.414666
   -0.384007
   -0.337235
   -0.375102
   -0.427645
   -0.250575
    0.224745
    0.396674
    0.298352
   -0.162360
   -0.368641
   -0.326122
   -0.393991
   -0.387320
   -0.392715
   -0.413299
   -0.406620
   -0.404726
   -0.405581
   -0.339428
   -0.343625
   -0.382590
   -0.428661
   -0.201519
    0.201983
    0.378367
    0.085360
   -0.280947
   -0.334342
    0.252009
    0.325806
    0.345856
    0.321141
    0.237258
    0.007670
   -0.277463
   -0.390542
   -0.422941
   -0.408011
   -0.362595
   -0.343972
   -0.279531
   -0.142321
    0.043522
    0.096946
    0.318385
    0.341279
    0.378721
    0.281508
    0.231093
   -0.106228
   -0.312133
   -0.407589
   -0.430850
   -0.405928
   -0.353160
   -0.343614
   -0.320014
   -0.241113
   -0.044706
    0.309501
    0.334426
    0.359782
    0.427403
    0.298390
    0.125648
   -0.154991
   -0.340791
   -0.407501
   -0.433010
   -0.384027
   -0.351404
   -0.342955
   -0.345616
   -0.326065
   -0.259705
    0.352064
    0.355736
    0.389976
    0.409056
    0.346620
    0.128106
   -0.247665
   -0.359181
   -0.408750
   -0.419283
   -0.373544
   -0.351931
   -0.341242
   -0.349432
   -0.352360
   -0.321184
    0.367210
    0.393540
    0.427352
    0.393942
    0.309869
    0.156407
   -0.282598
   -0.372297
   -0.411297
   -0.394385
   -0.360576
   -0.346148
   -0.336783
   -0.341048
   -0.338410
   -0.367429
    0.412754
    0.432794
    0.442370
    0.298607
    0.324705
    0.206930
   -0.226685
   -0.368773
   -0.398653
   -0.360996
   -0.355873
   -0.340991
   -0.324452
   -0.331652
   -0.335962
   -0.391480
    0.402139
    0.419190
    0.333770
    0.308156
    0.294618
    0.312470
   -0.101470
   -0.307233
   -0.380186
   -0.349983
   -0.349530
   -0.326060
   -0.323042
   -0.354901
   -0.355604
   -0.364655
    0.509998
    0.407743
    0.339767
    0.232532
    0.265035
    0.322279
    0.251708
   -0.263325
   -0.361219
   -0.332224
   -0.343863
   -0.317941
   -0.335885
   -0.387320
   -0.383086
   -0.367491
    0.274655
    0.410137
    0.376860
    0.309248
    0.285432
    0.277172
    0.348756
    0.164031
   -0.330193
   -0.362303
   -0.347844
   -0.351016
   -0.361727
   -0.362168
   -0.352450
   -0.370147
   -0.403154
   -0.252436
    0.249250
    0.395611
    0.270490
    0.250349
    0.291497
    0.327708
   -0.118229
   -0.375995
   -0.332974
   -0.354379
   -0.347097
   -0.371732
   -0.359789
   -0.371544
   -0.340246
   -0.391813
   -0.461212
   -0.198559
    0.286829
    0.412374
    0.369865
    0.292206
    0.227482
   -0.277313
   -0.389554
   -0.326925
   -0.366479
   -0.364722
   -0.414612
   -0.381660
   -0.383335
   -0.344612
   -0.379835
   -0.412443
   -0.419988
   -0.071018
    0.408990
    0.374903
    0.332437
    0.191975
   -0.346758
   -0.349259
   -0.325935
   -0.345403
   -0.369564
   -0.360123
   -0.373693
   -0.379940
   -0.394794
   -0.367286
   -0.354597
   -0.393591
   -0.372057
    0.110174
    0.442794
    0.295490
    0.149741
   -0.380150
   -0.341134
   -0.379653
   -0.355851
   -0.378768
   -0.378207
   -0.380686
   -0.373824
   -0.365148
   -0.378442
   -0.348578
   -0.327379
   -0.433057
   -0.308326
    0.173014
    0.383330
    0.219977
   -0.269856
   -0.363675
   -0.360875
   -0.358762
   -0.376104
   -0.359770
   -0.386104
   -0.392347
   -0.364267
   -0.384174
   -0.321217
   -0.320112
   -0.327252
   -0.454041
   -0.296359
    0.247387
    0.395304
    0.005306
   -0.281064
   -0.377806
   -0.377109
   -0.374979
   -0.371000
   -0.374742
   -0.393788
   -0.380640
   -0.381652
   -0.346390
   -0.378031
   -0.350740
   -0.342449
   -0.424641
   -0.190397
    0.301314
    0.341797
   -0.032936
    0.330690
    0.435146
    0.347450
    0.258074
   -0.093168
   -0.257484
   -0.438056
   -0.440856
   -0.426318
   -0.374099
   -0.351369
   -0.340960
   -0.318305
   -0.218273
   -0.085584
    0.082179
    0.386222
    0.422715
    0.393065
    0.224146
   -0.181197
   -0.291377
   -0.443387
   -0.423860
   -0.400555
   -0.366019
   -0.350926
   -0.350827
   -0.355071
   -0.331753
   -0.256255
   -0.119702
    0.432633
    0.379118
    0.369991
    0.221867
   -0.197489
   -0.328770
   -0.387387
   -0.403225
   -0.378167
   -0.355772
   -0.350115
   -0.348332
   -0.360463
   -0.368715
   -0.344870
   -0.272460
    0.443554
    0.353142
    0.317130
    0.260012
   -0.171842
   -0.329203
   -0.387391
   -0.384156
   -0.357696
   -0.350559
   -0.344224
   -0.337136
   -0.351152
   -0.380068
   -0.390219
   -0.336256
    0.421534
    0.329622
    0.312277
    0.316360
   -0.045557
   -0.333277
   -0.392803
   -0.366476
   -0.350828
   -0.349866
   -0.329754
   -0.339403
   -0.352843
   -0.377596
   -0.390218
   -0.379625
    0.363568
    0.293663
    0.298945
    0.326896
    0.195554
   -0.253454
   -0.366955
   -0.359897
   -0.344981
   -0.340149
   -0.330694
   -0.363752
   -0.377421
   -0.372820
   -0.371492
   -0.386547
    0.348754
    0.267141
    0.290753
    0.302580
    0.329396
    0.109148
   -0.351272
   -0.356792
   -0.360016
   -0.345143
   -0.351933
   -0.372224
   -0.378154
   -0.371126
   -0.360923
   -0.393820
    0.295600
    0.396019
    0.269381
    0.254073
    0.311687
    0.306073
   -0.136673
   -0.341178
   -0.369209
   -0.353706
   -0.357037
   -0.327148
   -0.381002
   -0.393746
   -0.394399
   -0.381190
   -0.404120
    0.049167
    0.358051
    0.347924
    0.329660
    0.324373
    0.188942
   -0.275228
   -0.372639
   -0.342773
   -0.368093
   -0.406690
   -0.366703
   -0.396005
   -0.377561
   -0.380599
   -0.390843
   -0.481025
   -0.338110
    0.190009
    0.433116
    0.335618
    0.269398
    0.085572
   -0.350810
   -0.408463
   -0.335881
   -0.385986
   -0.394633
   -0.374274
   -0.368384
   -0.378057
   -0.350083
   -0.378417
   -0.391973
   -0.449401
   -0.202373
    0.380695
    0.420729
    0.327032
   -0.003106
   -0.401067
   -0.388988
   -0.393379
   -0.386107
   -0.384837
   -0.369971
   -0.379043
   -0.375151
   -0.419415
   -0.347129
   -0.324277
   -0.361161
   -0.431048
   -0.010713
    0.408021
    0.288957
    0.076722
   -0.366570
   -0.320434
   -0.368275
   -0.358776
   -0.349159
   -0.394885
   -0.375468
   -0.378224
   -0.406743
   -0.386252
   -0.347903
   -0.364405
   -0.392753
   -0.389175
    0.111336
    0.371193
    0.194996
   -0.286393
   -0.361268
   -0.371582
   -0.375239
   -0.402951
   -0.396788
   -0.388407
   -0.399194
   -0.375949
   -0.377637
   -0.366386
   -0.346678
   -0.364633
   -0.458418
   -0.279734
    0.248235
    0.398762
    0.007830
   -0.239964
   -0.399417
   -0.410659
   -0.394359
   -0.402085
   -0.386794
   -0.385987
   -0.358603
   -0.372367
   -0.393685
   -0.354559
   -0.349155
   -0.388485
   -0.466552
   -0.181072
    0.314822
    0.296992
   -0.052537
   -0.268628
   -0.378893
   -0.384848
   -0.384097
   -0.377036
   -0.382500
   -0.398773
   -0.394298
   -0.400134
   -0.394609
   -0.400133
   -0.345774
   -0.381955
   -0.415348
   -0.118196
    0.364098
    0.313942
    0.394481
    0.243010
   -0.045937
   -0.326427
   -0.415773
   -0.469963
   -0.474126
   -0.417862
   -0.397887
   -0.381946
   -0.401695
   -0.414723
   -0.384918
   -0.296298
   -0.180707
   -0.025550
    0.320450
    0.257368
   -0.016117
   -0.348164
   -0.405937
   -0.454493
   -0.447630
   -0.409744
   -0.394792
   -0.379414
   -0.390519
   -0.420333
   -0.425776
   -0.387943
   -0.329274
   -0.276418
    0.320717
    0.283991
    0.068095
   -0.331516
   -0.430062
   -0.424629
   -0.433031
   -0.405453
   -0.398979
   -0.380014
   -0.389440
   -0.407542
   -0.431231
   -0.424294
   -0.404986
   -0.371825
    0.355767
    0.306284
    0.224282
   -0.223420
   -0.431702
   -0.424209
   -0.406259
   -0.402999
   -0.393699
   -0.392980
   -0.401869
   -0.406259
   -0.422491
   -0.433057
   -0.435757
   -0.416266
    0.345108
    0.351186
    0.292050
    0.060983
   -0.352428
   -0.417131
   -0.403814
   -0.395974
   -0.398037
   -0.410191
   -0.422689
   -0.421172
   -0.406445
   -0.426129
   -0.445393
   -0.409139
    0.342392
    0.355237
    0.279186
    0.323492
   -0.134389
   -0.402076
   -0.397801
   -0.394293
   -0.401966
   -0.415059
   -0.423406
   -0.431823
   -0.421555
   -0.426400
   -0.435563
   -0.421482
    0.312490
    0.315065
    0.354419
    0.359580
    0.184213
   -0.320385
   -0.377476
   -0.381943
   -0.406773
   -0.430962
   -0.433224
   -0.440130
   -0.437681
   -0.426360
   -0.432758
   -0.434144
   -0.293498
    0.271908
    0.372256
    0.387821
    0.348018
    0.009478
   -0.362687
   -0.424407
   -0.365015
   -0.417403
   -0.452819
   -0.434524
   -0.439692
   -0.398247
   -0.419151
   -0.445825
   -0.455764
   -0.439276
   -0.021369
    0.381146
    0.396350
    0.340248
   -0.070852
   -0.399090
   -0.432769
   -0.405895
   -0.406095
   -0.441280
   -0.391786
   -0.409972
   -0.429929
   -0.429970
   -0.417202
   -0.432738
   -0.460786
   -0.334947
    0.173746
    0.396553
    0.327489
   -0.065768
   -0.388418
   -0.400563
   -0.415710
   -0.394955
   -0.454015
   -0.412582
   -0.446677
   -0.423732
   -0.434575
   -0.378480
   -0.397581
   -0.399399
   -0.473749
   -0.211759
    0.302360
    0.360882
    0.013691
   -0.350250
   -0.392918
   -0.417314
   -0.404697
   -0.424041
   -0.409664
   -0.396634
   -0.445134
   -0.450848
   -0.423347
   -0.403855
   -0.373875
   -0.417655
   -0.479239
    0.013247
    0.342218
    0.257879
   -0.189554
   -0.318261
   -0.389265
   -0.421619
   -0.396427
   -0.439977
   -0.420394
   -0.450680
   -0.442137
   -0.442717
   -0.402231
   -0.432341
   -0.396880
   -0.470743
   -0.384098
    0.158947
    0.371521
    0.050419
   -0.207733
   -0.344214
   -0.370900
   -0.368167
   -0.441656
   -0.446529
   -0.423556
   -0.446839
   -0.453580
   -0.437899
   -0.400678
   -0.417059
   -0.390384
   -0.492460
   -0.211172
    0.328419
    0.333993
    0.039189
   -0.217289
   -0.291981
   -0.431464
   -0.430207
   -0.454379
   -0.440163
   -0.440485
   -0.453960
   -0.436915
   -0.469142
   -0.456966
   -0.403662
   -0.393674
   -0.461435
   -0.105475
    0.350333
    0.321559
    0.326356
   -0.420785
   -0.430165
   -0.434717
   -0.434247
   -0.428808
   -0.437733
   -0.452284
   -0.456338
   -0.448915
   -0.430061
   -0.445405
   -0.401713
   -0.410011
   -0.420406
    0.061442
    0.377613
    0.229602
   -0.236354
   -0.380790
   -0.394354
   -0.379094
   -0.383480
   -0.388241
   -0.350927
   -0.344846
   -0.364119
   -0.384617
   -0.380252
   -0.352753
   -0.309812
   -0.266667
   -0.196868
    0.248767
   -0.091414
   -0.361131
   -0.385187
   -0.359764
   -0.385378
   -0.343727
   -0.353112
   -0.355835
   -0.362777
   -0.378817
   -0.387751
   -0.385906
   -0.366249
   -0.352208
   -0.344091
    0.276731
    0.176096
   -0.321538
   -0.366097
   -0.368769
   -0.370531
   -0.378901
   -0.362827
   -0.375339
   -0.377880
   -0.378451
   -0.382968
   -0.393695
   -0.385581
   -0.374157
   -0.378905
    0.295592
    0.308332
    0.006458
   -0.388290
   -0.360018
   -0.374146
   -0.367885
   -0.373290
   -0.383985
   -0.388524
   -0.380436
   -0.379698
   -0.392899
   -0.384598
   -0.379676
   -0.377023
    0.307434
    0.324084
    0.257968
   -0.301775
   -0.343860
   -0.318051
   -0.348256
   -0.378154
   -0.391011
   -0.393717
   -0.396784
   -0.388826
   -0.390014
   -0.388510
   -0.384714
   -0.371599
    0.306233
    0.325361
    0.280223
    0.069747
   -0.342882
   -0.344673
   -0.348883
   -0.371150
   -0.396771
   -0.403124
   -0.400490
   -0.385416
   -0.379755
   -0.393194
   -0.394452
   -0.392557
    0.149001
    0.378581
    0.345564
    0.310290
   -0.095947
   -0.362042
   -0.340904
   -0.369003
   -0.382141
   -0.396669
   -0.389117
   -0.367133
   -0.376803
   -0.389493
   -0.404487
   -0.391850
   -0.411039
   -0.109250
    0.324309
    0.360727
    0.298660
   -0.187215
   -0.370105
   -0.378674
   -0.388717
   -0.400454
   -0.409993
   -0.387751
   -0.377463
   -0.387474
   -0.402498
   -0.392757
   -0.411035
   -0.393000
   -0.376327
    0.110321
    0.335615
    0.324195
   -0.171885
   -0.342405
   -0.360066
   -0.379442
   -0.374277
   -0.377659
   -0.382400
   -0.430079
   -0.394773
   -0.404033
   -0.397581
   -0.358241
   -0.352516
   -0.414893
   -0.294072
    0.255236
    0.339193
   -0.001926
   -0.288598
   -0.317321
   -0.384407
   -0.368048
   -0.385463
   -0.371898
   -0.406665
   -0.391000
   -0.440397
   -0.389956
   -0.368191
   -0.383176
   -0.372344
   -0.429188
   -0.002236
    0.324527
    0.223240
   -0.194411
   -0.275574
   -0.345612
   -0.380401
   -0.354724
   -0.366149
   -0.383403
   -0.397015
   -0.400834
   -0.390464
   -0.420055
   -0.377733
   -0.351710
   -0.426381
   -0.359434
    0.163728
    0.352652
    0.035160
   -0.226335
   -0.340138
   -0.362926
   -0.363048
   -0.349214
   -0.395610
   -0.405499
   -0.408873
   -0.386042
   -0.389601
   -0.382682
   -0.354829
   -0.343199
   -0.456341
   -0.166990
    0.318684
    0.311422
    0.070948
   -0.135656
   -0.193254
   -0.089883
   -0.385680
   -0.395442
   -0.404618
   -0.394377
   -0.434792
   -0.385976
   -0.392539
   -0.409965
   -0.369348
   -0.375039
   -0.400640
    0.002926
    0.344821
    0.275264
    0.347874
    0.251997
   -0.402253
   -0.391368
   -0.396978
   -0.390677
   -0.391972
   -0.393793
   -0.390293
   -0.425278
   -0.392643
   -0.388613
   -0.335125
   -0.370039
   -0.301474
    0.162504
    0.374138
    0.331899
   -0.394269
   -0.394409
   -0.395250
   -0.396472
   -0.403456
   -0.406332
   -0.403918
   -0.429648
   -0.412862
   -0.391417
   -0.413291
   -0.379833
   -0.348741
   -0.402957
   -0.232384
    0.322160
