   -0.408815
   -0.409983
   -0.425555
   -0.442481
   -0.429211
   -0.417832
   -0.415961
   -0.417014
   -0.425589
   -0.443054
   -0.446339
   -0.419812
   -0.417230
   -0.418987
   -0.427982
   -0.426781
   -0.443938
   -0.449059
   -0.451979
   -0.440586
   -0.441896
   -0.432800
   -0.425776
   -0.423600
   -0.424801
   -0.426424
   -0.419300
   -0.431087
   -0.430827
   -0.422565
   -0.415901
   -0.416364
   -0.419542
   -0.424846
   -0.427024
   -0.444221
   -0.425598
   -0.418708
   -0.423226
   -0.428965
   -0.425960
   -0.421813
   -0.419307
   -0.398422
   -0.407119
   -0.413618
   -0.420899
   -0.416384
   -0.415899
   -0.414561
   -0.404226
   -0.414448
   -0.425670
   -0.419237
   -0.412560
   -0.411765
   -0.419067
   -0.430572
   -0.441343
   -0.422239
   -0.413038
   -0.410185
   -0.408558
   -0.408597
   -0.427536
   -0.420103
   -0.410512
   -0.405938
   -0.436723
   -0.419482
   -0.414157
   -0.412912
   -0.407979
   -0.398839
   -0.393928
   -0.388919
   -0.408502
   -0.426354
   -0.438010
   -0.419755
   -0.419121
   -0.436395
   -0.424754
   -0.416859
   -0.410203
   -0.417279
   -0.401333
   -0.404619
   -0.424314
   -0.429811
   -0.425240
   -0.434316
   -0.430529
   -0.435037
   -0.432049
   -0.426914
   -0.393907
   -0.402226
   -0.413995
   -0.420040
   -0.411413
   -0.417636
   -0.441517
   -0.445263
   -0.428145
   -0.428647
   -0.439839
   -0.442929
   -0.422050
   -0.416723
   -0.427971
   -0.451006
   -0.428140
   -0.417530
   -0.420623
   -0.423515
   -0.417521
   -0.423914
   -0.426378
   -0.429107
   -0.425627
   -0.417497
   -0.421105
   -0.466315
   -0.454833
   -0.440667
   -0.437121
   -0.440195
   -0.422703
   -0.427538
   -0.424865
   -0.418035
   -0.412087
   -0.417365
   -0.420697
   -0.429026
   -0.432618
   -0.467152
   -0.470316
   -0.451500
   -0.400492
   -0.398559
   -0.414430
   -0.429227
   -0.428524
   -0.429786
   -0.417498
   -0.425420
   -0.470678
   -0.464256
   -0.464168
   -0.445712
   -0.431506
   -0.414404
   -0.394462
   -0.396629
   -0.424146
   -0.425174
   -0.420023
   -0.409587
   -0.441545
   -0.454902
   -0.473313
   -0.465864
   -0.451362
   -0.418956
   -0.415245
   -0.424849
   -0.431710
   -0.385110
   -0.378792
   -0.396182
   -0.422208
   -0.386653
   -0.288424
   -0.164516
   -0.453333
   -0.443341
   -0.436611
   -0.434696
   -0.409078
   -0.411593
   -0.416912
   -0.394673
   -0.376192
   -0.410967
   -0.377066
   -0.346711
   -0.167841
   -0.082312
   -0.191604
   -0.381347
   -0.416976
   -0.418654
   -0.413779
   -0.402698
   -0.384906
   -0.374426
   -0.375531
   -0.403808
   -0.334396
   -0.158749
   -0.049140
   -0.108351
   -0.275784
   -0.462898
   -0.431409
   -0.392042
   -0.427367
   -0.406768
   -0.403619
   -0.415967
   -0.432201
   -0.363009
   -0.224809
   -0.066257
   -0.112107
   -0.274560
   -0.414518
   -0.420463
   -0.450137
   -0.432555
   -0.415733
   -0.382173
   -0.406920
   -0.431208
   -0.400661
   -0.288143
   -0.123337
   -0.078691
   -0.213250
   -0.398416
   -0.435572
   -0.406124
   -0.432343
   -0.463804
   -0.404382
   -0.400056
   -0.391090
   -0.401933
   -0.318663
   -0.176496
   -0.082616
   -0.144291
   -0.336179
   -0.430280
   -0.404024
   -0.394782
   -0.429412
   -0.410011
   -0.431189
   -0.438467
   -0.452696
   -0.397006
   -0.410305
   -0.347732
   -0.447114
   -0.455810
   -0.472706
   -0.465267
   -0.457240
   -0.464025
   -0.483085
   -0.486589
   -0.475976
   -0.458785
   -0.446889
   -0.453418
   -0.453734
   -0.454565
   -0.458901
   -0.460688
   -0.465566
   -0.465358
   -0.466883
   -0.452820
   -0.459097
   -0.452034
   -0.446448
   -0.450441
   -0.462163
   -0.470668
   -0.460716
   -0.459386
   -0.453552
   -0.455588
   -0.452722
   -0.445754
   -0.453120
   -0.436037
   -0.422825
   -0.480962
   -0.479942
   -0.463161
   -0.457208
   -0.457190
   -0.454401
   -0.450624
   -0.449683
   -0.441122
   -0.437588
   -0.437174
   -0.448508
   -0.457688
   -0.448075
   -0.441413
   -0.443802
   -0.455572
   -0.473677
   -0.460321
   -0.428373
   -0.430916
   -0.458242
   -0.482309
   -0.473449
   -0.484133
   -0.490643
   -0.448360
   -0.465106
   -0.470088
   -0.451875
   -0.453219
   -0.451006
   -0.445485
   -0.458017
   -0.459760
   -0.456199
   -0.444236
   -0.441202
   -0.468978
   -0.497614
   -0.451921
   -0.462796
   -0.480601
   -0.444005
   -0.444223
   -0.436469
   -0.451042
   -0.460255
   -0.481412
   -0.462926
   -0.460666
   -0.478325
   -0.475602
   -0.464738
   -0.452474
   -0.465608
   -0.479226
   -0.487183
   -0.483970
   -0.495881
   -0.510260
   -0.455994
   -0.464085
   -0.468331
   -0.447564
   -0.453934
   -0.464444
   -0.467074
   -0.470098
   -0.491562
   -0.505997
   -0.492552
   -0.484914
   -0.467769
   -0.453966
   -0.435253
   -0.436015
   -0.462581
   -0.468889
   -0.476966
   -0.512722
   -0.521212
   -0.524813
   -0.506495
   -0.495713
   -0.501648
   -0.483475
   -0.421296
   -0.417396
   -0.433048
   -0.458832
   -0.443002
   -0.438518
   -0.489781
   -0.502836
   -0.493409
   -0.493435
   -0.485958
   -0.466688
   -0.462449
   -0.454318
   -0.430039
   -0.406931
   -0.431428
   -0.434047
   -0.445838
   -0.452996
   -0.323119
   -0.233787
   -0.456638
   -0.447153
   -0.452418
   -0.438391
   -0.453932
   -0.442917
   -0.408284
   -0.371387
   -0.403640
   -0.449795
   -0.375867
   -0.336212
   -0.132874
   -0.105795
   -0.276193
   -0.393964
   -0.461342
   -0.470184
   -0.455293
   -0.454897
   -0.438735
   -0.437216
   -0.438474
   -0.390398
   -0.248622
   -0.118296
   -0.140355
   -0.232483
   -0.422796
   -0.512833
   -0.443136
   -0.375005
   -0.443764
   -0.445180
   -0.461460
   -0.461896
   -0.385407
   -0.254993
   -0.142877
   -0.125329
   -0.253749
   -0.412417
   -0.493919
   -0.467089
   -0.460003
   -0.424399
   -0.412884
   -0.427777
   -0.445558
   -0.368468
   -0.253686
   -0.109095
   -0.115490
   -0.272244
   -0.429330
   -0.445224
   -0.398827
   -0.409117
   -0.468533
   -0.455719
   -0.439382
   -0.407725
   -0.458057
   -0.421295
   -0.151850
   -0.159343
   -0.265042
   -0.395672
   -0.438880
   -0.424397
   -0.422615
   -0.428767
   -0.451366
   -0.500022
   -0.467368
   -0.442993
   -0.412785
   -0.474716
   -0.365703
   -0.065265
   -0.357857
   -0.441343
   -0.435586
   -0.423202
   -0.415088
   -0.413417
   -0.418971
   -0.483669
   -0.511651
   -0.461102
   -0.460083
   -0.442379
   -0.418147
   -0.407835
   -0.148866
   -0.436012
   -0.421240
   -0.399599
   -0.402918
   -0.434298
   -0.452041
   -0.470032
   -0.508985
   -0.500107
   -0.457515
   -0.445039
   -0.431675
   -0.442693
   -0.415752
   -0.106340
   -0.408537
   -0.429139
   -0.398247
   -0.393363
   -0.418514
   -0.417285
   -0.416893
   -0.407410
   -0.406816
   -0.404829
   -0.401956
   -0.392047
   -0.390018
   -0.393610
   -0.386611
   -0.383857
   -0.384173
   -0.386997
   -0.380883
   -0.383404
   -0.394016
   -0.410885
   -0.408875
   -0.384845
   -0.369835
   -0.384770
   -0.406439
   -0.417038
   -0.421971
   -0.408139
   -0.398208
   -0.395311
   -0.410446
   -0.411772
   -0.380457
   -0.382092
   -0.384021
   -0.392312
   -0.401327
   -0.402352
   -0.395243
   -0.381667
   -0.399200
   -0.432669
   -0.425132
   -0.418011
   -0.416252
   -0.403605
   -0.397381
   -0.401358
   -0.411427
   -0.424822
   -0.433890
   -0.411206
   -0.430725
   -0.433512
   -0.423683
   -0.408821
   -0.399858
   -0.390221
   -0.392271
   -0.413020
   -0.411541
   -0.405784
   -0.445334
   -0.450988
   -0.404647
   -0.415444
   -0.419629
   -0.416538
   -0.413245
   -0.413450
   -0.415111
   -0.422933
   -0.434935
   -0.448394
   -0.463583
   -0.433842
   -0.417243
   -0.420054
   -0.399732
   -0.399351
   -0.398390
   -0.399982
   -0.411214
   -0.430026
   -0.418598
   -0.424005
   -0.461358
   -0.456513
   -0.422859
   -0.387578
   -0.377670
   -0.404764
   -0.415321
   -0.387561
   -0.371457
   -0.365070
   -0.455162
   -0.445880
   -0.417544
   -0.383893
   -0.406005
   -0.405586
   -0.391735
   -0.392419
   -0.380135
   -0.348873
   -0.340169
   -0.379964
   -0.381057
   -0.375959
   -0.337966
   -0.245559
   -0.394173
   -0.405149
   -0.408747
   -0.410103
   -0.394342
   -0.382536
   -0.366459
   -0.359171
   -0.380502
   -0.396481
   -0.338541
   -0.251686
   -0.119918
   -0.061971
   -0.143954
   -0.261742
   -0.397119
   -0.376127
   -0.386717
   -0.378145
   -0.397110
   -0.402062
   -0.376922
   -0.289202
   -0.158743
   -0.056211
   -0.069554
   -0.190406
   -0.381802
   -0.432845
   -0.392547
   -0.296835
   -0.375659
   -0.375492
   -0.374793
   -0.352490
   -0.224011
   -0.094593
   -0.035312
   -0.127890
   -0.301795
   -0.392932
   -0.414317
   -0.429951
   -0.344063
   -0.352892
   -0.334005
   -0.387999
   -0.323352
   -0.209963
   -0.092888
   -0.102337
   -0.183479
   -0.319524
   -0.395791
   -0.382991
   -0.351306
   -0.400064
   -0.392461
   -0.370275
   -0.388602
   -0.370899
   -0.397682
   -0.197655
   -0.129283
   -0.232447
   -0.365698
   -0.385282
   -0.413078
   -0.369072
   -0.355162
   -0.379733
   -0.440866
   -0.421610
   -0.433759
   -0.409930
   -0.424681
   -0.417706
   -0.122100
   -0.155583
   -0.386468
   -0.355370
   -0.337070
   -0.378201
   -0.370533
   -0.370037
   -0.422833
   -0.453679
   -0.407664
   -0.412915
   -0.426120
   -0.428724
   -0.361369
   -0.033719
   -0.238514
   -0.386152
   -0.369932
   -0.377444
   -0.381799
   -0.377693
   -0.384189
   -0.450061
   -0.457141
   -0.445228
   -0.452325
   -0.417481
   -0.404594
   -0.397718
   -0.091302
   -0.300799
   -0.382264
   -0.349322
   -0.390652
   -0.394671
   -0.399170
   -0.404262
   -0.477868
   -0.460703
   -0.425920
   -0.401227
   -0.405124
   -0.422235
   -0.315588
   -0.037345
   -0.311373
   -0.379323
   -0.350325
   -0.366717
   -0.420018
   -0.437688
   -0.476445
   -0.487883
   -0.450649
   -0.431358
   -0.433990
   -0.425033
   -0.395556
   -0.287761
   -0.089756
   -0.303679
   -0.319953
   -0.340094
   -0.383326
   -0.413525
   -0.386801
   -0.382754
   -0.382880
   -0.390269
   -0.397911
   -0.392591
   -0.374147
   -0.376652
   -0.398972
   -0.415296
   -0.407681
   -0.402610
   -0.393975
   -0.397980
   -0.393198
   -0.386689
   -0.391991
   -0.398070
   -0.396623
   -0.409976
   -0.422728
   -0.415697
   -0.410799
   -0.398399
   -0.388978
   -0.386731
   -0.394917
   -0.406992
   -0.391054
   -0.379273
   -0.401621
   -0.425122
   -0.396700
   -0.401928
   -0.403364
   -0.401509
   -0.400407
   -0.399495
   -0.401535
   -0.407447
   -0.420922
   -0.432609
   -0.429875
   -0.432673
   -0.429514
   -0.442046
   -0.436844
   -0.410769
   -0.400766
   -0.411724
   -0.418277
   -0.428783
   -0.430947
   -0.454626
   -0.457612
   -0.440178
   -0.415168
   -0.369902
   -0.367120
   -0.388410
   -0.384673
   -0.386223
   -0.370372
   -0.349243
   -0.443611
   -0.424358
   -0.412411
   -0.408033
   -0.408373
   -0.394977
   -0.394306
   -0.373293
   -0.339638
   -0.337653
   -0.372163
   -0.386376
   -0.371642
   -0.374922
   -0.387862
   -0.380765
   -0.394475
   -0.389151
   -0.382425
   -0.363651
   -0.360260
   -0.368597
   -0.371435
   -0.371926
   -0.377032
   -0.384663
   -0.385505
   -0.326574
   -0.229303
   -0.137894
   -0.053749
   -0.038660
   -0.365359
   -0.372744
   -0.361833
   -0.380229
   -0.395947
   -0.382592
   -0.343638
   -0.271029
   -0.164620
   -0.065220
   -0.054910
   -0.120629
   -0.234625
   -0.351298
   -0.363846
   -0.353501
   -0.373281
   -0.359835
   -0.322047
   -0.251830
   -0.130360
   -0.034472
   -0.039656
   -0.147752
   -0.267884
   -0.364393
   -0.463884
   -0.401972
   -0.367339
   -0.321804
   -0.313501
   -0.370026
   -0.155799
   -0.061664
   -0.087918
   -0.162678
   -0.260256
   -0.355190
   -0.396344
   -0.393287
   -0.380139
   -0.375982
   -0.344576
   -0.343017
   -0.353360
   -0.349138
   -0.357806
   -0.018339
   -0.263760
   -0.383970
   -0.380946
   -0.386441
   -0.362393
   -0.349461
   -0.356033
   -0.401254
   -0.412931
   -0.391540
   -0.393384
   -0.389980
   -0.443367
   -0.347059
   -0.013363
   -0.337222
   -0.353688
   -0.331746
   -0.385587
   -0.357420
   -0.357175
   -0.395740
   -0.440597
   -0.423988
   -0.418626
   -0.434752
   -0.422079
   -0.402494
   -0.189857
   -0.081585
   -0.368582
   -0.379208
   -0.353596
   -0.380242
   -0.395053
   -0.404463
   -0.445949
   -0.439288
   -0.425104
   -0.408728
   -0.390826
   -0.367824
   -0.367845
   -0.111584
   -0.161488
   -0.381658
   -0.375448
   -0.373034
   -0.389763
   -0.406560
   -0.417806
   -0.487842
   -0.462551
   -0.425938
   -0.365289
   -0.392079
   -0.407127
   -0.361241
   -0.054977
   -0.254619
   -0.355708
   -0.340775
   -0.334919
   -0.354835
   -0.439227
   -0.454032
   -0.448356
   -0.404270
   -0.440511
   -0.431111
   -0.432232
   -0.416329
   -0.289830
   -0.013055
   -0.302829
   -0.371557
   -0.332085
   -0.337070
   -0.406582
   -0.427953
   -0.446242
   -0.416398
   -0.427905
   -0.418327
   -0.376465
   -0.366663
   -0.402082
   -0.165848
   -0.027360
   -0.324365
   -0.320017
   -0.320756
   -0.395784
   -0.342280
   -0.221234
   -0.093719
   -0.416595
   -0.410948
   -0.413023
   -0.350055
   -0.361443
   -0.373781
   -0.102761
   -0.101082
   -0.384336
   -0.364463
   -0.303623
   -0.295318
   -0.219151
   -0.253293
   -0.307014
   -0.437828
   -0.413427
   -0.418236
   -0.416543
   -0.427468
   -0.420847
   -0.416637
   -0.417637
   -0.422811
   -0.437128
   -0.448909
   -0.447907
   -0.423979
   -0.429493
   -0.451596
   -0.466572
   -0.462931
   -0.433632
   -0.434858
   -0.439344
   -0.444688
   -0.454186
   -0.464899
   -0.480952
   -0.467335
   -0.445254
   -0.408562
   -0.391440
   -0.421952
   -0.424343
   -0.423062
   -0.403442
   -0.393289
   -0.457961
   -0.445571
   -0.430838
   -0.428651
   -0.426931
   -0.422545
   -0.415917
   -0.400788
   -0.378311
   -0.362771
   -0.383564
   -0.397592
   -0.393468
   -0.392670
   -0.400517
   -0.390060
   -0.398928
   -0.392485
   -0.377522
   -0.397658
   -0.389605
   -0.372729
   -0.368960
   -0.391000
   -0.384890
   -0.413642
   -0.407773
   -0.385370
   -0.324190
   -0.273454
   -0.099468
   -0.007489
   -0.389393
   -0.363402
   -0.370027
   -0.398953
   -0.384187
   -0.373443
   -0.358179
   -0.282254
   -0.198539
   -0.114317
   -0.049125
   -0.134090
   -0.220277
   -0.263130
   -0.363274
   -0.391532
   -0.368135
   -0.331845
   -0.266323
   -0.152226
   -0.090507
   -0.082500
   -0.124838
   -0.182872
   -0.282390
   -0.431614
   -0.458147
   -0.434186
   -0.390954
   -0.350560
   -0.324977
   -0.306441
   -0.046489
   -0.105221
   -0.201785
   -0.322402
   -0.410748
   -0.428756
   -0.415798
   -0.408461
   -0.395664
   -0.376234
   -0.373676
   -0.373985
   -0.357464
   -0.391992
   -0.259448
   -0.036374
   -0.432253
   -0.397704
   -0.380554
   -0.381851
   -0.361902
   -0.368293
   -0.397061
   -0.423612
   -0.422380
   -0.423131
   -0.404621
   -0.402890
   -0.458668
   -0.201110
   -0.102875
   -0.441089
   -0.365647
   -0.417800
   -0.382621
   -0.374892
   -0.390680
   -0.451683
   -0.460727
   -0.438848
   -0.450454
   -0.435117
   -0.434483
   -0.385670
   -0.073355
   -0.223415
   -0.413543
   -0.390877
   -0.408159
   -0.439119
   -0.455506
   -0.462628
   -0.488212
   -0.467046
   -0.459008
   -0.435605
   -0.370168
   -0.412161
   -0.227731
   -0.073258
   -0.384314
   -0.426411
   -0.394051
   -0.415156
   -0.433031
   -0.448644
   -0.510539
   -0.487744
   -0.443829
   -0.390572
   -0.408837
   -0.425265
   -0.423950
   -0.088099
   -0.211551
   -0.412246
   -0.363629
   -0.397655
   -0.399071
   -0.411682
   -0.477216
   -0.456703
   -0.417696
   -0.414241
   -0.425757
   -0.438712
   -0.422948
   -0.328495
   -0.028153
   -0.283659
   -0.367637
   -0.353589
   -0.322813
   -0.352208
   -0.450702
   -0.454860
   -0.428372
   -0.466864
   -0.427497
   -0.395959
   -0.388178
   -0.415792
   -0.194967
   -0.063177
   -0.357006
   -0.352427
   -0.309892
   -0.349121
   -0.417262
   -0.432270
   -0.269974
   -0.167116
   -0.415260
   -0.404098
   -0.399931
   -0.402537
   -0.397755
   -0.138144
   -0.133520
   -0.349544
   -0.340534
   -0.341130
   -0.298364
   -0.269397
   -0.267301
   -0.256037
   -0.375367
   -0.484136
   -0.375019
   -0.361840
   -0.397975
   -0.298818
   -0.064654
   -0.228071
   -0.396759
   -0.295304
   -0.187938
   -0.135424
   -0.252692
   -0.362008
   -0.402971
   -0.413221
   -0.408173
   -0.396253
   -0.398870
   -0.385326
   -0.166071
   -0.056615
   -0.228954
   -0.223518
   -0.136334
   -0.224996
   -0.357706
   -0.414261
   -0.410444
   -0.415299
   -0.442627
   -0.426340
   -0.387897
   -0.412974
   -0.425551
   -0.422404
   -0.422425
   -0.415865
   -0.410153
   -0.409096
   -0.409967
   -0.400515
   -0.401369
   -0.403298
   -0.406391
   -0.392766
   -0.393836
   -0.395541
   -0.417075
   -0.433724
   -0.408514
   -0.400560
   -0.397238
   -0.386814
   -0.368861
   -0.364736
   -0.373359
   -0.381333
   -0.382920
   -0.379736
   -0.379710
   -0.398572
   -0.423964
   -0.418575
   -0.322588
   -0.224353
   -0.389940
   -0.392608
   -0.391708
   -0.392886
   -0.407414
   -0.413655
   -0.392170
   -0.334893
   -0.263867
   -0.182830
   -0.152855
   -0.073786
   -0.079059
   -0.060317
   -0.093398
   -0.222025
   -0.327165
   -0.261738
   -0.225564
   -0.151326
   -0.097201
   -0.082690
   -0.079081
   -0.120891
   -0.184383
   -0.315886
   -0.370631
   -0.431195
   -0.394582
   -0.367877
   -0.339359
   -0.310765
   -0.107927
   -0.166518
   -0.217117
   -0.308554
   -0.373591
   -0.391302
   -0.418037
   -0.423260
   -0.420450
   -0.369337
   -0.356352
   -0.358230
   -0.347217
   -0.381730
   -0.256642
   -0.008255
   -0.390108
   -0.393119
   -0.390694
   -0.386958
   -0.370105
   -0.390682
   -0.431689
   -0.392171
   -0.413543
   -0.398262
   -0.414728
   -0.390709
   -0.376840
   -0.099366
   -0.180276
   -0.475151
   -0.392982
   -0.391367
   -0.393629
   -0.418671
   -0.465274
   -0.458615
   -0.405543
   -0.443600
   -0.437429
   -0.447937
   -0.442518
   -0.331019
   -0.070679
   -0.297766
   -0.399456
   -0.379929
   -0.423747
   -0.430788
   -0.458294
   -0.480045
   -0.467939
   -0.469365
   -0.447097
   -0.412657
   -0.435347
   -0.393526
   -0.107417
   -0.143580
   -0.435534
   -0.387532
   -0.395273
   -0.429601
   -0.463713
   -0.498153
   -0.467647
   -0.440779
   -0.420320
   -0.396465
   -0.377795
   -0.435741
   -0.322614
   -0.092131
   -0.293663
   -0.424068
   -0.364027
   -0.393778
   -0.414160
   -0.453464
   -0.449012
   -0.428578
   -0.455419
   -0.424704
   -0.446925
   -0.443289
   -0.417092
   -0.132815
   -0.119468
   -0.412935
   -0.352256
   -0.360404
   -0.364221
   -0.402102
   -0.448322
   -0.429587
   -0.458358
   -0.440058
   -0.400144
   -0.438620
   -0.397852
   -0.269564
   -0.105372
   -0.248808
   -0.391785
   -0.325397
   -0.356688
   -0.395857
   -0.441283
   -0.456956
   -0.346258
   -0.225832
   -0.397070
   -0.363515
   -0.412450
   -0.375332
   -0.115977
   -0.117606
   -0.314407
   -0.372836
   -0.343628
   -0.383904
   -0.352644
   -0.334346
   -0.295176
   -0.234752
   -0.352093
   -0.409563
   -0.364376
   -0.382668
   -0.240759
   -0.028998
   -0.230999
   -0.384982
   -0.359190
   -0.234803
   -0.153431
   -0.138525
   -0.202161
   -0.309610
   -0.436893
   -0.452020
   -0.384991
   -0.368571
   -0.330591
   -0.151044
   -0.122106
   -0.280305
   -0.267704
   -0.158191
   -0.104749
   -0.226123
   -0.379560
   -0.467022
   -0.403220
   -0.430872
   -0.440339
   -0.420114
   -0.369873
   -0.375786
   -0.055468
   -0.060439
   -0.159159
   -0.196573
   -0.269482
   -0.371886
   -0.408403
   -0.419938
   -0.428338
   -0.401398
   -0.447623
   -0.420257
   -0.419661
   -0.391334
   -0.377805
   -0.431591
   -0.231502
   -0.312024
   -0.328143
   -0.387884
   -0.407251
   -0.398966
   -0.415422
   -0.434307
   -0.419812
   -0.457306
   -0.463193
   -0.403475
   -0.406718
   -0.400969
   -0.405889
   -0.094051
   -0.388674
   -0.393549
   -0.396540
   -0.358977
   -0.391824
   -0.410605
   -0.400457
   -0.368204
   -0.310152
   -0.244277
   -0.223183
   -0.200781
   -0.164859
   -0.060251
   -0.004800
   -0.048434
   -0.277169
   -0.229362
   -0.199973
   -0.162876
   -0.102218
   -0.072148
   -0.054103
   -0.077392
   -0.129195
   -0.243713
   -0.301434
   -0.335647
   -0.343036
   -0.335661
   -0.406726
   -0.393941
   -0.152600
   -0.220001
   -0.275620
   -0.295082
   -0.359239
   -0.386828
   -0.425219
   -0.432131
   -0.429800
   -0.388998
   -0.366105
   -0.334696
   -0.347578
   -0.364877
   -0.215035
   -0.053412
   -0.390800
   -0.380021
   -0.380506
   -0.360528
   -0.378239
   -0.419232
   -0.419502
   -0.392794
   -0.375531
   -0.391209
   -0.375505
   -0.401823
   -0.339194
   -0.078129
   -0.214733
   -0.488176
   -0.392379
   -0.386986
   -0.408330
   -0.408281
   -0.443156
   -0.423721
   -0.421574
   -0.432400
   -0.418369
   -0.444589
   -0.442724
   -0.185677
   -0.093107
   -0.365536
   -0.395263
   -0.328644
   -0.432981
   -0.466477
   -0.489707
   -0.470870
   -0.458610
   -0.435134
   -0.418612
   -0.431981
   -0.431561
   -0.212762
   -0.061601
   -0.239884
   -0.424464
   -0.396431
   -0.410550
   -0.467825
   -0.502679
   -0.470028
   -0.445857
   -0.413580
   -0.393361
   -0.364368
   -0.408979
   -0.388406
   -0.138021
   -0.164985
   -0.414077
   -0.440496
   -0.403210
   -0.406554
   -0.440932
   -0.447919
   -0.417119
   -0.442531
   -0.419547
   -0.455441
   -0.425472
   -0.439911
   -0.241866
   -0.071391
   -0.317008
   -0.386627
   -0.341115
   -0.355846
   -0.352435
   -0.390356
   -0.425143
   -0.345328
   -0.420486
   -0.390718
   -0.441484
   -0.404086
   -0.327758
   -0.088501
   -0.119916
   -0.360548
   -0.370127
   -0.337718
   -0.386141
   -0.400022
   -0.455300
   -0.418402
   -0.386992
   -0.346565
   -0.368512
   -0.408334
   -0.363579
   -0.123895
   -0.067747
   -0.309069
   -0.360408
   -0.343614
   -0.372460
   -0.373634
   -0.349922
   -0.371838
   -0.201910
   -0.262701
   -0.307045
   -0.316068
   -0.381541
   -0.250923
   -0.040397
   -0.214628
   -0.385313
   -0.380628
   -0.319095
   -0.239475
   -0.186034
   -0.171863
   -0.221194
   -0.289453
   -0.421470
   -0.442129
   -0.422796
   -0.362009
   -0.107727
   -0.125242
   -0.367811
   -0.272407
   -0.159959
   -0.089872
   -0.184907
   -0.339357
   -0.452677
   -0.418381
   -0.434671
   -0.457194
   -0.447125
   -0.411788
   -0.351679
   -0.377213
   -0.126236
   -0.194332
   -0.169201
   -0.241127
   -0.346883
   -0.401083
   -0.438194
   -0.441997
   -0.388931
   -0.400919
   -0.395305
   -0.399382
   -0.382520
   -0.345401
   -0.394977
   -0.333330
   -0.339292
   -0.359193
   -0.376959
   -0.391913
   -0.391884
   -0.407840
   -0.414566
   -0.406588
   -0.453486
   -0.456121
   -0.383929
   -0.401898
   -0.412013
   -0.406138
   -0.261689
   -0.087423
   -0.370429
   -0.354790
   -0.390743
   -0.409967
   -0.448752
   -0.431530
   -0.426600
   -0.446778
   -0.435174
   -0.440824
   -0.393227
   -0.413243
   -0.433166
   -0.195641
   -0.147852
   -0.382305
   -0.388647
   -0.411624
   -0.451722
   -0.462850
   -0.420015
   -0.436203
   -0.470120
   -0.448866
   -0.403979
   -0.374691
   -0.401009
   -0.388924
   -0.109687
   -0.223406
   -0.393008
   -0.387134
   -0.293735
   -0.334355
   -0.355737
   -0.357916
   -0.405234
   -0.428100
   -0.447108
   -0.451740
   -0.433018
   -0.403789
   -0.383575
   -0.353961
   -0.352166
   -0.343556
   -0.123957
    0.021357
   -0.371772
   -0.382831
   -0.382085
   -0.352964
   -0.395810
   -0.422175
   -0.412482
   -0.383768
   -0.378319
   -0.363391
   -0.347934
   -0.413363
   -0.274867
   -0.042605
   -0.214191
   -0.438577
   -0.393213
   -0.396392
   -0.404986
   -0.429884
   -0.426988
   -0.403449
   -0.409132
   -0.405410
   -0.408524
   -0.440707
   -0.326456
   -0.151728
   -0.206089
   -0.446924
   -0.463499
   -0.369737
   -0.456213
   -0.468299
   -0.443553
   -0.440107
   -0.445039
   -0.420994
   -0.396773
   -0.445374
   -0.353418
   -0.138087
   -0.110389
   -0.308108
   -0.414232
   -0.384236
   -0.420488
   -0.469644
   -0.454323
   -0.439528
   -0.458925
   -0.421610
   -0.375868
   -0.400692
   -0.397624
   -0.177323
   -0.101082
   -0.347675
   -0.490711
   -0.449628
   -0.404579
   -0.430195
   -0.440015
   -0.451038
   -0.463642
   -0.435045
   -0.420513
   -0.405402
   -0.447302
   -0.264585
   -0.055854
   -0.271229
   -0.381870
   -0.381050
   -0.353413
   -0.402886
   -0.421564
   -0.452895
   -0.412662
   -0.340580
   -0.385438
   -0.400413
   -0.407485
   -0.288571
   -0.081980
   -0.137180
   -0.379801
   -0.366715
   -0.313925
   -0.334222
   -0.359948
   -0.375061
   -0.434645
   -0.409707
   -0.401823
   -0.388008
   -0.389360
   -0.338292
   -0.099734
   -0.080074
   -0.315655
   -0.359384
   -0.326953
   -0.354329
   -0.388305
   -0.382423
   -0.409916
   -0.321285
   -0.204128
   -0.265013
   -0.263095
   -0.262698
   -0.155875
   -0.041658
   -0.295566
   -0.391452
   -0.348620
   -0.305538
   -0.245147
   -0.212071
   -0.177609
   -0.216421
   -0.207177
   -0.307280
   -0.427993
   -0.433592
   -0.416399
   -0.329390
   -0.185598
   -0.344611
   -0.197419
   -0.110519
   -0.115493
   -0.174438
   -0.238579
   -0.384718
   -0.442188
   -0.418663
   -0.461854
   -0.440649
   -0.406874
   -0.364389
   -0.323670
   -0.395747
   -0.172229
   -0.165807
   -0.256272
   -0.362001
   -0.393640
   -0.407532
   -0.428997
   -0.392450
   -0.426388
   -0.443487
   -0.404243
   -0.395067
   -0.370885
   -0.365377
   -0.365159
   -0.179685
   -0.370745
   -0.397044
   -0.403310
   -0.383875
   -0.431216
   -0.441199
   -0.408140
   -0.397574
   -0.433992
   -0.408396
   -0.399052
   -0.379742
   -0.409731
   -0.364527
   -0.077367
   -0.296186
   -0.387181
   -0.404873
   -0.410380
   -0.455040
   -0.423372
   -0.449626
   -0.442109
   -0.432616
   -0.447330
   -0.399503
   -0.408516
   -0.407756
   -0.240844
   -0.114187
   -0.386350
   -0.377920
   -0.447464
   -0.472965
   -0.478092
   -0.404760
   -0.463740
   -0.473626
   -0.447713
   -0.427115
   -0.394975
   -0.356038
   -0.390838
   -0.193721
   -0.192700
   -0.369379
   -0.407815
   -0.380129
   -0.453983
   -0.431997
   -0.486388
   -0.466873
   -0.407258
   -0.413383
   -0.425753
   -0.380061
   -0.362710
   -0.355376
   -0.100166
   -0.249547
   -0.382168
   -0.362657
   -0.390240
   -0.387897
   -0.442088
   -0.464078
   -0.467470
   -0.417371
   -0.427727
   -0.389805
   -0.368138
   -0.386223
   -0.311384
   -0.092048
   -0.283334
   -0.389348
   -0.346661
   -0.372317
   -0.427671
   -0.452942
   -0.380866
   -0.409726
   -0.428800
   -0.451285
   -0.412951
   -0.382632
   -0.397246
   -0.395643
   -0.401907
   -0.437673
   -0.340853
   -0.122024
   -0.131581
   -0.389868
   -0.446112
   -0.377078
   -0.465938
   -0.465420
   -0.446553
   -0.426589
   -0.438245
   -0.439756
   -0.438001
   -0.483006
   -0.366102
   -0.124740
   -0.077949
   -0.353556
   -0.395085
   -0.384614
   -0.383008
   -0.393840
   -0.441070
   -0.423693
   -0.420092
   -0.412133
   -0.385653
   -0.395593
   -0.368912
   -0.141886
   -0.085216
   -0.332420
   -0.460580
   -0.385452
   -0.410696
   -0.422276
   -0.444920
   -0.469520
   -0.434095
   -0.414511
   -0.389722
   -0.443816
   -0.389796
   -0.134658
   -0.121897
   -0.315959
   -0.405308
   -0.398021
   -0.362702
   -0.379686
   -0.418291
   -0.449429
   -0.420060
   -0.378038
   -0.402798
   -0.418381
   -0.337350
   -0.137507
   -0.050485
   -0.312689
   -0.402032
   -0.357131
   -0.324708
   -0.359086
   -0.375654
   -0.415420
   -0.421908
   -0.382004
   -0.411471
   -0.451593
   -0.356185
   -0.113170
   -0.056862
   -0.242608
   -0.382117
   -0.353499
   -0.339395
   -0.377656
   -0.384593
   -0.431701
   -0.437093
   -0.386015
   -0.329168
   -0.319797
   -0.287135
   -0.182465
   -0.033925
   -0.268575
   -0.393833
   -0.352603
   -0.332599
   -0.310543
   -0.313267
   -0.251776
   -0.251237
   -0.169682
   -0.182375
   -0.203509
   -0.295751
   -0.357246
   -0.357916
   -0.331238
   -0.321949
   -0.208040
   -0.133019
   -0.098721
   -0.143318
   -0.162979
   -0.267401
   -0.382912
   -0.397412
   -0.443847
   -0.447760
   -0.419305
   -0.386894
   -0.347153
   -0.332338
   -0.407414
   -0.188819
   -0.255155
   -0.338303
   -0.396917
   -0.411345
   -0.467547
   -0.430252
   -0.405000
   -0.419646
   -0.435776
   -0.373925
   -0.382443
   -0.359659
   -0.377733
   -0.367773
   -0.108053
   -0.373262
   -0.378750
   -0.380849
   -0.417276
   -0.425870
   -0.397306
   -0.413506
   -0.434885
   -0.416451
   -0.404597
   -0.402451
   -0.388941
   -0.454148
   -0.301671
   -0.112769
   -0.391508
   -0.399569
   -0.405077
   -0.440549
   -0.431591
   -0.456869
   -0.431776
   -0.452635
   -0.423852
   -0.441937
   -0.408726
   -0.386204
   -0.402375
   -0.168831
   -0.171987
   -0.396294
   -0.359311
   -0.473821
   -0.471622
   -0.402748
   -0.449320
   -0.483155
   -0.464439
   -0.440124
   -0.386987
   -0.343998
   -0.393470
   -0.280779
   -0.151053
   -0.259714
   -0.409717
   -0.393021
   -0.398211
   -0.447416
   -0.483593
   -0.439729
   -0.433080
   -0.390970
   -0.415460
   -0.389761
   -0.384689
   -0.381534
   -0.154526
   -0.182584
   -0.322956
   -0.392133
   -0.389776
   -0.393624
   -0.407026
   -0.470403
   -0.455610
   -0.421952
   -0.409400
   -0.412805
   -0.385414
   -0.379020
   -0.346904
   -0.132605
   -0.265819
   -0.406919
   -0.378735
   -0.366968
   -0.381045
   -0.423004
   -0.457984
   -0.410977
   -0.404426
   -0.407619
   -0.384249
   -0.358756
   -0.393513
   -0.325360
   -0.194450
   -0.352548
   -0.365785
   -0.384103
   -0.344447
   -0.396728
   -0.453676
   -0.451989
   -0.421209
   -0.403070
   -0.362933
   -0.370274
   -0.398150
   -0.378983
   -0.217372
   -0.233670
   -0.368334
   -0.399014
   -0.386702
   -0.402038
   -0.416331
   -0.457503
   -0.435894
   -0.406275
   -0.411308
   -0.417903
   -0.416831
   -0.416025
   -0.368291
   -0.366302
   -0.375719
   -0.255882
   -0.076169
   -0.139161
   -0.363609
   -0.445160
   -0.418047
   -0.392259
   -0.443484
   -0.460106
   -0.512411
   -0.423239
   -0.402413
   -0.433023
   -0.437301
   -0.250184
   -0.118840
   -0.235316
   -0.403617
   -0.430398
   -0.396483
   -0.381882
   -0.406337
   -0.417773
   -0.468414
   -0.441178
   -0.391515
   -0.401784
   -0.360849
   -0.213140
   -0.092247
   -0.193829
   -0.371549
   -0.388695
   -0.337694
   -0.338541
   -0.366164
   -0.388813
   -0.415323
   -0.381629
   -0.370291
   -0.340137
   -0.411642
   -0.112841
   -0.030038
   -0.210347
   -0.370803
   -0.362225
   -0.360853
   -0.347944
   -0.350048
   -0.379076
   -0.432717
   -0.420359
   -0.438203
   -0.375990
   -0.354313
   -0.310439
   -0.245222
   -0.273259
   -0.400332
   -0.346753
   -0.346356
   -0.306974
   -0.342856
   -0.315192
   -0.285308
   -0.217238
   -0.147272
   -0.126974
   -0.166444
   -0.215351
   -0.234867
   -0.304298
   -0.299467
   -0.177950
   -0.125275
   -0.109590
   -0.158030
   -0.176940
   -0.248592
   -0.344428
   -0.364461
   -0.393737
   -0.425695
   -0.441392
   -0.429160
   -0.391376
   -0.369672
   -0.343165
   -0.395547
   -0.296435
   -0.375552
   -0.431276
   -0.401927
   -0.477460
   -0.449828
   -0.393829
   -0.410074
   -0.420488
   -0.408443
   -0.407966
   -0.387507
   -0.384699
   -0.377306
   -0.310988
   -0.078729
   -0.394021
   -0.383292
   -0.406206
   -0.418465
   -0.395878
   -0.396349
   -0.436970
   -0.408687
   -0.403371
   -0.394068
   -0.382762
   -0.374651
   -0.409107
   -0.209180
   -0.131906
   -0.418768
   -0.422892
   -0.441309
   -0.425112
   -0.411908
   -0.434537
   -0.420474
   -0.423172
   -0.431881
   -0.381668
   -0.395704
   -0.406651
   -0.323109
   -0.095607
   -0.254560
   -0.429531
   -0.382759
   -0.438613
   -0.404178
   -0.443402
   -0.488194
   -0.465539
   -0.435335
   -0.411209
   -0.383806
   -0.384703
   -0.350267
   -0.191175
   -0.187678
   -0.377837
   -0.404717
   -0.401686
   -0.401174
   -0.474553
   -0.434798
   -0.448500
   -0.422473
   -0.379072
   -0.400607
   -0.378767
   -0.397909
   -0.229751
   -0.136907
   -0.289719
   -0.384469
   -0.383300
   -0.400022
   -0.400019
   -0.431480
   -0.437241
   -0.408938
   -0.398801
   -0.410604
   -0.375703
   -0.391059
   -0.352480
   -0.172974
   -0.259368
   -0.411237
   -0.392368
   -0.380258
   -0.374138
   -0.388790
   -0.444924
   -0.427645
   -0.395780
   -0.394033
   -0.383938
   -0.360620
   -0.394629
   -0.315596
   -0.226318
   -0.364002
   -0.383731
   -0.375548
   -0.342036
   -0.348021
   -0.427083
   -0.467629
   -0.418366
   -0.422018
   -0.378734
   -0.371858
   -0.372211
   -0.386937
   -0.217235
   -0.236193
   -0.384568
   -0.410762
   -0.393624
   -0.404483
   -0.422589
   -0.445732
   -0.448593
   -0.418590
   -0.400339
   -0.407294
   -0.411242
   -0.390520
   -0.232780
   -0.120953
   -0.306686
   -0.388356
   -0.393866
   -0.400008
   -0.422063
   -0.418891
   -0.463619
   -0.425686
   -0.410107
   -0.419079
   -0.412624
   -0.412543
   -0.330210
   -0.128627
   -0.218558
   -0.399801
   -0.408706
   -0.401742
   -0.398619
   -0.424620
   -0.433711
   -0.424038
   -0.426948
   -0.399019
   -0.396333
   -0.395636
   -0.407841
   -0.387648
   -0.414398
   -0.280667
   -0.082691
   -0.103634
   -0.306446
   -0.420377
   -0.369007
   -0.312782
   -0.332929
   -0.372592
   -0.408319
   -0.435206
   -0.442018
   -0.392981
   -0.383569
   -0.424339
   -0.067059
   -0.147868
   -0.344364
   -0.417142
   -0.343311
   -0.315941
   -0.339683
   -0.331501
   -0.358058
   -0.423222
   -0.467583
   -0.425487
   -0.426032
   -0.412893
   -0.448006
   -0.429482
   -0.395350
   -0.394708
   -0.356007
   -0.318906
   -0.345537
   -0.357543
   -0.321400
   -0.318410
   -0.273767
   -0.189076
   -0.161908
   -0.177984
   -0.177873
   -0.162068
   -0.144894
   -0.174978
   -0.123154
   -0.124953
   -0.169364
   -0.136032
   -0.203364
   -0.276070
   -0.301963
   -0.301513
   -0.334836
   -0.404324
   -0.417564
   -0.447319
   -0.406868
   -0.374446
   -0.379056
   -0.433398
   -0.403007
   -0.411894
   -0.418979
   -0.453604
   -0.438434
   -0.402880
   -0.419476
   -0.455650
   -0.436886
   -0.400942
   -0.368077
   -0.356711
   -0.357785
   -0.410131
   -0.340366
   -0.118752
   -0.395960
   -0.428031
   -0.435980
   -0.434754
   -0.396811
   -0.453233
   -0.446932
   -0.412763
   -0.425582
   -0.397337
   -0.376960
   -0.369573
   -0.412199
   -0.202614
   -0.161967
   -0.430454
   -0.456763
   -0.436786
   -0.431679
   -0.448867
   -0.491635
   -0.465392
   -0.423769
   -0.433702
   -0.394632
   -0.398318
   -0.394770
   -0.298841
   -0.119369
   -0.318651
   -0.436007
   -0.377918
   -0.410429
   -0.455630
   -0.473057
   -0.459099
   -0.445594
   -0.442814
   -0.423682
   -0.381715
   -0.399797
   -0.317405
   -0.142441
   -0.233883
   -0.403314
   -0.401115
   -0.421362
   -0.394512
   -0.470308
   -0.472162
   -0.442538
   -0.415451
   -0.394210
   -0.382916
   -0.398193
   -0.336048
   -0.187231
   -0.198856
   -0.406941
   -0.414017
   -0.396074
   -0.405978
   -0.399746
   -0.445949
   -0.417176
   -0.411832
   -0.386245
   -0.375943
   -0.392910
   -0.401829
   -0.261525
   -0.234769
   -0.373956
   -0.416605
   -0.385841
   -0.401494
   -0.401040
   -0.421552
   -0.430843
   -0.410483
   -0.408467
   -0.383357
   -0.390739
   -0.415854
   -0.287934
   -0.207266
   -0.303765
   -0.398028
   -0.381619
   -0.376733
   -0.400860
   -0.367402
   -0.438402
   -0.452593
   -0.422889
   -0.427569
   -0.367379
   -0.388613
   -0.338858
   -0.172616
   -0.255861
   -0.364489
   -0.389894
   -0.390637
   -0.420627
   -0.436349
   -0.450887
   -0.449580
   -0.434322
   -0.403518
   -0.406717
   -0.413386
   -0.348133
   -0.190409
   -0.191508
   -0.331599
   -0.385212
   -0.395975
   -0.395510
   -0.413127
   -0.419280
   -0.451305
   -0.441546
   -0.417080
   -0.419487
   -0.427543
   -0.419079
   -0.407314
   -0.152127
   -0.289031
   -0.416026
   -0.441415
   -0.417297
   -0.412986
   -0.425573
   -0.415817
   -0.445842
   -0.439603
   -0.412307
   -0.414643
   -0.411460
   -0.416670
   -0.414132
   -0.386180
   -0.379131
   -0.410796
   -0.368753
   -0.390908
   -0.405061
   -0.426098
   -0.433557
   -0.450185
   -0.437088
   -0.426325
   -0.439654
   -0.417742
   -0.436282
   -0.397103
   -0.356913
   -0.383295
   -0.416996
   -0.388066
   -0.406082
   -0.397771
   -0.419575
   -0.458424
   -0.457898
   -0.428565
   -0.423556
   -0.407619
   -0.408872
   -0.403082
   -0.386417
   -0.385482
   -0.427985
   -0.385662
   -0.413231
   -0.365264
   -0.338960
   -0.350692
   -0.382241
   -0.381842
   -0.391717
   -0.407384
   -0.380762
   -0.317506
   -0.284964
   -0.282031
   -0.325023
   -0.257871
   -0.212487
   -0.166585
   -0.154228
   -0.170448
   -0.140469
   -0.176643
   -0.205770
   -0.209660
   -0.200983
   -0.193391
   -0.223082
   -0.277730
   -0.323201
   -0.322362
   -0.286533
   -0.276295
   -0.309074
   -0.380215
   -0.395630
   -0.408444
   -0.446404
   -0.454058
   -0.442260
   -0.424698
   -0.417050
   -0.440549
   -0.445771
   -0.417573
   -0.375863
   -0.348533
   -0.352343
   -0.385743
   -0.366597
   -0.151908
   -0.432167
   -0.444689
   -0.428475
   -0.403367
   -0.417394
   -0.432602
   -0.413338
   -0.419791
   -0.416267
   -0.394226
   -0.385126
   -0.365428
   -0.410073
   -0.192186
   -0.156318
   -0.418566
   -0.429817
   -0.423555
   -0.445879
   -0.447865
   -0.480881
   -0.413325
   -0.415941
   -0.410214
   -0.395948
   -0.425959
   -0.427945
   -0.286077
   -0.120775
   -0.338431
   -0.455205
   -0.398618
   -0.459571
   -0.474871
   -0.475527
   -0.437277
   -0.409528
   -0.411703
   -0.386612
   -0.398032
   -0.405098
   -0.231053
   -0.125222
   -0.245560
   -0.407690
   -0.393335
   -0.405320
   -0.380576
   -0.462806
   -0.426851
   -0.410973
   -0.381824
   -0.382752
   -0.375373
   -0.392835
   -0.288223
   -0.138272
   -0.280215
   -0.421539
   -0.403191
   -0.386267
   -0.414613
   -0.417434
   -0.453477
   -0.417779
   -0.395850
   -0.379277
   -0.403689
   -0.439540
   -0.347320
   -0.230340
   -0.279933
   -0.405988
   -0.439489
   -0.379513
   -0.398503
   -0.401241
   -0.433935
   -0.434104
   -0.406364
   -0.380480
   -0.390734
   -0.404001
   -0.356181
   -0.180572
   -0.264859
   -0.372920
   -0.401685
   -0.390405
   -0.375169
   -0.377942
   -0.390920
   -0.450528
   -0.435233
   -0.400984
   -0.405330
   -0.396371
   -0.338788
   -0.170838
   -0.151639
   -0.342038
   -0.401647
   -0.373055
   -0.398773
   -0.439013
   -0.440181
   -0.467361
   -0.431161
   -0.414760
   -0.405769
   -0.411615
   -0.421180
   -0.180888
   -0.185542
   -0.333991
   -0.413440
   -0.395000
   -0.358148
   -0.405100
   -0.413483
   -0.425529
   -0.453310
   -0.405173
   -0.409608
   -0.422400
   -0.420289
   -0.415611
   -0.397421
   -0.279295
   -0.419273
   -0.431275
   -0.408980
   -0.413143
   -0.419968
   -0.411943
   -0.435539
   -0.441173
   -0.412142
   -0.410629
   -0.411351
   -0.409018
   -0.410283
   -0.399193
   -0.403497
   -0.409492
   -0.369285
   -0.404649
   -0.406657
   -0.423618
   -0.434525
   -0.442519
   -0.431370
   -0.424779
   -0.440615
   -0.419472
   -0.420405
   -0.410766
   -0.392954
   -0.377667
   -0.371204
   -0.391838
   -0.413491
   -0.413509
   -0.420138
   -0.461298
   -0.457819
   -0.426879
   -0.420067
   -0.409011
   -0.404934
   -0.401503
   -0.382428
   -0.387955
   -0.392855
   -0.433575
   -0.393058
   -0.400971
   -0.409661
   -0.440980
   -0.471530
   -0.435455
   -0.409875
   -0.403741
   -0.412136
   -0.396077
   -0.367331
   -0.376659
   -0.384732
   -0.416373
   -0.412122
   -0.404746
   -0.423778
   -0.433836
   -0.454305
   -0.434842
   -0.402319
   -0.392552
   -0.408602
   -0.398118
   -0.376412
   -0.382673
   -0.387251
   -0.436470
   -0.447492
   -0.418135
   -0.400602
   -0.420173
   -0.401813
   -0.401264
   -0.408487
   -0.416631
   -0.423812
   -0.403328
   -0.395239
   -0.417921
   -0.453111
   -0.455631
   -0.416978
   -0.368832
   -0.381984
   -0.346497
   -0.361297
   -0.387509
   -0.196863
   -0.426548
   -0.418523
   -0.390137
   -0.382215
   -0.412290
   -0.418813
   -0.402128
   -0.396186
   -0.379968
   -0.358197
   -0.333182
   -0.401463
   -0.374378
   -0.206289
   -0.091830
   -0.238452
   -0.397079
   -0.406826
   -0.435442
   -0.433978
   -0.432746
   -0.411679
   -0.418821
   -0.384714
   -0.376584
   -0.424432
   -0.396433
   -0.276020
   -0.139453
   -0.237350
   -0.458108
   -0.392486
   -0.466875
   -0.466283
   -0.419882
   -0.427187
   -0.387261
   -0.358265
   -0.341811
   -0.409064
   -0.368855
   -0.212616
   -0.157660
   -0.202484
   -0.381709
   -0.401887
   -0.367001
   -0.386033
   -0.369717
   -0.386622
   -0.387235
   -0.351480
   -0.361281
   -0.377912
   -0.367858
   -0.208668
   -0.158018
   -0.282479
   -0.433990
   -0.395712
   -0.384845
   -0.379580
   -0.382379
   -0.421244
   -0.386362
   -0.356261
   -0.349891
   -0.375320
   -0.363505
   -0.239958
   -0.200599
   -0.322537
   -0.402409
   -0.361875
   -0.365747
   -0.384728
   -0.391311
   -0.417522
   -0.427464
   -0.378552
   -0.370468
   -0.389228
   -0.350651
   -0.169938
   -0.143309
   -0.298044
   -0.396926
   -0.363979
   -0.359672
   -0.370064
   -0.368418
   -0.390733
   -0.419446
   -0.405339
   -0.391026
   -0.392350
   -0.356740
   -0.166149
   -0.108404
   -0.316597
   -0.410106
   -0.364213
   -0.360013
   -0.388700
   -0.396738
   -0.447508
   -0.421928
   -0.397985
   -0.389510
   -0.389643
   -0.388574
   -0.387966
   -0.150000
   -0.309185
   -0.395851
   -0.388474
   -0.392283
   -0.397948
   -0.385486
   -0.398358
   -0.428793
   -0.388691
   -0.398485
   -0.371769
   -0.388883
   -0.400872
   -0.403854
   -0.383801
   -0.391214
   -0.387869
   -0.394491
   -0.405292
   -0.389645
   -0.397044
   -0.406153
   -0.412618
   -0.403007
   -0.394746
   -0.424867
   -0.396400
   -0.398413
   -0.382626
   -0.373495
   -0.395546
   -0.344044
   -0.405266
   -0.395801
   -0.393315
   -0.416048
   -0.418359
   -0.433768
   -0.404682
   -0.398594
   -0.400241
   -0.395318
   -0.401969
   -0.381252
   -0.376108
   -0.386077
   -0.388601
   -0.384766
   -0.382835
   -0.378579
   -0.432946
   -0.422963
   -0.406978
   -0.402691
   -0.390326
   -0.385817
   -0.390637
   -0.381185
   -0.377901
   -0.381280
   -0.387121
   -0.391349
   -0.393513
   -0.377990
   -0.413903
   -0.444430
   -0.409164
   -0.385769
   -0.385740
   -0.394450
   -0.381171
   -0.358972
   -0.380087
   -0.376824
   -0.365761
   -0.390670
   -0.402932
   -0.405026
   -0.400496
   -0.422649
   -0.399700
   -0.413670
   -0.378908
   -0.392076
   -0.384654
   -0.368186
   -0.379727
   -0.372517
   -0.412181
   -0.424246
   -0.415630
   -0.403049
   -0.378635
   -0.400115
   -0.409942
   -0.385312
   -0.389380
   -0.412067
   -0.397731
   -0.389740
   -0.389086
   -0.390334
   -0.375178
   -0.358722
   -0.383901
   -0.388879
   -0.406425
   -0.389163
   -0.407505
   -0.425157
   -0.453150
   -0.412229
   -0.425488
   -0.388526
   -0.394960
   -0.388590
   -0.385973
   -0.373813
   -0.399695
   -0.377908
   -0.399809
   -0.392733
   -0.385105
   -0.420507
   -0.420270
   -0.427499
   -0.412013
   -0.401142
   -0.421035
   -0.444865
   -0.432798
   -0.426721
   -0.411118
   -0.407988
   -0.380713
   -0.377884
   -0.414860
   -0.382750
   -0.329465
   -0.137539
   -0.186299
   -0.381190
   -0.428941
   -0.460816
   -0.459413
   -0.443849
   -0.434410
   -0.395905
   -0.391417
   -0.384562
   -0.451229
   -0.393179
   -0.230120
   -0.163441
   -0.241979
   -0.388174
   -0.432187
   -0.369646
   -0.388835
   -0.394017
   -0.398981
   -0.373593
   -0.369223
   -0.380469
   -0.391090
   -0.378571
   -0.220618
   -0.175158
   -0.309068
   -0.467588
   -0.376158
   -0.370816
   -0.376136
   -0.410147
   -0.432689
   -0.381590
   -0.376339
   -0.385961
   -0.374301
   -0.298801
   -0.219098
   -0.254346
   -0.365924
   -0.393794
   -0.378389
   -0.383657
   -0.399186
   -0.390818
   -0.419997
   -0.424188
   -0.389866
   -0.381210
   -0.355264
   -0.215656
   -0.156238
   -0.213728
   -0.357836
   -0.396399
   -0.376852
   -0.380830
   -0.383006
   -0.393728
   -0.417019
   -0.440629
   -0.412585
   -0.390391
   -0.404954
   -0.187883
   -0.116850
   -0.245227
   -0.381825
   -0.409998
   -0.381181
   -0.390013
   -0.409048
   -0.429922
   -0.444733
   -0.431807
   -0.427417
   -0.409348
   -0.410224
   -0.396755
   -0.396648
   -0.278940
   -0.379003
   -0.375988
   -0.376044
   -0.387817
   -0.397873
   -0.395677
   -0.424162
   -0.440244
   -0.428597
   -0.421554
   -0.402318
   -0.404778
   -0.400086
   -0.397353
   -0.390929
   -0.411276
   -0.393779
   -0.382119
   -0.404757
   -0.396863
   -0.399961
   -0.413494
   -0.416206
   -0.400048
   -0.409126
   -0.413337
   -0.405436
   -0.415237
   -0.404569
   -0.394658
   -0.403310
   -0.397035
   -0.409667
   -0.425921
   -0.386627
   -0.416080
   -0.420835
   -0.408240
   -0.403081
   -0.406347
   -0.408633
   -0.419829
   -0.402816
   -0.381951
   -0.394750
   -0.418730
   -0.433301
   -0.396794
   -0.422872
   -0.443034
   -0.443032
   -0.413421
   -0.412535
   -0.405819
   -0.396685
   -0.395117
   -0.397641
   -0.388650
   -0.392947
   -0.401146
   -0.402310
   -0.409412
   -0.420170
   -0.425534
   -0.439164
   -0.435498
   -0.395553
   -0.395698
   -0.406182
   -0.402097
   -0.391722
   -0.388689
   -0.395016
   -0.397728
   -0.400841
   -0.398373
   -0.402214
   -0.400523
   -0.411786
   -0.411643
   -0.403962
   -0.399306
   -0.400545
   -0.396676
   -0.382078
   -0.382628
   -0.384157
   -0.403716
   -0.431205
   -0.430776
   -0.400623
   -0.421278
   -0.407680
   -0.405441
   -0.407597
   -0.392969
   -0.410225
   -0.408015
   -0.394943
   -0.393812
   -0.394322
   -0.390256
   -0.376845
   -0.376231
   -0.391454
   -0.406171
   -0.399871
   -0.401139
   -0.415367
   -0.430451
   -0.432621
   -0.427838
   -0.406775
   -0.398833
   -0.397699
   -0.386101
   -0.382425
   -0.396822
   -0.393164
   -0.397812
   -0.404440
   -0.401809
   -0.448277
   -0.443919
   -0.435015
   -0.408687
   -0.382329
   -0.397521
   -0.378210
   -0.381722
   -0.382515
   -0.392894
   -0.398843
   -0.410633
   -0.397445
   -0.396859
   -0.420379
   -0.439701
   -0.436433
   -0.415042
   -0.401717
   -0.391504
   -0.366918
   -0.397281
   -0.390947
   -0.400258
   -0.392168
   -0.404932
   -0.409990
   -0.409942
   -0.429636
   -0.432219
   -0.424737
   -0.401313
   -0.389319
   -0.373583
   -0.353485
   -0.370324
   -0.380550
   -0.440381
   -0.433977
   -0.409192
   -0.436325
   -0.465478
   -0.455401
   -0.436885
   -0.309857
   -0.249054
   -0.336405
   -0.467293
   -0.468123
   -0.419378
   -0.404554
   -0.459430
   -0.500909
   -0.441430
   -0.439410
   -0.451196
   -0.430460
   -0.297761
   -0.212661
   -0.271306
   -0.386999
   -0.430408
   -0.445741
   -0.466052
   -0.428602
   -0.456529
   -0.489681
   -0.498646
   -0.481848
   -0.426750
   -0.391309
   -0.246850
   -0.199117
   -0.301229
   -0.447933
   -0.465963
   -0.435555
   -0.428134
   -0.418075
   -0.442646
   -0.444360
   -0.474129
   -0.464910
   -0.436735
   -0.449369
   -0.160160
   -0.263997
   -0.404162
   -0.458824
   -0.437976
   -0.442241
   -0.457730
   -0.471614
   -0.474562
   -0.468577
   -0.485414
   -0.486345
   -0.461732
   -0.456098
   -0.453443
   -0.454999
   -0.428641
   -0.425462
   -0.421504
   -0.442937
   -0.440973
   -0.443237
   -0.464441
   -0.480394
   -0.492030
   -0.487632
   -0.447912
   -0.454373
   -0.456793
   -0.456643
   -0.456375
   -0.445118
   -0.445740
   -0.448087
   -0.456509
   -0.454488
   -0.451812
   -0.464467
   -0.477678
   -0.461839
   -0.462453
   -0.467442
   -0.462244
   -0.463289
   -0.468492
   -0.456254
   -0.447847
   -0.456064
   -0.449552
   -0.465069
   -0.429439
   -0.465099
   -0.486448
   -0.468263
   -0.452719
   -0.460316
   -0.464800
   -0.470412
   -0.462102
   -0.451047
   -0.442840
   -0.458513
   -0.482144
   -0.484385
   -0.457254
   -0.479761
   -0.492847
   -0.472228
   -0.461470
   -0.458356
   -0.455564
   -0.449892
   -0.453159
   -0.444158
   -0.442856
   -0.447504
   -0.454297
   -0.459555
   -0.468250
   -0.474316
   -0.490773
   -0.487436
   -0.455358
   -0.443032
   -0.448087
   -0.451929
   -0.445643
   -0.445955
   -0.451065
   -0.447698
   -0.453518
   -0.457088
   -0.457621
   -0.455955
   -0.460433
   -0.467750
   -0.465802
   -0.465094
   -0.451227
   -0.449026
   -0.436762
   -0.434266
   -0.438790
   -0.455131
   -0.479636
   -0.477796
   -0.448616
   -0.460663
   -0.463265
   -0.458082
   -0.457895
   -0.450299
   -0.465809
   -0.456746
   -0.433425
   -0.448017
   -0.444802
   -0.442719
   -0.427691
   -0.431961
   -0.446119
   -0.456665
   -0.457404
   -0.450254
   -0.457210
   -0.454712
   -0.448178
   -0.450775
   -0.473108
   -0.451079
   -0.448425
   -0.448141
   -0.447801
   -0.456208
   -0.452726
   -0.454271
   -0.461845
   -0.456178
   -0.486679
   -0.457375
   -0.453426
   -0.463822
   -0.465511
   -0.471984
   -0.442992
   -0.434706
   -0.436444
   -0.453611
   -0.456718
   -0.461712
   -0.453564
   -0.449766
   -0.447747
   -0.452471
   -0.458808
   -0.470820
   -0.454728
   -0.454428
   -0.429851
   -0.383195
   -0.454554
   -0.458635
   -0.433508
   -0.459418
   -0.468217
   -0.450253
   -0.450620
   -0.455210
   -0.461164
   -0.456966
   -0.448982
   -0.442491
   -0.445406
   -0.395958
   -0.419279
   -0.428397
   -0.451593
   -0.442028
   -0.432558
   -0.448795
   -0.436439
   -0.445820
   -0.451271
   -0.456080
   -0.458188
   -0.433081
   -0.425386
   -0.427906
   -0.458732
   -0.398827
   -0.189026
   -0.086162
   -0.455301
   -0.452304
   -0.454124
   -0.447987
   -0.443492
   -0.439154
   -0.434179
   -0.422089
   -0.423720
   -0.436707
   -0.472755
   -0.374696
   -0.135622
   -0.093196
   -0.299243
   -0.448700
   -0.348018
   -0.240291
   -0.130959
   -0.165195
   -0.314452
   -0.422601
   -0.443118
   -0.421954
   -0.401940
   -0.399280
   -0.420210
   -0.401500
   -0.447290
   -0.425532
   -0.392614
   -0.413882
   -0.160396
   -0.301563
   -0.410986
   -0.393660
   -0.365979
   -0.362215
   -0.389514
   -0.400683
   -0.405080
   -0.424186
   -0.440437
   -0.430913
   -0.435046
   -0.432250
   -0.425942
   -0.424113
   -0.422313
   -0.405847
   -0.399563
   -0.387681
   -0.392144
   -0.413552
   -0.416951
   -0.434313
   -0.448065
   -0.429799
   -0.402937
   -0.442540
   -0.442977
   -0.429979
   -0.401618
   -0.380533
   -0.377984
   -0.378335
   -0.411601
   -0.421765
   -0.425139
   -0.439340
   -0.440110
   -0.432086
   -0.420295
   -0.415822
   -0.416680
   -0.414070
   -0.414590
   -0.408232
   -0.406260
   -0.418536
   -0.405015
   -0.427772
   -0.446095
   -0.451305
   -0.461397
   -0.420919
   -0.410338
   -0.418297
   -0.423250
   -0.415947
   -0.414817
   -0.416543
   -0.404286
   -0.409536
   -0.416231
   -0.408636
   -0.466419
   -0.463262
   -0.435185
   -0.437114
   -0.424508
   -0.416297
   -0.415182
   -0.403355
   -0.400751
   -0.398458
   -0.412954
   -0.408926
   -0.424859
   -0.436841
   -0.433908
   -0.415261
   -0.440734
   -0.412142
   -0.395682
   -0.427855
   -0.423750
   -0.395476
   -0.411863
   -0.409574
   -0.403780
   -0.397603
   -0.401958
   -0.411517
   -0.419425
   -0.425676
   -0.436985
   -0.432431
   -0.394632
   -0.414816
   -0.437633
   -0.436966
   -0.417583
   -0.409904
   -0.417079
   -0.414347
   -0.424572
   -0.419705
   -0.418281
   -0.415701
   -0.413990
   -0.422284
   -0.424659
   -0.422029
   -0.418976
   -0.417099
   -0.404135
   -0.406679
   -0.398308
   -0.405179
   -0.417576
   -0.418852
   -0.424162
   -0.414604
   -0.408580
   -0.420149
   -0.417999
   -0.410316
   -0.401912
   -0.404274
   -0.421347
   -0.420483
   -0.407046
   -0.410346
   -0.418725
   -0.399425
   -0.417620
   -0.434461
   -0.416971
   -0.416331
   -0.420262
   -0.411623
   -0.405380
   -0.403797
   -0.410530
   -0.413640
   -0.381934
   -0.400495
   -0.407341
   -0.416211
   -0.408148
   -0.401450
   -0.409875
   -0.402676
   -0.410642
   -0.420471
   -0.417919
   -0.411971
   -0.420886
   -0.423670
   -0.432540
   -0.413505
   -0.405125
   -0.395274
   -0.416966
   -0.412910
   -0.413478
   -0.419821
   -0.410880
   -0.395806
   -0.393408
   -0.404053
   -0.394611
   -0.411735
   -0.404883
   -0.424984
   -0.420126
   -0.396036
   -0.412614
   -0.405087
   -0.414822
   -0.425939
   -0.413984
   -0.415240
   -0.423863
   -0.427792
   -0.419320
   -0.413297
   -0.378871
   -0.422733
   -0.391094
   -0.354711
   -0.146960
   -0.024803
   -0.430749
   -0.425263
   -0.410487
   -0.413424
   -0.439096
   -0.424677
   -0.396125
   -0.421708
   -0.404116
   -0.419490
   -0.377557
   -0.266144
   -0.092579
   -0.109777
   -0.299859
   -0.432317
   -0.403924
   -0.405622
   -0.418700
   -0.425680
   -0.412455
   -0.415533
   -0.372762
   -0.403523
   -0.379010
   -0.160209
   -0.082292
   -0.166303
   -0.365123
   -0.401687
   -0.384655
   -0.367934
   -0.413886
   -0.407688
   -0.409835
   -0.420690
   -0.388911
   -0.400006
   -0.266272
   -0.145858
   -0.137540
   -0.260569
   -0.410255
   -0.389504
   -0.360311
   -0.370307
   -0.407183
   -0.422463
