    0.118211
    0.117183
    0.140466
    0.155868
    0.094210
    0.071406
    0.135201
    0.189129
    0.186291
    0.188541
    0.190872
    0.188970
    0.185629
    0.184155
    0.171561
    0.142480
    0.159257
    0.161389
    0.180153
    0.161180
    0.143186
    0.175647
    0.221321
    0.231722
    0.241656
    0.227200
    0.218240
    0.218390
    0.221804
    0.215977
    0.162135
    0.129708
    0.179748
    0.140974
    0.135336
    0.156905
    0.208557
    0.243518
    0.241695
    0.236149
    0.255086
    0.248323
    0.260170
    0.262548
    0.219873
    0.169104
    0.130822
    0.145229
    0.206654
    0.131040
    0.127026
    0.212217
    0.264751
    0.264434
    0.257972
    0.265955
    0.271556
    0.263713
    0.260121
    0.241451
    0.189919
    0.143147
    0.152707
    0.247183
    0.172270
    0.169849
    0.169816
    0.210209
    0.268102
    0.269146
    0.251029
    0.289887
    0.290492
    0.270176
    0.227603
    0.183005
    0.162204
    0.177585
    0.219023
    0.239616
    0.195273
    0.215041
    0.192821
    0.171666
    0.222077
    0.264296
    0.256264
    0.256515
    0.251022
    0.242157
    0.202279
    0.171002
    0.181897
    0.212500
    0.244943
    0.245545
    0.243564
    0.263558
    0.239993
    0.186747
    0.162064
    0.212914
    0.271337
    0.221346
    0.195887
    0.094190
    0.003819
   -0.005590
   -0.001312
   -0.053100
   -0.116822
   -0.129049
    0.128958
    0.072498
   -0.069565
   -0.119631
   -0.084235
   -0.194058
   -0.299306
   -0.379867
   -0.402403
   -0.427294
   -0.408635
   -0.455928
   -0.432200
   -0.389551
   -0.378337
   -0.400474
   -0.419141
   -0.409656
   -0.383488
   -0.355398
   -0.283380
   -0.193165
   -0.279082
   -0.387203
   -0.366061
   -0.402138
   -0.439694
   -0.435632
   -0.432982
   -0.430480
   -0.429649
   -0.403554
   -0.406378
   -0.446240
   -0.423741
   -0.406514
   -0.369423
   -0.231922
   -0.159681
   -0.333335
   -0.378739
   -0.373064
   -0.447931
   -0.455493
   -0.433784
   -0.416487
   -0.436683
   -0.395342
   -0.404862
   -0.421392
   -0.454427
   -0.417042
   -0.402469
   -0.363144
   -0.167270
   -0.201864
   -0.391957
   -0.372205
   -0.391819
   -0.441556
   -0.445466
   -0.420527
   -0.433104
   -0.424949
   -0.451520
   -0.416350
   -0.416585
   -0.423082
   -0.425685
   -0.390040
   -0.299988
   -0.139231
   -0.283434
   -0.400414
   -0.377500
   -0.407875
   -0.457710
   -0.458651
   -0.417284
   -0.449279
   -0.469529
   -0.478179
   -0.425533
   -0.429885
   -0.434140
   -0.398040
   -0.408709
   -0.240701
   -0.139816
   -0.338778
   -0.397116
   -0.396047
   -0.435615
   -0.458208
   -0.416426
   -0.436637
   -0.417814
   -0.471213
   -0.461708
   -0.450023
   -0.441965
   -0.404716
   -0.395261
   -0.393846
   -0.200448
   -0.233622
   -0.360358
   -0.395288
   -0.415026
   -0.437126
   -0.461880
   -0.427249
   -0.421915
   -0.423269
   -0.429438
   -0.434126
   -0.452099
   -0.472976
   -0.441748
   -0.425000
   -0.344886
   -0.156240
   -0.267923
   -0.399062
   -0.393974
   -0.410360
   -0.466682
   -0.416866
   -0.377352
   -0.417483
   -0.411650
   -0.420001
   -0.426713
   -0.451475
   -0.469352
   -0.440384
   -0.404252
   -0.262071
   -0.144834
   -0.330098
   -0.394472
   -0.415953
   -0.450524
   -0.454653
    0.140039
    0.165238
    0.161774
    0.097521
    0.069418
    0.110100
    0.133885
    0.174602
    0.198142
    0.217872
    0.207069
    0.183274
    0.189057
    0.198561
    0.201877
    0.136384
    0.226072
    0.217182
    0.193261
    0.116782
    0.076947
    0.161722
    0.235396
    0.238627
    0.236512
    0.223187
    0.235396
    0.243736
    0.228517
    0.207736
    0.174737
    0.096898
    0.227698
    0.182326
    0.188754
    0.168859
    0.141837
    0.174106
    0.233248
    0.240282
    0.238849
    0.251530
    0.295127
    0.289592
    0.241091
    0.187088
    0.134090
    0.153691
    0.239543
    0.200314
    0.207903
    0.264551
    0.238064
    0.184573
    0.215102
    0.271981
    0.266573
    0.296717
    0.318157
    0.272781
    0.208734
    0.172864
    0.171251
    0.248607
    0.223739
    0.237904
    0.235974
    0.273210
    0.265713
    0.190130
    0.193545
    0.295956
    0.294062
    0.283959
    0.247068
    0.201566
    0.171753
    0.200530
    0.251195
    0.279661
    0.205179
    0.243366
    0.264856
    0.275278
    0.285606
    0.247024
    0.207349
    0.205732
    0.243957
    0.247967
    0.218588
    0.198216
    0.203824
    0.242522
    0.283771
    0.287669
    0.277625
    0.297767
    0.295889
    0.268843
    0.264033
    0.240353
    0.183567
    0.148689
    0.133712
    0.072648
    0.008544
   -0.008615
   -0.042696
   -0.098959
   -0.158733
   -0.188845
    0.113163
    0.042976
   -0.063590
   -0.160624
   -0.261588
   -0.354247
   -0.357109
   -0.171111
   -0.305966
   -0.404804
   -0.441630
   -0.433766
   -0.462269
   -0.457396
   -0.441754
   -0.449968
   -0.480350
   -0.444801
   -0.416041
   -0.419165
   -0.413729
   -0.396458
   -0.368260
   -0.291889
   -0.188713
   -0.362342
   -0.439518
   -0.437697
   -0.437588
   -0.487743
   -0.460289
   -0.473156
   -0.483582
   -0.501357
   -0.474703
   -0.449622
   -0.458827
   -0.441575
   -0.421674
   -0.388577
   -0.197468
   -0.204373
   -0.427165
   -0.442817
   -0.423046
   -0.469156
   -0.494918
   -0.461633
   -0.448462
   -0.484060
   -0.504778
   -0.485862
   -0.472126
   -0.458374
   -0.431257
   -0.425941
   -0.350257
   -0.160689
   -0.311690
   -0.440795
   -0.411046
   -0.424892
   -0.497026
   -0.470035
   -0.447079
   -0.450179
   -0.475569
   -0.502017
   -0.501238
   -0.485189
   -0.464208
   -0.429205
   -0.441284
   -0.300573
   -0.178492
   -0.372229
   -0.407517
   -0.417124
   -0.466532
   -0.499012
   -0.403533
   -0.439557
   -0.457507
   -0.480982
   -0.493834
   -0.488611
   -0.494254
   -0.459495
   -0.443858
   -0.429815
   -0.215234
   -0.238201
   -0.407442
   -0.400476
   -0.449093
   -0.494070
   -0.327685
   -0.408011
   -0.434776
   -0.460582
   -0.466155
   -0.464583
   -0.488420
   -0.492742
   -0.462814
   -0.457302
   -0.363230
   -0.195871
   -0.328870
   -0.392853
   -0.439531
   -0.470656
   -0.168232
   -0.258993
   -0.352906
   -0.430092
   -0.469853
   -0.481829
   -0.469012
   -0.483696
   -0.498572
   -0.468146
   -0.419136
   -0.292764
   -0.201421
   -0.395347
   -0.428117
   -0.445744
   -0.241151
   -0.215350
   -0.170523
   -0.298589
   -0.439464
   -0.497586
   -0.460756
   -0.454391
   -0.485910
   -0.482862
   -0.478461
   -0.399895
   -0.188219
   -0.285813
   -0.425027
   -0.447788
    0.154137
    0.188760
    0.181185
    0.137035
    0.119019
    0.097763
    0.062685
    0.074969
    0.139866
    0.167892
    0.176627
    0.169284
    0.161775
    0.185953
    0.193070
    0.129195
    0.203582
    0.223998
    0.192158
    0.142978
    0.147022
    0.166203
    0.146348
    0.131527
    0.177546
    0.208124
    0.190609
    0.195906
    0.212073
    0.197565
    0.164251
    0.093708
    0.213986
    0.184591
    0.163137
    0.153610
    0.172637
    0.196647
    0.195622
    0.165295
    0.148826
    0.201395
    0.206946
    0.222528
    0.239328
    0.184773
    0.115556
    0.127292
    0.232256
    0.194358
    0.210961
    0.240293
    0.249487
    0.248561
    0.232220
    0.206508
    0.127896
    0.195591
    0.257073
    0.233964
    0.187156
    0.150172
    0.165162
    0.216715
    0.207522
    0.212165
    0.232452
    0.262629
    0.245883
    0.245457
    0.253286
    0.234504
    0.166157
    0.170309
    0.189828
    0.168219
    0.139029
    0.168705
    0.241305
    0.276542
    0.193652
    0.231436
    0.261741
    0.257626
    0.251497
    0.259668
    0.289282
    0.228498
    0.200793
    0.136976
    0.108269
    0.126271
    0.175915
    0.230336
    0.240256
    0.231894
    0.241086
    0.284208
    0.267786
    0.245060
    0.250398
    0.246202
    0.215600
    0.201738
    0.117669
    0.053769
    0.030114
   -0.022290
   -0.048856
   -0.059212
   -0.137394
   -0.181472
    0.110891
    0.015684
   -0.090127
   -0.178104
   -0.284417
   -0.355427
   -0.384221
   -0.342667
   -0.380968
   -0.293029
   -0.139085
   -0.266494
   -0.376201
   -0.365156
   -0.370640
   -0.400427
   -0.383708
   -0.373608
   -0.378765
   -0.401018
   -0.387722
   -0.378844
   -0.410484
   -0.394840
   -0.379791
   -0.345036
   -0.223727
   -0.154040
   -0.334625
   -0.381749
   -0.365996
   -0.410696
   -0.370613
   -0.366387
   -0.386150
   -0.391923
   -0.404065
   -0.424083
   -0.452701
   -0.408385
   -0.382639
   -0.378469
   -0.333629
   -0.141400
   -0.222243
   -0.387999
   -0.376606
   -0.410772
   -0.358237
   -0.384340
   -0.365882
   -0.408006
   -0.454136
   -0.453830
   -0.459186
   -0.447300
   -0.390989
   -0.375761
   -0.389126
   -0.268029
   -0.120848
   -0.314436
   -0.379443
   -0.379258
   -0.151447
   -0.277279
   -0.377086
   -0.351055
   -0.379071
   -0.444385
   -0.435401
   -0.463603
   -0.455916
   -0.397247
   -0.381298
   -0.380152
   -0.155256
   -0.176605
   -0.359732
   -0.360742
   -0.031161
   -0.015631
   -0.185190
   -0.320933
   -0.384204
   -0.401197
   -0.394043
   -0.440437
   -0.474478
   -0.441674
   -0.409230
   -0.383043
   -0.294805
   -0.118222
   -0.285154
   -0.359603
   -0.260768
   -0.174095
   -0.135632
   -0.134558
   -0.230820
   -0.336818
   -0.376628
   -0.411982
   -0.433239
   -0.447468
   -0.448893
   -0.397991
   -0.367420
   -0.207983
   -0.176740
   -0.374516
   -0.335214
   -0.245777
   -0.254783
   -0.266774
   -0.128188
   -0.111417
   -0.319957
   -0.405105
   -0.407227
   -0.455032
   -0.432420
   -0.416321
   -0.402525
   -0.367288
   -0.105684
   -0.375469
   -0.393124
   -0.343345
   -0.202328
   -0.232139
   -0.324804
   -0.176850
   -0.063141
   -0.191290
   -0.395731
   -0.421424
   -0.427188
   -0.405977
   -0.388084
   -0.395526
   -0.258709
   -0.165321
    0.152364
    0.178572
    0.174627
    0.162010
    0.127426
    0.101241
    0.110401
    0.142726
    0.124305
    0.095547
    0.112009
    0.150890
    0.163579
    0.175413
    0.181792
    0.139755
    0.208715
    0.241561
    0.207159
    0.149100
    0.158135
    0.182655
    0.192825
    0.202952
    0.198580
    0.156935
    0.132373
    0.166563
    0.198711
    0.176273
    0.160131
    0.109539
    0.222453
    0.195187
    0.154658
    0.169539
    0.191745
    0.210469
    0.233870
    0.187976
    0.201151
    0.182933
    0.126806
    0.140351
    0.187213
    0.179367
    0.136758
    0.139177
    0.212047
    0.179802
    0.198056
    0.245298
    0.271706
    0.279937
    0.288552
    0.234860
    0.242928
    0.237140
    0.189817
    0.136390
    0.138415
    0.143162
    0.141779
    0.227169
    0.185783
    0.199622
    0.238388
    0.257459
    0.268000
    0.284339
    0.274879
    0.224952
    0.243533
    0.243631
    0.186922
    0.119283
    0.102810
    0.148018
    0.214294
    0.265004
    0.201030
    0.224290
    0.231910
    0.270340
    0.275431
    0.267662
    0.310659
    0.263784
    0.264476
    0.234951
    0.173089
    0.125554
    0.130996
    0.164331
    0.204473
    0.237824
    0.165704
    0.226114
    0.229878
    0.219473
    0.234879
    0.264153
    0.248955
    0.261857
    0.156761
    0.088990
    0.054717
    0.003940
    0.017448
    0.004030
   -0.050395
   -0.096268
    0.090112
    0.098996
   -0.003617
   -0.124005
   -0.214118
   -0.297506
   -0.372981
   -0.390189
   -0.395035
   -0.405330
   -0.374726
   -0.362997
   -0.234493
   -0.135699
   -0.284549
   -0.340869
   -0.077679
   -0.285964
   -0.383503
   -0.350339
   -0.327488
   -0.342905
   -0.382275
   -0.440665
   -0.431452
   -0.391990
   -0.359567
   -0.374445
   -0.315323
   -0.170006
   -0.227854
   -0.330629
   -0.125317
   -0.111565
   -0.242637
   -0.351965
   -0.356687
   -0.362106
   -0.395894
   -0.415488
   -0.456261
   -0.471455
   -0.393805
   -0.364809
   -0.360623
   -0.242810
   -0.141027
   -0.290007
   -0.346140
   -0.175216
   -0.065309
   -0.174412
   -0.328181
   -0.396662
   -0.387977
   -0.377241
   -0.423277
   -0.465034
   -0.453728
   -0.381841
   -0.393375
   -0.359298
   -0.162199
   -0.213646
   -0.350302
   -0.313398
   -0.171422
   -0.051236
   -0.113513
   -0.249703
   -0.353264
   -0.380271
   -0.402882
   -0.406860
   -0.449188
   -0.449061
   -0.413698
   -0.379486
   -0.273090
   -0.136330
   -0.353874
   -0.345252
   -0.288314
   -0.193225
   -0.147735
   -0.134627
   -0.148579
   -0.291545
   -0.392060
   -0.414600
   -0.435463
   -0.440933
   -0.418537
   -0.389322
   -0.351642
   -0.141805
   -0.406784
   -0.408315
   -0.370488
   -0.215471
   -0.208892
   -0.261914
   -0.145939
   -0.111602
   -0.262209
   -0.382292
   -0.416438
   -0.422434
   -0.413900
   -0.434178
   -0.403861
   -0.257316
   -0.426021
   -0.409149
   -0.408045
   -0.354988
   -0.200700
   -0.176407
   -0.346284
   -0.190913
   -0.090305
   -0.170876
   -0.361045
   -0.396881
   -0.396514
   -0.419811
   -0.373680
   -0.395312
   -0.420312
   -0.455770
   -0.418271
   -0.414791
   -0.332773
   -0.155622
   -0.225634
   -0.351498
   -0.304205
   -0.157784
   -0.101957
   -0.284492
   -0.383539
   -0.403072
   -0.359681
   -0.371069
    0.127832
    0.156342
    0.177884
    0.151470
    0.108499
    0.108600
    0.150072
    0.187258
    0.173162
    0.170688
    0.173652
    0.151020
    0.127043
    0.145262
    0.181006
    0.128651
    0.155735
    0.205221
    0.177658
    0.135184
    0.135328
    0.173639
    0.225813
    0.228589
    0.218680
    0.203113
    0.213830
    0.216191
    0.167037
    0.113374
    0.114144
    0.093559
    0.167996
    0.178048
    0.153353
    0.158986
    0.211306
    0.253350
    0.266770
    0.231217
    0.236847
    0.223945
    0.222538
    0.237084
    0.188713
    0.117413
    0.101526
    0.148942
    0.134488
    0.116415
    0.174940
    0.238542
    0.270689
    0.291207
    0.308474
    0.286938
    0.306640
    0.282945
    0.240409
    0.215230
    0.182389
    0.133843
    0.093971
    0.226724
    0.066205
    0.088107
    0.188915
    0.253582
    0.262081
    0.266232
    0.265693
    0.266897
    0.289144
    0.263462
    0.206416
    0.178375
    0.156706
    0.143226
    0.134879
    0.170873
    0.109492
    0.113179
    0.151462
    0.212761
    0.255112
    0.266598
    0.267656
    0.292384
    0.292977
    0.269754
    0.202111
    0.163977
    0.168396
    0.174172
    0.180322
    0.140550
    0.151152
    0.096814
    0.086916
    0.155735
    0.214991
    0.228166
    0.236924
    0.221197
    0.170304
    0.108368
    0.040909
   -0.015815
   -0.023673
   -0.054492
   -0.063524
   -0.013280
    0.140757
    0.034809
   -0.004259
   -0.045164
   -0.168231
   -0.279878
   -0.325501
   -0.337334
   -0.393463
   -0.453581
   -0.464146
   -0.434612
   -0.394047
   -0.373149
   -0.332919
   -0.154934
   -0.355605
   -0.370113
   -0.313107
   -0.170810
   -0.158117
   -0.275605
   -0.333973
   -0.355235
   -0.392785
   -0.441230
   -0.466919
   -0.454634
   -0.402719
   -0.402342
   -0.402762
   -0.257197
   -0.401617
   -0.380275
   -0.379553
   -0.317514
   -0.113777
   -0.085208
   -0.259275
   -0.345326
   -0.372188
   -0.394760
   -0.416229
   -0.479119
   -0.483476
   -0.407721
   -0.417495
   -0.328859
   -0.400491
   -0.388340
   -0.370410
   -0.360481
   -0.265610
   -0.120169
   -0.115561
   -0.189355
   -0.359348
   -0.404426
   -0.410952
   -0.429007
   -0.467908
   -0.469635
   -0.411349
   -0.394538
   -0.443102
   -0.407124
   -0.374631
   -0.401658
   -0.344677
   -0.207054
   -0.207792
   -0.198758
   -0.168941
   -0.287573
   -0.401929
   -0.407497
   -0.435637
   -0.447945
   -0.440177
   -0.423790
   -0.472242
   -0.460745
   -0.427180
   -0.402353
   -0.367665
   -0.270423
   -0.144792
   -0.267393
   -0.197155
   -0.124632
   -0.246065
   -0.393782
   -0.415473
   -0.441503
   -0.432348
   -0.419938
   -0.447053
   -0.443383
   -0.461352
   -0.442470
   -0.443312
   -0.383184
   -0.216973
   -0.184156
   -0.312855
   -0.278596
   -0.124219
   -0.201839
   -0.382571
   -0.429086
   -0.432829
   -0.407598
   -0.447085
   -0.486912
   -0.444462
   -0.422960
   -0.457766
   -0.455153
   -0.391290
   -0.194776
   -0.217120
   -0.340808
   -0.348919
   -0.219225
   -0.160104
   -0.296023
   -0.446505
   -0.387770
   -0.418292
   -0.455838
   -0.469727
   -0.483989
   -0.419991
   -0.417029
   -0.468203
   -0.382253
   -0.158906
   -0.272881
   -0.350520
   -0.372096
   -0.299834
   -0.116359
   -0.231905
   -0.444867
    0.118419
    0.106413
    0.061934
    0.098343
    0.107094
    0.079375
    0.120486
    0.171605
    0.191199
    0.195806
    0.171101
    0.162035
    0.165717
    0.166558
    0.172591
    0.102514
    0.120293
    0.161179
    0.110856
    0.070677
    0.108863
    0.167557
    0.198328
    0.219853
    0.216840
    0.213308
    0.211169
    0.222172
    0.219984
    0.190598
    0.155116
    0.096135
    0.132702
    0.138881
    0.117692
    0.055256
    0.135765
    0.237769
    0.199315
    0.224844
    0.226955
    0.242414
    0.267859
    0.260565
    0.218122
    0.148772
    0.100189
    0.114813
    0.193182
    0.106810
    0.116187
    0.135699
    0.159954
    0.230038
    0.224887
    0.243548
    0.253549
    0.284168
    0.296199
    0.254739
    0.176282
    0.129029
    0.123734
    0.203751
    0.168792
    0.135249
    0.166625
    0.129660
    0.085808
    0.165649
    0.233417
    0.236861
    0.249112
    0.265054
    0.255094
    0.205202
    0.162774
    0.190312
    0.240731
    0.241669
    0.157023
    0.202710
    0.211138
    0.121171
    0.068195
    0.118833
    0.178751
    0.254545
    0.244231
    0.225317
    0.190043
    0.165808
    0.172123
    0.199935
    0.226929
    0.253494
    0.241950
    0.262849
    0.216944
    0.233397
    0.205912
    0.108870
    0.165886
    0.265856
    0.229989
    0.149893
    0.070099
    0.061152
    0.064309
    0.028520
   -0.019970
   -0.062617
    0.222098
    0.142397
    0.065041
   -0.003409
   -0.117959
   -0.159660
   -0.041811
   -0.168640
   -0.333399
   -0.354876
   -0.381711
   -0.433305
   -0.478947
   -0.487632
   -0.414275
   -0.361721
   -0.461505
   -0.439302
   -0.406123
   -0.363305
   -0.370710
   -0.327213
   -0.156920
    0.007791
   -0.149515
   -0.338075
   -0.396185
   -0.384341
   -0.433452
   -0.469257
   -0.457126
   -0.441024
   -0.429167
   -0.443462
   -0.440218
   -0.409432
   -0.397404
   -0.368601
   -0.273643
   -0.119992
   -0.094278
   -0.110704
   -0.298519
   -0.386467
   -0.409319
   -0.450565
   -0.454309
   -0.464230
   -0.424288
   -0.424300
   -0.459539
   -0.443517
   -0.418662
   -0.392440
   -0.359431
   -0.219258
   -0.163080
   -0.217724
   -0.098036
   -0.269110
   -0.417560
   -0.433541
   -0.445953
   -0.427544
   -0.435082
   -0.438937
   -0.441044
   -0.460603
   -0.472238
   -0.433000
   -0.386442
   -0.333116
   -0.133744
   -0.233856
   -0.258035
   -0.093122
   -0.253995
   -0.418576
   -0.438420
   -0.439604
   -0.416185
   -0.452031
   -0.460429
   -0.456200
   -0.454944
   -0.432279
   -0.407681
   -0.408164
   -0.267471
   -0.104046
   -0.295815
   -0.288117
   -0.095467
   -0.182944
   -0.387273
   -0.442991
   -0.398106
   -0.417837
   -0.440596
   -0.471900
   -0.459077
   -0.413309
   -0.444736
   -0.454901
   -0.406320
   -0.184737
   -0.193247
   -0.334962
   -0.340478
   -0.155414
   -0.175784
   -0.333452
   -0.378694
   -0.403947
   -0.381848
   -0.404935
   -0.473565
   -0.463220
   -0.431643
   -0.431723
   -0.441804
   -0.375627
   -0.176942
   -0.267668
   -0.372303
   -0.347157
   -0.204760
   -0.163665
   -0.343722
   -0.373286
   -0.378979
   -0.403252
   -0.422879
   -0.448430
   -0.460901
   -0.444574
   -0.409985
   -0.442410
   -0.276420
   -0.208033
   -0.362309
   -0.326421
   -0.384758
   -0.346344
    0.122448
    0.104648
    0.079600
    0.081238
    0.069715
    0.042807
    0.046468
    0.176022
    0.155901
    0.153885
    0.171269
    0.175382
    0.170323
    0.164554
    0.183260
    0.149836
    0.178140
    0.173105
    0.114417
    0.077858
    0.098313
    0.097791
    0.117745
    0.172176
    0.194074
    0.180430
    0.202530
    0.233065
    0.242366
    0.223830
    0.173836
    0.125595
    0.206493
    0.187110
    0.151799
    0.111701
    0.116692
    0.104455
    0.088207
    0.146329
    0.195015
    0.202344
    0.217151
    0.244379
    0.257637
    0.207018
    0.106785
    0.141242
    0.233483
    0.192922
    0.199665
    0.217956
    0.206042
    0.147884
    0.065965
    0.100722
    0.192418
    0.257452
    0.268689
    0.240049
    0.193049
    0.167881
    0.147810
    0.206515
    0.222034
    0.220553
    0.229247
    0.244415
    0.244428
    0.197629
    0.116063
    0.020478
    0.134932
    0.233155
    0.231795
    0.168050
    0.144085
    0.181142
    0.243922
    0.291322
    0.196474
    0.234290
    0.238068
    0.236220
    0.239202
    0.230111
    0.216921
    0.127830
    0.142331
    0.180440
    0.177562
    0.154503
    0.177547
    0.222832
    0.276034
    0.289521
    0.233159
    0.274139
    0.265993
    0.259398
    0.261808
    0.248315
    0.201771
    0.223927
    0.149293
    0.117009
    0.083737
    0.092482
    0.098982
    0.066986
    0.038323
   -0.019510
    0.212679
    0.159888
    0.064459
   -0.006116
   -0.068528
   -0.146912
   -0.241780
   -0.330182
   -0.197881
   -0.025509
   -0.089664
   -0.286435
   -0.412149
   -0.424352
   -0.434633
   -0.420546
   -0.420481
   -0.443557
   -0.435067
   -0.427454
   -0.418042
   -0.379161
   -0.339265
   -0.334918
   -0.321723
   -0.151298
   -0.086988
   -0.119511
   -0.264913
   -0.377132
   -0.398507
   -0.420648
   -0.381475
   -0.436850
   -0.445625
   -0.424513
   -0.450984
   -0.444802
   -0.393492
   -0.369216
   -0.369538
   -0.242117
   -0.170067
   -0.205198
   -0.094946
   -0.212042
   -0.378100
   -0.459907
   -0.368627
   -0.387297
   -0.426981
   -0.444044
   -0.445743
   -0.437355
   -0.437235
   -0.434737
   -0.368003
   -0.370750
   -0.156317
   -0.227434
   -0.258053
   -0.121644
   -0.226757
   -0.395391
   -0.368260
   -0.356285
   -0.386739
   -0.422057
   -0.450552
   -0.462194
   -0.459252
   -0.427717
   -0.425351
   -0.420251
   -0.280597
   -0.122467
   -0.307312
   -0.287642
   -0.136470
   -0.233288
   -0.351469
   -0.383252
   -0.384817
   -0.388096
   -0.410838
   -0.439205
   -0.466902
   -0.451227
   -0.407976
   -0.424930
   -0.424860
   -0.208177
   -0.192485
   -0.312888
   -0.301503
   -0.127903
   -0.272710
   -0.354560
   -0.362022
   -0.364978
   -0.377075
   -0.403702
   -0.453670
   -0.474678
   -0.445308
   -0.391225
   -0.440891
   -0.374635
   -0.170672
   -0.265547
   -0.355715
   -0.316661
   -0.231064
   -0.212092
   -0.286354
   -0.383277
   -0.404266
   -0.382236
   -0.394623
   -0.472767
   -0.434350
   -0.432811
   -0.420078
   -0.403192
   -0.288121
   -0.207717
   -0.324117
   -0.352534
   -0.348666
   -0.241490
   -0.183139
   -0.250627
   -0.375577
   -0.387216
   -0.370106
   -0.382260
   -0.458472
   -0.452456
   -0.406559
   -0.402909
   -0.363297
   -0.197417
   -0.347648
   -0.356640
    0.150238
    0.169188
    0.185090
    0.168332
    0.116101
    0.086079
    0.094150
    0.137122
    0.079029
    0.104773
    0.161825
    0.166921
    0.197933
    0.215255
    0.165887
    0.123548
    0.202797
    0.215660
    0.198798
    0.155832
    0.153004
    0.150450
    0.145161
    0.084198
    0.047415
    0.057506
    0.131589
    0.196602
    0.208978
    0.194408
    0.164515
    0.129058
    0.229317
    0.191310
    0.174993
    0.188785
    0.205516
    0.206408
    0.208403
    0.166840
    0.088612
    0.018144
    0.087284
    0.223066
    0.234850
    0.178146
    0.159294
    0.167752
    0.240285
    0.206967
    0.214429
    0.262277
    0.283207
    0.267355
    0.257616
    0.226179
    0.171776
    0.081932
    0.098402
    0.182578
    0.182784
    0.148759
    0.172752
    0.246409
    0.206911
    0.221960
    0.246462
    0.277020
    0.277748
    0.260837
    0.232233
    0.203994
    0.204085
    0.175095
    0.138788
    0.144762
    0.154123
    0.184019
    0.230367
    0.283526
    0.206070
    0.218950
    0.230967
    0.280001
    0.277704
    0.269819
    0.294787
    0.282372
    0.253391
    0.214595
    0.153491
    0.105015
    0.141713
    0.198398
    0.226144
    0.291930
    0.226748
    0.252406
    0.261572
    0.249424
    0.252166
    0.271705
    0.251146
    0.232498
    0.178899
    0.117935
    0.049384
    0.031644
    0.046361
    0.038428
    0.003987
   -0.059620
    0.164422
    0.122275
    0.033260
   -0.075133
   -0.157983
   -0.242122
   -0.340724
   -0.347285
   -0.359627
   -0.368624
   -0.319844
   -0.168023
   -0.111088
   -0.125896
   -0.214311
   -0.372010
   -0.365586
   -0.388686
   -0.385992
   -0.388281
   -0.405776
   -0.401218
   -0.381890
   -0.461480
   -0.438114
   -0.380478
   -0.371612
   -0.282906
   -0.143065
   -0.197071
   -0.175454
   -0.187103
   -0.361448
   -0.385344
   -0.375990
   -0.392252
   -0.422450
   -0.429591
   -0.445906
   -0.421428
   -0.413539
   -0.420334
   -0.405990
   -0.358614
   -0.198069
   -0.212349
   -0.263350
   -0.140383
   -0.252025
   -0.334950
   -0.359258
   -0.369978
   -0.395070
   -0.420095
   -0.432853
   -0.436519
   -0.427868
   -0.441663
   -0.433728
   -0.410973
   -0.312377
   -0.130682
   -0.280458
   -0.281284
   -0.204055
   -0.201627
   -0.326213
   -0.389378
   -0.374365
   -0.364481
   -0.389676
   -0.426049
   -0.475042
   -0.475553
   -0.418115
   -0.428317
   -0.408724
   -0.173832
   -0.172561
   -0.357244
   -0.372320
   -0.227588
   -0.166843
   -0.280612
   -0.358571
   -0.355679
   -0.379497
   -0.392982
   -0.433322
   -0.485090
   -0.456909
   -0.422652
   -0.415363
   -0.349681
   -0.151764
   -0.302751
   -0.411941
   -0.409172
   -0.283367
   -0.156352
   -0.234912
   -0.376062
   -0.378702
   -0.382466
   -0.383400
   -0.435415
   -0.469599
   -0.434833
   -0.381520
   -0.429399
   -0.241516
   -0.244683
   -0.406020
   -0.395720
   -0.395674
   -0.356714
   -0.234024
   -0.189773
   -0.283014
   -0.394140
   -0.369705
   -0.367542
   -0.435112
   -0.431166
   -0.435913
   -0.382105
   -0.339626
   -0.205985
   -0.421969
   -0.410568
   -0.423748
   -0.406678
   -0.361538
   -0.235007
   -0.190185
   -0.257578
   -0.378470
   -0.374262
   -0.390595
   -0.424501
   -0.438458
   -0.462131
   -0.409546
   -0.184907
    0.140504
    0.171021
    0.191373
    0.160353
    0.116098
    0.130385
    0.160065
    0.149889
    0.141105
    0.124711
    0.078050
    0.030215
    0.087791
    0.166246
    0.166705
    0.119971
    0.192466
    0.221770
    0.197254
    0.151694
    0.131416
    0.181625
    0.215488
    0.207770
    0.190935
    0.191742
    0.132001
    0.053106
    0.076593
    0.136688
    0.165970
    0.075549
    0.227231
    0.201504
    0.158346
    0.164834
    0.206353
    0.235206
    0.251131
    0.226870
    0.194802
    0.190015
    0.189578
    0.135014
    0.060405
    0.049823
    0.120572
    0.140968
    0.218269
    0.178587
    0.203580
    0.247461
    0.261663
    0.266718
    0.296999
    0.282545
    0.243252
    0.217073
    0.211113
    0.191126
    0.117959
    0.087705
    0.139418
    0.185634
    0.181227
    0.196318
    0.241547
    0.278193
    0.251467
    0.252809
    0.287516
    0.266635
    0.251303
    0.215061
    0.180126
    0.172790
    0.152006
    0.128974
    0.107479
    0.208386
    0.200624
    0.220240
    0.243938
    0.261989
    0.268349
    0.287089
    0.312717
    0.262658
    0.269705
    0.251843
    0.187471
    0.151612
    0.150834
    0.108910
    0.026106
    0.163322
    0.205036
    0.252285
    0.256030
    0.235851
    0.233911
    0.251463
    0.253641
    0.245044
    0.202792
    0.159471
    0.091220
    0.043628
    0.046347
    0.026290
   -0.025737
    0.003478
    0.091305
    0.081042
    0.077050
   -0.001671
   -0.114100
   -0.202527
   -0.253779
   -0.334810
   -0.354607
   -0.420313
   -0.443382
   -0.380067
   -0.368205
   -0.322271
   -0.174043
   -0.222916
   -0.222372
   -0.223979
   -0.318158
   -0.357206
   -0.357680
   -0.362688
   -0.342999
   -0.422782
   -0.442308
   -0.464695
   -0.437829
   -0.421653
   -0.411493
   -0.378886
   -0.254137
   -0.114871
   -0.373125
   -0.257923
   -0.189581
   -0.274320
   -0.353559
   -0.357149
   -0.390808
   -0.393933
   -0.390371
   -0.431905
   -0.453765
   -0.431204
   -0.425948
   -0.397079
   -0.339692
   -0.109702
   -0.397707
   -0.378947
   -0.279639
   -0.164531
   -0.221537
   -0.336857
   -0.392990
   -0.368893
   -0.393152
   -0.413734
   -0.465131
   -0.443155
   -0.408407
   -0.410690
   -0.420940
   -0.185376
   -0.407568
   -0.409395
   -0.409430
   -0.340515
   -0.218072
   -0.205143
   -0.334534
   -0.390795
   -0.395068
   -0.391441
   -0.423698
   -0.466188
   -0.450781
   -0.410753
   -0.418789
   -0.311642
   -0.426350
   -0.409019
   -0.394031
   -0.396868
   -0.346176
   -0.240513
   -0.173794
   -0.301861
   -0.368527
   -0.388227
   -0.406652
   -0.436492
   -0.463634
   -0.444008
   -0.394239
   -0.413999
   -0.431262
   -0.428101
   -0.414272
   -0.400757
   -0.419943
   -0.381265
   -0.267979
   -0.184559
   -0.258154
   -0.371185
   -0.398510
   -0.370881
   -0.415110
   -0.453198
   -0.423203
   -0.420377
   -0.430071
   -0.431834
   -0.422864
   -0.414515
   -0.397092
   -0.393739
   -0.398347
   -0.274668
   -0.156199
   -0.200544
   -0.355568
   -0.387425
   -0.372122
   -0.413642
   -0.427756
   -0.422614
   -0.413840
   -0.433452
   -0.442597
   -0.426895
   -0.414876
   -0.406669
   -0.405744
   -0.402762
   -0.320683
   -0.199301
   -0.225007
   -0.347692
   -0.417449
   -0.419186
   -0.394735
   -0.411073
    0.164089
    0.170079
    0.157027
    0.158551
    0.134043
    0.122682
    0.157821
    0.177540
    0.184219
    0.187524
    0.174113
    0.149798
    0.144602
    0.104643
    0.045157
    0.068686
    0.183036
    0.201798
    0.177193
    0.139991
    0.147009
    0.186286
    0.220463
    0.239673
    0.212418
    0.210546
    0.213976
    0.188542
    0.197468
    0.171259
    0.092028
    0.005816
    0.228131
    0.205501
    0.142196
    0.141507
    0.206573
    0.231452
    0.252395
    0.225553
    0.245949
    0.258170
    0.242255
    0.212440
    0.190779
    0.156371
    0.110981
    0.048244
    0.188970
    0.162362
    0.190358
    0.223597
    0.239461
    0.244168
    0.275841
    0.269784
    0.290696
    0.316928
    0.269997
    0.221206
    0.165121
    0.136339
    0.136804
    0.121224
    0.096274
    0.125412
    0.224918
    0.262395
    0.218341
    0.206928
    0.252092
    0.267853
    0.252479
    0.261931
    0.197407
    0.157716
    0.143732
    0.163825
    0.172965
    0.188470
    0.154860
    0.128383
    0.173171
    0.232509
    0.248788
    0.238187
    0.262174
    0.273730
    0.254823
    0.234536
    0.193657
    0.177351
    0.195755
    0.196189
    0.171314
    0.198869
    0.219631
    0.218196
    0.190894
    0.151597
    0.197919
    0.247487
    0.245834
    0.242447
    0.209104
    0.126135
    0.058053
    0.066005
    0.069553
    0.020314
   -0.009175
   -0.057625
    0.174577
    0.086104
    0.002994
   -0.029287
   -0.091961
   -0.212231
   -0.306248
   -0.299305
   -0.368483
   -0.366646
   -0.432982
   -0.448145
   -0.452106
   -0.423867
   -0.377412
   -0.375152
   -0.389006
   -0.396454
   -0.382295
   -0.329759
   -0.211363
   -0.167448
   -0.249920
   -0.362607
   -0.328664
   -0.372792
   -0.422424
   -0.440829
   -0.471959
   -0.434882
   -0.428220
   -0.409403
   -0.419509
   -0.390757
   -0.384121
   -0.374836
   -0.344168
   -0.253067
   -0.180553
   -0.284815
   -0.355300
   -0.375556
   -0.394707
   -0.416802
   -0.438943
   -0.480859
   -0.444685
   -0.415772
   -0.405080
   -0.396721
   -0.413798
   -0.386362
   -0.404025
   -0.383001
   -0.264497
   -0.163035
   -0.264693
   -0.391979
   -0.356195
   -0.359140
   -0.420237
   -0.486815
   -0.451684
   -0.399089
   -0.433453
   -0.423660
   -0.411240
   -0.421646
   -0.429458
   -0.420000
   -0.407662
   -0.301049
   -0.198248
   -0.253804
   -0.370334
   -0.373259
   -0.383273
   -0.447801
   -0.472333
   -0.396406
   -0.416450
   -0.410092
   -0.420540
   -0.422302
   -0.421888
   -0.403989
   -0.385974
   -0.402983
   -0.332472
   -0.179591
   -0.236910
   -0.345753
   -0.365024
   -0.389267
   -0.418019
   -0.424594
   -0.402457
   -0.397670
   -0.460699
   -0.464687
   -0.436661
   -0.416978
   -0.415067
   -0.381209
   -0.422078
   -0.355220
   -0.203727
   -0.229756
   -0.361369
   -0.394311
   -0.420667
   -0.428816
   -0.417019
   -0.411952
   -0.410466
   -0.423384
   -0.440104
   -0.440745
   -0.434294
   -0.404102
   -0.363541
   -0.399624
   -0.373055
   -0.223107
   -0.167368
   -0.310711
   -0.374650
   -0.394623
   -0.402411
   -0.400090
   -0.398361
   -0.406624
   -0.416362
   -0.436561
   -0.450557
   -0.457376
   -0.408978
   -0.423529
   -0.399944
   -0.360808
   -0.259490
   -0.167325
   -0.287255
   -0.400724
    0.106374
    0.116237
    0.150584
    0.176316
    0.125744
    0.083617
    0.123715
    0.189377
    0.193004
    0.189316
    0.192593
    0.189417
    0.180887
    0.174532
    0.133012
    0.143053
    0.144518
    0.117232
    0.137179
    0.119791
    0.125632
    0.163812
    0.189232
    0.219545
    0.224365
    0.201615
    0.210067
    0.215632
    0.228826
    0.218538
    0.165471
    0.125979
    0.205096
    0.145917
    0.080807
    0.091096
    0.169694
    0.211146
    0.221321
    0.197481
    0.218360
    0.247937
    0.248026
    0.235952
    0.234753
    0.202019
    0.140317
    0.112853
    0.218484
    0.179245
    0.120987
    0.145480
    0.188327
    0.223412
    0.250506
    0.230903
    0.262498
    0.298639
    0.288973
    0.246281
    0.199212
    0.168045
    0.150532
    0.240957
    0.155908
    0.182977
    0.216243
    0.188686
    0.166467
    0.177021
    0.224820
    0.251220
    0.242331
    0.244040
    0.216074
    0.162496
    0.149718
    0.179931
    0.235627
    0.249034
    0.191447
    0.224055
    0.223870
    0.249632
    0.224959
    0.176545
    0.188607
    0.254776
    0.237228
    0.215976
    0.192282
    0.164259
    0.187341
    0.231674
    0.259172
    0.254497
    0.242821
    0.260224
    0.249523
    0.230635
    0.235956
    0.208492
    0.124481
    0.176790
    0.170838
    0.138209
    0.079808
    0.061718
    0.073388
    0.043582
    0.001168
   -0.059222
    0.208622
    0.132607
    0.038637
   -0.060155
   -0.153704
   -0.239585
   -0.319191
   -0.162623
   -0.288510
   -0.336870
   -0.347110
   -0.385996
   -0.414716
   -0.436162
   -0.448906
   -0.424984
   -0.418644
   -0.435091
   -0.420682
   -0.402744
   -0.351146
   -0.311546
   -0.370438
   -0.312810
   -0.171482
   -0.202463
   -0.358222
   -0.360122
   -0.370276
   -0.422649
   -0.454135
   -0.484638
   -0.389055
   -0.406518
   -0.420477
   -0.418445
   -0.406485
   -0.399448
   -0.372678
   -0.404564
   -0.354613
   -0.197153
   -0.214208
   -0.357544
   -0.378467
   -0.403471
   -0.444291
   -0.504013
   -0.367098
   -0.390453
   -0.438158
   -0.452145
   -0.438927
   -0.448105
   -0.403586
   -0.376968
   -0.400832
   -0.363095
   -0.186825
   -0.218453
   -0.365327
   -0.375240
   -0.379123
   -0.432517
   -0.387626
   -0.397385
   -0.408404
   -0.429517
   -0.453250
   -0.454035
   -0.428329
   -0.415142
   -0.397408
   -0.406278
   -0.370578
   -0.222562
   -0.200669
   -0.354873
   -0.416263
   -0.379272
   -0.424909
   -0.406977
   -0.399089
   -0.418602
   -0.449846
   -0.460478
   -0.446525
   -0.449700
   -0.416822
   -0.400691
   -0.399735
   -0.358926
   -0.228296
   -0.206065
   -0.348130
   -0.367618
   -0.428310
   -0.404189
   -0.407646
   -0.433238
   -0.428847
   -0.427231
   -0.442706
   -0.431811
   -0.431310
   -0.420581
   -0.405853
   -0.405067
   -0.349503
   -0.279719
   -0.224042
   -0.346254
   -0.419013
   -0.420367
   -0.409711
   -0.401708
   -0.408965
   -0.405512
   -0.396626
   -0.438145
   -0.440509
   -0.444256
   -0.416532
   -0.376498
   -0.389587
   -0.359674
   -0.237775
   -0.161901
   -0.418498
   -0.409386
   -0.411778
   -0.405241
   -0.403586
   -0.430204
   -0.432766
   -0.411977
   -0.426260
   -0.446403
   -0.440031
   -0.420952
   -0.400157
   -0.386491
   -0.395609
   -0.257148
    0.126174
    0.127957
    0.148728
    0.126980
    0.066740
    0.091132
    0.137097
    0.155013
    0.140109
    0.167690
    0.196204
    0.202619
    0.196161
    0.201934
    0.198098
    0.133710
    0.174111
    0.182631
    0.184218
    0.130047
    0.070240
    0.082247
    0.143318
    0.176872
    0.184455
    0.176416
    0.189736
    0.215714
    0.228300
    0.204785
    0.178530
    0.136147
    0.236835
    0.184356
    0.138854
    0.160792
    0.181989
    0.137795
    0.115052
    0.173689
    0.211826
    0.211645
    0.210047
    0.244355
    0.248022
    0.192340
    0.119970
    0.138481
    0.229968
    0.182053
    0.185461
    0.237010
    0.248026
    0.210876
    0.176684
    0.142498
    0.181652
    0.214033
    0.235500
    0.242822
    0.220752
    0.181964
    0.156966
    0.245673
    0.181035
    0.190893
    0.242425
    0.246851
    0.242367
    0.244765
    0.234878
    0.156713
    0.148943
    0.179463
    0.208127
    0.179306
    0.144100
    0.166559
    0.241930
    0.264497
    0.220452
    0.249727
    0.229823
    0.243532
    0.254865
    0.271944
    0.265919
    0.221112
    0.159233
    0.150611
    0.149078
    0.136425
    0.141804
    0.188069
    0.250266
    0.268960
    0.225662
    0.240626
    0.230437
    0.256673
    0.277022
    0.259800
    0.234133
    0.240311
    0.182632
    0.118793
    0.069964
    0.064957
    0.097365
    0.083856
    0.027594
    0.000014
    0.178557
    0.157896
    0.108013
    0.008288
   -0.085751
   -0.170370
   -0.270363
   -0.312057
   -0.379590
   -0.328327
   -0.191331
   -0.221006
   -0.339428
   -0.394229
   -0.391438
   -0.402804
   -0.423555
   -0.424958
   -0.397441
   -0.389954
   -0.403492
   -0.413199
   -0.397191
   -0.385060
   -0.381694
   -0.347985
   -0.319389
   -0.221129
   -0.207839
   -0.341261
   -0.383275
   -0.388117
   -0.386992
   -0.385451
   -0.400593
   -0.408616
   -0.412935
   -0.421790
   -0.429540
   -0.405054
   -0.389028
   -0.392451
   -0.403566
   -0.370675
   -0.225651
   -0.189315
   -0.344353
   -0.401666
   -0.405411
   -0.399094
   -0.383942
   -0.399923
   -0.417396
   -0.426599
   -0.427995
   -0.452819
   -0.428504
   -0.392035
   -0.389297
   -0.403216
   -0.346149
   -0.199195
   -0.193979
   -0.358600
   -0.409387
   -0.411249
   -0.402244
   -0.402950
   -0.402932
   -0.420290
   -0.430952
   -0.436821
   -0.449872
   -0.428368
   -0.419555
   -0.390279
   -0.393873
   -0.340599
   -0.191002
   -0.253668
   -0.410377
   -0.402516
   -0.397106
   -0.397533
   -0.388762
   -0.408552
   -0.445455
   -0.427114
   -0.421620
   -0.450415
   -0.440446
   -0.422131
   -0.404846
   -0.388096
   -0.366794
   -0.222931
   -0.430684
   -0.406356
   -0.407806
   -0.399413
   -0.390632
   -0.402878
   -0.406787
   -0.421621
   -0.403706
   -0.415332
   -0.439202
   -0.438532
   -0.423929
   -0.432535
   -0.408795
   -0.338461
   -0.442532
   -0.422463
   -0.418081
   -0.422183
   -0.417853
   -0.395738
   -0.386604
   -0.401791
   -0.416126
   -0.414006
   -0.414042
   -0.433536
   -0.438243
   -0.410544
   -0.399104
   -0.376875
   -0.434047
   -0.427462
   -0.409352
   -0.406506
   -0.412875
   -0.414198
   -0.392408
   -0.384406
   -0.404547
   -0.408568
   -0.419227
   -0.428614
   -0.434981
   -0.445576
   -0.435159
   -0.362245
    0.116785
    0.146273
    0.150816
    0.128015
    0.093210
    0.114101
    0.140003
    0.097218
    0.098520
    0.104160
    0.140506
    0.168829
    0.168351
    0.171335
    0.180406
    0.131144
    0.175774
    0.183501
    0.182386
    0.138785
    0.104486
    0.125133
    0.176414
    0.173745
    0.109504
    0.109965
    0.158907
    0.169303
    0.188982
    0.192370
    0.146698
    0.085116
    0.229584
    0.184717
    0.135527
    0.157853
    0.198765
    0.187010
    0.183871
    0.207159
    0.206317
    0.155645
    0.144651
    0.208167
    0.212262
    0.152522
    0.111539
    0.138759
    0.231622
    0.172941
    0.170905
    0.241815
    0.275404
    0.244818
    0.207310
    0.219511
    0.218407
    0.188248
    0.154667
    0.169933
    0.170386
    0.146053
    0.144024
    0.220443
    0.169826
    0.177502
    0.230062
    0.254398
    0.253995
    0.250881
    0.234317
    0.235959
    0.197343
    0.213698
    0.173576
    0.090766
    0.091757
    0.158395
    0.197014
    0.247678
    0.181500
    0.244727
    0.245051
    0.219568
    0.238109
    0.273876
    0.266263
    0.258288
    0.225193
    0.193094
    0.139984
    0.101389
    0.084330
    0.132348
    0.214400
    0.219453
    0.231373
    0.235877
    0.224211
    0.245520
    0.264058
    0.262338
    0.259193
    0.257904
    0.209288
    0.133278
    0.090524
    0.059640
    0.034631
    0.029793
    0.004592
   -0.037524
    0.168344
    0.106284
    0.043179
   -0.033114
   -0.122248
   -0.190028
   -0.273789
   -0.329100
   -0.349067
   -0.372283
   -0.386502
   -0.398693
   -0.354175
   -0.256851
   -0.173146
   -0.293428
   -0.383717
   -0.410127
   -0.391344
   -0.372498
   -0.362230
   -0.383241
   -0.365252
   -0.372494
   -0.406605
   -0.391590
   -0.367632
   -0.375111
   -0.363381
   -0.324252
   -0.241377
   -0.181301
   -0.402287
   -0.386359
   -0.391835
   -0.385969
   -0.388681
   -0.373462
   -0.377408
   -0.386081
   -0.374491
   -0.412295
   -0.420130
   -0.418711
   -0.394689
   -0.324659
   -0.334270
   -0.184573
   -0.424014
   -0.408567
   -0.395736
   -0.398418
   -0.410862
   -0.393109
   -0.387193
   -0.421771
   -0.387189
   -0.378695
   -0.422748
   -0.413761
   -0.375475
   -0.358258
   -0.373486
   -0.327107
   -0.409812
   -0.419369
   -0.395894
   -0.388669
   -0.379749
   -0.371499
   -0.378364
   -0.394773
   -0.394991
   -0.383078
   -0.394266
   -0.412512
   -0.414968
   -0.421111
   -0.375230
   -0.387113
   -0.404781
   -0.424516
   -0.415212
   -0.396808
   -0.382822
   -0.380216
   -0.391805
   -0.391107
   -0.419879
   -0.404759
   -0.388306
   -0.404426
   -0.424534
   -0.417365
   -0.391993
   -0.348461
   -0.386810
   -0.394198
   -0.421949
   -0.412428
   -0.392782
   -0.392839
   -0.382830
   -0.403421
   -0.412752
   -0.399662
   -0.395741
   -0.392098
   -0.402144
   -0.416683
   -0.417670
   -0.402829
   -0.371533
   -0.367416
   -0.386274
   -0.420991
   -0.407895
   -0.391881
   -0.394783
   -0.395760
   -0.362104
   -0.377360
   -0.392865
   -0.400414
   -0.403345
   -0.411641
   -0.408506
   -0.436945
   -0.370159
   -0.380000
   -0.382373
   -0.406868
   -0.425340
   -0.402083
   -0.394706
   -0.412887
   -0.390595
   -0.388494
   -0.390714
   -0.393453
   -0.395285
   -0.399899
   -0.404891
   -0.433063
    0.121116
    0.143528
    0.136579
    0.131816
    0.107723
    0.099089
    0.127439
    0.132443
    0.165229
    0.149273
    0.118861
    0.116525
    0.141079
    0.168151
    0.178298
    0.122318
    0.190789
    0.188720
    0.176791
    0.148541
    0.129661
    0.147864
    0.192291
    0.214417
    0.182116
    0.195555
    0.191205
    0.138872
    0.124603
    0.156834
    0.147129
    0.083076
    0.218563
    0.182809
    0.141369
    0.141686
    0.187264
    0.207188
    0.210626
    0.223442
    0.223048
    0.206305
    0.212267
    0.214197
    0.139768
    0.087324
    0.116880
    0.109614
    0.222829
    0.175296
    0.171040
    0.226232
    0.263173
    0.254185
    0.224360
    0.252654
    0.229081
    0.218612
    0.223723
    0.210185
    0.136274
    0.082499
    0.108613
    0.184913
    0.186189
    0.188239
    0.226920
    0.262022
    0.264547
    0.257546
    0.240664
    0.273893
    0.241124
    0.253498
    0.212010
    0.128182
    0.117054
    0.144067
    0.132557
    0.177276
    0.185448
    0.239229
    0.231043
    0.214419
    0.236976
    0.257352
    0.252444
    0.250782
    0.246906
    0.206875
    0.140967
    0.120261
    0.143387
    0.172452
    0.204094
    0.136047
    0.234994
    0.242969
    0.245708
    0.246064
    0.259897
    0.266287
    0.259472
    0.248118
    0.206217
    0.118629
    0.071635
    0.053880
    0.045532
    0.037215
    0.013402
   -0.057705
    0.188500
    0.106137
    0.029140
   -0.032933
   -0.137718
   -0.235195
   -0.314068
   -0.338342
   -0.361927
   -0.390083
   -0.428556
   -0.441003
   -0.414310
   -0.368692
   -0.336103
   -0.374488
   -0.391447
   -0.436456
   -0.426810
   -0.400194
   -0.368653
   -0.360857
   -0.374832
   -0.371396
   -0.394627
   -0.386112
   -0.380318
   -0.402671
   -0.431992
   -0.418789
   -0.375504
   -0.367710
   -0.409460
   -0.425408
   -0.441069
   -0.418838
   -0.397274
   -0.374698
   -0.373325
   -0.374789
   -0.374218
   -0.393757
   -0.398398
   -0.417106
   -0.449373
   -0.418738
   -0.428238
   -0.364628
   -0.389361
   -0.405576
   -0.435949
   -0.439785
   -0.429166
   -0.422193
   -0.397681
   -0.388395
   -0.374992
   -0.391926
   -0.412656
   -0.399172
   -0.392865
   -0.420936
   -0.444208
   -0.384622
   -0.359095
   -0.367688
   -0.389625
   -0.430182
   -0.431364
   -0.397312
   -0.396906
   -0.375867
   -0.382678
   -0.391921
   -0.411445
   -0.412408
   -0.403673
   -0.441410
   -0.431808
   -0.426093
   -0.372384
   -0.400275
   -0.368857
   -0.412471
   -0.441961
   -0.415768
   -0.414676
   -0.397769
   -0.427998
   -0.414505
   -0.404145
   -0.419278
   -0.415649
   -0.405568
   -0.391339
   -0.393944
   -0.301512
   -0.376129
   -0.385586
   -0.398409
   -0.410970
   -0.428784
   -0.427647
   -0.415275
   -0.431805
   -0.412747
   -0.398852
   -0.395716
   -0.401398
   -0.399088
   -0.395466
   -0.407276
   -0.177631
   -0.270009
   -0.399345
   -0.396917
   -0.376227
   -0.426793
   -0.445799
   -0.411353
   -0.375026
   -0.378889
   -0.393881
   -0.391476
   -0.393749
   -0.407314
   -0.384926
   -0.430558
   -0.226857
   -0.157262
   -0.300846
   -0.379145
   -0.383602
   -0.406560
   -0.451825
   -0.467259
   -0.430582
   -0.405709
   -0.392095
   -0.389365
   -0.391791
   -0.402429
   -0.416567
   -0.409673
    0.137233
    0.155074
    0.164019
    0.160079
    0.109320
    0.074665
    0.129010
    0.180292
    0.183134
    0.180968
    0.169286
    0.169953
    0.177537
    0.175196
    0.153968
    0.091997
    0.203448
    0.213024
    0.192569
    0.145505
    0.141450
    0.173629
    0.204139
    0.239525
    0.225643
    0.217225
    0.237947
    0.235281
    0.201271
    0.175771
    0.144804
    0.069163
    0.257029
    0.201758
    0.145502
    0.145440
    0.201781
    0.241129
    0.241847
    0.237378
    0.248787
    0.245087
    0.266527
    0.280525
    0.234174
    0.155025
    0.133044
    0.124023
    0.257608
    0.209893
    0.193008
    0.231911
    0.263815
    0.270776
    0.265307
    0.278772
    0.289996
    0.275979
    0.276425
    0.253221
    0.198199
    0.140676
    0.153893
    0.231786
    0.201789
    0.226465
    0.256721
    0.266110
    0.281108
    0.297005
    0.271594
    0.292839
    0.299374
    0.293091
    0.259958
    0.184063
    0.143916
    0.179033
    0.222211
    0.311894
    0.212696
    0.246109
    0.257141
    0.264819
    0.272347
    0.275009
    0.286484
    0.269573
    0.263626
    0.230652
    0.176331
    0.147772
    0.181013
    0.234079
    0.272085
    0.256882
    0.239571
    0.247221
    0.277268
    0.279994
    0.287689
    0.288337
    0.277358
    0.294347
    0.234452
    0.140024
    0.081021
    0.081975
    0.091488
    0.072031
    0.038462
   -0.033210
    0.209800
    0.129545
    0.033278
   -0.071751
   -0.153745
   -0.260808
   -0.327958
   -0.354459
   -0.390457
   -0.424622
   -0.449702
   -0.464572
   -0.467472
   -0.456840
   -0.440794
   -0.447473
   -0.435216
   -0.445593
   -0.432738
   -0.414178
   -0.433767
   -0.380572
   -0.420830
   -0.421058
   -0.419731
   -0.425450
   -0.424001
   -0.426215
   -0.452907
   -0.471834
   -0.471365
   -0.481781
   -0.373484
   -0.431861
   -0.416915
   -0.438281
   -0.427472
   -0.445721
   -0.424248
   -0.434127
   -0.428622
   -0.425340
   -0.438057
   -0.453306
   -0.467856
   -0.466034
   -0.467866
   -0.479040
   -0.235098
   -0.365322
   -0.437644
   -0.424406
   -0.418751
   -0.477537
   -0.463492
   -0.455226
   -0.448201
   -0.443537
   -0.442342
   -0.446290
   -0.441530
   -0.446754
   -0.460469
   -0.439670
   -0.243049
   -0.233943
   -0.410640
   -0.430692
   -0.446579
   -0.456489
   -0.465119
   -0.447775
   -0.444713
   -0.454807
   -0.461056
   -0.458004
   -0.447944
   -0.463560
   -0.469935
   -0.459474
   -0.383614
   -0.235594
   -0.249832
   -0.408202
   -0.455226
   -0.432542
   -0.461998
   -0.465137
   -0.468389
   -0.486452
   -0.477148
   -0.474008
   -0.466492
   -0.451960
   -0.444557
   -0.457660
   -0.478337
   -0.420717
   -0.213314
   -0.301198
   -0.397887
   -0.408744
   -0.474777
   -0.467825
   -0.476934
   -0.476419
   -0.467857
   -0.462923
   -0.454975
   -0.449549
   -0.438203
   -0.450526
   -0.446476
   -0.478258
   -0.378027
   -0.211505
   -0.285922
   -0.442253
   -0.432284
   -0.456264
   -0.445116
   -0.431815
   -0.445075
   -0.452155
   -0.457433
   -0.459056
   -0.444380
   -0.451177
   -0.449804
   -0.425202
   -0.420252
   -0.296342
   -0.221485
   -0.337338
   -0.415715
   -0.425586
   -0.473712
   -0.458133
   -0.449550
   -0.447477
   -0.448528
   -0.451737
   -0.429731
   -0.455086
    0.133077
    0.152794
    0.163762
    0.133795
    0.084209
    0.078232
    0.114990
    0.165615
    0.161257
    0.163756
    0.163138
    0.163648
    0.173905
    0.170791
    0.138504
    0.099191
    0.194793
    0.192451
    0.158438
    0.126498
    0.138930
    0.169347
    0.193370
    0.220056
    0.198026
    0.191191
    0.206667
    0.201386
    0.191454
    0.163317
    0.115565
    0.102278
    0.215237
    0.162514
    0.140365
    0.161567
    0.207693
    0.220119
    0.219100
    0.235321
    0.220901
    0.213920
    0.236513
    0.243083
    0.197802
    0.148769
    0.116376
    0.154765
    0.210356
    0.181101
    0.196678
    0.236807
    0.252148
    0.244548
    0.250681
    0.251742
    0.252463
    0.244470
    0.240706
    0.219890
    0.177405
    0.139682
    0.162208
    0.217339
    0.171023
    0.206576
    0.239214
    0.252317
    0.274780
    0.269068
    0.255411
    0.259025
    0.268068
    0.253874
    0.215365
    0.167702
    0.155483
    0.176901
    0.230683
    0.268824
    0.164582
    0.216289
    0.250909
    0.266511
    0.264758
    0.250886
    0.235806
    0.244817
    0.234645
    0.207004
    0.172277
    0.159116
    0.184711
    0.225207
    0.243560
    0.226441
    0.181503
    0.206551
    0.238707
    0.252353
    0.256008
    0.262832
    0.266497
    0.265406
    0.196244
    0.133341
    0.094650
    0.088445
    0.074958
    0.057240
    0.017835
   -0.026751
    0.149581
    0.089458
    0.034196
   -0.054868
   -0.139968
   -0.211337
   -0.256482
   -0.320785
   -0.356102
   -0.392065
   -0.410171
   -0.422747
   -0.417329
   -0.394655
   -0.392867
   -0.410059
   -0.390416
   -0.202798
   -0.268658
   -0.374238
   -0.390203
   -0.402775
   -0.379171
   -0.379177
   -0.385257
   -0.389793
   -0.388377
   -0.394896
   -0.405691
   -0.413344
   -0.415714
   -0.430013
   -0.380578
   -0.259839
   -0.181805
   -0.320368
   -0.401675
   -0.419787
   -0.385528
   -0.405505
   -0.396168
   -0.402464
   -0.407786
   -0.413199
   -0.406012
   -0.408043
   -0.407473
   -0.446890
   -0.385184
   -0.393049
   -0.229847
   -0.174096
   -0.341736
   -0.412052
   -0.423213
   -0.437328
   -0.420449
   -0.407755
   -0.402225
   -0.396096
   -0.389283
   -0.393621
   -0.392345
   -0.406125
   -0.393976
   -0.387603
   -0.350274
   -0.209703
   -0.215091
   -0.366418
   -0.426620
   -0.424222
   -0.424307
   -0.418937
   -0.412437
   -0.412010
   -0.412072
   -0.413952
   -0.411084
   -0.408851
   -0.391321
   -0.371016
   -0.372217
   -0.342514
   -0.181342
   -0.215761
   -0.382391
   -0.434404
   -0.435747
   -0.441406
   -0.428711
   -0.425552
   -0.421295
   -0.411874
   -0.406912
   -0.428714
   -0.432442
   -0.415747
   -0.370380
   -0.386115
   -0.320500
   -0.170260
   -0.293823
   -0.415597
   -0.422242
   -0.425791
   -0.428489
   -0.423910
   -0.421639
   -0.413481
   -0.407713
   -0.421260
   -0.441124
   -0.444616
   -0.408432
   -0.415152
   -0.417325
   -0.298525
   -0.116180
   -0.385144
   -0.384923
   -0.395208
   -0.416309
   -0.423299
   -0.428242
   -0.421085
   -0.418105
   -0.416534
   -0.455591
   -0.470097
   -0.434018
   -0.393353
   -0.409450
   -0.352409
   -0.217363
   -0.128997
   -0.372447
   -0.394319
   -0.408267
   -0.405184
   -0.418573
   -0.406121
   -0.388142
   -0.406105
