   -0.418041
   -0.418015
   -0.418051
   -0.418015
   -0.418042
   -0.418031
   -0.418020
   -0.418053
   -0.418010
   -0.418059
   -0.418000
   -0.418075
   -0.417983
   -0.418087
   -0.417977
   -0.418096
   -0.418006
   -0.418249
   -0.417996
   -0.418250
   -0.418003
   -0.418236
   -0.418022
   -0.418218
   -0.418031
   -0.418212
   -0.418040
   -0.418197
   -0.418054
   -0.418187
   -0.418059
   -0.418180
   -0.418023
   -0.418035
   -0.418031
   -0.418036
   -0.418022
   -0.418050
   -0.418004
   -0.418067
   -0.417995
   -0.418074
   -0.417985
   -0.418090
   -0.417970
   -0.418100
   -0.417965
   -0.418107
   -0.418021
   -0.418233
   -0.418014
   -0.418230
   -0.418023
   -0.418217
   -0.418039
   -0.418201
   -0.418048
   -0.418194
   -0.418058
   -0.418178
   -0.418072
   -0.418169
   -0.418077
   -0.418162
   -0.418007
   -0.418052
   -0.418012
   -0.418056
   -0.418002
   -0.418069
   -0.417986
   -0.418085
   -0.417976
   -0.418095
   -0.417964
   -0.418112
   -0.417949
   -0.418122
   -0.417942
   -0.418131
   -0.418038
   -0.418215
   -0.418032
   -0.418211
   -0.418041
   -0.418200
   -0.418056
   -0.418185
   -0.418066
   -0.418175
   -0.418078
   -0.418158
   -0.418093
   -0.418147
   -0.418100
   -0.418138
   -0.417985
   -0.418074
   -0.417990
   -0.418077
   -0.417982
   -0.418088
   -0.417968
   -0.418102
   -0.417958
   -0.418113
   -0.417946
   -0.418130
   -0.417930
   -0.418142
   -0.417922
   -0.418152
   -0.418053
   -0.418199
   -0.418048
   -0.417743
   -0.417607
   -0.417732
   -0.417621
   -0.417718
   -0.417632
   -0.417707
   -0.417644
   -0.418141
   -0.418111
   -0.418128
   -0.418120
   -0.418117
   -0.417983
   -0.418078
   -0.417984
   -0.417634
   -0.417524
   -0.417645
   -0.417511
   -0.417659
   -0.417498
   -0.417672
   -0.417485
   -0.418141
   -0.417918
   -0.418156
   -0.417906
   -0.418168
   -0.418053
   -0.418197
   -0.418052
   -0.417738
   -0.417612
   -0.417727
   -0.417625
   -0.417714
   -0.417638
   -0.417700
   -0.417651
   -0.418134
   -0.418119
   -0.418118
   -0.418131
   -0.418106
   -0.417985
   -0.418077
   -0.417983
   -0.417636
   -0.417522
   -0.417647
   -0.417509
   -0.417662
   -0.417494
   -0.417677
   -0.417479
   -0.418148
   -0.417910
   -0.418165
   -0.417896
   -0.418179
   -0.418049
   -0.418199
   -0.418052
   -0.417738
   -0.417612
   -0.417727
   -0.417625
   -0.417713
   -0.417640
   -0.417697
   -0.417655
   -0.418129
   -0.418125
   -0.418112
   -0.418139
   -0.418098
   -0.417986
   -0.418079
   -0.417981
   -0.417638
   -0.417519
   -0.417650
   -0.417506
   -0.417665
   -0.417490
   -0.417681
   -0.417475
   -0.418152
   -0.417905
   -0.418170
   -0.417890
   -0.418185
   -0.418052
   -0.418195
   -0.418056
   -0.417734
   -0.417617
   -0.417723
   -0.417628
   -0.417710
   -0.417644
   -0.417694
   -0.417657
   -0.418127
   -0.418127
   -0.418110
   -0.418141
   -0.418096
   -0.417978
   -0.418086
   -0.417974
   -0.417645
   -0.417514
   -0.417654
   -0.417504
   -0.417666
   -0.417489
   -0.417681
   -0.417476
   -0.418150
   -0.417908
   -0.418167
   -0.417892
   -0.418181
   -0.417566
   -0.417688
   -0.417568
   -0.417681
   -0.417576
   -0.417673
   -0.417584
   -0.417663
   -0.417597
   -0.417650
   -0.422393
   -0.418267
   -0.422456
   -0.422453
   -0.422470
   -0.422440
   -0.455125
   -0.455074
   -0.455090
   -0.455098
   -0.455067
   -0.455124
   -0.455043
   -0.455142
   -0.455030
   -0.455160
   -0.455005
   -0.455176
   -0.454996
   -0.455173
   -0.455012
   -0.455156
   -0.455047
   -0.455304
   -0.455076
   -0.455285
   -0.455095
   -0.455263
   -0.455114
   -0.455250
   -0.455123
   -0.455235
   -0.455144
   -0.455223
   -0.455150
   -0.455227
   -0.455134
   -0.455246
   -0.455096
   -0.455097
   -0.455069
   -0.455115
   -0.455051
   -0.455136
   -0.455034
   -0.455148
   -0.455026
   -0.455161
   -0.455007
   -0.455173
   -0.455001
   -0.455168
   -0.455016
   -0.455151
   -0.455071
   -0.455285
   -0.455094
   -0.455270
   -0.455109
   -0.455252
   -0.455122
   -0.455244
   -0.455127
   -0.455235
   -0.455142
   -0.455226
   -0.455145
   -0.455231
   -0.455130
   -0.455249
   -0.455071
   -0.455117
   -0.455052
   -0.455130
   -0.455038
   -0.455145
   -0.455027
   -0.455152
   -0.455024
   -0.455159
   -0.455012
   -0.455166
   -0.455009
   -0.455162
   -0.455023
   -0.455145
   -0.455092
   -0.455269
   -0.455107
   -0.455260
   -0.455116
   -0.455249
   -0.455125
   -0.455245
   -0.455124
   -0.455242
   -0.455132
   -0.455239
   -0.455131
   -0.455246
   -0.455115
   -0.455265
   -0.455058
   -0.455125
   -0.455046
   -0.455133
   -0.455038
   -0.455143
   -0.455030
   -0.455147
   -0.455030
   -0.455149
   -0.455024
   -0.455151
   -0.455026
   -0.455144
   -0.455041
   -0.455125
   -0.455098
   -0.455267
   -0.455108
   -0.454976
   -0.454830
   -0.454969
   -0.454835
   -0.454967
   -0.454833
   -0.454968
   -0.454836
   -0.455254
   -0.455114
   -0.455262
   -0.455100
   -0.455281
   -0.455054
   -0.455127
   -0.455045
   -0.454849
   -0.454759
   -0.454855
   -0.454754
   -0.454858
   -0.454755
   -0.454856
   -0.454754
   -0.455138
   -0.455039
   -0.455133
   -0.455050
   -0.455118
   -0.455108
   -0.455260
   -0.455114
   -0.454971
   -0.454833
   -0.454967
   -0.454837
   -0.454965
   -0.454835
   -0.454969
   -0.454833
   -0.455258
   -0.455111
   -0.455262
   -0.455103
   -0.455274
   -0.455041
   -0.455136
   -0.455036
   -0.454856
   -0.454753
   -0.454859
   -0.454750
   -0.454862
   -0.454750
   -0.454859
   -0.454751
   -0.455140
   -0.455036
   -0.455139
   -0.455040
   -0.455132
   -0.455122
   -0.455249
   -0.455124
   -0.454963
   -0.454840
   -0.454962
   -0.454842
   -0.454959
   -0.454842
   -0.454964
   -0.454839
   -0.455253
   -0.455118
   -0.455252
   -0.455117
   -0.455256
   -0.455024
   -0.455151
   -0.455023
   -0.454868
   -0.454742
   -0.454868
   -0.454739
   -0.454873
   -0.454737
   -0.454870
   -0.454740
   -0.455150
   -0.455025
   -0.455153
   -0.455022
   -0.455153
   -0.455137
   -0.455235
   -0.455137
   -0.454951
   -0.454851
   -0.454952
   -0.454854
   -0.454946
   -0.454856
   -0.454951
   -0.454853
   -0.455239
   -0.455132
   -0.455236
   -0.455136
   -0.455234
   -0.455023
   -0.455152
   -0.455021
   -0.454870
   -0.454741
   -0.454869
   -0.454735
   -0.454879
   -0.454731
   -0.454875
   -0.454733
   -0.455157
   -0.455018
   -0.455160
   -0.455013
   -0.455164
   -0.455009
   -0.455129
   -0.455011
   -0.455127
   -0.455010
   -0.455127
   -0.455016
   -0.455117
   -0.455021
   -0.455122
   -0.459802
   -0.454581
   -0.459631
   -0.459746
   -0.459635
   -0.459744
   -0.398440
   -0.398331
   -0.398415
   -0.398358
   -0.398384
   -0.398378
   -0.398379
   -0.398376
   -0.398382
   -0.398372
   -0.398384
   -0.398361
   -0.398399
   -0.398354
   -0.398396
   -0.398360
   -0.398322
   -0.398345
   -0.398345
   -0.398320
   -0.398373
   -0.398303
   -0.398377
   -0.398306
   -0.398373
   -0.398310
   -0.398371
   -0.398321
   -0.398357
   -0.398327
   -0.398359
   -0.398323
   -0.398442
   -0.398326
   -0.398421
   -0.398349
   -0.398396
   -0.398364
   -0.398392
   -0.398362
   -0.398394
   -0.398359
   -0.398395
   -0.398351
   -0.398406
   -0.398348
   -0.398402
   -0.398353
   -0.398320
   -0.398351
   -0.398338
   -0.398333
   -0.398357
   -0.398321
   -0.398358
   -0.398325
   -0.398355
   -0.398329
   -0.398353
   -0.398337
   -0.398343
   -0.398341
   -0.398345
   -0.398338
   -0.398443
   -0.398322
   -0.398427
   -0.398338
   -0.398410
   -0.398347
   -0.398410
   -0.398342
   -0.398414
   -0.398339
   -0.398415
   -0.398331
   -0.398425
   -0.398327
   -0.398424
   -0.398328
   -0.398331
   -0.398342
   -0.398345
   -0.398331
   -0.398355
   -0.398328
   -0.398351
   -0.398336
   -0.398343
   -0.398343
   -0.398339
   -0.398353
   -0.398326
   -0.398360
   -0.398324
   -0.398363
   -0.398426
   -0.398337
   -0.398414
   -0.398345
   -0.398408
   -0.398345
   -0.398414
   -0.398334
   -0.398424
   -0.398326
   -0.398428
   -0.398316
   -0.398440
   -0.398310
   -0.398442
   -0.398307
   -0.398348
   -0.398329
   -0.398356
   -0.402526
   -0.402558
   -0.402532
   -0.402547
   -0.402547
   -0.402533
   -0.402557
   -0.402526
   -0.398370
   -0.398309
   -0.398380
   -0.398302
   -0.398389
   -0.398416
   -0.398343
   -0.398409
   -0.402545
   -0.402616
   -0.402537
   -0.402628
   -0.402521
   -0.402643
   -0.402511
   -0.402649
   -0.398296
   -0.398461
   -0.398285
   -0.398470
   -0.398273
   -0.398349
   -0.398330
   -0.398353
   -0.402534
   -0.402546
   -0.402547
   -0.402531
   -0.402567
   -0.402513
   -0.402578
   -0.402505
   -0.398393
   -0.398285
   -0.398407
   -0.398272
   -0.398424
   -0.398415
   -0.398342
   -0.398412
   -0.402538
   -0.402626
   -0.402524
   -0.402641
   -0.402504
   -0.402660
   -0.402493
   -0.402667
   -0.398276
   -0.398483
   -0.398261
   -0.398497
   -0.398241
   -0.398351
   -0.398330
   -0.398353
   -0.402539
   -0.402540
   -0.402555
   -0.402524
   -0.402577
   -0.402502
   -0.402590
   -0.402493
   -0.398407
   -0.398270
   -0.398425
   -0.398253
   -0.398448
   -0.398404
   -0.398350
   -0.398404
   -0.402541
   -0.402626
   -0.402523
   -0.402643
   -0.402499
   -0.402667
   -0.402486
   -0.402675
   -0.398266
   -0.398493
   -0.398248
   -0.398512
   -0.398223
   -0.398370
   -0.398315
   -0.398366
   -0.402530
   -0.402544
   -0.402553
   -0.402525
   -0.402580
   -0.402497
   -0.402596
   -0.402488
   -0.398415
   -0.398262
   -0.398435
   -0.398240
   -0.398464
   -0.398397
   -0.398355
   -0.398400
   -0.402542
   -0.402627
   -0.402519
   -0.402648
   -0.402490
   -0.402677
   -0.402476
   -0.402684
   -0.398255
   -0.398504
   -0.398235
   -0.398527
   -0.398204
   -0.402657
   -0.402605
   -0.402653
   -0.402622
   -0.402627
   -0.402647
   -0.402604
   -0.402679
   -0.402571
   -0.402697
   -0.402361
   -0.398220
   -0.402243
   -0.402445
   -0.402216
   -0.402481
   -0.390535
   -0.390704
   -0.390579
   -0.390661
   -0.390611
   -0.390636
   -0.390640
   -0.390609
   -0.390667
   -0.390586
   -0.390682
   -0.390578
   -0.390689
   -0.390578
   -0.390684
   -0.390585
   -0.390727
   -0.390392
   -0.390688
   -0.390430
   -0.390660
   -0.390452
   -0.390634
   -0.390476
   -0.390610
   -0.390497
   -0.390597
   -0.390505
   -0.390589
   -0.390507
   -0.390592
   -0.390501
   -0.390575
   -0.390671
   -0.390606
   -0.390640
   -0.390628
   -0.390622
   -0.390648
   -0.390604
   -0.390666
   -0.390590
   -0.390674
   -0.390587
   -0.390677
   -0.390588
   -0.390673
   -0.390597
   -0.390695
   -0.390418
   -0.390669
   -0.390444
   -0.390650
   -0.390459
   -0.390633
   -0.390474
   -0.390619
   -0.390484
   -0.390615
   -0.390483
   -0.390614
   -0.390481
   -0.390619
   -0.390472
   -0.390606
   -0.390644
   -0.390625
   -0.390626
   -0.390638
   -0.390616
   -0.390650
   -0.390607
   -0.390658
   -0.390603
   -0.390655
   -0.390610
   -0.390650
   -0.390617
   -0.390641
   -0.390630
   -0.390673
   -0.390437
   -0.390655
   -0.390454
   -0.390644
   -0.390462
   -0.390633
   -0.390471
   -0.390627
   -0.390471
   -0.390632
   -0.390462
   -0.390639
   -0.390455
   -0.390649
   -0.390439
   -0.390608
   -0.390644
   -0.390623
   -0.390630
   -0.390632
   -0.390623
   -0.390642
   -0.390616
   -0.390644
   -0.390619
   -0.390637
   -0.390630
   -0.390627
   -0.390640
   -0.390615
   -0.390659
   -0.390675
   -0.390435
   -0.390660
   -0.395614
   -0.395817
   -0.395622
   -0.395805
   -0.395630
   -0.395803
   -0.395626
   -0.395809
   -0.390451
   -0.390653
   -0.390444
   -0.390661
   -0.390427
   -0.390619
   -0.390634
   -0.390630
   -0.395791
   -0.395800
   -0.395787
   -0.395808
   -0.395784
   -0.395805
   -0.395792
   -0.395796
   -0.390637
   -0.390619
   -0.390644
   -0.390612
   -0.390660
   -0.390653
   -0.390453
   -0.390645
   -0.395625
   -0.395809
   -0.395627
   -0.395803
   -0.395628
   -0.395809
   -0.395618
   -0.395818
   -0.390442
   -0.390662
   -0.390438
   -0.390667
   -0.390424
   -0.390638
   -0.390617
   -0.390643
   -0.395782
   -0.395807
   -0.395782
   -0.395811
   -0.395784
   -0.395801
   -0.395796
   -0.395793
   -0.390639
   -0.390617
   -0.390642
   -0.390616
   -0.390652
   -0.390638
   -0.390467
   -0.390635
   -0.395632
   -0.395803
   -0.395632
   -0.395798
   -0.395632
   -0.395806
   -0.395622
   -0.395810
   -0.390453
   -0.390650
   -0.390455
   -0.390645
   -0.390453
   -0.390660
   -0.390598
   -0.390658
   -0.395769
   -0.395817
   -0.395771
   -0.395822
   -0.395773
   -0.395812
   -0.395783
   -0.395808
   -0.390620
   -0.390638
   -0.390615
   -0.390647
   -0.390614
   -0.390615
   -0.390487
   -0.390619
   -0.395646
   -0.395792
   -0.395644
   -0.395786
   -0.395644
   -0.395795
   -0.395635
   -0.395795
   -0.390472
   -0.390629
   -0.390482
   -0.390615
   -0.390490
   -0.390675
   -0.390584
   -0.390668
   -0.395761
   -0.395823
   -0.395765
   -0.395828
   -0.395767
   -0.395817
   -0.395777
   -0.395817
   -0.390608
   -0.390652
   -0.390596
   -0.390669
   -0.390586
   -0.395278
   -0.395164
   -0.395285
   -0.395152
   -0.395296
   -0.395149
   -0.395288
   -0.395150
   -0.395297
   -0.395142
   -0.394631
   -0.395256
   -0.395117
   -0.394987
   -0.395097
   -0.395002
   -0.410958
   -0.411213
   -0.410938
   -0.411212
   -0.410952
   -0.411188
   -0.410985
   -0.411158
   -0.411016
   -0.411127
   -0.411042
   -0.411110
   -0.411055
   -0.411098
   -0.411063
   -0.411091
   -0.411174
   -0.411015
   -0.411193
   -0.411014
   -0.411182
   -0.411033
   -0.411154
   -0.411061
   -0.411126
   -0.411089
   -0.411102
   -0.411105
   -0.411090
   -0.411117
   -0.411081
   -0.411125
   -0.411004
   -0.411166
   -0.410982
   -0.411171
   -0.410987
   -0.411159
   -0.411008
   -0.411138
   -0.411031
   -0.411115
   -0.411050
   -0.411104
   -0.411058
   -0.411095
   -0.411064
   -0.411089
   -0.411132
   -0.411058
   -0.411153
   -0.411051
   -0.411151
   -0.411060
   -0.411134
   -0.411077
   -0.411114
   -0.411098
   -0.411097
   -0.411107
   -0.411091
   -0.411115
   -0.411084
   -0.411121
   -0.411033
   -0.411134
   -0.411013
   -0.411143
   -0.411011
   -0.411139
   -0.411023
   -0.411126
   -0.411039
   -0.411108
   -0.411053
   -0.411102
   -0.411058
   -0.411096
   -0.411063
   -0.411091
   -0.411113
   -0.411081
   -0.411130
   -0.411072
   -0.411133
   -0.411074
   -0.411124
   -0.411085
   -0.411110
   -0.411101
   -0.411097
   -0.411106
   -0.411093
   -0.411112
   -0.411087
   -0.411118
   -0.411055
   -0.411109
   -0.411037
   -0.411121
   -0.411030
   -0.411124
   -0.411034
   -0.411119
   -0.411042
   -0.411108
   -0.411050
   -0.411108
   -0.411049
   -0.411106
   -0.411052
   -0.411103
   -0.411086
   -0.411111
   -0.411102
   -0.415301
   -0.415314
   -0.415294
   -0.415314
   -0.415294
   -0.415311
   -0.415302
   -0.415306
   -0.411094
   -0.411110
   -0.411091
   -0.411111
   -0.411091
   -0.411078
   -0.411084
   -0.411061
   -0.415302
   -0.415247
   -0.415313
   -0.415242
   -0.415318
   -0.415240
   -0.415315
   -0.415241
   -0.411122
   -0.411029
   -0.411130
   -0.411023
   -0.411136
   -0.411072
   -0.411127
   -0.411087
   -0.415313
   -0.415305
   -0.415300
   -0.415311
   -0.415293
   -0.415317
   -0.415293
   -0.415317
   -0.411078
   -0.411130
   -0.411068
   -0.411139
   -0.411059
   -0.411078
   -0.411080
   -0.411065
   -0.415299
   -0.415248
   -0.415314
   -0.415240
   -0.415323
   -0.415231
   -0.415326
   -0.415228
   -0.411138
   -0.411010
   -0.411153
   -0.410997
   -0.411166
   -0.411081
   -0.411122
   -0.411091
   -0.415310
   -0.415310
   -0.415295
   -0.415317
   -0.415285
   -0.415327
   -0.415283
   -0.415329
   -0.411065
   -0.411147
   -0.411048
   -0.411163
   -0.411032
   -0.411070
   -0.411085
   -0.411060
   -0.415304
   -0.415240
   -0.415322
   -0.415231
   -0.415334
   -0.415217
   -0.415339
   -0.415214
   -0.411156
   -0.410990
   -0.411177
   -0.410968
   -0.411198
   -0.411087
   -0.411118
   -0.411095
   -0.415304
   -0.415320
   -0.415285
   -0.415328
   -0.415272
   -0.415344
   -0.415267
   -0.415347
   -0.411043
   -0.411172
   -0.411018
   -0.411197
   -0.410993
   -0.411071
   -0.411084
   -0.411060
   -0.415307
   -0.415233
   -0.415330
   -0.415222
   -0.415347
   -0.415201
   -0.415355
   -0.415195
   -0.411178
   -0.410963
   -0.411208
   -0.410933
   -0.411237
   -0.415171
   -0.415203
   -0.415181
   -0.415181
   -0.415209
   -0.415158
   -0.415220
   -0.415141
   -0.415242
   -0.415132
   -0.415378
   -0.415825
   -0.415546
   -0.415342
   -0.415578
   -0.415311
   -0.411841
   -0.411682
   -0.411828
   -0.411707
   -0.411808
   -0.411727
   -0.411785
   -0.411747
   -0.411767
   -0.411762
   -0.411747
   -0.411772
   -0.411750
   -0.411772
   -0.411741
   -0.411785
   -0.411693
   -0.411914
   -0.411703
   -0.411894
   -0.411720
   -0.411878
   -0.411738
   -0.411863
   -0.411750
   -0.411853
   -0.411766
   -0.411845
   -0.411762
   -0.411847
   -0.411768
   -0.411837
   -0.411802
   -0.411721
   -0.411792
   -0.411739
   -0.411778
   -0.411752
   -0.411763
   -0.411764
   -0.411755
   -0.411770
   -0.411743
   -0.411776
   -0.411747
   -0.411773
   -0.411743
   -0.411781
   -0.411725
   -0.411884
   -0.411731
   -0.411869
   -0.411742
   -0.411861
   -0.411752
   -0.411854
   -0.411755
   -0.411853
   -0.411762
   -0.411850
   -0.411757
   -0.411854
   -0.411759
   -0.411849
   -0.411775
   -0.411746
   -0.411770
   -0.411757
   -0.411761
   -0.411764
   -0.411754
   -0.411768
   -0.411753
   -0.411766
   -0.411749
   -0.411768
   -0.411755
   -0.411765
   -0.411753
   -0.411767
   -0.411739
   -0.411870
   -0.411743
   -0.411861
   -0.411751
   -0.411855
   -0.411756
   -0.411853
   -0.411755
   -0.411856
   -0.411757
   -0.411855
   -0.411753
   -0.411858
   -0.411752
   -0.411859
   -0.411770
   -0.411751
   -0.411766
   -0.411760
   -0.411758
   -0.411765
   -0.411754
   -0.411767
   -0.411755
   -0.411763
   -0.411754
   -0.411764
   -0.411757
   -0.411761
   -0.411760
   -0.411757
   -0.411751
   -0.411858
   -0.411753
   -0.411570
   -0.411477
   -0.411567
   -0.411479
   -0.411567
   -0.411475
   -0.411572
   -0.411475
   -0.411853
   -0.411755
   -0.411856
   -0.411751
   -0.411864
   -0.411751
   -0.411770
   -0.411748
   -0.411492
   -0.411456
   -0.411495
   -0.411455
   -0.411494
   -0.411460
   -0.411488
   -0.411461
   -0.411771
   -0.411750
   -0.411767
   -0.411757
   -0.411756
   -0.411764
   -0.411845
   -0.411766
   -0.411560
   -0.411489
   -0.411557
   -0.411489
   -0.411558
   -0.411484
   -0.411564
   -0.411483
   -0.411846
   -0.411763
   -0.411850
   -0.411754
   -0.411863
   -0.411749
   -0.411772
   -0.411747
   -0.411493
   -0.411453
   -0.411498
   -0.411451
   -0.411499
   -0.411454
   -0.411495
   -0.411454
   -0.411779
   -0.411741
   -0.411776
   -0.411749
   -0.411763
   -0.411762
   -0.411847
   -0.411764
   -0.411563
   -0.411488
   -0.411558
   -0.411490
   -0.411557
   -0.411487
   -0.411560
   -0.411488
   -0.411839
   -0.411771
   -0.411842
   -0.411763
   -0.411856
   -0.411742
   -0.411778
   -0.411742
   -0.411496
   -0.411449
   -0.411501
   -0.411447
   -0.411503
   -0.411449
   -0.411501
   -0.411446
   -0.411789
   -0.411729
   -0.411787
   -0.411738
   -0.411773
   -0.411774
   -0.411836
   -0.411772
   -0.411557
   -0.411493
   -0.411553
   -0.411495
   -0.411551
   -0.411493
   -0.411552
   -0.411497
   -0.411828
   -0.411785
   -0.411828
   -0.411776
   -0.411843
   -0.411733
   -0.411786
   -0.411737
   -0.411498
   -0.411447
   -0.411502
   -0.411446
   -0.411503
   -0.411450
   -0.411501
   -0.411445
   -0.411791
   -0.411727
   -0.411789
   -0.411737
   -0.411773
   -0.415782
   -0.415834
   -0.415776
   -0.415841
   -0.415779
   -0.415839
   -0.415779
   -0.415839
   -0.415772
   -0.415844
   -0.415996
   -0.411654
   -0.411730
   -0.411799
   -0.411716
   -0.411820
   -0.405143
   -0.405295
   -0.405173
   -0.405267
   -0.405192
   -0.405257
   -0.405201
   -0.405249
   -0.405207
   -0.405241
   -0.405217
   -0.405230
   -0.405231
   -0.405222
   -0.405236
   -0.405217
   -0.405303
   -0.405120
   -0.405276
   -0.405146
   -0.405259
   -0.405155
   -0.405252
   -0.405160
   -0.405247
   -0.405167
   -0.405238
   -0.405177
   -0.405226
   -0.405185
   -0.405220
   -0.405190
   -0.405174
   -0.405269
   -0.405195
   -0.405248
   -0.405209
   -0.405241
   -0.405214
   -0.405238
   -0.405216
   -0.405233
   -0.405224
   -0.405224
   -0.405236
   -0.405216
   -0.405242
   -0.405211
   -0.405278
   -0.405142
   -0.405259
   -0.405161
   -0.405245
   -0.405168
   -0.405241
   -0.405171
   -0.405237
   -0.405178
   -0.405228
   -0.405188
   -0.405215
   -0.405198
   -0.405207
   -0.405206
   -0.405191
   -0.405254
   -0.405207
   -0.405237
   -0.405219
   -0.405232
   -0.405222
   -0.405230
   -0.405225
   -0.405224
   -0.405233
   -0.405214
   -0.405245
   -0.405203
   -0.405256
   -0.405194
   -0.405262
   -0.405155
   -0.405247
   -0.405171
   -0.405236
   -0.405177
   -0.405233
   -0.405180
   -0.405227
   -0.405188
   -0.405218
   -0.405200
   -0.405202
   -0.405215
   -0.405188
   -0.405228
   -0.405202
   -0.405245
   -0.405214
   -0.405232
   -0.405223
   -0.405227
   -0.405226
   -0.405224
   -0.405232
   -0.405215
   -0.405242
   -0.405202
   -0.405258
   -0.405186
   -0.405275
   -0.405172
   -0.405253
   -0.405163
   -0.405242
   -0.404725
   -0.404782
   -0.404730
   -0.404779
   -0.404735
   -0.404770
   -0.404746
   -0.404759
   -0.405210
   -0.405192
   -0.405229
   -0.405172
   -0.405247
   -0.405209
   -0.405239
   -0.405217
   -0.404779
   -0.404775
   -0.404772
   -0.404779
   -0.404765
   -0.404791
   -0.404753
   -0.404804
   -0.405187
   -0.405275
   -0.405165
   -0.405298
   -0.405144
   -0.405246
   -0.405168
   -0.405239
   -0.404727
   -0.404778
   -0.404735
   -0.404772
   -0.404746
   -0.404756
   -0.404762
   -0.404741
   -0.405231
   -0.405169
   -0.405257
   -0.405141
   -0.405282
   -0.405220
   -0.405230
   -0.405225
   -0.404772
   -0.404782
   -0.404765
   -0.404788
   -0.404754
   -0.404806
   -0.404736
   -0.404822
   -0.405166
   -0.405298
   -0.405138
   -0.405329
   -0.405108
   -0.405233
   -0.405180
   -0.405229
   -0.404736
   -0.404770
   -0.404744
   -0.404763
   -0.404757
   -0.404741
   -0.404778
   -0.404723
   -0.405252
   -0.405145
   -0.405285
   -0.405107
   -0.405323
   -0.405233
   -0.405218
   -0.405235
   -0.404762
   -0.404792
   -0.404755
   -0.404799
   -0.404740
   -0.404823
   -0.404716
   -0.404844
   -0.405139
   -0.405328
   -0.405101
   -0.405373
   -0.405057
   -0.405227
   -0.405185
   -0.405223
   -0.404743
   -0.404762
   -0.404752
   -0.404753
   -0.404770
   -0.404724
   -0.404799
   -0.404698
   -0.405282
   -0.405110
   -0.405329
   -0.405055
   -0.405382
   -0.405231
   -0.405219
   -0.405235
   -0.404761
   -0.404794
   -0.404752
   -0.404803
   -0.404732
   -0.404834
   -0.404702
   -0.404862
   -0.405116
   -0.405357
   -0.405062
   -0.405420
   -0.405003
   -0.409449
   -0.409411
   -0.409445
   -0.409419
   -0.409434
   -0.409428
   -0.409425
   -0.409449
   -0.409392
   -0.409481
   -0.409295
   -0.404585
   -0.404523
   -0.404791
   -0.404452
   -0.404857
   -0.406018
   -0.405707
   -0.406000
   -0.405718
   -0.405983
   -0.405749
   -0.405949
   -0.405777
   -0.405921
   -0.405808
   -0.405896
   -0.405835
   -0.405869
   -0.405852
   -0.405865
   -0.405843
   -0.405696
   -0.405955
   -0.405715
   -0.405943
   -0.405732
   -0.405913
   -0.405766
   -0.405885
   -0.405793
   -0.405856
   -0.405817
   -0.405830
   -0.405841
   -0.405815
   -0.405844
   -0.405825
   -0.406034
   -0.405692
   -0.406013
   -0.405707
   -0.405993
   -0.405739
   -0.405958
   -0.405769
   -0.405930
   -0.405798
   -0.405905
   -0.405823
   -0.405882
   -0.405839
   -0.405877
   -0.405832
   -0.405690
   -0.405962
   -0.405710
   -0.405947
   -0.405729
   -0.405917
   -0.405762
   -0.405888
   -0.405789
   -0.405861
   -0.405813
   -0.405837
   -0.405834
   -0.405822
   -0.405840
   -0.405828
   -0.406022
   -0.405702
   -0.406002
   -0.405718
   -0.405984
   -0.405745
   -0.405953
   -0.405773
   -0.405928
   -0.405798
   -0.405905
   -0.405821
   -0.405885
   -0.405835
   -0.405878
   -0.405832
   -0.405712
   -0.405942
   -0.405729
   -0.405929
   -0.405745
   -0.405906
   -0.405770
   -0.405883
   -0.405791
   -0.405862
   -0.405810
   -0.405843
   -0.405827
   -0.405830
   -0.405834
   -0.405832
   -0.405995
   -0.405726
   -0.405979
   -0.405739
   -0.405965
   -0.405758
   -0.405943
   -0.405780
   -0.405923
   -0.405799
   -0.405906
   -0.405817
   -0.405891
   -0.405830
   -0.405881
   -0.405833
   -0.405739
   -0.405918
   -0.405752
   -0.406048
   -0.405905
   -0.406033
   -0.405922
   -0.406015
   -0.405939
   -0.406000
   -0.405952
   -0.405846
   -0.405821
   -0.405836
   -0.405830
   -0.405833
   -0.405968
   -0.405749
   -0.405957
   -0.405900
   -0.406091
   -0.405912
   -0.406077
   -0.405927
   -0.406063
   -0.405939
   -0.406052
   -0.405809
   -0.405900
   -0.405820
   -0.405889
   -0.405826
   -0.405778
   -0.405883
   -0.405784
   -0.406018
   -0.405930
   -0.406014
   -0.405936
   -0.406007
   -0.405943
   -0.406002
   -0.405947
   -0.405855
   -0.405810
   -0.405848
   -0.405819
   -0.405842
   -0.405923
   -0.405791
   -0.405918
   -0.405937
   -0.406058
   -0.405938
   -0.406057
   -0.405940
   -0.406055
   -0.405940
   -0.406054
   -0.405803
   -0.405909
   -0.405809
   -0.405899
   -0.405817
   -0.405815
   -0.405849
   -0.405818
   -0.405986
   -0.405959
   -0.405991
   -0.405954
   -0.405994
   -0.405950
   -0.406000
   -0.405946
   -0.405860
   -0.405804
   -0.405856
   -0.405811
   -0.405850
   -0.405898
   -0.405815
   -0.405894
   -0.405963
   -0.406035
   -0.405956
   -0.406042
   -0.405950
   -0.406049
   -0.405942
   -0.406054
   -0.405799
   -0.405913
   -0.405804
   -0.405905
   -0.405813
   -0.405835
   -0.405829
   -0.405838
   -0.405964
   -0.405979
   -0.405975
   -0.405968
   -0.405984
   -0.405959
   -0.405994
   -0.405950
   -0.405858
   -0.405806
   -0.405854
   -0.405814
   -0.405844
   -0.405884
   -0.405829
   -0.405878
   -0.405980
   -0.406019
   -0.405970
   -0.406028
   -0.405964
   -0.406035
   -0.405955
   -0.406042
   -0.405812
   -0.405899
   -0.405819
   -0.405887
   -0.405835
   -0.410083
   -0.410052
   -0.410087
   -0.410043
   -0.410088
   -0.410055
   -0.410077
   -0.410062
   -0.410069
   -0.410072
   -0.409990
   -0.405933
   -0.405859
   -0.405860
   -0.405874
   -0.405842
   -0.406054
   -0.405871
   -0.406035
   -0.405884
   -0.406027
   -0.405892
   -0.406016
   -0.405904
   -0.406002
   -0.405925
   -0.405977
   -0.405947
   -0.405954
   -0.405962
   -0.405950
   -0.405973
   -0.405884
   -0.406073
   -0.405896
   -0.406066
   -0.405899
   -0.406063
   -0.405905
   -0.406056
   -0.405915
   -0.406040
   -0.405934
   -0.406023
   -0.405952
   -0.406011
   -0.405954
   -0.406002
   -0.405996
   -0.405922
   -0.405989
   -0.405926
   -0.405988
   -0.405926
   -0.405985
   -0.405931
   -0.405977
   -0.405945
   -0.405961
   -0.405960
   -0.405944
   -0.405971
   -0.405941
   -0.405980
   -0.405944
   -0.406020
   -0.405945
   -0.406022
   -0.405940
   -0.406027
   -0.405938
   -0.406027
   -0.405941
   -0.406018
   -0.405953
   -0.406006
   -0.405966
   -0.405999
   -0.405966
   -0.405992
   -0.405945
   -0.405966
   -0.405947
   -0.405963
   -0.405952
   -0.405959
   -0.405955
   -0.405959
   -0.405951
   -0.405968
   -0.405939
   -0.405980
   -0.405926
   -0.405988
   -0.405924
   -0.405996
   -0.405972
   -0.405995
   -0.405969
   -0.405998
   -0.405965
   -0.406002
   -0.405963
   -0.406002
   -0.405967
   -0.405992
   -0.405979
   -0.405980
   -0.405991
   -0.405972
   -0.405994
   -0.405965
   -0.405937
   -0.405973
   -0.405939
   -0.405973
   -0.405939
   -0.405973
   -0.405938
   -0.405976
   -0.405931
   -0.405988
   -0.405917
   -0.406002
   -0.405904
   -0.406013
   -0.405898
   -0.406021
   -0.405974
   -0.405994
   -0.405972
   -0.406139
   -0.406119
   -0.406137
   -0.406122
   -0.406133
   -0.406130
   -0.406120
   -0.406145
   -0.405960
   -0.406012
   -0.405949
   -0.406019
   -0.405940
   -0.405941
   -0.405969
   -0.405941
   -0.406118
   -0.406083
   -0.406125
   -0.406076
   -0.406134
   -0.406062
   -0.406151
   -0.406043
   -0.406026
   -0.405878
   -0.406043
   -0.405865
   -0.406055
   -0.405960
   -0.406008
   -0.405962
   -0.406147
   -0.406115
   -0.406139
   -0.406124
   -0.406127
   -0.406142
   -0.406106
   -0.406164
   -0.405937
   -0.406038
   -0.405918
   -0.406053
   -0.405905
   -0.405961
   -0.405950
   -0.405956
   -0.406105
   -0.406092
   -0.406118
   -0.406078
   -0.406136
   -0.406054
   -0.406163
   -0.406025
   -0.406046
   -0.405854
   -0.406071
   -0.405833
   -0.406087
   -0.405946
   -0.406022
   -0.405951
   -0.406156
   -0.406110
   -0.406142
   -0.406126
   -0.406122
   -0.406153
   -0.406092
   -0.406184
   -0.405915
   -0.406064
   -0.405887
   -0.406088
   -0.405870
   -0.405963
   -0.405947
   -0.405957
   -0.406106
   -0.406088
   -0.406123
   -0.406070
   -0.406146
   -0.406038
   -0.406181
   -0.406003
   -0.406071
   -0.405827
   -0.406103
   -0.405798
   -0.406123
   -0.405956
   -0.406014
   -0.405960
   -0.406147
   -0.406121
   -0.406131
   -0.406137
   -0.406109
   -0.406169
   -0.406075
   -0.406204
   -0.405894
   -0.406088
   -0.405859
   -0.406119
   -0.405839
   -0.405947
   -0.405961
   -0.405943
   -0.406120
   -0.406074
   -0.406136
   -0.406057
   -0.406160
   -0.406023
   -0.406196
   -0.405985
   -0.406090
   -0.405804
   -0.406130
   -0.405767
   -0.406154
   -0.410103
   -0.410137
   -0.410106
   -0.410123
   -0.410122
   -0.410108
   -0.410137
   -0.410085
   -0.410173
   -0.410047
   -0.410242
   -0.406242
   -0.406440
   -0.406153
   -0.406481
   -0.406128
   -0.405343
   -0.405674
   -0.405391
   -0.405638
   -0.405420
   -0.405616
   -0.405441
   -0.405599
   -0.405449
   -0.405583
   -0.405474
   -0.405548
   -0.405513
   -0.405536
   -0.405508
   -0.405539
   -0.405717
   -0.405391
   -0.405667
   -0.405430
   -0.405635
   -0.405455
   -0.405611
   -0.405476
   -0.405598
   -0.405495
   -0.405571
   -0.405531
   -0.405531
   -0.405545
   -0.405535
   -0.405543
   -0.405318
   -0.405699
   -0.405367
   -0.405660
   -0.405399
   -0.405634
   -0.405424
   -0.405612
   -0.405438
   -0.405593
   -0.405464
   -0.405559
   -0.405500
   -0.405547
   -0.405496
   -0.405551
   -0.405718
   -0.405388
   -0.405672
   -0.405425
   -0.405640
   -0.405452
   -0.405614
   -0.405475
   -0.405597
   -0.405496
   -0.405570
   -0.405531
   -0.405534
   -0.405545
   -0.405535
   -0.405544
   -0.405345
   -0.405677
   -0.405384
   -0.405645
   -0.405412
   -0.405621
   -0.405435
   -0.405601
   -0.405449
   -0.405582
   -0.405474
   -0.405551
   -0.405505
   -0.405539
   -0.405505
   -0.405540
   -0.405676
   -0.405423
   -0.405641
   -0.405452
   -0.405616
   -0.405473
   -0.405596
   -0.405491
   -0.405584
   -0.405508
   -0.405561
   -0.405537
   -0.405532
   -0.405549
   -0.405530
   -0.405550
   -0.405388
   -0.405640
   -0.405416
   -0.405615
   -0.405438
   -0.405598
   -0.405454
   -0.405583
   -0.405464
   -0.405569
   -0.405484
   -0.405544
   -0.405508
   -0.405534
   -0.405511
   -0.405532
   -0.405643
   -0.405450
   -0.405619
   -0.405411
   -0.405535
   -0.405427
   -0.405519
   -0.405440
   -0.405511
   -0.405454
   -0.405492
   -0.405538
   -0.405534
   -0.405548
   -0.405531
   -0.405551
   -0.405409
   -0.405624
   -0.405429
   -0.405540
   -0.405383
   -0.405527
   -0.405396
   -0.405516
   -0.405403
   -0.405505
   -0.405418
   -0.405550
   -0.405500
   -0.405541
   -0.405505
   -0.405536
   -0.405615
   -0.405474
   -0.405598
   -0.405431
   -0.405518
   -0.405441
   -0.405508
   -0.405449
   -0.405505
   -0.405457
   -0.405492
   -0.405536
   -0.405539
   -0.405547
   -0.405530
   -0.405555
   -0.405449
   -0.405589
   -0.405461
   -0.405509
   -0.405410
   -0.405504
   -0.405414
   -0.405502
   -0.405412
   -0.405499
   -0.405421
   -0.405549
   -0.405498
   -0.405538
   -0.405508
   -0.405530
   -0.405579
   -0.405507
   -0.405568
   -0.405459
   -0.405494
   -0.405461
   -0.405494
   -0.405459
   -0.405499
   -0.405461
   -0.405492
   -0.405534
   -0.405542
   -0.405547
   -0.405530
   -0.405558
   -0.405474
   -0.405564
   -0.405484
   -0.405487
   -0.405428
   -0.405489
   -0.405424
   -0.405496
   -0.405414
   -0.405499
   -0.405417
   -0.405556
   -0.405490
   -0.405544
   -0.405503
   -0.405533
   -0.405552
   -0.405533
   -0.405544
   -0.405484
   -0.405473
   -0.405479
   -0.405480
   -0.405470
   -0.405491
   -0.405466
   -0.405489
   -0.405535
   -0.405544
   -0.405548
   -0.405528
   -0.405563
   -0.405507
   -0.405534
   -0.405511
   -0.405460
   -0.405452
   -0.405469
   -0.405441
   -0.405482
   -0.405426
   -0.405488
   -0.405427
   -0.405546
   -0.405499
   -0.405531
   -0.405517
   -0.405514
   -0.409670
   -0.409686
   -0.409666
   -0.409698
   -0.409662
   -0.409688
   -0.409674
   -0.409673
   -0.409691
   -0.409667
   -0.409711
   -0.405539
   -0.405567
   -0.405585
   -0.405544
   -0.405607
   -0.411590
   -0.411713
   -0.411592
   -0.411712
   -0.411594
   -0.411712
   -0.411580
   -0.411725
   -0.411587
   -0.411701
   -0.411620
   -0.411666
   -0.411646
   -0.411644
   -0.411665
   -0.411628
   -0.411699
   -0.411509
   -0.411701
   -0.411506
   -0.411703
   -0.411503
   -0.411718
   -0.411487
   -0.411714
   -0.411508
   -0.411686
   -0.411538
   -0.411664
   -0.411557
   -0.411647
   -0.411571
   -0.411642
   -0.411664
   -0.411636
   -0.411671
   -0.411629
   -0.411678
   -0.411612
   -0.411695
   -0.411612
   -0.411679
   -0.411636
   -0.411655
   -0.411652
   -0.411640
   -0.411666
   -0.411628
   -0.411643
   -0.411560
   -0.411654
   -0.411549
   -0.411665
   -0.411539
   -0.411683
   -0.411521
   -0.411685
   -0.411534
   -0.411665
   -0.411553
   -0.411653
   -0.411565
   -0.411642
   -0.411576
   -0.411693
   -0.411618
   -0.411679
   -0.411632
   -0.411665
   -0.411643
   -0.411647
   -0.411660
   -0.411644
   -0.411650
   -0.411662
   -0.411632
   -0.411672
   -0.411623
   -0.411682
   -0.411612
   -0.411609
   -0.411591
   -0.411625
   -0.411577
   -0.411637
   -0.411569
   -0.411650
   -0.411557
   -0.411650
   -0.411570
   -0.411630
   -0.411589
   -0.411618
   -0.411599
   -0.411606
   -0.411613
   -0.411703
   -0.411609
   -0.411689
   -0.411620
   -0.411680
   -0.411623
   -0.411674
   -0.411629
   -0.411677
   -0.411613
   -0.411699
   -0.411593
   -0.411712
   -0.411582
   -0.411724
   -0.411569
   -0.411620
   -0.411582
   -0.411631
   -0.411530
   -0.411587
   -0.411535
   -0.411585
   -0.411537
   -0.411576
   -0.411558
   -0.411549
   -0.411626
   -0.411578
   -0.411641
   -0.411563
   -0.411657
   -0.411685
   -0.411624
   -0.411677
   -0.411580
   -0.411635
   -0.411568
   -0.411646
   -0.411557
   -0.411662
   -0.411531
   -0.411693
   -0.411550
   -0.411760
   -0.411530
   -0.411779
   -0.411512
   -0.411630
   -0.411574
   -0.411636
   -0.411531
   -0.411580
   -0.411549
   -0.411561
   -0.411569
   -0.411538
   -0.411602
   -0.411500
   -0.411681
   -0.411518
   -0.411706
   -0.411493
   -0.411730
   -0.411682
   -0.411626
   -0.411678
   -0.411575
   -0.411646
   -0.411550
   -0.411673
   -0.411521
   -0.411705
   -0.411480
   -0.411750
   -0.411486
   -0.411831
   -0.411453
   -0.411863
   -0.411421
   -0.411634
   -0.411571
   -0.411635
   -0.411535
   -0.411570
   -0.411568
   -0.411533
   -0.411606
   -0.411494
   -0.411656
   -0.411439
   -0.411749
   -0.411443
   -0.411790
   -0.411402
   -0.411830
   -0.411679
   -0.411628
   -0.411679
   -0.411570
   -0.411657
   -0.411531
   -0.411700
   -0.411486
   -0.411747
   -0.411429
   -0.411809
   -0.411419
   -0.411905
   -0.411370
   -0.411955
   -0.411321
   -0.411632
   -0.411574
   -0.411630
   -0.411543
   -0.411557
   -0.411589
   -0.411507
   -0.411639
   -0.411454
   -0.411704
   -0.411383
   -0.411813
   -0.411370
   -0.411871
   -0.411311
   -0.411930
   -0.411681
   -0.411625
   -0.411683
   -0.411563
   -0.411669
   -0.411512
   -0.411726
   -0.411454
   -0.411786
   -0.411380
   -0.411866
   -0.411353
   -0.411981
   -0.411284
   -0.412051
   -0.411214
   -0.415873
   -0.415804
   -0.415868
   -0.415824
   -0.415830
   -0.415884
   -0.415766
   -0.415950
   -0.415695
   -0.416035
   -0.415590
   -0.411371
   -0.410785
   -0.411466
   -0.410702
   -0.411549
   -0.410167
   -0.410280
   -0.410170
   -0.410276
   -0.410170
   -0.410267
   -0.410192
   -0.410234
   -0.410222
   -0.410227
   -0.410216
   -0.410236
   -0.410205
   -0.410230
   -0.410229
   -0.410214
   -0.410267
   -0.410136
   -0.410266
   -0.410139
   -0.410266
   -0.410147
   -0.410246
   -0.410177
   -0.410220
   -0.410184
   -0.410226
   -0.410176
   -0.410234
   -0.410181
   -0.410212
   -0.410198
   -0.410201
   -0.410248
   -0.410198
   -0.410249
   -0.410196
   -0.410244
   -0.410211
   -0.410220
   -0.410232
   -0.410216
   -0.410225
   -0.410226
   -0.410215
   -0.410223
   -0.410234
   -0.410209
   -0.410246
   -0.410157
   -0.410247
   -0.410158
   -0.410248
   -0.410163
   -0.410234
   -0.410185
   -0.410216
   -0.410187
   -0.410224
   -0.410176
   -0.410235
   -0.410177
   -0.410220
   -0.410188
   -0.410207
   -0.410241
   -0.410205
   -0.410241
   -0.410204
   -0.410236
   -0.410217
   -0.410218
   -0.410232
   -0.410218
   -0.410222
   -0.410230
   -0.410209
   -0.410232
   -0.410219
   -0.410227
   -0.410242
   -0.410164
   -0.410242
   -0.410164
   -0.410242
   -0.410170
   -0.410230
   -0.410186
   -0.410217
   -0.410185
   -0.410227
   -0.410172
   -0.410241
   -0.410168
   -0.410236
   -0.410169
   -0.410218
   -0.410229
   -0.410216
   -0.410230
   -0.410215
   -0.410226
   -0.410224
   -0.410214
   -0.410233
   -0.410218
   -0.410221
   -0.410233
   -0.410206
   -0.410239
   -0.410206
   -0.410243
   -0.410223
   -0.410183
   -0.410224
   -0.410207
   -0.410252
   -0.410212
   -0.410243
   -0.410222
   -0.410236
   -0.410218
   -0.410247
   -0.410177
   -0.410236
   -0.410171
   -0.410236
   -0.410166
   -0.410227
   -0.410217
   -0.410228
   -0.410245
   -0.410254
   -0.410240
   -0.410262
   -0.410233
   -0.410265
   -0.410238
   -0.410253
   -0.410227
   -0.410210
   -0.410235
   -0.410206
   -0.410246
   -0.410229
   -0.410180
   -0.410226
   -0.410207
   -0.410250
   -0.410215
   -0.410241
   -0.410222
   -0.410239
   -0.410215
   -0.410250
   -0.410175
   -0.410240
   -0.410165
   -0.410247
   -0.410150
   -0.410222
   -0.410219
   -0.410227
   -0.410245
   -0.410256
   -0.410236
   -0.410265
   -0.410231
   -0.410265
   -0.410239
   -0.410252
   -0.410229
   -0.410207
   -0.410242
   -0.410194
   -0.410262
   -0.410225
   -0.410186
   -0.410220
   -0.410214
   -0.410242
   -0.410224
   -0.410233
   -0.410230
   -0.410232
   -0.410222
   -0.410245
   -0.410179
   -0.410236
   -0.410166
   -0.410251
   -0.410143
   -0.410231
   -0.410209
   -0.410236
   -0.410234
   -0.410268
   -0.410222
   -0.410279
   -0.410216
   -0.410278
   -0.410225
   -0.410265
   -0.410215
   -0.410221
   -0.410229
   -0.410204
   -0.410255
   -0.410215
   -0.410198
   -0.410209
   -0.410226
   -0.410228
   -0.410241
   -0.410215
   -0.410248
   -0.410216
   -0.410239
   -0.410228
   -0.410197
   -0.410218
   -0.410184
   -0.410235
   -0.410155
   -0.410233
   -0.410205
   -0.410241
   -0.410227
   -0.410278
   -0.410208
   -0.410295
   -0.410199
   -0.410296
   -0.410206
   -0.410284
   -0.410196
   -0.410240
   -0.410211
   -0.410221
   -0.410243
   -0.414432
   -0.414413
   -0.414421
   -0.414420
   -0.414407
   -0.414444
   -0.414385
   -0.414457
   -0.414382
   -0.414452
   -0.414386
   -0.410172
   -0.410136
   -0.410148
   -0.410155
   -0.410114
   -0.391535
   -0.390745
   -0.391461
   -0.390808
   -0.391401
   -0.390875
   -0.391328
   -0.390945
   -0.391260
   -0.391024
   -0.391176
   -0.391092
   -0.391124
   -0.391138
   -0.391082
   -0.391166
   -0.390767
   -0.391598
   -0.390825
   -0.391549
   -0.390873
   -0.391495
   -0.390931
   -0.391440
   -0.390985
   -0.391374
   -0.391056
   -0.391317
   -0.391099
   -0.391280
   -0.391133
   -0.391257
   -0.391379
   -0.390885
   -0.391332
   -0.390924
   -0.391295
   -0.390968
   -0.391248
   -0.391012
   -0.391204
   -0.391066
   -0.391145
   -0.391112
   -0.391111
   -0.391142
   -0.391083
   -0.391162
   -0.390913
   -0.391465
   -0.390947
   -0.391439
   -0.390973
   -0.391407
   -0.391007
   -0.391376
   -0.391038
   -0.391335
   -0.391084
   -0.391300
   -0.391108
   -0.391279
   -0.391128
   -0.391265
   -0.391242
   -0.391010
   -0.391218
   -0.391028
   -0.391200
   -0.391050
   -0.391177
   -0.391072
   -0.391155
   -0.391102
   -0.391119
   -0.391129
   -0.391102
   -0.391144
   -0.391087
   -0.391155
   -0.391022
   -0.391367
   -0.391039
   -0.391355
   -0.391050
   -0.391339
   -0.391067
   -0.391325
   -0.391081
   -0.391303
   -0.391110
   -0.391282
   -0.391122
   -0.391272
   -0.391131
   -0.391265
   -0.391178
   -0.391067
   -0.391162
   -0.391079
   -0.391151
   -0.391095
   -0.391135
   -0.391108
   -0.391123
   -0.391127
   -0.391098
   -0.391146
   -0.391086
   -0.391154
   -0.391078
   -0.391161
   -0.391064
   -0.391329
   -0.391077
   -0.391333
   -0.391100
   -0.391318
   -0.391115
   -0.391307
   -0.391124
   -0.391292
   -0.391145
   -0.391263
   -0.391140
   -0.391257
   -0.391145
   -0.391254
   -0.391140
   -0.391102
   -0.391127
   -0.391127
   -0.391129
   -0.391145
   -0.391112
   -0.391157
   -0.391102
   -0.391172
   -0.391081
   -0.391175
   -0.391057
   -0.391181
   -0.391052
   -0.391185
   -0.391102
   -0.391295
   -0.391112
   -0.391298
   -0.391138
   -0.391279
   -0.391155
   -0.391268
   -0.391164
   -0.391256
   -0.391181
   -0.391227
   -0.391177
   -0.391222
   -0.391181
   -0.391218
   -0.391111
   -0.391128
   -0.391100
   -0.391155
   -0.391098
   -0.391178
   -0.391076
   -0.391192
   -0.391066
   -0.391205
   -0.391047
   -0.391209
   -0.391020
   -0.391217
   -0.391014
   -0.391224
   -0.391121
   -0.391278
   -0.391132
   -0.391277
   -0.391162
   -0.391252
   -0.391186
   -0.391236
   -0.391198
   -0.391222
   -0.391216
   -0.391192
   -0.391216
   -0.391183
   -0.391222
   -0.391176
   -0.391096
   -0.391142
   -0.391082
   -0.391173
   -0.391075
   -0.391204
   -0.391046
   -0.391224
   -0.391030
   -0.391241
   -0.391008
   -0.391249
   -0.390977
   -0.391261
   -0.390967
   -0.391273
   -0.391139
   -0.391261
   -0.391152
   -0.391255
   -0.391188
   -0.391223
   -0.391219
   -0.391202
   -0.391235
   -0.391185
   -0.391256
   -0.391151
   -0.391261
   -0.391138
   -0.391271
   -0.391124
   -0.391079
   -0.391158
   -0.391062
   -0.391195
   -0.391049
   -0.391233
   -0.391013
   -0.391258
   -0.390993
   -0.391279
   -0.390968
   -0.391290
   -0.390930
   -0.391308
   -0.390916
   -0.391328
   -0.395156
   -0.395258
   -0.395173
   -0.395233
   -0.395203
   -0.395191
   -0.395242
   -0.395163
   -0.395264
   -0.395141
   -0.395297
   -0.395252
   -0.395454
   -0.395228
   -0.395471
   -0.395204
   -0.400544
   -0.400841
   -0.400572
   -0.400812
   -0.400610
   -0.400770
   -0.400644
   -0.400753
   -0.400658
   -0.400729
   -0.400676
   -0.400721
   -0.400684
   -0.400716
   -0.400681
   -0.400718
   -0.400845
   -0.400624
   -0.400818
   -0.400651
   -0.400783
   -0.400689
   -0.400753
   -0.400704
   -0.400740
   -0.400727
   -0.400723
   -0.400736
   -0.400714
   -0.400741
   -0.400716
   -0.400740
   -0.400564
   -0.400823
   -0.400587
   -0.400800
   -0.400618
   -0.400766
   -0.400644
   -0.400754
   -0.400655
   -0.400733
   -0.400671
   -0.400725
   -0.400679
   -0.400721
   -0.400676
   -0.400724
   -0.400823
   -0.400644
   -0.400800
   -0.400667
   -0.400771
   -0.400700
   -0.400745
   -0.400714
   -0.400731
   -0.400737
   -0.400711
   -0.400750
   -0.400699
   -0.400759
   -0.400696
   -0.400762
   -0.400587
   -0.400801
   -0.400608
   -0.400781
   -0.400634
   -0.400751
   -0.400657
   -0.400738
   -0.400672
   -0.400716
   -0.400691
   -0.400701
   -0.400706
   -0.400689
   -0.400713
   -0.400682
   -0.400808
   -0.400658
   -0.400787
   -0.400681
   -0.400759
   -0.400712
   -0.400734
   -0.400728
   -0.400715
   -0.400753
   -0.400692
   -0.400773
   -0.400673
   -0.400790
   -0.400661
   -0.400802
   -0.400593
   -0.400796
   -0.400614
   -0.400773
   -0.400641
   -0.400743
   -0.400665
   -0.400726
   -0.400685
   -0.400701
   -0.400709
   -0.400679
   -0.400731
   -0.400659
   -0.400746
   -0.400644
   -0.400798
   -0.400668
   -0.400777
   -0.400681
   -0.400740
   -0.400710
   -0.400715
   -0.400729
   -0.400692
   -0.400756
   -0.400666
   -0.400792
   -0.400650
   -0.400816
   -0.400630
   -0.400837
   -0.400608
   -0.400781
   -0.400628
   -0.400749
   -0.400642
   -0.400722
   -0.400666
   -0.400701
   -0.400691
   -0.400674
   -0.400718
   -0.400655
   -0.400758
   -0.400627
   -0.400782
   -0.400603
   -0.400779
   -0.400687
   -0.400759
   -0.400698
   -0.400724
   -0.400725
   -0.400699
   -0.400749
   -0.400670
   -0.400780
   -0.400638
   -0.400825
   -0.400614
   -0.400859
   -0.400583
   -0.400890
   -0.400632
   -0.400758
   -0.400649
   -0.400728
   -0.400660
   -0.400704
   -0.400684
   -0.400680
   -0.400713
   -0.400649
   -0.400747
   -0.400623
   -0.400795
   -0.400584
   -0.400830
   -0.400549
   -0.400753
   -0.400711
   -0.400736
   -0.400721
   -0.400705
   -0.400743
   -0.400682
   -0.400768
   -0.400651
   -0.400800
   -0.400615
   -0.400851
   -0.400584
   -0.400894
   -0.400544
   -0.400935
   -0.400659
   -0.400733
   -0.400672
   -0.400706
   -0.400678
   -0.400691
   -0.400695
   -0.400669
   -0.400723
   -0.400640
   -0.400757
   -0.400612
   -0.400808
   -0.400567
   -0.400849
   -0.400526
   -0.400728
   -0.400734
   -0.400716
   -0.400740
   -0.400691
   -0.400753
   -0.400675
   -0.400774
   -0.400647
   -0.400803
   -0.400611
   -0.400855
   -0.400578
   -0.400903
   -0.400533
   -0.400950
   -0.400684
   -0.400711
   -0.400692
   -0.400687
   -0.400692
   -0.400680
   -0.400703
   -0.400663
   -0.400727
   -0.400636
   -0.400761
   -0.400606
   -0.400816
   -0.400556
   -0.400861
   -0.400510
   -0.404821
   -0.404857
   -0.404810
   -0.404872
   -0.404799
   -0.404880
   -0.404788
   -0.404897
   -0.404763
   -0.404925
   -0.404728
   -0.405452
   -0.405166
   -0.405509
   -0.405117
   -0.405559
   -0.452878
   -0.453084
   -0.452924
   -0.453046
   -0.452962
   -0.453007
   -0.453003
   -0.452972
   -0.453027
   -0.452952
   -0.453044
   -0.452937
   -0.453056
   -0.452926
   -0.453056
   -0.452933
   -0.453122
   -0.452685
   -0.453080
   -0.452721
   -0.453044
   -0.452757
   -0.453006
   -0.452789
   -0.452985
   -0.452808
   -0.452968
   -0.452822
   -0.452956
   -0.452835
   -0.452953
   -0.452830
   -0.452912
   -0.453055
   -0.452949
   -0.453023
   -0.452981
   -0.452990
   -0.453015
   -0.452962
   -0.453034
   -0.452945
   -0.453049
   -0.452932
   -0.453061
   -0.452919
   -0.453065
   -0.452922
   -0.453092
   -0.452712
   -0.453057
   -0.452741
   -0.453027
   -0.452773
   -0.452994
   -0.452800
   -0.452975
   -0.452818
   -0.452959
   -0.452832
   -0.452946
   -0.452846
   -0.452940
   -0.452846
   -0.452938
   -0.453032
   -0.452969
   -0.453006
   -0.452996
   -0.452977
   -0.453027
   -0.452950
   -0.453046
   -0.452933
   -0.453062
   -0.452918
   -0.453076
   -0.452904
   -0.453083
   -0.452902
   -0.453071
   -0.452729
   -0.453042
   -0.452755
   -0.453015
   -0.452785
   -0.452983
   -0.452813
   -0.452960
   -0.452835
   -0.452941
   -0.452854
   -0.452921
   -0.452873
   -0.452909
   -0.452880
   -0.452956
   -0.453018
   -0.452982
   -0.452994
   -0.453005
   -0.452967
   -0.453036
   -0.452939
   -0.453060
   -0.452917
   -0.453080
   -0.452895
   -0.453102
   -0.452874
   -0.453117
   -0.452865
   -0.453050
   -0.452747
   -0.453025
   -0.452766
   -0.452998
   -0.452794
   -0.452967
   -0.452824
   -0.452940
   -0.452849
   -0.452916
   -0.452879
   -0.452893
   -0.452905
   -0.452872
   -0.452921
   -0.452976
   -0.453000
   -0.452998
   -0.452975
   -0.453017
   -0.452947
   -0.453049
   -0.452916
   -0.453078
   -0.452887
   -0.453106
   -0.452861
   -0.453141
   -0.452832
   -0.453165
   -0.452812
   -0.453033
   -0.452762
   -0.453012
   -0.452780
   -0.452985
   -0.452809
   -0.452951
   -0.452842
   -0.452919
   -0.452874
   -0.452887
   -0.452912
   -0.452856
   -0.452945
   -0.452827
   -0.452970
   -0.453001
   -0.452978
   -0.453019
   -0.452956
   -0.453035
   -0.452928
   -0.453067
   -0.452896
   -0.453099
   -0.452863
   -0.453132
   -0.452831
   -0.453174
   -0.452796
   -0.453206
   -0.452768
   -0.453001
   -0.452791
   -0.452985
   -0.452805
   -0.452962
   -0.452833
   -0.452928
   -0.452866
   -0.452894
   -0.452902
   -0.452858
   -0.452946
   -0.452819
   -0.452984
   -0.452782
   -0.453018
   -0.453029
   -0.452952
   -0.453043
   -0.452932
   -0.453058
   -0.452903
   -0.453092
   -0.452869
   -0.453128
   -0.452831
   -0.453169
   -0.452790
   -0.453219
   -0.452747
   -0.453261
   -0.452708
   -0.452971
   -0.452819
   -0.452957
   -0.452832
   -0.452934
   -0.452862
   -0.452899
   -0.452897
   -0.452861
   -0.452939
   -0.452817
   -0.452991
   -0.452770
   -0.453038
   -0.452723
   -0.453083
   -0.453056
   -0.452926
   -0.453069
   -0.452906
   -0.453085
   -0.452873
   -0.453123
   -0.452837
   -0.453162
   -0.452793
   -0.453210
   -0.452744
   -0.453268
   -0.452694
   -0.453319
   -0.452644
   -0.457605
   -0.457482
   -0.457590
   -0.457501
   -0.457567
   -0.457538
   -0.457526
   -0.457576
   -0.457484
   -0.457624
   -0.457430
   -0.457594
   -0.457287
   -0.457648
   -0.457232
   -0.457703
   -0.411987
   -0.412021
   -0.411998
   -0.412008
   -0.412012
   -0.411994
   -0.412024
   -0.411985
   -0.412030
   -0.411980
   -0.412039
   -0.411968
   -0.412050
   -0.411957
   -0.412061
   -0.411949
   -0.412059
   -0.411796
   -0.412046
   -0.411811
   -0.412031
   -0.411825
   -0.412018
   -0.411836
   -0.412010
   -0.411843
   -0.412000
   -0.411856
   -0.411988
   -0.411867
   -0.411977
   -0.411876
   -0.411982
   -0.412024
   -0.411996
   -0.412010
   -0.412010
   -0.411996
   -0.412023
   -0.411985
   -0.412031
   -0.411978
   -0.412041
   -0.411966
   -0.412052
   -0.411955
   -0.412062
   -0.411948
   -0.412057
   -0.411799
   -0.412044
   -0.411813
   -0.412030
   -0.411826
   -0.412018
   -0.411836
   -0.412011
   -0.411842
   -0.412002
   -0.411853
   -0.411993
   -0.411861
   -0.411985
   -0.411866
   -0.411994
   -0.412012
   -0.412006
   -0.412000
   -0.412017
   -0.411991
   -0.412027
   -0.411982
   -0.412033
   -0.411976
   -0.412040
   -0.411968
   -0.412048
   -0.411962
   -0.412053
   -0.411959
   -0.412040
   -0.411816
   -0.412028
   -0.411827
   -0.412018
   -0.411835
   -0.412009
   -0.411844
   -0.412003
   -0.411850
   -0.411996
   -0.411858
   -0.411989
   -0.411863
   -0.411985
   -0.411865
   -0.412016
   -0.411991
   -0.412026
   -0.411982
   -0.412033
   -0.411978
   -0.412039
   -0.411970
   -0.412044
   -0.411965
   -0.412050
   -0.411959
   -0.412055
   -0.411956
   -0.412057
   -0.411956
   -0.412016
   -0.411839
   -0.412007
   -0.411850
   -0.412005
   -0.411853
   -0.412000
   -0.411861
   -0.411994
   -0.411868
   -0.411987
   -0.411870
   -0.411979
   -0.411872
   -0.411977
   -0.411871
   -0.412038
   -0.411970
   -0.412045
   -0.411969
   -0.412051
   -0.411968
   -0.412055
   -0.411961
   -0.412062
   -0.411953
   -0.412069
   -0.411944
   -0.412069
   -0.411944
   -0.412068
   -0.411947
   -0.411994
   -0.411860
   -0.411989
   -0.411866
   -0.411993
   -0.411864
   -0.411990
   -0.411871
   -0.411984
   -0.411879
   -0.411976
   -0.411880
   -0.411970
   -0.411879
   -0.411972
   -0.411874
   -0.412055
   -0.411954
   -0.412058
   -0.411958
   -0.412059
   -0.411961
   -0.412061
   -0.411955
   -0.412067
   -0.411947
   -0.412074
   -0.411940
   -0.412070
   -0.411946
   -0.412064
   -0.411954
   -0.411982
   -0.411871
   -0.411979
   -0.411874
   -0.411987
   -0.411870
   -0.411985
   -0.411877
   -0.411978
   -0.411886
   -0.411971
   -0.411884
   -0.411970
   -0.411876
   -0.411978
   -0.411864
   -0.412066
   -0.411944
   -0.412067
   -0.411950
   -0.412065
   -0.411956
   -0.412067
   -0.411948
   -0.412075
   -0.411938
   -0.412081
   -0.411936
   -0.412071
   -0.411946
   -0.412061
   -0.411961
   -0.411980
   -0.411874
   -0.411977
   -0.411876
   -0.411986
   -0.411871
   -0.411982
   -0.411882
   -0.411971
   -0.411895
   -0.411963
   -0.411891
   -0.411965
   -0.411879
   -0.411977
   -0.411863
   -0.412063
   -0.411945
   -0.412065
   -0.411952
   -0.412062
   -0.411957
   -0.412067
   -0.411945
   -0.412081
   -0.411930
   -0.412089
   -0.411928
   -0.412077
   -0.411942
   -0.412063
   -0.411961
   -0.416208
   -0.416100
   -0.416206
   -0.416097
   -0.416212
   -0.416092
   -0.416206
   -0.416107
   -0.416189
   -0.416125
   -0.416179
   -0.415964
   -0.416029
   -0.415946
   -0.416044
   -0.415926
