   -0.429003
   -0.422280
   -0.431801
   -0.412122
   -0.424531
   -0.420986
   -0.421656
   -0.457715
   -0.405408
   -0.405727
   -0.230225
   -0.262339
   -0.429456
   -0.363676
   -0.129327
   -0.046650
   -0.428151
   -0.412526
   -0.430118
   -0.402370
   -0.416408
   -0.420441
   -0.428701
   -0.431257
   -0.417873
   -0.432063
   -0.289447
   -0.214125
   -0.422195
   -0.304709
   -0.171077
   -0.081322
   -0.425401
   -0.426339
   -0.432120
   -0.406458
   -0.410598
   -0.425105
   -0.429627
   -0.469723
   -0.436300
   -0.389229
   -0.392113
   -0.111157
   -0.366141
   -0.242648
   -0.246034
   -0.220163
   -0.422039
   -0.429979
   -0.440750
   -0.417525
   -0.421877
   -0.436762
   -0.433493
   -0.471309
   -0.410945
   -0.389066
   -0.414398
   -0.049220
   -0.301712
   -0.279732
   -0.245613
   -0.254382
   -0.420266
   -0.439427
   -0.430848
   -0.414362
   -0.426950
   -0.451476
   -0.426906
   -0.475641
   -0.417576
   -0.378589
   -0.390556
   -0.019149
   -0.244728
   -0.338196
   -0.313972
   -0.297887
   -0.419044
   -0.427164
   -0.422284
   -0.400073
   -0.438048
   -0.449074
   -0.417293
   -0.488123
   -0.418152
   -0.401747
   -0.275558
   -0.055492
   -0.182522
   -0.305722
   -0.345414
   -0.309953
   -0.418805
   -0.425328
   -0.421956
   -0.399167
   -0.427639
   -0.441836
   -0.415535
   -0.469887
   -0.443019
   -0.361748
   -0.135416
   -0.068446
   -0.110510
   -0.271332
   -0.296007
   -0.263649
   -0.440160
   -0.419950
   -0.415726
   -0.430390
   -0.409325
   -0.438041
   -0.436290
   -0.440721
   -0.433808
   -0.258558
   -0.092803
   -0.082587
   -0.027420
   -0.316087
   -0.239518
   -0.172133
   -0.445194
   -0.411051
   -0.396602
   -0.423601
   -0.413024
   -0.429151
   -0.445182
   -0.448201
   -0.329859
   -0.197394
   -0.130861
   -0.069816
    0.005924
   -0.293054
   -0.279322
   -0.185954
   -0.432093
   -0.420689
   -0.411588
   -0.402277
   -0.417739
   -0.410207
   -0.433157
   -0.394626
   -0.231822
   -0.185703
   -0.177931
   -0.095320
   -0.049731
   -0.210459
   -0.281616
   -0.169055
   -0.427554
   -0.425300
   -0.429708
   -0.406678
   -0.411896
   -0.401932
   -0.389884
   -0.247414
   -0.198217
   -0.096472
   -0.146777
   -0.108543
   -0.082774
   -0.153575
   -0.227498
   -0.174442
   -0.454561
   -0.422900
   -0.401572
   -0.398927
   -0.418118
   -0.419015
   -0.276220
   -0.123252
   -0.155543
   -0.090648
   -0.221799
   -0.242922
   -0.160502
   -0.090643
   -0.221968
   -0.204764
   -0.434780
   -0.425129
   -0.417100
   -0.424846
   -0.407138
   -0.343697
   -0.073237
   -0.018277
   -0.153783
   -0.195820
   -0.234590
   -0.313435
   -0.204132
   -0.045838
   -0.187793
   -0.176487
   -0.410744
   -0.438988
   -0.429864
   -0.399003
   -0.374163
   -0.144589
    0.006327
   -0.005185
   -0.099171
   -0.146706
   -0.184459
   -0.281968
   -0.168289
   -0.046561
   -0.199256
   -0.207368
   -0.413110
   -0.431035
   -0.421594
   -0.384350
   -0.289597
    0.034023
   -0.009869
   -0.007194
   -0.094290
   -0.129673
   -0.189292
   -0.283718
   -0.154124
   -0.004185
   -0.201835
   -0.015050
   -0.421716
   -0.420121
   -0.423170
   -0.408378
   -0.226278
   -0.021474
   -0.009355
   -0.039455
   -0.069483
   -0.164877
   -0.220411
   -0.230160
   -0.135519
   -0.050390
   -0.144480
    0.028582
   -0.474131
   -0.455575
   -0.441559
   -0.459390
   -0.446234
   -0.520706
   -0.482032
   -0.481292
   -0.325827
   -0.267444
   -0.427924
   -0.450151
   -0.310047
   -0.212625
   -0.419635
   -0.145576
   -0.470031
   -0.460793
   -0.450259
   -0.466274
   -0.456488
   -0.507623
   -0.472542
   -0.435425
   -0.344460
   -0.218890
   -0.456831
   -0.414134
   -0.485249
   -0.177860
   -0.259326
   -0.211952
   -0.462520
   -0.455970
   -0.456082
   -0.468534
   -0.459044
   -0.504129
   -0.461827
   -0.440848
   -0.423464
   -0.158182
   -0.450810
   -0.422415
   -0.474896
   -0.390761
   -0.076015
   -0.207658
   -0.455976
   -0.449504
   -0.460431
   -0.472663
   -0.459186
   -0.507101
   -0.446182
   -0.432099
   -0.454690
   -0.134836
   -0.489205
   -0.445462
   -0.494656
   -0.413676
   -0.219844
   -0.097718
   -0.459150
   -0.447527
   -0.459706
   -0.462452
   -0.457681
   -0.509716
   -0.456095
   -0.427173
   -0.472386
   -0.159409
   -0.409638
   -0.449933
   -0.432476
   -0.384273
   -0.243643
   -0.133820
   -0.458934
   -0.452928
   -0.462634
   -0.468664
   -0.462621
   -0.515468
   -0.467624
   -0.425074
   -0.468552
   -0.146508
   -0.349881
   -0.443940
   -0.343334
   -0.330804
   -0.256198
   -0.181423
   -0.465295
   -0.451025
   -0.464699
   -0.476359
   -0.470980
   -0.518088
   -0.475364
   -0.422364
   -0.442081
   -0.186325
   -0.267971
   -0.412789
   -0.281053
   -0.340829
   -0.227584
   -0.201924
   -0.461958
   -0.444400
   -0.460808
   -0.475859
   -0.480844
   -0.513417
   -0.481889
   -0.418270
   -0.451779
   -0.255141
   -0.218509
   -0.296142
   -0.293714
   -0.325164
   -0.183586
   -0.180003
   -0.459798
   -0.438815
   -0.451802
   -0.471702
   -0.474858
   -0.496307
   -0.482580
   -0.447827
   -0.428588
   -0.315164
   -0.146320
   -0.248851
   -0.265793
   -0.200194
   -0.185333
   -0.187704
   -0.462902
   -0.438387
   -0.461525
   -0.466549
   -0.471267
   -0.496680
   -0.479991
   -0.475449
   -0.400140
   -0.348300
   -0.035713
   -0.284064
   -0.202533
   -0.113787
   -0.159620
   -0.202181
   -0.462853
   -0.429571
   -0.461400
   -0.463639
   -0.463186
   -0.493528
   -0.484557
   -0.420523
   -0.401174
   -0.323323
   -0.024234
   -0.258574
   -0.200493
   -0.080458
   -0.152104
   -0.192036
   -0.456473
   -0.449488
   -0.459846
   -0.458493
   -0.471546
   -0.488192
   -0.466571
   -0.418354
   -0.321878
   -0.207716
   -0.053467
   -0.178575
   -0.193184
   -0.141754
   -0.215624
   -0.254345
   -0.485513
   -0.442666
   -0.458402
   -0.465910
   -0.447855
   -0.494779
   -0.461342
   -0.354832
   -0.156729
   -0.255045
   -0.067769
   -0.143274
   -0.264409
   -0.196500
   -0.186117
   -0.117268
   -0.461434
   -0.444385
   -0.451408
   -0.458392
   -0.456706
   -0.451238
   -0.402986
   -0.163335
   -0.071049
   -0.218116
   -0.050770
   -0.111809
   -0.230418
   -0.228182
   -0.179412
   -0.177589
   -0.443655
   -0.443693
   -0.451802
   -0.449464
   -0.453251
   -0.411595
   -0.281086
   -0.046166
   -0.073897
   -0.219613
   -0.016469
   -0.077002
   -0.187306
   -0.177202
   -0.140612
   -0.164900
   -0.452934
   -0.415871
   -0.454967
   -0.460614
   -0.444791
   -0.400171
   -0.202012
   -0.033319
   -0.069385
   -0.199460
   -0.060896
   -0.069688
   -0.188354
   -0.152570
   -0.094559
   -0.151130
   -0.388062
   -0.411743
   -0.392795
   -0.458302
   -0.429632
   -0.400486
   -0.366300
   -0.122719
   -0.349633
   -0.379685
   -0.213584
   -0.272701
   -0.380084
   -0.114282
   -0.315279
   -0.410022
   -0.394387
   -0.414207
   -0.398035
   -0.448216
   -0.434928
   -0.403087
   -0.381557
   -0.110259
   -0.363173
   -0.316879
   -0.417894
   -0.118772
   -0.320074
   -0.285813
   -0.173264
   -0.448944
   -0.406599
   -0.412794
   -0.407508
   -0.436175
   -0.437617
   -0.397772
   -0.418574
   -0.063833
   -0.381191
   -0.332760
   -0.391404
   -0.333249
   -0.135799
   -0.387208
   -0.024783
   -0.403617
   -0.392195
   -0.410997
   -0.400471
   -0.439903
   -0.403948
   -0.376649
   -0.387048
   -0.037783
   -0.415640
   -0.403774
   -0.390906
   -0.462067
   -0.181399
   -0.262527
   -0.143680
   -0.291426
   -0.399546
   -0.404902
   -0.402564
   -0.445407
   -0.399531
   -0.369364
   -0.405363
   -0.052107
   -0.376687
   -0.435439
   -0.409621
   -0.439709
   -0.367987
   -0.153164
   -0.150571
   -0.172343
   -0.403086
   -0.407909
   -0.404757
   -0.454138
   -0.408581
   -0.365654
   -0.417044
   -0.065096
   -0.332174
   -0.431672
   -0.421578
   -0.455830
   -0.383121
   -0.256117
   -0.089423
   -0.072318
   -0.407226
   -0.416316
   -0.410248
   -0.460040
   -0.416512
   -0.364025
   -0.401745
   -0.098649
   -0.277434
   -0.434250
   -0.453320
   -0.485347
   -0.375640
   -0.353872
   -0.049129
   -0.076347
   -0.405341
   -0.418780
   -0.423267
   -0.455773
   -0.423665
   -0.358396
   -0.389788
   -0.175068
   -0.232293
   -0.425479
   -0.479365
   -0.479291
   -0.451139
   -0.233275
   -0.065051
   -0.041658
   -0.397639
   -0.418650
   -0.426314
   -0.449046
   -0.421030
   -0.370610
   -0.391090
   -0.235036
   -0.225650
   -0.418625
   -0.436015
   -0.480834
   -0.423048
   -0.121733
   -0.069775
   -0.101039
   -0.400335
   -0.416191
   -0.416568
   -0.451586
   -0.415092
   -0.408630
   -0.375845
   -0.274788
   -0.178434
   -0.433968
   -0.377927
   -0.447572
   -0.299710
   -0.132195
   -0.050596
   -0.106229
   -0.403833
   -0.411932
   -0.407318
   -0.451560
   -0.416174
   -0.400055
   -0.373872
   -0.304476
   -0.139487
   -0.437593
   -0.412462
   -0.342793
   -0.247733
   -0.130919
   -0.053999
   -0.077508
   -0.390303
   -0.409361
   -0.398034
   -0.440243
   -0.413717
   -0.377937
   -0.398664
   -0.358777
   -0.111839
   -0.426392
   -0.340825
   -0.159845
   -0.167614
   -0.127512
   -0.076852
   -0.108893
   -0.396724
   -0.417099
   -0.408034
   -0.442049
   -0.413527
   -0.396110
   -0.431043
   -0.409532
   -0.143078
   -0.380393
   -0.203960
   -0.105243
   -0.187589
   -0.189926
   -0.149165
   -0.168726
   -0.395401
   -0.410921
   -0.404586
   -0.440233
   -0.413929
   -0.416348
   -0.431381
   -0.423578
   -0.109515
   -0.251059
   -0.093342
   -0.065907
   -0.158602
   -0.203478
   -0.184334
   -0.213050
   -0.397462
   -0.406536
   -0.400800
   -0.442589
   -0.428702
   -0.442508
   -0.413289
   -0.419376
   -0.025582
   -0.139407
   -0.049221
   -0.016688
   -0.089048
   -0.133119
   -0.152122
   -0.212241
   -0.405751
   -0.405446
   -0.392588
   -0.434344
   -0.440083
   -0.436817
   -0.394994
   -0.387961
    0.007344
   -0.092948
   -0.029576
   -0.015680
   -0.076491
   -0.113926
   -0.144282
   -0.255418
   -0.384358
   -0.432461
   -0.446063
   -0.381831
   -0.444111
   -0.022151
   -0.343623
   -0.330371
   -0.136839
   -0.366322
   -0.360913
   -0.218360
   -0.205453
   -0.368481
   -0.349388
   -0.232267
   -0.402946
   -0.427820
   -0.426551
   -0.360319
   -0.414320
   -0.046563
   -0.350014
   -0.334128
   -0.326588
   -0.112980
   -0.331202
   -0.319783
   -0.086900
   -0.411208
   -0.369641
   -0.387663
   -0.422450
   -0.440543
   -0.428433
   -0.375077
   -0.413863
   -0.032609
   -0.405392
   -0.328567
   -0.397834
   -0.210619
   -0.210529
   -0.388492
   -0.050041
   -0.371673
   -0.402193
   -0.414540
   -0.400592
   -0.429113
   -0.414309
   -0.359566
   -0.398479
   -0.049918
   -0.389833
   -0.367647
   -0.374510
   -0.412866
   -0.080781
   -0.315263
   -0.090811
   -0.305302
   -0.397590
   -0.404763
   -0.399053
   -0.434591
   -0.396753
   -0.362479
   -0.390296
   -0.049103
   -0.373302
   -0.399400
   -0.378308
   -0.448138
   -0.255553
   -0.123779
   -0.232403
   -0.173591
   -0.444057
   -0.414537
   -0.399101
   -0.440147
   -0.398498
   -0.357460
   -0.397036
   -0.044935
   -0.347414
   -0.403631
   -0.381408
   -0.441282
   -0.379674
   -0.135260
   -0.194736
   -0.093106
   -0.409920
   -0.439417
   -0.391305
   -0.448690
   -0.408294
   -0.351725
   -0.390354
   -0.056867
   -0.303161
   -0.403294
   -0.402316
   -0.461305
   -0.389461
   -0.308806
   -0.130212
   -0.045736
   -0.351723
   -0.390403
   -0.399441
   -0.462800
   -0.411128
   -0.363026
   -0.381359
   -0.088358
   -0.271433
   -0.414338
   -0.415243
   -0.469120
   -0.414939
   -0.392178
   -0.231979
   -0.006724
   -0.338037
   -0.380091
   -0.405809
   -0.461835
   -0.408299
   -0.372187
   -0.372919
   -0.142773
   -0.249849
   -0.398425
   -0.415722
   -0.468465
   -0.461499
   -0.377072
   -0.359612
   -0.124706
   -0.231964
   -0.274563
   -0.402945
   -0.465895
   -0.401725
   -0.393546
   -0.365159
   -0.182882
   -0.219053
   -0.387191
   -0.397082
   -0.478386
   -0.469672
   -0.386544
   -0.380296
   -0.303005
   -0.073497
   -0.133046
   -0.400538
   -0.468832
   -0.402202
   -0.411394
   -0.354018
   -0.195992
   -0.179037
   -0.395698
   -0.387865
   -0.438982
   -0.461498
   -0.399458
   -0.366765
   -0.324958
   -0.005197
   -0.084352
   -0.392997
   -0.446095
   -0.398466
   -0.374949
   -0.382744
   -0.225918
   -0.187098
   -0.389183
   -0.390377
   -0.413621
   -0.489607
   -0.404789
   -0.339218
   -0.220252
   -0.036596
   -0.017787
   -0.388511
   -0.442307
   -0.398969
   -0.373042
   -0.388119
   -0.226631
   -0.175405
   -0.414145
   -0.419269
   -0.426120
   -0.475072
   -0.418270
   -0.210123
   -0.076736
   -0.056800
   -0.091436
   -0.390483
   -0.439348
   -0.398358
   -0.378131
   -0.389633
   -0.258447
   -0.153610
   -0.424962
   -0.418371
   -0.387570
   -0.477492
   -0.311688
   -0.063092
   -0.099261
   -0.121526
   -0.086805
   -0.398495
   -0.437729
   -0.388150
   -0.370394
   -0.391462
   -0.281123
   -0.152438
   -0.438573
   -0.391705
   -0.367222
   -0.383346
   -0.078469
   -0.038656
   -0.070856
   -0.156601
   -0.049782
   -0.403797
   -0.449447
   -0.390896
   -0.364039
   -0.382833
   -0.304556
   -0.152292
   -0.444020
   -0.436217
   -0.380293
   -0.127816
   -0.033982
    0.014658
   -0.049198
   -0.165221
   -0.072399
   -0.470159
   -0.428444
   -0.455785
   -0.063717
   -0.311044
   -0.385745
   -0.141013
   -0.395604
   -0.383402
   -0.354742
   -0.094482
   -0.363137
   -0.362270
   -0.256064
   -0.386003
   -0.406327
   -0.471947
   -0.394904
   -0.443635
   -0.072410
   -0.342501
   -0.374474
   -0.310109
   -0.195693
   -0.391658
   -0.408910
   -0.083103
   -0.428472
   -0.391944
   -0.321048
   -0.233624
   -0.354140
   -0.470384
   -0.429376
   -0.442677
   -0.121413
   -0.319913
   -0.353286
   -0.413125
   -0.212340
   -0.311074
   -0.404400
   -0.099078
   -0.388675
   -0.414324
   -0.412017
   -0.365699
   -0.224595
   -0.480776
   -0.390877
   -0.421568
   -0.108409
   -0.352357
   -0.384203
   -0.394143
   -0.426257
   -0.122774
   -0.343629
   -0.188147
   -0.257843
   -0.434335
   -0.399297
   -0.402784
   -0.216008
   -0.450738
   -0.391496
   -0.411843
   -0.090367
   -0.362556
   -0.408962
   -0.388923
   -0.481043
   -0.228285
   -0.201848
   -0.299638
   -0.175400
   -0.412994
   -0.434506
   -0.426749
   -0.419262
   -0.437541
   -0.393149
   -0.411753
   -0.083486
   -0.345905
   -0.416794
   -0.394784
   -0.472854
   -0.358606
   -0.114177
   -0.297411
   -0.087337
   -0.385485
   -0.436694
   -0.463058
   -0.431710
   -0.438681
   -0.384387
   -0.406595
   -0.080920
   -0.324820
   -0.429712
   -0.409173
   -0.445790
   -0.424296
   -0.226310
   -0.162971
   -0.044840
   -0.352195
   -0.389544
   -0.480536
   -0.429867
   -0.432398
   -0.382612
   -0.407716
   -0.091311
   -0.310707
   -0.450519
   -0.429497
   -0.444037
   -0.405959
   -0.368656
   -0.151055
   -0.022908
   -0.324168
   -0.420786
   -0.486656
   -0.470453
   -0.430253
   -0.376839
   -0.407223
   -0.118822
   -0.323722
   -0.424083
   -0.438852
   -0.474936
   -0.400399
   -0.370505
   -0.296135
   -0.030465
   -0.313107
   -0.431348
   -0.430569
   -0.461866
   -0.425731
   -0.382546
   -0.412861
   -0.129218
   -0.322831
   -0.397875
   -0.427107
   -0.483916
   -0.464112
   -0.359074
   -0.384257
   -0.163063
   -0.244308
   -0.425306
   -0.426954
   -0.444455
   -0.427330
   -0.399565
   -0.403359
   -0.139954
   -0.300499
   -0.393470
   -0.416717
   -0.463684
   -0.467233
   -0.367772
   -0.382704
   -0.338787
   -0.116833
   -0.360631
   -0.408249
   -0.416761
   -0.425041
   -0.386399
   -0.422519
   -0.134736
   -0.310182
   -0.431402
   -0.376477
   -0.445276
   -0.466617
   -0.396807
   -0.416665
   -0.397877
   -0.086514
   -0.187993
   -0.413175
   -0.257746
   -0.418743
   -0.377953
   -0.418000
   -0.128619
   -0.302726
   -0.416159
   -0.374917
   -0.409881
   -0.487399
   -0.402007
   -0.419086
   -0.422547
   -0.137704
   -0.093622
   -0.271396
   -0.200529
   -0.412962
   -0.379647
   -0.418894
   -0.136271
   -0.308929
   -0.412752
   -0.368706
   -0.404835
   -0.473744
   -0.440159
   -0.438458
   -0.407139
   -0.213774
   -0.080238
   -0.102419
   -0.099948
   -0.417722
   -0.383621
   -0.418103
   -0.123795
   -0.295346
   -0.409784
   -0.381993
   -0.416199
   -0.495943
   -0.471302
   -0.408297
   -0.396626
   -0.235213
   -0.090703
   -0.029184
   -0.095159
   -0.418184
   -0.386459
   -0.420092
   -0.133822
   -0.273924
   -0.408266
   -0.388364
   -0.406017
   -0.539337
   -0.482895
   -0.403736
   -0.381222
   -0.116223
   -0.044789
   -0.055844
    0.019853
   -0.425798
   -0.270318
   -0.141940
   -0.361838
   -0.119459
   -0.435788
   -0.405084
   -0.433408
   -0.096889
   -0.342128
   -0.277316
   -0.315182
   -0.424321
   -0.395391
   -0.444742
   -0.436611
   -0.404477
   -0.269973
   -0.202538
   -0.383314
   -0.295948
   -0.260017
   -0.383823
   -0.441335
   -0.092823
   -0.371154
   -0.411973
   -0.301643
   -0.335107
   -0.401174
   -0.400022
   -0.411876
   -0.398101
   -0.256819
   -0.243917
   -0.379609
   -0.396568
   -0.215533
   -0.321340
   -0.401269
   -0.199827
   -0.330752
   -0.375061
   -0.411792
   -0.267959
   -0.357104
   -0.391337
   -0.389511
   -0.436955
   -0.166299
   -0.282592
   -0.411049
   -0.378469
   -0.399912
   -0.134363
   -0.386842
   -0.276208
   -0.200705
   -0.445329
   -0.401869
   -0.431036
   -0.181735
   -0.344173
   -0.378855
   -0.405582
   -0.149684
   -0.324882
   -0.384844
   -0.399828
   -0.461265
   -0.183568
   -0.305728
   -0.314268
   -0.119923
   -0.431706
   -0.436256
   -0.430960
   -0.360736
   -0.121902
   -0.369873
   -0.400490
   -0.115719
   -0.329976
   -0.424018
   -0.399831
   -0.478190
   -0.298082
   -0.139447
   -0.375315
   -0.046975
   -0.436462
   -0.417784
   -0.387777
   -0.443369
   -0.226000
   -0.158552
   -0.421862
   -0.092078
   -0.321581
   -0.463545
   -0.404879
   -0.472807
   -0.403009
   -0.127575
   -0.287474
   -0.056553
   -0.380265
   -0.409514
   -0.427183
   -0.427250
   -0.420002
   -0.196939
   -0.421708
   -0.093327
   -0.333324
   -0.425350
   -0.428267
   -0.508906
   -0.413503
   -0.276493
   -0.154206
   -0.080679
   -0.335060
   -0.407850
   -0.447890
   -0.474125
   -0.392435
   -0.388928
   -0.411939
   -0.073874
   -0.367907
   -0.404274
   -0.441769
   -0.495541
   -0.414881
   -0.379818
   -0.168606
   -0.046455
   -0.311163
   -0.388345
   -0.426789
   -0.470897
   -0.388309
   -0.426036
   -0.408438
   -0.045208
   -0.379102
   -0.405992
   -0.437878
   -0.472289
   -0.432503
   -0.404114
   -0.317829
   -0.033779
   -0.263981
   -0.384802
   -0.418163
   -0.441254
   -0.457361
   -0.430020
   -0.406920
   -0.043484
   -0.367105
   -0.387848
   -0.437897
   -0.485558
   -0.432772
   -0.394523
   -0.419332
   -0.145513
   -0.237064
   -0.375850
   -0.406033
   -0.457265
   -0.476444
   -0.428259
   -0.390497
   -0.048955
   -0.393914
   -0.407094
   -0.428259
   -0.474324
   -0.448072
   -0.376808
   -0.418532
   -0.324215
   -0.092835
   -0.376671
   -0.380697
   -0.439551
   -0.511351
   -0.442513
   -0.390106
   -0.052540
   -0.394706
   -0.407573
   -0.417256
   -0.476238
   -0.473145
   -0.393983
   -0.398451
   -0.369883
    0.010811
   -0.225117
   -0.403979
   -0.426226
   -0.466827
   -0.434297
   -0.384483
   -0.064409
   -0.401557
   -0.409749
   -0.409868
   -0.460330
   -0.497701
   -0.416386
   -0.355709
   -0.416508
   -0.016268
   -0.068883
   -0.391184
   -0.423836
   -0.422137
   -0.441762
   -0.373502
   -0.079205
   -0.409270
   -0.406431
   -0.407011
   -0.453342
   -0.502452
   -0.394765
   -0.375460
   -0.400714
   -0.131315
   -0.155116
   -0.259829
   -0.420514
   -0.403859
   -0.255676
   -0.360150
   -0.086222
   -0.412754
   -0.409991
   -0.411910
   -0.446361
   -0.489900
   -0.398197
   -0.369068
   -0.384400
   -0.253681
   -0.299178
   -0.177960
   -0.384799
   -0.272625
   -0.058507
    0.002620
   -0.396336
   -0.071646
   -0.424557
   -0.417207
   -0.413705
   -0.170616
   -0.294244
   -0.157743
   -0.268450
   -0.440271
   -0.411633
   -0.433671
   -0.423495
   -0.415790
   -0.422787
   -0.069067
   -0.374367
   -0.226802
   -0.273222
   -0.400280
   -0.390698
   -0.236921
   -0.276117
   -0.331967
   -0.184073
   -0.399462
   -0.385655
   -0.409767
   -0.452905
   -0.437753
   -0.427417
   -0.129913
   -0.359273
   -0.362376
   -0.166884
   -0.373358
   -0.392372
   -0.311732
   -0.259030
   -0.348838
   -0.363858
   -0.231953
   -0.380363
   -0.385073
   -0.401223
   -0.407284
   -0.420246
   -0.177539
   -0.375605
   -0.360125
   -0.329721
   -0.204202
   -0.366675
   -0.298809
   -0.201514
   -0.425279
   -0.396076
   -0.325508
   -0.281721
   -0.377178
   -0.401626
   -0.406982
   -0.424083
   -0.241218
   -0.369411
   -0.365619
   -0.447053
   -0.137120
   -0.316892
   -0.347026
   -0.131925
   -0.393844
   -0.422328
   -0.410628
   -0.277588
   -0.267029
   -0.383520
   -0.372495
   -0.395228
   -0.300089
   -0.377375
   -0.386035
   -0.478022
   -0.234412
   -0.196217
   -0.388039
   -0.037661
   -0.419945
   -0.402488
   -0.428240
   -0.423451
   -0.156025
   -0.292290
   -0.381707
   -0.374108
   -0.325194
   -0.420645
   -0.395587
   -0.471700
   -0.358892
   -0.099524
   -0.347992
   -0.035246
   -0.389197
   -0.431502
   -0.432073
   -0.445760
   -0.315126
   -0.145048
   -0.328908
   -0.395779
   -0.351610
   -0.433408
   -0.409284
   -0.478132
   -0.426685
   -0.178446
   -0.214946
   -0.081492
   -0.367516
   -0.411247
   -0.462153
   -0.469972
   -0.380332
   -0.261479
   -0.158861
   -0.378434
   -0.381487
   -0.412947
   -0.432648
   -0.493535
   -0.416585
   -0.311276
   -0.130921
   -0.111559
   -0.330313
   -0.400527
   -0.445820
   -0.475978
   -0.375568
   -0.381302
   -0.207751
   -0.236293
   -0.404467
   -0.407148
   -0.446538
   -0.484499
   -0.412690
   -0.377042
   -0.200875
   -0.062175
   -0.296857
   -0.397290
   -0.428005
   -0.444637
   -0.411012
   -0.394610
   -0.360071
   -0.180911
   -0.391656
   -0.404478
   -0.461170
   -0.486839
   -0.409623
   -0.397201
   -0.305221
   -0.057801
   -0.285528
   -0.410915
   -0.421062
   -0.422994
   -0.439449
   -0.395060
   -0.414760
   -0.300614
   -0.378673
   -0.396104
   -0.418388
   -0.491026
   -0.423405
   -0.378408
   -0.353878
   -0.163682
   -0.272107
   -0.393609
   -0.405118
   -0.434867
   -0.449519
   -0.429412
   -0.376737
   -0.415699
   -0.378040
   -0.394835
   -0.413030
   -0.482847
   -0.414322
   -0.420748
   -0.409106
   -0.264024
   -0.097421
   -0.382704
   -0.369713
   -0.393083
   -0.467363
   -0.440792
   -0.402382
   -0.423804
   -0.410356
   -0.401163
   -0.403740
   -0.492772
   -0.411137
   -0.391882
   -0.427263
   -0.350772
    0.028463
   -0.306702
   -0.347974
   -0.378569
   -0.473420
   -0.487663
   -0.440622
   -0.426039
   -0.401702
   -0.385305
   -0.408148
   -0.502000
   -0.448801
   -0.394387
   -0.383439
   -0.349233
    0.018909
   -0.173259
   -0.359719
   -0.384273
   -0.413228
   -0.481422
   -0.469687
   -0.424871
   -0.391868
   -0.382080
   -0.407883
   -0.499795
   -0.489744
   -0.405922
   -0.373077
   -0.367858
   -0.057963
   -0.110660
   -0.303227
   -0.395173
   -0.435258
   -0.458618
   -0.452740
   -0.467790
   -0.073937
   -0.355572
   -0.433233
   -0.419030
   -0.405134
   -0.080666
   -0.182487
   -0.236800
   -0.417521
   -0.406756
   -0.437682
   -0.425006
   -0.410883
   -0.418297
   -0.413576
   -0.395001
   -0.281955
   -0.192815
   -0.431050
   -0.390464
   -0.383872
   -0.088184
   -0.406395
   -0.141196
   -0.359319
   -0.367362
   -0.414572
   -0.456071
   -0.430092
   -0.437445
   -0.424757
   -0.407224
   -0.397154
   -0.133011
   -0.394746
   -0.363875
   -0.417006
   -0.111631
   -0.390454
   -0.319846
   -0.168248
   -0.363861
   -0.396345
   -0.405531
   -0.437976
   -0.423368
   -0.434968
   -0.425282
   -0.359631
   -0.310331
   -0.232327
   -0.346215
   -0.420857
   -0.059869
   -0.442770
   -0.393329
   -0.277397
   -0.299288
   -0.371990
   -0.410846
   -0.405329
   -0.426775
   -0.421068
   -0.419488
   -0.357539
   -0.432049
   -0.111815
   -0.351295
   -0.384533
   -0.083218
   -0.414181
   -0.388886
   -0.405029
   -0.250136
   -0.322125
   -0.383339
   -0.368670
   -0.397200
   -0.446077
   -0.409339
   -0.360535
   -0.467636
   -0.192133
   -0.231074
   -0.397347
   -0.044650
   -0.436058
   -0.368831
   -0.407972
   -0.407929
   -0.162928
   -0.366362
   -0.377871
   -0.364246
   -0.454367
   -0.446284
   -0.357876
   -0.466141
   -0.353019
   -0.088122
   -0.415620
   -0.014479
   -0.401755
   -0.426090
   -0.407409
   -0.444673
   -0.271176
   -0.207050
   -0.364871
   -0.371218
   -0.426400
   -0.446132
   -0.393950
   -0.480032
   -0.430608
   -0.133051
   -0.296719
   -0.055275
   -0.376003
   -0.426644
   -0.436310
   -0.467919
   -0.377135
   -0.208488
   -0.273470
   -0.362452
   -0.408818
   -0.409433
   -0.429240
   -0.505195
   -0.400609
   -0.267800
   -0.145571
   -0.120075
   -0.344996
   -0.403736
   -0.466658
   -0.453927
   -0.408443
   -0.336054
   -0.163602
   -0.353983
   -0.382303
   -0.359455
   -0.451530
   -0.513630
   -0.396746
   -0.361415
   -0.148628
   -0.071117
   -0.326286
   -0.388966
   -0.422855
   -0.466483
   -0.408040
   -0.409849
   -0.252747
   -0.243018
   -0.350591
   -0.351626
   -0.467457
   -0.525305
   -0.421021
   -0.391630
   -0.234199
   -0.033061
   -0.320164
   -0.387316
   -0.412681
   -0.441507
   -0.423785
   -0.394321
   -0.407212
   -0.158716
   -0.272446
   -0.387567
   -0.454492
   -0.501082
   -0.394888
   -0.393911
   -0.332406
   -0.068255
   -0.365606
   -0.382362
   -0.408672
   -0.454993
   -0.460574
   -0.395090
   -0.408586
   -0.295372
   -0.120561
   -0.379862
   -0.443358
   -0.504426
   -0.411203
   -0.379698
   -0.387961
   -0.116390
   -0.244266
   -0.400795
   -0.384057
   -0.445773
   -0.498234
   -0.431606
   -0.394980
   -0.389909
   -0.178576
   -0.242217
   -0.430722
   -0.495752
   -0.413678
   -0.369833
   -0.407185
   -0.187099
   -0.077350
   -0.404488
   -0.385647
   -0.413076
   -0.512308
   -0.457870
   -0.384630
   -0.421431
   -0.369271
   -0.190710
   -0.425173
   -0.492594
   -0.394032
   -0.361965
   -0.415889
   -0.248244
    0.038465
   -0.342692
   -0.389408
   -0.393834
   -0.498059
   -0.437655
   -0.416750
   -0.394102
   -0.429166
   -0.337230
   -0.426148
   -0.504251
   -0.389623
   -0.351446
   -0.401540
   -0.275708
   -0.009314
   -0.218717
   -0.402861
   -0.396815
   -0.437668
   -0.441638
   -0.430127
   -0.376219
   -0.401973
   -0.454520
   -0.481009
   -0.428242
   -0.468168
   -0.011798
   -0.210147
   -0.178233
   -0.425452
   -0.411140
   -0.447549
   -0.433176
   -0.395719
   -0.414486
   -0.414710
   -0.400342
   -0.410303
   -0.414867
   -0.482107
   -0.388310
   -0.457831
   -0.034271
   -0.368586
   -0.131388
   -0.366506
   -0.389502
   -0.422701
   -0.462436
   -0.411211
   -0.435164
   -0.422698
   -0.398893
   -0.402087
   -0.419627
   -0.440153
   -0.366998
   -0.450171
   -0.038624
   -0.365238
   -0.310911
   -0.151095
   -0.383785
   -0.398512
   -0.431245
   -0.442429
   -0.428634
   -0.436700
   -0.416514
   -0.415295
   -0.424491
   -0.321886
   -0.368718
   -0.467829
   -0.084005
   -0.424974
   -0.360674
   -0.213584
   -0.277862
   -0.386248
   -0.393762
   -0.406587
   -0.453404
   -0.438695
   -0.433230
   -0.412265
   -0.402961
   -0.175318
   -0.372107
   -0.413870
   -0.087471
   -0.437748
   -0.392173
   -0.346860
   -0.236583
   -0.395069
   -0.379842
   -0.397986
   -0.405801
   -0.430661
   -0.416542
   -0.422119
   -0.405818
   -0.160104
   -0.310682
   -0.379582
   -0.072606
   -0.426963
   -0.373408
   -0.423033
   -0.336989
   -0.264599
   -0.402680
   -0.367781
   -0.370127
   -0.432220
   -0.420318
   -0.424468
   -0.415056
   -0.285574
   -0.160224
   -0.407891
   -0.046894
   -0.418693
   -0.396689
   -0.415307
   -0.457656
   -0.224154
   -0.336512
   -0.374056
   -0.360111
   -0.421757
   -0.433920
   -0.435304
   -0.415513
   -0.407697
   -0.106047
   -0.380040
   -0.062731
   -0.387763
   -0.440376
   -0.417387
   -0.468152
   -0.344651
   -0.233601
   -0.347010
   -0.356560
   -0.419796
   -0.406420
   -0.456893
   -0.415495
   -0.426017
   -0.184592
   -0.243145
   -0.105738
   -0.364102
   -0.430799
   -0.446886
   -0.450332
   -0.419245
   -0.268721
   -0.228968
   -0.367153
   -0.385378
   -0.403749
   -0.433799
   -0.431691
   -0.396946
   -0.291016
   -0.130089
   -0.096445
   -0.345209
   -0.398674
   -0.469764
   -0.454936
   -0.409705
   -0.362639
   -0.160001
   -0.303406
   -0.378775
   -0.387067
   -0.385276
   -0.425813
   -0.397737
   -0.378449
   -0.131382
   -0.046246
   -0.335068
   -0.379592
   -0.463923
   -0.465589
   -0.402131
   -0.388806
   -0.252135
   -0.182082
   -0.387895
   -0.361474
   -0.385561
   -0.357230
   -0.399980
   -0.375382
   -0.222291
   -0.027387
   -0.365142
   -0.413820
   -0.444366
   -0.468432
   -0.402397
   -0.377525
   -0.384537
   -0.156307
   -0.303082
   -0.368096
   -0.387005
   -0.404890
   -0.403529
   -0.385898
   -0.344095
   -0.048886
   -0.374864
   -0.388570
   -0.399659
   -0.430619
   -0.449840
   -0.402686
   -0.403365
   -0.304208
   -0.155579
   -0.396940
   -0.362094
   -0.389919
   -0.403541
   -0.389209
   -0.412362
   -0.060352
   -0.339479
   -0.383762
   -0.365425
   -0.432703
   -0.491528
   -0.426201
   -0.399296
   -0.410903
   -0.174593
   -0.269057
   -0.363372
   -0.372239
   -0.416471
   -0.390504
   -0.399534
   -0.037454
   -0.212205
   -0.397486
   -0.370624
   -0.425597
   -0.503489
   -0.440105
   -0.413470
   -0.392334
   -0.354375
   -0.175569
   -0.334308
   -0.396602
   -0.429999
   -0.392515
   -0.392780
   -0.042650
   -0.085944
   -0.390100
   -0.379810
   -0.403283
   -0.495626
   -0.453585
   -0.422287
   -0.413463
   -0.404311
   -0.278361
   -0.242375
   -0.381881
   -0.461774
   -0.156181
   -0.190724
   -0.105447
   -0.367875
   -0.433943
   -0.438742
   -0.438902
   -0.400528
   -0.413112
   -0.410945
   -0.400156
   -0.412342
   -0.416184
   -0.410000
   -0.428092
   -0.429415
   -0.200820
   -0.288474
   -0.155683
   -0.276939
   -0.401532
   -0.404663
   -0.464872
   -0.413680
   -0.426409
   -0.416576
   -0.392008
   -0.402734
   -0.414645
   -0.402860
   -0.425872
   -0.429309
   -0.191595
   -0.302731
   -0.310982
   -0.099542
   -0.416153
   -0.354899
   -0.424629
   -0.441217
   -0.418564
   -0.421080
   -0.407493
   -0.400371
   -0.415891
   -0.406006
   -0.416349
   -0.436698
   -0.166765
   -0.369974
   -0.358728
   -0.208026
   -0.306520
   -0.376074
   -0.421759
   -0.404017
   -0.417575
   -0.427316
   -0.443580
   -0.392801
   -0.411056
   -0.412028
   -0.404892
   -0.419344
   -0.143331
   -0.409214
   -0.379531
   -0.380176
   -0.180965
   -0.404715
   -0.383577
   -0.424059
   -0.410037
   -0.419794
   -0.405398
   -0.409673
   -0.407571
   -0.398256
   -0.409625
   -0.398805
   -0.121772
   -0.426286
   -0.381746
   -0.420916
   -0.272860
   -0.274030
   -0.416008
   -0.383266
   -0.423041
   -0.415022
   -0.396069
   -0.412224
   -0.419793
   -0.395754
   -0.395395
   -0.424375
   -0.108638
   -0.424287
   -0.416764
   -0.367309
   -0.443780
   -0.190607
   -0.376215
   -0.360069
   -0.420902
   -0.417411
   -0.435518
   -0.424847
   -0.415163
   -0.402034
   -0.397393
   -0.407650
   -0.117783
   -0.406432
   -0.431972
   -0.394372
   -0.464679
   -0.293490
   -0.243617
   -0.390921
   -0.395977
   -0.425010
   -0.437733
   -0.442170
   -0.414298
   -0.404362
   -0.405503
   -0.331692
   -0.096261
   -0.397561
   -0.427395
   -0.460900
   -0.419303
   -0.385171
   -0.223994
   -0.335039
   -0.394794
   -0.397061
   -0.417592
   -0.443586
   -0.427351
   -0.419411
   -0.422259
   -0.217974
   -0.057260
   -0.386700
   -0.424747
   -0.472464
   -0.438799
   -0.392774
   -0.326197
   -0.227184
   -0.356350
   -0.385213
   -0.379989
   -0.416342
   -0.451898
   -0.426433
   -0.420258
   -0.134350
   -0.016206
   -0.365087
   -0.420962
   -0.451505
   -0.464363
   -0.384845
   -0.410734
   -0.221015
   -0.268386
   -0.387655
   -0.361620
   -0.424317
   -0.430809
   -0.430231
   -0.407470
   -0.106474
   -0.035939
   -0.383565
   -0.382209
   -0.439404
   -0.441124
   -0.390672
   -0.400082
   -0.308633
   -0.155778
   -0.359197
   -0.390724
   -0.404480
   -0.400320
   -0.448097
   -0.381801
   -0.165359
   -0.054820
   -0.385553
   -0.381083
   -0.416156
   -0.460466
   -0.431135
   -0.390082
   -0.387198
   -0.164382
   -0.288974
   -0.393296
   -0.374868
   -0.417693
   -0.433637
   -0.441969
   -0.269422
   -0.091182
   -0.382459
   -0.386720
   -0.391052
   -0.462474
   -0.464778
   -0.391807
   -0.381570
   -0.321160
   -0.173578
   -0.371401
   -0.391423
   -0.397760
   -0.405254
   -0.462561
   -0.352741
   -0.055978
   -0.351558
   -0.379193
   -0.390023
   -0.452869
   -0.483981
   -0.413316
   -0.381229
   -0.413313
   -0.175002
   -0.286332
   -0.375403
   -0.366083
   -0.389209
   -0.423815
   -0.358879
    0.012249
   -0.298490
   -0.396265
   -0.390907
   -0.439161
   -0.485379
   -0.436825
   -0.385079
   -0.401938
   -0.314981
   -0.190102
   -0.339851
   -0.378779
   -0.382584
   -0.385706
   -0.057082
   -0.166828
   -0.343039
   -0.446291
   -0.440674
   -0.444487
   -0.432699
   -0.416426
   -0.411649
   -0.403141
   -0.421029
   -0.420532
   -0.415361
   -0.432877
   -0.417981
   -0.414576
   -0.099552
   -0.252727
   -0.218935
   -0.409479
   -0.400068
   -0.448451
   -0.412967
   -0.427015
   -0.418289
   -0.392143
   -0.413169
   -0.416700
   -0.408209
   -0.432522
   -0.424557
   -0.403637
   -0.125918
   -0.353798
   -0.095605
   -0.412380
   -0.419039
   -0.438886
   -0.453144
   -0.419978
   -0.424892
   -0.405458
   -0.403623
   -0.418045
   -0.409758
   -0.421397
   -0.424141
   -0.412902
   -0.184558
   -0.373661
   -0.190685
   -0.245154
   -0.395460
   -0.431236
   -0.463135
   -0.444751
   -0.429523
   -0.446212
   -0.406219
   -0.425430
   -0.398649
   -0.398915
   -0.412355
   -0.422622
   -0.293575
   -0.349661
   -0.359671
   -0.155540
   -0.388083
   -0.386180
   -0.446265
   -0.423061
   -0.416280
   -0.411471
   -0.417685
   -0.410353
   -0.402862
   -0.406581
   -0.418412
   -0.415054
   -0.360667
   -0.363369
   -0.429930
   -0.260187
   -0.285810
   -0.403196
   -0.397322
   -0.422541
   -0.404295
   -0.410825
   -0.422758
   -0.429544
   -0.408427
   -0.413906
   -0.411560
   -0.417103
   -0.375535
   -0.415342
   -0.396415
   -0.427933
   -0.191003
   -0.381399
   -0.375866
   -0.399133
   -0.423291
   -0.436053
   -0.428708
   -0.427573
   -0.419937
   -0.411869
   -0.399466
   -0.423227
   -0.379837
   -0.409807
   -0.392116
   -0.445733
   -0.244839
   -0.247180
   -0.400947
   -0.378152
   -0.432008
   -0.448838
   -0.439721
   -0.425057
   -0.419493
   -0.418916
   -0.391284
   -0.422606
   -0.400501
   -0.411353
   -0.430111
   -0.411812
   -0.368570
   -0.173806
   -0.384001
   -0.390961
   -0.414528
   -0.435641
   -0.439147
   -0.430661
   -0.428997
   -0.420135
   -0.406018
   -0.407809
   -0.398874
   -0.452474
   -0.446485
   -0.437071
   -0.431480
   -0.248760
   -0.288105
   -0.383867
   -0.409491
   -0.394447
   -0.424711
   -0.438380
   -0.421147
   -0.417056
   -0.421733
   -0.405496
   -0.380764
   -0.402583
   -0.447849
   -0.462470
   -0.397887
   -0.360004
   -0.249046
   -0.304297
   -0.401273
   -0.372775
   -0.440522
   -0.416816
   -0.402063
   -0.410102
   -0.427796
   -0.416975
   -0.355498
   -0.405943
   -0.442735
   -0.447242
   -0.425578
   -0.387564
   -0.222072
   -0.317882
   -0.388218
   -0.397924
   -0.417129
   -0.457636
   -0.419206
   -0.413513
   -0.436388
   -0.417026
   -0.365047
   -0.377283
   -0.423991
   -0.432195
   -0.380743
   -0.433535
   -0.344288
   -0.214034
   -0.367174
   -0.377941
   -0.415841
   -0.429368
   -0.428059
   -0.417056
   -0.440170
   -0.408396
   -0.382149
   -0.357079
   -0.404769
   -0.448250
   -0.396924
   -0.397474
   -0.435101
   -0.173766
   -0.324503
   -0.392237
   -0.391987
   -0.430585
   -0.434630
   -0.432669
   -0.423449
   -0.396755
   -0.358785
   -0.361590
   -0.400792
   -0.489783
   -0.445471
   -0.388317
   -0.419283
   -0.288985
   -0.237798
   -0.399191
   -0.386361
   -0.423608
   -0.415668
   -0.441849
   -0.413624
   -0.398951
   -0.271452
   -0.340034
   -0.389618
   -0.496802
   -0.482877
   -0.410922
   -0.403073
   -0.417648
   -0.185643
   -0.325069
   -0.389495
   -0.392265
   -0.415366
   -0.428099
   -0.412522
   -0.409705
   -0.300405
   -0.427549
   -0.460457
   -0.453387
   -0.426248
   -0.406074
   -0.424400
   -0.401087
   -0.417125
   -0.419119
   -0.415380
   -0.433548
   -0.417904
   -0.410273
   -0.423259
   -0.433604
   -0.218290
   -0.412106
   -0.412924
   -0.439153
   -0.423951
   -0.408493
   -0.416421
   -0.391053
   -0.409500
   -0.416407
   -0.407841
   -0.434599
   -0.422295
   -0.404681
   -0.425877
   -0.427162
   -0.099613
   -0.398549
   -0.385398
   -0.429715
   -0.483887
   -0.406736
   -0.420921
   -0.402796
   -0.398710
   -0.418263
   -0.406879
   -0.422033
   -0.425027
   -0.406792
   -0.422729
   -0.428352
   -0.188004
   -0.262220
   -0.376518
   -0.406254
   -0.441842
   -0.416489
   -0.447563
   -0.427695
   -0.403185
   -0.423581
   -0.404167
   -0.405627
   -0.414638
   -0.417613
   -0.409620
   -0.443271
   -0.330239
   -0.140072
   -0.368611
   -0.392227
   -0.413806
   -0.437310
   -0.426666
   -0.427175
   -0.408388
   -0.413556
   -0.400412
   -0.404262
   -0.412363
   -0.413224
   -0.418517
   -0.427412
   -0.421812
   -0.190836
   -0.295190
   -0.391243
   -0.402170
   -0.411644
   -0.410028
   -0.405607
   -0.415696
   -0.417428
   -0.406222
   -0.413654
   -0.414102
   -0.413662
   -0.417901
   -0.427717
   -0.393969
   -0.358350
   -0.197343
   -0.379320
   -0.397135
   -0.382712
   -0.415917
   -0.417800
   -0.422656
   -0.422168
   -0.413755
   -0.407708
   -0.407709
   -0.417682
   -0.413531
   -0.426961
   -0.391623
   -0.436547
   -0.176318
   -0.294173
   -0.393588
   -0.394211
   -0.415028
   -0.440308
   -0.426081
   -0.419384
   -0.416513
   -0.411951
   -0.397652
   -0.422402
   -0.415891
   -0.419192
   -0.422890
   -0.441605
   -0.261489
   -0.172320
   -0.403893
   -0.404937
   -0.421707
   -0.443252
   -0.429268
   -0.422329
   -0.421149
   -0.415808
   -0.399269
   -0.415383
   -0.413413
   -0.402794
   -0.433224
   -0.431237
   -0.356704
   -0.145778
   -0.359868
   -0.405790
   -0.421636
   -0.412450
   -0.428142
   -0.428263
   -0.422644
   -0.419211
   -0.408339
   -0.403184
   -0.410108
   -0.398368
   -0.490443
   -0.453914
   -0.392196
   -0.232489
   -0.272375
   -0.384666
   -0.418338
   -0.376147
   -0.431390
   -0.423779
   -0.412368
   -0.410015
   -0.413036
   -0.402063
   -0.408025
   -0.408528
   -0.488945
   -0.424096
   -0.371800
   -0.335306
   -0.218821
   -0.355525
   -0.396261
   -0.411565
   -0.422470
   -0.436209
   -0.424650
   -0.414695
   -0.405099
   -0.419978
   -0.405858
   -0.407997
   -0.482433
   -0.479217
   -0.380854
   -0.362469
   -0.249313
   -0.335477
   -0.377312
   -0.388146
   -0.401832
   -0.423630
   -0.436349
   -0.419411
   -0.409173
   -0.420435
   -0.405503
   -0.403523
   -0.486869
   -0.494950
   -0.403862
   -0.380227
   -0.339500
   -0.248730
   -0.397764
   -0.377135
   -0.402392
   -0.411952
   -0.454946
   -0.429651
   -0.408166
   -0.416656
   -0.413371
   -0.404227
   -0.465312
   -0.481307
   -0.391481
   -0.393667
   -0.408768
   -0.198857
   -0.358196
   -0.385626
   -0.400619
   -0.406067
   -0.465660
   -0.439393
   -0.411975
   -0.421033
   -0.411375
   -0.407720
   -0.447595
   -0.446957
   -0.352697
   -0.376335
   -0.406112
   -0.281634
   -0.228096
   -0.383883
   -0.398659
   -0.401731
   -0.427737
   -0.439002
   -0.413355
   -0.413087
   -0.408303
   -0.412981
   -0.444543
   -0.432458
   -0.427997
   -0.385086
   -0.400822
   -0.381883
   -0.398809
   -0.405091
   -0.403615
   -0.418936
   -0.401526
   -0.402064
   -0.407903
   -0.415968
   -0.420783
   -0.413877
   -0.437299
   -0.409548
   -0.417424
   -0.387543
   -0.401989
   -0.377601
   -0.394123
   -0.397027
   -0.394989
   -0.419182
   -0.401647
   -0.398922
   -0.408641
   -0.418125
   -0.409494
   -0.442426
   -0.455369
   -0.414593
   -0.455377
   -0.388342
   -0.399322
   -0.381370
   -0.375760
   -0.397308
   -0.388607
   -0.417940
   -0.404995
   -0.397709
   -0.408069
   -0.411887
   -0.400148
   -0.434806
   -0.499447
   -0.401419
   -0.441876
   -0.410101
   -0.408096
   -0.384642
   -0.378778
   -0.398411
   -0.387946
   -0.395635
   -0.400973
   -0.404883
   -0.407201
   -0.421846
   -0.395107
   -0.415385
   -0.468321
   -0.413585
   -0.405620
   -0.427035
   -0.426243
   -0.409764
   -0.387524
   -0.400143
   -0.390191
   -0.391086
   -0.394552
   -0.404703
   -0.407004
   -0.420350
   -0.399815
   -0.424664
   -0.417076
   -0.459992
   -0.394121
   -0.414217
   -0.415628
   -0.385473
   -0.375194
   -0.396755
   -0.388723
   -0.390245
   -0.393575
   -0.396851
   -0.406766
   -0.406631
   -0.409943
   -0.408128
   -0.292517
   -0.463099
   -0.379242
   -0.387546
   -0.428899
   -0.404004
   -0.400938
   -0.404638
   -0.392864
   -0.393118
   -0.392560
   -0.397554
   -0.402928
   -0.407166
   -0.408156
   -0.400707
   -0.242133
   -0.420145
   -0.381747
   -0.375394
   -0.403065
   -0.416026
   -0.387484
   -0.404503
   -0.395640
   -0.392153
   -0.385617
   -0.401951
   -0.402261
   -0.404599
   -0.414352
   -0.393561
   -0.240711
   -0.294274
   -0.389383
   -0.389003
   -0.399161
   -0.448746
   -0.424220
   -0.404563
   -0.400893
   -0.395426
   -0.382440
   -0.400291
   -0.400660
   -0.402877
   -0.408876
   -0.396039
   -0.326556
   -0.161462
   -0.382875
   -0.369911
   -0.380604
   -0.417522
   -0.422272
   -0.406502
   -0.402358
   -0.400015
   -0.386439
   -0.393452
   -0.397928
   -0.398764
   -0.398642
   -0.397516
   -0.395538
   -0.200233
   -0.330259
   -0.356315
   -0.370898
   -0.391978
   -0.435924
   -0.410166
   -0.399262
   -0.395150
   -0.390071
   -0.388118
   -0.396491
   -0.399529
   -0.397195
   -0.401741
   -0.450677
   -0.261371
   -0.259599
   -0.389574
   -0.396428
   -0.386287
   -0.427225
   -0.412306
   -0.404679
   -0.402280
   -0.394021
   -0.382128
   -0.394650
   -0.398994
   -0.398156
   -0.398494
   -0.418008
   -0.403890
   -0.262359
   -0.377162
   -0.382226
   -0.385213
   -0.429053
   -0.417137
   -0.403067
   -0.395437
   -0.394800
   -0.390184
   -0.384644
   -0.394856
   -0.395703
   -0.406309
   -0.426930
   -0.459787
   -0.304303
   -0.326648
   -0.379513
   -0.390204
   -0.385878
   -0.417674
   -0.402873
   -0.394013
   -0.395458
   -0.393354
   -0.388663
   -0.392156
   -0.397028
   -0.403438
   -0.451100
   -0.458747
   -0.375206
   -0.266837
   -0.389167
   -0.370820
   -0.386772
   -0.397711
   -0.413524
   -0.398453
   -0.398525
   -0.395415
   -0.396909
   -0.389166
   -0.401134
   -0.399794
   -0.448866
   -0.460786
   -0.425275
   -0.138633
   -0.339159
   -0.369780
   -0.389286
   -0.379979
   -0.424724
   -0.413541
   -0.396650
   -0.401111
   -0.398039
   -0.393939
   -0.397897
   -0.394848
   -0.426205
   -0.400067
   -0.398142
   -0.391592
   -0.395831
   -0.408862
   -0.401680
   -0.418087
   -0.421447
   -0.415239
   -0.413974
   -0.412890
   -0.424975
   -0.439833
   -0.388702
   -0.376865
   -0.426957
   -0.399040
   -0.406300
   -0.392773
   -0.392592
   -0.403752
   -0.399097
   -0.416326
   -0.414136
   -0.409064
   -0.413164
   -0.414656
   -0.416821
   -0.445585
   -0.402095
   -0.378813
   -0.408995
   -0.417419
   -0.431720
   -0.396308
   -0.375364
   -0.402572
   -0.399378
   -0.407164
   -0.418086
   -0.406892
   -0.416527
   -0.416151
   -0.409741
   -0.443010
   -0.415015
   -0.387119
   -0.401478
   -0.478749
   -0.462219
   -0.408697
   -0.398892
   -0.380822
   -0.395960
   -0.396687
   -0.406519
   -0.405964
   -0.416917
   -0.424685
   -0.414446
   -0.427493
   -0.432524
   -0.403939
   -0.354090
   -0.481420
   -0.473806
   -0.428746
   -0.413958
   -0.395592
   -0.387969
   -0.395407
   -0.401669
   -0.408506
   -0.416235
   -0.416103
   -0.415308
   -0.432178
   -0.433349
   -0.399093
   -0.308560
   -0.478981
   -0.504795
   -0.436689
   -0.397370
   -0.400480
   -0.396568
   -0.403876
   -0.405120
   -0.403886
   -0.410102
   -0.415121
   -0.413774
   -0.418010
   -0.433693
   -0.408925
   -0.361218
   -0.429604
   -0.475671
   -0.471861
   -0.418530
   -0.437495
   -0.392409
   -0.408054
   -0.403440
   -0.404086
   -0.411717
   -0.417436
   -0.413772
   -0.410864
   -0.434324
   -0.401911
   -0.317339
   -0.412877
   -0.489654
   -0.470826
   -0.407427
   -0.424741
   -0.399051
   -0.402417
   -0.402482
   -0.404093
   -0.411456
   -0.416486
   -0.416454
   -0.404727
   -0.428656
   -0.414965
   -0.178460
   -0.364823
   -0.483255
   -0.486476
   -0.403481
   -0.403164
   -0.397818
   -0.399486
   -0.399280
   -0.404079
   -0.408406
   -0.409918
   -0.414317
   -0.407196
   -0.416143
   -0.445193
   -0.283246
   -0.401505
   -0.440065
   -0.474579
   -0.436773
   -0.427537
   -0.401128
   -0.402153
   -0.398060
   -0.401143
   -0.404817
   -0.408776
   -0.412300
   -0.410961
   -0.407524
   -0.445358
   -0.072055
   -0.294450
   -0.432355
   -0.447898
   -0.438321
   -0.401700
   -0.402748
   -0.407920
   -0.396279
   -0.396606
   -0.405450
   -0.411539
   -0.411900
   -0.412807
   -0.408119
   -0.439731
   -0.110593
   -0.363541
   -0.440340
   -0.471943
   -0.445651
   -0.421827
   -0.410197
   -0.404991
   -0.404878
   -0.395855
   -0.402850
   -0.407730
   -0.410018
   -0.404717
   -0.413784
   -0.419729
   -0.023573
   -0.368823
   -0.450506
   -0.447881
   -0.434386
   -0.414776
   -0.432426
   -0.413712
   -0.408086
   -0.396458
   -0.398347
   -0.404992
   -0.406482
   -0.403827
   -0.409211
   -0.416858
    0.056928
   -0.288247
   -0.434776
   -0.463457
   -0.424854
   -0.434029
   -0.400083
   -0.418909
   -0.406451
   -0.398323
   -0.387576
   -0.396747
   -0.407172
   -0.404087
   -0.407102
   -0.411368
   -0.040564
   -0.299779
   -0.441400
   -0.433761
   -0.431579
   -0.429525
   -0.420331
   -0.405739
   -0.394784
   -0.397543
   -0.386017
   -0.393015
   -0.399850
   -0.403212
   -0.411757
   -0.411025
   -0.029971
   -0.207372
   -0.463227
   -0.430082
   -0.429848
   -0.402202
   -0.436886
   -0.402283
   -0.402146
   -0.397377
   -0.394783
   -0.395364
   -0.398334
   -0.405032
   -0.411744
   -0.412996
   -0.464508
   -0.467261
   -0.460503
   -0.467572
   -0.462801
   -0.460736
   -0.437309
   -0.460892
   -0.457585
   -0.472535
   -0.462983
   -0.488050
   -0.443604
   -0.433233
   -0.313651
   -0.244550
   -0.404852
   -0.471978
   -0.467819
   -0.482261
   -0.473601
   -0.470307
   -0.462496
   -0.466363
   -0.462845
   -0.455085
   -0.473885
   -0.490345
   -0.444314
   -0.415278
   -0.403220
   -0.158836
   -0.031636
   -0.373691
   -0.383064
   -0.447365
   -0.446114
   -0.459542
   -0.479609
   -0.466552
   -0.467995
   -0.434900
   -0.474134
   -0.491371
   -0.445718
   -0.417288
   -0.456705
   -0.183083
    0.157197
   -0.220197
   -0.396987
   -0.435876
   -0.442481
   -0.448357
   -0.478467
   -0.451462
   -0.454499
   -0.461079
   -0.461233
   -0.462394
   -0.464815
   -0.454814
   -0.448354
   -0.313877
    0.150421
   -0.175568
   -0.405210
   -0.429276
   -0.431464
   -0.470751
   -0.464642
   -0.451102
   -0.448811
   -0.455047
   -0.458707
   -0.461208
   -0.464831
   -0.459917
   -0.445965
   -0.362534
    0.169098
   -0.047678
   -0.378861
   -0.427637
   -0.457000
   -0.463764
   -0.461643
   -0.459379
   -0.453592
   -0.458610
   -0.459971
   -0.462580
   -0.465644
   -0.459125
   -0.441055
   -0.432268
    0.106637
    0.026749
   -0.382013
   -0.429056
   -0.451248
   -0.458343
   -0.447872
   -0.463956
   -0.459160
   -0.463843
   -0.461765
   -0.458457
   -0.467996
   -0.463847
   -0.440665
   -0.445508
    0.149625
   -0.024930
   -0.385806
   -0.461142
   -0.453041
   -0.469365
   -0.444924
   -0.471413
   -0.458554
   -0.465050
   -0.462402
   -0.458633
   -0.467934
   -0.465306
   -0.443755
   -0.449124
    0.091660
    0.048888
   -0.387668
   -0.433672
   -0.461815
   -0.461120
   -0.450806
   -0.455394
   -0.453325
   -0.463677
   -0.461206
   -0.458945
   -0.466808
   -0.465083
   -0.452083
   -0.437493
   -0.175667
   -0.277497
   -0.376474
   -0.419613
   -0.434354
   -0.446283
   -0.439400
   -0.459258
   -0.451939
   -0.461530
   -0.459966
   -0.459130
   -0.462159
   -0.459745
   -0.457457
   -0.428029
    0.022935
    0.026245
   -0.318679
   -0.440673
   -0.463051
   -0.457461
   -0.493404
   -0.453568
   -0.452918
   -0.458623
   -0.460026
   -0.458472
   -0.456523
   -0.458438
   -0.461898
   -0.428140
    0.099461
    0.081447
   -0.244660
   -0.401096
   -0.458491
   -0.473934
   -0.437992
   -0.447443
   -0.456638
   -0.455677
   -0.457202
   -0.459488
   -0.456334
   -0.461926
   -0.457788
   -0.442700
    0.098124
    0.072749
   -0.094098
   -0.393844
   -0.436756
   -0.467599
   -0.457335
   -0.453503
   -0.461141
   -0.461067
   -0.461775
   -0.458245
   -0.460352
   -0.458521
   -0.457687
   -0.446850
    0.057801
    0.123120
   -0.034563
   -0.412038
   -0.437718
   -0.435790
   -0.432189
   -0.449358
   -0.456098
   -0.460368
   -0.456476
   -0.457502
   -0.460297
   -0.460155
   -0.457138
   -0.441660
    0.058841
    0.023788
   -0.159361
   -0.429633
   -0.412137
   -0.452226
   -0.464919
   -0.452144
   -0.450094
   -0.454942
   -0.451464
   -0.453050
   -0.453468
   -0.456856
   -0.456868
   -0.434490
    0.104537
    0.060665
   -0.024464
   -0.432793
   -0.437688
   -0.481943
   -0.461250
   -0.456509
   -0.446524
   -0.447136
   -0.447619
   -0.451220
   -0.453308
   -0.454476
   -0.458429
   -0.453900
   -0.404350
   -0.421030
   -0.425182
   -0.424888
   -0.418025
   -0.414527
   -0.431088
   -0.414136
   -0.410470
   -0.425082
   -0.419784
   -0.427414
   -0.320805
   -0.180064
   -0.398533
   -0.421613
   -0.399273
   -0.420341
   -0.394339
   -0.425981
   -0.424801
   -0.420505
   -0.425930
   -0.418381
   -0.415475
   -0.432234
   -0.412497
   -0.406839
   -0.376173
   -0.127213
   -0.390053
   -0.395076
   -0.356737
   -0.239768
   -0.169351
   -0.378881
   -0.401971
   -0.415752
   -0.419223
   -0.424610
   -0.414822
   -0.430125
   -0.420696
   -0.414535
   -0.394137
   -0.107287
   -0.361120
   -0.405105
   -0.076800
    0.221135
    0.108660
   -0.301104
   -0.409418
   -0.418324
   -0.416151
   -0.437226
   -0.410907
   -0.441166
   -0.410545
   -0.417828
   -0.416099
   -0.255149
   -0.228694
   -0.417724
   -0.224368
    0.163270
    0.094320
   -0.301849
   -0.404397
   -0.416629
   -0.436011
   -0.437753
   -0.407080
   -0.423468
   -0.414298
   -0.414862
   -0.415851
   -0.292448
   -0.207970
   -0.423413
   -0.321981
    0.104897
    0.137217
   -0.237537
   -0.405022
   -0.434549
   -0.435202
   -0.432853
   -0.403120
   -0.420524
   -0.431679
   -0.410979
   -0.424430
   -0.360561
   -0.178234
   -0.384302
   -0.280014
    0.110665
    0.052544
   -0.065231
   -0.406463
   -0.385987
   -0.422574
   -0.413196
   -0.412513
   -0.421039
   -0.440316
   -0.413831
   -0.436735
   -0.412285
   -0.178098
   -0.349241
   -0.368431
    0.013168
    0.145828
   -0.111913
   -0.390642
   -0.402237
   -0.412329
   -0.412082
   -0.416904
   -0.420878
   -0.432063
   -0.422294
   -0.435750
   -0.425537
   -0.225103
   -0.289408
   -0.381689
   -0.010457
    0.130380
   -0.057950
   -0.440984
   -0.438438
   -0.408788
   -0.415033
   -0.421660
   -0.416964
   -0.411644
   -0.423650
   -0.423272
   -0.416633
   -0.302085
   -0.163393
   -0.381830
    0.016214
    0.131729
    0.050973
   -0.381979
   -0.412123
   -0.440747
   -0.421866
   -0.409731
   -0.422084
   -0.407790
   -0.411576
   -0.415116
   -0.402364
   -0.378000
   -0.158065
   -0.381126
   -0.260465
   -0.117623
   -0.140132
   -0.370228
   -0.402819
   -0.425851
   -0.431867
   -0.418603
   -0.435437
   -0.411775
   -0.394267
   -0.402518
   -0.389561
   -0.415673
   -0.196316
   -0.284776
    0.009063
    0.145467
    0.163170
   -0.342206
   -0.405375
   -0.401463
   -0.415855
   -0.421267
   -0.406942
   -0.404487
   -0.390357
   -0.389734
   -0.424959
   -0.414067
   -0.196436
   -0.308035
   -0.125659
    0.299890
    0.213926
   -0.263758
   -0.412944
   -0.411511
   -0.415224
   -0.433134
   -0.415572
   -0.410737
   -0.403793
   -0.407276
   -0.424783
   -0.410612
   -0.288045
   -0.351318
   -0.201526
    0.124747
    0.088757
   -0.271958
   -0.421141
   -0.408316
   -0.384788
   -0.404060
   -0.413960
   -0.412797
   -0.413886
   -0.411008
   -0.424552
   -0.407093
   -0.362914
   -0.395829
   -0.331169
    0.161976
    0.132707
   -0.174300
   -0.401452
   -0.391574
   -0.407002
   -0.434600
   -0.412778
   -0.412973
   -0.414591
   -0.416421
   -0.420136
   -0.402564
   -0.400023
   -0.392099
   -0.359336
    0.217878
    0.061788
   -0.143522
   -0.389806
   -0.422635
   -0.435756
   -0.420968
   -0.420499
   -0.413578
   -0.410560
   -0.416951
   -0.415324
   -0.406607
   -0.410483
