   -0.392795
   -0.387525
   -0.382805
   -0.387756
   -0.361369
   -0.376813
   -0.390535
   -0.367731
   -0.361684
   -0.370772
   -0.361216
   -0.328890
   -0.356817
   -0.318473
   -0.364596
   -0.394216
   -0.392333
   -0.389268
   -0.384826
   -0.373256
   -0.391776
   -0.380167
   -0.362191
   -0.375149
   -0.363169
   -0.342540
   -0.361069
   -0.359140
   -0.355920
   -0.321419
   -0.332368
   -0.356748
   -0.392564
   -0.389192
   -0.382959
   -0.385189
   -0.365533
   -0.356163
   -0.350744
   -0.364722
   -0.377232
   -0.376273
   -0.347130
   -0.459712
   -0.414832
   -0.349383
   -0.336042
   -0.002236
   -0.382999
   -0.371997
   -0.382724
   -0.374990
   -0.351899
   -0.342759
   -0.337914
   -0.351355
   -0.366739
   -0.376407
   -0.344911
   -0.362747
   -0.366243
   -0.155228
    0.164240
    0.413321
   -0.377344
   -0.361879
   -0.369894
   -0.344492
   -0.370787
   -0.354397
   -0.346480
   -0.350980
   -0.377972
   -0.357473
   -0.301454
   -0.366053
   -0.340996
    0.027901
    0.388940
    0.447777
   -0.382426
   -0.360532
   -0.349058
   -0.375204
   -0.399271
   -0.395431
   -0.376759
   -0.366900
   -0.387447
   -0.257812
   -0.097177
   -0.264496
   -0.151039
    0.248287
    0.370855
    0.403596
   -0.402548
   -0.367947
   -0.371793
   -0.418817
   -0.419345
   -0.386975
   -0.358625
   -0.393296
   -0.380367
   -0.113590
    0.045072
   -0.277198
    0.003686
    0.334401
    0.372513
    0.394520
   -0.382929
   -0.346048
   -0.429278
   -0.353588
   -0.377275
   -0.384299
   -0.365899
   -0.392667
   -0.370903
   -0.302970
   -0.044841
   -0.256277
   -0.169537
   -0.053250
    0.259426
    0.400390
   -0.361796
   -0.398513
   -0.341410
   -0.290991
   -0.222175
   -0.284611
   -0.315633
   -0.320908
   -0.150348
   -0.222385
   -0.222874
    0.005887
    0.355050
    0.257099
    0.354295
    0.431377
   -0.374630
   -0.415589
   -0.034756
    0.007484
   -0.128793
   -0.220514
   -0.266506
   -0.094572
   -0.195792
   -0.349936
   -0.338945
   -0.076708
    0.495669
    0.368150
    0.354499
    0.359569
   -0.395363
   -0.042130
    0.106584
    0.063223
   -0.113642
   -0.246535
   -0.082543
    0.025451
   -0.271990
   -0.350285
   -0.349080
   -0.011736
    0.470218
    0.379941
    0.367728
    0.325392
   -0.119548
    0.145222
    0.155781
    0.139710
   -0.070926
    0.005548
    0.011468
    0.040969
   -0.352400
   -0.337979
   -0.323337
    0.081112
    0.491503
    0.387699
    0.371167
    0.339478
    0.225824
    0.184684
    0.135007
    0.087712
   -0.051224
    0.103219
    0.089605
   -0.019455
   -0.348878
   -0.347178
   -0.307323
    0.007812
    0.463016
    0.442126
    0.371719
    0.348206
    0.229922
    0.191478
    0.177207
    0.151782
    0.007405
    0.126748
    0.117901
   -0.271254
   -0.319042
   -0.361410
   -0.354114
   -0.032428
    0.423460
    0.473794
    0.383068
    0.367332
    0.211313
    0.206284
    0.194164
    0.187469
    0.140658
    0.140170
    0.081194
   -0.352577
   -0.326263
   -0.353802
   -0.326521
   -0.137948
    0.400464
    0.468757
    0.437394
    0.348826
    0.209935
    0.174089
    0.209389
    0.199114
    0.164133
    0.105998
   -0.217955
   -0.346342
   -0.361880
   -0.333154
   -0.360488
   -0.177097
    0.259907
    0.435994
    0.451200
    0.396045
   -0.431560
   -0.425919
   -0.418801
   -0.398993
   -0.427504
   -0.412963
   -0.387452
   -0.382018
   -0.390479
   -0.396363
   -0.396459
   -0.388720
   -0.479703
   -0.391557
   -0.381521
   -0.320070
   -0.427438
   -0.421856
   -0.419431
   -0.391125
   -0.397001
   -0.378303
   -0.366459
   -0.357339
   -0.394804
   -0.403680
   -0.389273
   -0.367242
   -0.383653
   -0.390973
   -0.211540
    0.014653
   -0.418129
   -0.410531
   -0.417676
   -0.424871
   -0.380162
   -0.393035
   -0.385331
   -0.374353
   -0.392150
   -0.419390
   -0.376804
   -0.366926
   -0.414261
   -0.362989
    0.084307
    0.415076
   -0.413937
   -0.396184
   -0.417023
   -0.406033
   -0.416443
   -0.423495
   -0.434535
   -0.431895
   -0.379570
   -0.420783
   -0.388011
   -0.141416
   -0.311457
   -0.178236
    0.313771
    0.427608
   -0.416470
   -0.392285
   -0.398111
   -0.388913
   -0.437632
   -0.458792
   -0.410867
   -0.367921
   -0.444893
   -0.405689
   -0.026469
    0.021086
   -0.307024
    0.098170
    0.386894
    0.392849
   -0.435864
   -0.408173
   -0.415916
   -0.461350
   -0.412082
   -0.429593
   -0.418589
   -0.394352
   -0.395467
   -0.370460
   -0.344142
   -0.081342
   -0.288951
   -0.097197
    0.177429
    0.397479
   -0.418970
   -0.386787
   -0.466471
   -0.384471
   -0.325625
   -0.253626
   -0.323340
   -0.337627
   -0.348308
   -0.171120
   -0.206649
   -0.230394
    0.017569
    0.344172
    0.111548
    0.385746
   -0.385989
   -0.444250
   -0.361044
   -0.023310
   -0.028717
   -0.195888
   -0.300650
   -0.248285
   -0.081185
   -0.338304
   -0.361337
   -0.331890
    0.137899
    0.434963
    0.368009
    0.384475
   -0.408846
   -0.386872
    0.048832
    0.008835
   -0.007737
   -0.225420
   -0.156612
   -0.096537
   -0.007004
   -0.379638
   -0.352320
   -0.328867
    0.252540
    0.472085
    0.391848
    0.399249
   -0.408056
    0.067842
    0.138614
    0.183158
    0.063634
   -0.067130
   -0.049604
    0.039617
   -0.030362
   -0.360790
   -0.372562
   -0.278636
    0.348210
    0.500018
    0.435079
    0.385319
   -0.180706
    0.191363
    0.159140
    0.120903
    0.033506
   -0.018950
    0.045705
    0.103336
   -0.223648
   -0.394714
   -0.395729
   -0.296747
    0.333721
    0.504345
    0.457990
    0.406204
    0.173858
    0.199369
    0.138610
    0.255128
    0.075086
   -0.035141
    0.110597
    0.140823
   -0.370278
   -0.370561
   -0.355633
   -0.333782
    0.291316
    0.510099
    0.487882
    0.400881
    0.186939
    0.234664
    0.188160
    0.172856
    0.140746
    0.157064
    0.095095
   -0.124606
   -0.360597
   -0.384700
   -0.361077
   -0.326960
    0.183442
    0.494291
    0.492166
    0.415171
    0.274403
    0.208233
    0.178542
    0.196558
    0.200590
    0.171496
    0.087517
   -0.350997
   -0.370157
   -0.399702
   -0.381025
   -0.335211
    0.000005
    0.444548
    0.458238
    0.468116
    0.259538
    0.225050
    0.163358
    0.309289
    0.202871
    0.128215
   -0.315518
   -0.389364
   -0.367860
   -0.381253
   -0.389715
   -0.365732
   -0.185522
    0.227734
    0.419452
    0.436938
    0.246799
    0.184763
    0.244466
    0.227357
    0.142580
   -0.265492
   -0.377946
   -0.354989
   -0.400927
   -0.354692
   -0.381600
   -0.328830
   -0.299416
   -0.074085
    0.375701
    0.450522
   -0.380010
   -0.381229
   -0.379510
   -0.331097
   -0.369212
   -0.348001
   -0.329503
   -0.350364
   -0.353914
   -0.332451
   -0.332834
   -0.344569
   -0.315964
   -0.359697
   -0.286948
    0.119968
   -0.376548
   -0.366167
   -0.367927
   -0.377906
   -0.352780
   -0.332077
   -0.352290
   -0.356931
   -0.355071
   -0.346042
   -0.344524
   -0.302058
   -0.211315
   -0.300717
   -0.107371
    0.370746
   -0.367412
   -0.350050
   -0.365193
   -0.359331
   -0.355357
   -0.389472
   -0.398679
   -0.325752
   -0.354396
   -0.360038
   -0.338245
    0.155992
   -0.029010
   -0.161996
    0.244247
    0.350457
   -0.368827
   -0.344108
   -0.342892
   -0.399660
   -0.388715
   -0.355681
   -0.373279
   -0.358373
   -0.371526
   -0.366688
   -0.345743
   -0.161837
   -0.163893
   -0.284383
    0.032688
    0.288963
   -0.380293
   -0.353275
   -0.354543
   -0.401243
   -0.335472
   -0.265192
   -0.213542
   -0.334081
   -0.328677
   -0.259010
   -0.157887
   -0.087345
   -0.161917
    0.076142
    0.077064
   -0.015954
   -0.363517
   -0.339261
   -0.390851
   -0.190617
    0.064205
   -0.046016
   -0.207927
   -0.212898
   -0.132846
   -0.101811
   -0.343676
   -0.330026
   -0.183677
    0.285514
    0.355389
    0.342869
   -0.328625
   -0.368812
   -0.292166
    0.155798
    0.063521
   -0.022390
   -0.251514
   -0.051443
   -0.023387
   -0.094196
   -0.363716
   -0.346101
   -0.281619
    0.385791
    0.399686
    0.348204
   -0.349382
   -0.396243
    0.201519
    0.174791
    0.197776
    0.083840
    0.032522
    0.014969
    0.080427
   -0.182456
   -0.349659
   -0.319931
   -0.128343
    0.460057
    0.422493
    0.358312
   -0.383136
    0.169798
    0.224708
    0.145650
    0.114492
   -0.004754
    0.122068
    0.084983
    0.088747
   -0.323877
   -0.364283
   -0.388894
   -0.181431
    0.418777
    0.441001
    0.332136
   -0.214512
    0.309387
    0.201633
    0.190774
    0.249993
    0.006332
    0.084650
    0.147315
   -0.009542
   -0.346857
   -0.338941
   -0.344702
   -0.262854
    0.430157
    0.441291
    0.374180
    0.184016
    0.208060
    0.179557
    0.178596
    0.153005
    0.154169
    0.178765
    0.132891
   -0.289938
   -0.337227
   -0.343907
   -0.354068
   -0.266710
    0.348184
    0.449170
    0.434957
    0.228894
    0.199428
    0.187545
    0.159455
    0.218338
    0.165069
    0.139149
   -0.065890
   -0.334824
   -0.344391
   -0.320314
   -0.407822
   -0.273241
    0.199533
    0.405373
    0.450601
    0.241348
    0.194563
    0.186419
    0.218744
    0.253453
    0.157454
   -0.020780
   -0.370809
   -0.318248
   -0.354980
   -0.315835
   -0.392160
   -0.350870
   -0.046923
    0.331512
    0.392252
    0.191776
    0.206887
    0.230445
    0.252660
    0.201736
   -0.009397
   -0.371866
   -0.348505
   -0.353438
   -0.325529
   -0.305263
   -0.334053
   -0.389581
   -0.281697
    0.202874
    0.362036
    0.225885
    0.204922
    0.266419
    0.208261
   -0.028898
   -0.343988
   -0.391372
   -0.341738
   -0.307948
   -0.337772
   -0.291255
   -0.339058
   -0.406916
   -0.357708
   -0.120656
    0.339952
    0.273523
    0.268498
    0.211297
   -0.029728
   -0.298763
   -0.385925
   -0.354640
   -0.338629
   -0.350432
   -0.337212
   -0.314144
   -0.361306
   -0.401693
   -0.399533
   -0.254951
    0.067862
   -0.369827
   -0.383659
   -0.391524
   -0.369189
   -0.344164
   -0.348105
   -0.388327
   -0.410581
   -0.355413
   -0.352465
   -0.336310
   -0.351893
    0.183919
   -0.028671
   -0.169945
    0.162226
   -0.390963
   -0.394725
   -0.388153
   -0.334577
   -0.405698
   -0.401698
   -0.368645
   -0.391538
   -0.327464
   -0.376773
   -0.363324
   -0.344877
   -0.110057
   -0.107382
   -0.213502
    0.283640
   -0.399428
   -0.378699
   -0.355986
   -0.346464
   -0.352840
   -0.357310
   -0.283669
   -0.228076
   -0.319728
   -0.308620
   -0.286060
   -0.150077
   -0.038607
   -0.192328
   -0.089701
   -0.127862
   -0.387982
   -0.368094
   -0.329042
   -0.351004
   -0.231259
    0.054072
   -0.018953
   -0.194331
   -0.277181
   -0.175488
   -0.042462
   -0.283652
   -0.302297
   -0.169674
    0.298374
    0.369178
   -0.373416
   -0.368376
   -0.349241
   -0.283945
    0.148912
    0.068595
   -0.030835
   -0.254836
   -0.087710
   -0.009666
   -0.109016
   -0.346286
   -0.289219
   -0.240513
    0.383752
    0.281813
   -0.357716
   -0.360334
   -0.254141
    0.205047
    0.187202
    0.208534
    0.042122
    0.012145
    0.025281
    0.078947
   -0.218747
   -0.339014
   -0.293428
   -0.135771
    0.467889
    0.407421
   -0.364019
   -0.363320
    0.169137
    0.226436
    0.177432
    0.103798
   -0.027672
    0.095681
    0.092710
    0.070783
   -0.339416
   -0.357851
   -0.363033
   -0.085152
    0.488026
    0.435413
   -0.358211
   -0.092719
    0.274592
    0.162469
    0.161447
    0.266850
    0.019987
    0.101219
    0.145652
   -0.044799
   -0.357670
   -0.328860
   -0.373220
   -0.155291
    0.462570
    0.423065
   -0.343415
    0.270782
    0.250357
    0.191115
    0.215010
    0.131085
    0.109686
    0.184909
    0.128185
   -0.325868
   -0.342641
   -0.338000
   -0.384351
   -0.148599
    0.434783
    0.450616
   -0.050399
    0.229620
    0.217798
    0.191403
    0.173301
    0.198193
    0.177137
    0.113739
   -0.127436
   -0.332560
   -0.315997
   -0.351439
   -0.421334
   -0.144605
    0.330639
    0.435372
    0.229375
    0.184066
    0.190973
    0.150603
    0.233371
    0.226607
    0.141901
   -0.020627
   -0.360662
   -0.326212
   -0.324434
   -0.339558
   -0.404775
   -0.289777
    0.146832
    0.360543
    0.262656
    0.201344
    0.209203
    0.191677
    0.248128
    0.191235
   -0.054280
   -0.380447
   -0.314384
   -0.333457
   -0.322140
   -0.319464
   -0.395431
   -0.379999
   -0.156623
    0.356993
    0.302430
    0.182621
    0.189844
    0.266603
    0.200763
   -0.063534
   -0.387362
   -0.371767
   -0.310286
   -0.339172
   -0.302025
   -0.319155
   -0.374739
   -0.418862
   -0.363392
    0.127046
    0.259135
    0.267062
    0.243479
    0.243315
   -0.075714
   -0.348522
   -0.403884
   -0.316494
   -0.334726
   -0.341963
   -0.328350
   -0.333350
   -0.389315
   -0.444052
   -0.335637
   -0.226496
    0.252526
    0.271166
    0.281233
   -0.203717
   -0.388379
   -0.413941
   -0.349394
   -0.305896
   -0.317744
   -0.332234
   -0.303242
   -0.315736
   -0.332137
   -0.384174
   -0.369893
   -0.255149
    0.277158
    0.237249
   -0.330354
   -0.317714
   -0.404446
   -0.357199
   -0.331958
   -0.330678
   -0.324806
   -0.320998
   -0.310762
   -0.319201
   -0.315220
   -0.342680
   -0.400201
   -0.383169
   -0.403846
   -0.413221
   -0.396389
   -0.408252
   -0.351267
   -0.411809
   -0.362318
   -0.297957
   -0.311645
   -0.372646
   -0.342723
   -0.304533
   -0.202519
   -0.034644
   -0.227367
   -0.222828
   -0.386356
   -0.409732
   -0.417638
   -0.329615
   -0.388023
   -0.198976
   -0.034542
   -0.074850
   -0.219680
   -0.304286
   -0.219830
   -0.151117
   -0.283401
   -0.251212
   -0.041604
    0.321634
   -0.391756
   -0.381391
   -0.350844
   -0.369865
   -0.084678
    0.095826
    0.052932
   -0.146946
   -0.221976
   -0.143228
   -0.030721
   -0.285185
   -0.347585
   -0.338266
   -0.104898
    0.389116
   -0.379136
   -0.387794
   -0.391914
   -0.115829
    0.169677
    0.164799
    0.139484
   -0.105573
   -0.026265
    0.005350
    0.047788
   -0.337911
   -0.358651
   -0.319891
    0.078652
    0.468573
   -0.380959
   -0.389939
   -0.281304
    0.245090
    0.229555
    0.159244
    0.084526
   -0.010380
    0.027687
    0.083642
   -0.032931
   -0.383704
   -0.384920
   -0.326802
    0.210672
    0.498283
   -0.414079
   -0.361080
    0.114732
    0.216577
    0.151637
    0.220069
    0.132231
   -0.065878
    0.088499
    0.094335
   -0.237833
   -0.342373
   -0.340574
   -0.380261
    0.165103
    0.474456
   -0.389517
   -0.249443
    0.210511
    0.217346
    0.171927
    0.222324
    0.133690
    0.076104
    0.137805
    0.037600
   -0.315908
   -0.342734
   -0.346007
   -0.381301
    0.203661
    0.449038
   -0.382665
    0.200483
    0.180129
    0.195449
    0.116664
    0.226859
    0.126893
    0.134698
    0.089680
   -0.278854
   -0.318610
   -0.334309
   -0.385806
   -0.402801
    0.119319
    0.382937
   -0.155951
    0.236181
    0.187784
    0.201465
    0.167828
    0.236423
    0.164313
    0.094945
   -0.212358
   -0.352563
   -0.355733
   -0.336592
   -0.364384
   -0.367934
   -0.118782
    0.329158
    0.224028
    0.205637
    0.212202
    0.150834
    0.180916
    0.216405
    0.158496
   -0.247549
   -0.348106
   -0.347586
   -0.320778
   -0.335510
   -0.351139
   -0.408188
   -0.239552
    0.186826
    0.263810
    0.192777
    0.166960
    0.192045
    0.244202
    0.146447
   -0.276329
   -0.347046
   -0.360631
   -0.351460
   -0.336826
   -0.312368
   -0.318290
   -0.391665
   -0.380678
   -0.155915
    0.316731
    0.310379
    0.260196
    0.247652
    0.153327
   -0.292110
   -0.368294
   -0.381280
   -0.342143
   -0.331289
   -0.352932
   -0.324529
   -0.352472
   -0.383641
   -0.376771
   -0.290942
    0.345801
    0.321342
    0.271882
    0.117234
   -0.362154
   -0.377926
   -0.413013
   -0.336637
   -0.335821
   -0.352612
   -0.351785
   -0.303991
   -0.309336
   -0.344951
   -0.392000
   -0.297779
    0.254065
    0.262142
    0.019261
   -0.361832
   -0.376513
   -0.380959
   -0.322097
   -0.347115
   -0.314416
   -0.348811
   -0.353178
   -0.340614
   -0.324440
   -0.335730
   -0.349567
   -0.331946
    0.002725
   -0.011759
   -0.340325
   -0.404852
   -0.378711
   -0.320929
   -0.310423
   -0.329294
   -0.354543
   -0.368641
   -0.355210
   -0.364082
   -0.288643
   -0.304336
   -0.310949
   -0.384399
   -0.349818
   -0.359974
   -0.415088
   -0.381875
   -0.345362
   -0.336970
   -0.349409
   -0.351405
   -0.341453
   -0.333742
   -0.336611
   -0.315268
   -0.296396
   -0.292983
   -0.317250
   -0.357506
   -0.381139
   -0.409617
   -0.387558
   -0.350961
   -0.378272
   -0.209862
    0.114163
    0.060519
   -0.153332
   -0.249447
   -0.219655
   -0.074463
   -0.291374
   -0.359300
   -0.354608
   -0.061457
   -0.376084
   -0.383213
   -0.399430
   -0.362371
   -0.167873
    0.189676
    0.169933
    0.167046
   -0.157309
   -0.111434
   -0.017908
    0.069262
   -0.321295
   -0.340105
   -0.326429
    0.096033
   -0.402251
   -0.411867
   -0.373637
   -0.335467
    0.224188
    0.186162
    0.192182
    0.042041
    0.019055
    0.037961
    0.111089
   -0.048095
   -0.382136
   -0.345718
   -0.259726
    0.295649
   -0.387188
   -0.376219
   -0.384693
    0.163987
    0.210240
    0.147037
    0.163417
    0.075572
   -0.030237
    0.096496
    0.095313
   -0.258859
   -0.343833
   -0.341206
   -0.317879
    0.302423
   -0.385948
   -0.382910
   -0.147106
    0.225590
    0.213055
    0.140687
    0.227745
    0.161030
   -0.010709
    0.075907
    0.040677
   -0.331622
   -0.368268
   -0.327828
   -0.378143
    0.319820
   -0.420608
   -0.358927
    0.229611
    0.204196
    0.176406
    0.126372
    0.155239
    0.086921
    0.182788
    0.097794
   -0.296087
   -0.320287
   -0.337222
   -0.373497
   -0.332131
    0.280131
   -0.375073
   -0.030396
    0.178336
    0.174819
    0.153551
    0.204489
    0.226935
    0.189313
    0.133800
   -0.172324
   -0.327695
   -0.335712
   -0.331829
   -0.363925
   -0.348066
    0.030219
   -0.376510
    0.318217
    0.134529
    0.238458
    0.200489
    0.242183
    0.238849
    0.149423
   -0.181045
   -0.352118
   -0.357814
   -0.355778
   -0.308909
   -0.334598
   -0.366959
   -0.111891
   -0.175897
    0.249593
    0.232496
    0.187924
    0.246722
    0.257718
    0.174988
   -0.258664
   -0.359270
   -0.347517
   -0.345339
   -0.345169
   -0.328773
   -0.353250
   -0.364265
   -0.335465
    0.138820
    0.303548
    0.271624
    0.249329
    0.251292
    0.151632
   -0.321388
   -0.397693
   -0.363603
   -0.362774
   -0.326659
   -0.322305
   -0.293780
   -0.371339
   -0.384043
   -0.351696
    0.081935
    0.334852
    0.256415
    0.261519
    0.088432
   -0.385906
   -0.363823
   -0.363136
   -0.351311
   -0.373766
   -0.378677
   -0.348231
   -0.322018
   -0.338551
   -0.379864
   -0.385261
   -0.027362
    0.319988
    0.330540
   -0.059933
   -0.372470
   -0.394606
   -0.374394
   -0.328411
   -0.359104
   -0.333800
   -0.335290
   -0.321690
   -0.317177
   -0.308142
   -0.320754
   -0.391610
   -0.302453
    0.180462
   -0.135355
   -0.380576
   -0.415003
   -0.379198
   -0.373672
   -0.317929
   -0.364193
   -0.340849
   -0.350995
   -0.341778
   -0.325318
   -0.274866
   -0.289926
   -0.356873
   -0.366212
   -0.337501
   -0.347446
   -0.444737
   -0.384354
   -0.370793
   -0.331934
   -0.365698
   -0.345510
   -0.332475
   -0.312368
   -0.331278
   -0.294269
   -0.283391
   -0.283495
   -0.275002
   -0.388876
   -0.364868
   -0.446442
   -0.368541
   -0.337559
   -0.337674
   -0.346465
   -0.356374
   -0.348956
   -0.353701
   -0.355093
   -0.334448
   -0.308887
   -0.305250
   -0.287210
   -0.307115
   -0.432553
   -0.429208
   -0.351458
   -0.354238
   -0.342397
   -0.356268
   -0.357911
   -0.352004
   -0.348936
   -0.343619
   -0.345678
   -0.320843
   -0.322585
   -0.303841
   -0.283204
   -0.285417
   -0.364734
   -0.383676
   -0.375632
   -0.379619
   -0.306270
    0.209294
    0.206520
    0.207452
    0.027025
    0.026458
    0.009257
    0.099016
   -0.074073
   -0.392773
   -0.330581
   -0.248241
   -0.384686
   -0.416620
   -0.362449
   -0.378274
    0.235318
    0.178969
    0.156592
    0.203987
    0.053746
   -0.007635
    0.121696
    0.082560
   -0.302500
   -0.349251
   -0.372576
   -0.336383
   -0.385086
   -0.406775
   -0.374991
   -0.087311
    0.216695
    0.206571
    0.160697
    0.202406
    0.133461
    0.073539
    0.089299
    0.058827
   -0.321423
   -0.311899
   -0.336919
   -0.351652
   -0.395490
   -0.380851
   -0.266988
    0.241728
    0.236468
    0.194568
    0.130440
    0.177767
    0.090854
    0.163127
    0.086260
   -0.289896
   -0.313669
   -0.329852
   -0.393908
   -0.287633
   -0.385138
   -0.384262
    0.122693
    0.194746
    0.178568
    0.179027
    0.199265
    0.197854
    0.180336
    0.087866
   -0.174315
   -0.323608
   -0.309430
   -0.352239
   -0.416495
   -0.291961
   -0.381138
   -0.306820
    0.291615
    0.180036
    0.236080
    0.200190
    0.231565
    0.192265
    0.127400
   -0.188133
   -0.339692
   -0.348472
   -0.329921
   -0.324495
   -0.401425
   -0.334957
   -0.353887
    0.054550
    0.291821
    0.188390
    0.207763
    0.234596
    0.224607
    0.204892
   -0.265839
   -0.373944
   -0.363378
   -0.339715
   -0.341904
   -0.344802
   -0.379817
   -0.368574
   -0.376343
    0.244399
    0.311345
    0.250441
    0.293998
    0.245370
    0.163989
   -0.304606
   -0.377530
   -0.333197
   -0.350556
   -0.323684
   -0.316367
   -0.324952
   -0.366218
   -0.392083
   -0.398366
    0.285778
    0.305280
    0.275187
    0.257500
    0.034375
   -0.357098
   -0.352286
   -0.360002
   -0.349854
   -0.359461
   -0.327759
   -0.330031
   -0.330699
   -0.344153
   -0.389835
   -0.384222
    0.166772
    0.306969
    0.340756
   -0.143963
   -0.352418
   -0.404075
   -0.363708
   -0.345685
   -0.323514
   -0.324191
   -0.326618
   -0.346610
   -0.303955
   -0.346789
   -0.370718
   -0.384892
   -0.096478
    0.167086
   -0.226547
   -0.353395
   -0.429141
   -0.348412
   -0.349476
   -0.339358
   -0.323987
   -0.348600
   -0.364749
   -0.330849
   -0.308373
   -0.323480
   -0.334115
   -0.388165
   -0.359042
   -0.330331
   -0.363556
   -0.411539
   -0.367772
   -0.336395
   -0.321994
   -0.345758
   -0.353454
   -0.354163
   -0.348489
   -0.326631
   -0.303965
   -0.321250
   -0.309152
   -0.452518
   -0.371476
   -0.386161
   -0.407333
   -0.331664
   -0.340727
   -0.345567
   -0.327612
   -0.347447
   -0.353532
   -0.327301
   -0.360489
   -0.323221
   -0.287193
   -0.315536
   -0.330623
   -0.430027
   -0.390748
   -0.399269
   -0.365222
   -0.355823
   -0.369945
   -0.350737
   -0.384947
   -0.351690
   -0.311365
   -0.302404
   -0.345102
   -0.289341
   -0.301453
   -0.317787
   -0.291214
   -0.384448
   -0.408871
   -0.342495
   -0.359237
   -0.369374
   -0.391838
   -0.391392
   -0.339445
   -0.366896
   -0.314825
   -0.339345
   -0.329816
   -0.355682
   -0.339628
   -0.312976
   -0.273780
   -0.362090
   -0.351386
   -0.340285
   -0.349783
   -0.366648
   -0.363582
   -0.353918
   -0.347800
   -0.343844
   -0.339296
   -0.338504
   -0.331291
   -0.328419
   -0.325002
   -0.312266
   -0.296091
   -0.389027
   -0.376186
   -0.416538
   -0.392690
    0.056313
    0.251467
    0.161830
    0.149838
    0.176705
    0.116271
    0.145964
    0.079912
   -0.033763
   -0.310082
   -0.341757
   -0.345079
   -0.438728
   -0.400702
   -0.335837
   -0.238923
    0.237821
    0.201743
    0.204301
    0.188562
    0.218901
    0.098853
    0.174996
    0.093436
   -0.364001
   -0.335765
   -0.325787
   -0.376356
   -0.397203
   -0.381130
   -0.355933
    0.208720
    0.181876
    0.174057
    0.146884
    0.237376
    0.230195
    0.205450
    0.070169
   -0.258762
   -0.333011
   -0.337394
   -0.371918
   -0.423272
   -0.393110
   -0.357170
   -0.115388
    0.254518
    0.188235
    0.221791
    0.212126
    0.264440
    0.195516
    0.123079
   -0.240535
   -0.360200
   -0.333948
   -0.319172
   -0.330127
   -0.386233
   -0.408275
   -0.344490
    0.258203
    0.230625
    0.145543
    0.180055
    0.255194
    0.181728
    0.174930
   -0.317354
   -0.371284
   -0.345775
   -0.312903
   -0.362576
   -0.299737
   -0.409881
   -0.349288
   -0.321913
    0.294641
    0.289398
    0.223668
    0.334844
    0.225055
    0.039157
   -0.370110
   -0.382339
   -0.351180
   -0.321807
   -0.341562
   -0.326912
   -0.334480
   -0.386208
   -0.353458
   -0.328476
    0.336623
    0.316104
    0.337899
    0.249475
   -0.105233
   -0.357957
   -0.373101
   -0.343777
   -0.365604
   -0.373808
   -0.356424
   -0.324887
   -0.323132
   -0.366423
   -0.382092
   -0.349585
    0.326896
    0.258594
    0.233205
   -0.264478
   -0.364734
   -0.411830
   -0.375517
   -0.337513
   -0.308478
   -0.349958
   -0.337707
   -0.348598
   -0.309904
   -0.355370
   -0.398393
   -0.325976
   -0.011209
    0.112211
   -0.353409
   -0.391640
   -0.405127
   -0.347048
   -0.347501
   -0.345041
   -0.336862
   -0.346784
   -0.358862
   -0.326943
   -0.320638
   -0.315124
   -0.435902
   -0.396989
   -0.274087
   -0.376884
   -0.428994
   -0.407016
   -0.347978
   -0.324488
   -0.356996
   -0.332378
   -0.356220
   -0.355166
   -0.352120
   -0.327131
   -0.318642
   -0.308938
   -0.416892
   -0.430991
   -0.351101
   -0.413094
   -0.392669
   -0.320248
   -0.340216
   -0.353960
   -0.360185
   -0.331479
   -0.341064
   -0.347465
   -0.363044
   -0.328890
   -0.296957
   -0.300757
   -0.393302
   -0.430944
   -0.456073
   -0.387712
   -0.370463
   -0.323297
   -0.334134
   -0.356768
   -0.368067
   -0.350378
   -0.331636
   -0.331891
   -0.355195
   -0.297705
   -0.305980
   -0.304708
   -0.377078
   -0.422496
   -0.429121
   -0.338481
   -0.351264
   -0.358335
   -0.346419
   -0.372866
   -0.296079
   -0.375217
   -0.338869
   -0.355279
   -0.327432
   -0.343358
   -0.343091
   -0.301564
   -0.363766
   -0.342635
   -0.364469
   -0.351110
   -0.334127
   -0.383104
   -0.355264
   -0.319953
   -0.339787
   -0.337053
   -0.338850
   -0.344765
   -0.322715
   -0.329608
   -0.330959
   -0.308283
   -0.360997
   -0.349120
   -0.352847
   -0.370757
   -0.396755
   -0.358678
   -0.352413
   -0.321066
   -0.341601
   -0.326785
   -0.324774
   -0.343669
   -0.335471
   -0.346636
   -0.336480
   -0.294940
   -0.335902
   -0.335971
   -0.359580
   -0.359149
   -0.362998
   -0.353108
   -0.347681
   -0.344920
   -0.340729
   -0.332731
   -0.332652
   -0.328175
   -0.317181
   -0.317056
   -0.321651
   -0.322736
   -0.392210
   -0.380807
   -0.377432
   -0.364898
    0.254598
    0.200674
    0.152855
    0.134084
    0.207734
    0.193173
    0.180713
    0.096453
   -0.225937
   -0.331260
   -0.359661
   -0.373462
   -0.389107
   -0.379898
   -0.390548
   -0.057092
    0.207919
    0.188575
    0.250140
    0.200692
    0.259646
    0.235310
    0.099001
   -0.199330
   -0.331591
   -0.362496
   -0.337465
   -0.315259
   -0.399762
   -0.386973
   -0.357811
    0.324245
    0.216782
    0.144633
    0.190121
    0.275760
    0.212042
    0.164571
   -0.301456
   -0.362002
   -0.361447
   -0.353577
   -0.369767
   -0.295445
   -0.409558
   -0.374131
   -0.245618
    0.292197
    0.278208
    0.214190
    0.294486
    0.203240
    0.072461
   -0.337502
   -0.375671
   -0.354115
   -0.344764
   -0.356450
   -0.312686
   -0.318880
   -0.408692
   -0.342467
   -0.188679
    0.353648
    0.274885
    0.273296
    0.248259
   -0.130731
   -0.397022
   -0.359044
   -0.345702
   -0.373087
   -0.356823
   -0.362379
   -0.296728
   -0.301690
   -0.379629
   -0.346511
   -0.226125
    0.321590
    0.257415
    0.204258
   -0.302444
   -0.377684
   -0.395711
   -0.338017
   -0.337798
   -0.318689
   -0.322940
   -0.325575
   -0.313530
   -0.291718
   -0.375132
   -0.409176
   -0.304828
    0.144007
    0.113605
   -0.353354
   -0.355779
   -0.405634
   -0.327771
   -0.311444
   -0.354596
   -0.365390
   -0.344927
   -0.318010
   -0.290292
   -0.292372
   -0.369197
   -0.441550
   -0.386316
   -0.277929
   -0.389342
   -0.431955
   -0.415482
   -0.355216
   -0.323940
   -0.358537
   -0.339304
   -0.358288
   -0.356010
   -0.346657
   -0.316627
   -0.312824
   -0.369709
   -0.448928
   -0.404250
   -0.364104
   -0.418516
   -0.381553
   -0.330494
   -0.345605
   -0.354455
   -0.353813
   -0.338970
   -0.345655
   -0.347232
   -0.358541
   -0.321191
   -0.285054
   -0.359423
   -0.434668
   -0.428176
   -0.456159
   -0.384923
   -0.374599
   -0.311885
   -0.329544
   -0.358611
   -0.375077
   -0.346969
   -0.329984
   -0.326902
   -0.356337
   -0.287429
   -0.283424
   -0.347371
   -0.397341
   -0.425563
   -0.410996
   -0.343731
   -0.351563
   -0.362643
   -0.342763
   -0.375077
   -0.308093
   -0.368073
   -0.336196
   -0.353212
   -0.329270
   -0.334944
   -0.325974
   -0.338032
   -0.344298
   -0.365864
   -0.352885
   -0.361153
   -0.341422
   -0.378025
   -0.348747
   -0.325247
   -0.341419
   -0.327231
   -0.333742
   -0.342938
   -0.320035
   -0.320652
   -0.323102
   -0.331518
   -0.345256
   -0.355524
   -0.355867
   -0.381635
   -0.395685
   -0.345475
   -0.346492
   -0.322435
   -0.345439
   -0.328831
   -0.322498
   -0.340254
   -0.334942
   -0.343198
   -0.325896
   -0.343988
   -0.347346
   -0.347312
   -0.361071
   -0.351811
   -0.351812
   -0.353496
   -0.344079
   -0.338017
   -0.336351
   -0.347358
   -0.332138
   -0.328070
   -0.316909
   -0.315124
   -0.314767
   -0.357963
   -0.353408
   -0.366118
   -0.361545
   -0.350906
   -0.336677
   -0.342194
   -0.347806
   -0.336767
   -0.334594
   -0.340204
   -0.328887
   -0.317825
   -0.315771
   -0.314324
   -0.318066
   -0.375174
   -0.376849
   -0.373772
   -0.359287
   -0.349544
   -0.349835
   -0.347912
   -0.344062
   -0.344660
   -0.341101
   -0.337461
   -0.312126
   -0.312022
   -0.310842
   -0.325682
   -0.335686
   -0.384283
   -0.400430
   -0.386333
   -0.319121
    0.339052
    0.233504
    0.165281
    0.174242
    0.268403
    0.179012
    0.141909
   -0.250369
   -0.346352
   -0.363457
   -0.351603
   -0.340285
   -0.381674
   -0.394782
   -0.391474
   -0.039315
    0.291723
    0.276370
    0.197832
    0.275123
    0.175295
    0.135701
   -0.348893
   -0.345082
   -0.346868
   -0.347777
   -0.353143
   -0.317187
   -0.397182
   -0.385640
   -0.366969
    0.035384
    0.331068
    0.274355
    0.238781
    0.241628
   -0.122596
   -0.415242
   -0.369732
   -0.341720
   -0.362798
   -0.350011
   -0.348737
   -0.320735
   -0.391296
   -0.378560
   -0.380983
    0.017015
    0.351141
    0.243519
    0.201675
   -0.312371
   -0.361848
   -0.383253
   -0.346815
   -0.345998
   -0.310908
   -0.314555
   -0.355957
   -0.324659
   -0.389974
   -0.378317
   -0.428293
   -0.153492
    0.236575
    0.031169
   -0.379165
   -0.363482
   -0.436232
   -0.323986
   -0.317094
   -0.355480
   -0.349118
   -0.349070
   -0.359103
   -0.286068
   -0.391370
   -0.381855
   -0.433476
   -0.349982
   -0.259578
   -0.363879
   -0.397016
   -0.412372
   -0.337460
   -0.333922
   -0.359812
   -0.342717
   -0.339922
   -0.362499
   -0.342240
   -0.315920
   -0.380513
   -0.372052
   -0.451812
   -0.396064
   -0.375936
   -0.419401
   -0.367420
   -0.336626
   -0.343825
   -0.314356
   -0.354577
   -0.342454
   -0.350281
   -0.316667
   -0.337176
   -0.303066
   -0.366620
   -0.359553
   -0.453441
   -0.412062
   -0.435595
   -0.362820
   -0.371767
   -0.310626
   -0.333328
   -0.363342
   -0.386891
   -0.345006
   -0.327637
   -0.327955
   -0.356973
   -0.283470
   -0.358412
   -0.357642
   -0.395566
   -0.405871
   -0.388544
   -0.332623
   -0.353385
   -0.362142
   -0.346230
   -0.377406
   -0.314760
   -0.369310
   -0.337371
   -0.357145
   -0.329073
   -0.336629
   -0.337853
   -0.344091
   -0.357030
   -0.346564
   -0.335415
   -0.357974
   -0.343312
   -0.378028
   -0.348015
   -0.331764
   -0.348723
   -0.325749
   -0.332141
   -0.345105
   -0.320429
   -0.323308
   -0.350071
   -0.343501
   -0.351198
   -0.337936
   -0.354992
   -0.378898
   -0.394443
   -0.342692
   -0.347587
   -0.330580
   -0.355270
   -0.325411
   -0.322360
   -0.341023
   -0.336103
   -0.346392
   -0.360383
   -0.340499
   -0.338145
   -0.341928
   -0.356465
   -0.351778
   -0.355451
   -0.352309
   -0.351213
   -0.342860
   -0.344649
   -0.342962
   -0.329667
   -0.325815
   -0.316988
   -0.319044
   -0.375591
   -0.349746
   -0.355284
   -0.358808
   -0.358794
   -0.348240
   -0.343718
   -0.345280
   -0.358789
   -0.339365
   -0.343284
   -0.337887
   -0.328550
   -0.319145
   -0.314318
   -0.318924
   -0.384560
   -0.381936
   -0.373751
   -0.360731
   -0.356160
   -0.343962
   -0.351442
   -0.352789
   -0.348690
   -0.348573
   -0.350277
   -0.336590
   -0.313626
   -0.311632
   -0.309919
   -0.325545
   -0.389715
   -0.386102
   -0.386443
   -0.356726
   -0.346301
   -0.346044
   -0.352925
   -0.348688
   -0.346567
   -0.344215
   -0.346060
   -0.325750
   -0.327784
   -0.321743
   -0.314697
   -0.319829
   -0.398288
   -0.398693
   -0.383662
   -0.369853
   -0.364060
   -0.358255
   -0.353653
   -0.344317
   -0.340011
   -0.336064
   -0.327098
   -0.324643
   -0.326662
   -0.323288
   -0.314847
   -0.311636
   -0.393967
   -0.403774
   -0.390024
   -0.381978
    0.143032
    0.330523
    0.244630
    0.269227
    0.247159
   -0.084613
   -0.391209
   -0.361804
   -0.354727
   -0.382867
   -0.351072
   -0.351228
   -0.402678
   -0.392969
   -0.371833
   -0.376615
    0.163801
    0.329149
    0.242569
    0.230688
   -0.311963
   -0.343990
   -0.364257
   -0.354948
   -0.346752
   -0.312194
   -0.331015
   -0.380550
   -0.394077
   -0.382304
   -0.367579
   -0.410425
   -0.055765
    0.272786
   -0.023615
   -0.372004
   -0.361024
   -0.419173
   -0.351253
   -0.328562
   -0.362884
   -0.345633
   -0.346138
   -0.358853
   -0.392408
   -0.383598
   -0.388556
   -0.412290
   -0.331441
   -0.256795
   -0.374187
   -0.415318
   -0.395493
   -0.366055
   -0.337000
   -0.367836
   -0.345866
   -0.342204
   -0.365836
   -0.337913
   -0.387780
   -0.387670
   -0.395225
   -0.442229
   -0.387768
   -0.346840
   -0.465820
   -0.391511
   -0.340964
   -0.349491
   -0.346497
   -0.358388
   -0.339294
   -0.351488
   -0.348154
   -0.362216
   -0.382619
   -0.380258
   -0.387560
   -0.427830
   -0.411647
   -0.421728
   -0.360953
   -0.376831
   -0.333871
   -0.375283
   -0.389464
   -0.380665
   -0.356922
   -0.349927
   -0.343801
   -0.365712
   -0.372019
   -0.357217
   -0.372818
   -0.412837
   -0.427255
   -0.370379
   -0.355237
   -0.329760
   -0.366792
   -0.378680
   -0.382004
   -0.329094
   -0.376544
   -0.344473
   -0.365718
   -0.334126
   -0.372909
   -0.342285
   -0.351873
   -0.362450
   -0.347564
   -0.341025
   -0.361993
   -0.347857
   -0.384260
   -0.352927
   -0.338089
   -0.354096
   -0.331804
   -0.340370
   -0.356001
   -0.329494
   -0.367036
   -0.337405
   -0.342007
   -0.353640
   -0.341483
   -0.364879
   -0.383114
   -0.399567
   -0.347523
   -0.356254
   -0.335749
   -0.360038
   -0.331613
   -0.330891
   -0.350266
   -0.346615
   -0.377789
   -0.350974
   -0.339797
   -0.342272
   -0.348995
   -0.361851
   -0.359423
   -0.361044
   -0.359537
   -0.356671
   -0.350139
   -0.352827
   -0.351144
   -0.335024
   -0.335486
   -0.330948
   -0.384391
   -0.364766
   -0.352551
   -0.365418
   -0.362461
   -0.364427
   -0.352259
   -0.350120
   -0.352414
   -0.363869
   -0.347969
   -0.351871
   -0.345994
   -0.334331
   -0.328108
   -0.326003
   -0.391077
   -0.385243
   -0.376627
   -0.381674
   -0.363215
   -0.359671
   -0.350352
   -0.358848
   -0.358282
   -0.356094
   -0.359157
   -0.359123
   -0.344583
   -0.321938
   -0.320888
   -0.318516
   -0.398513
   -0.390849
   -0.383321
   -0.389107
   -0.359073
   -0.352783
   -0.354967
   -0.359731
   -0.355132
   -0.352988
   -0.351007
   -0.354081
   -0.334699
   -0.334669
   -0.330587
   -0.324462
   -0.400382
   -0.394331
   -0.391867
   -0.387467
   -0.376670
   -0.372408
   -0.364415
   -0.361432
   -0.352184
   -0.346046
   -0.339804
   -0.333255
   -0.330756
   -0.334117
   -0.331070
   -0.324580
   -0.400193
   -0.401191
   -0.390496
   -0.392838
   -0.390523
   -0.385209
   -0.380553
   -0.372902
   -0.357514
   -0.350852
   -0.346014
   -0.341250
   -0.334022
   -0.333496
   -0.328533
   -0.318448
   -0.394844
   -0.394385
   -0.390492
   -0.397069
   -0.399065
   -0.392512
   -0.387611
   -0.382637
   -0.373475
   -0.359964
   -0.354141
   -0.348436
   -0.335032
   -0.334265
   -0.326803
   -0.318595
   -0.394673
   -0.381136
   -0.366055
   -0.399492
   -0.405485
    0.096206
    0.256478
    0.034959
   -0.363394
   -0.344108
   -0.418154
   -0.357995
   -0.332781
   -0.370186
   -0.345182
   -0.349016
   -0.398518
   -0.381957
   -0.370006
   -0.430139
   -0.385541
   -0.259107
   -0.200521
   -0.380578
   -0.378334
   -0.404056
   -0.354830
   -0.340272
   -0.354280
   -0.350887
   -0.338436
   -0.359680
   -0.390226
   -0.381134
   -0.377009
   -0.412277
   -0.416046
   -0.344820
   -0.353025
   -0.424016
   -0.380728
   -0.337161
   -0.338887
   -0.343074
   -0.345655
   -0.341226
   -0.347721
   -0.344233
   -0.381463
   -0.376522
   -0.369816
   -0.402168
   -0.456701
   -0.385035
   -0.395346
   -0.350754
   -0.343010
   -0.341674
   -0.371611
   -0.373950
   -0.376994
   -0.346045
   -0.344933
   -0.348945
   -0.372087
   -0.371330
   -0.350031
   -0.387046
   -0.431698
   -0.399404
   -0.383037
   -0.345855
   -0.329984
   -0.378151
   -0.350858
   -0.365603
   -0.333233
   -0.356725
   -0.341962
   -0.373129
   -0.368486
   -0.360739
   -0.341616
   -0.349413
   -0.377532
   -0.363902
   -0.363143
   -0.368497
   -0.372289
   -0.360724
   -0.336132
   -0.337264
   -0.360930
   -0.331569
   -0.340601
   -0.356339
   -0.360694
   -0.364292
   -0.330782
   -0.353756
   -0.375934
   -0.357507
   -0.378455
   -0.363185
   -0.360836
   -0.363290
   -0.366112
   -0.351282
   -0.358062
   -0.350254
   -0.330579
   -0.347970
   -0.372121
   -0.375214
   -0.333110
   -0.342088
   -0.348395
   -0.354870
   -0.362719
   -0.359951
   -0.361594
   -0.357724
   -0.352912
   -0.345168
   -0.346961
   -0.338917
   -0.327061
   -0.329773
   -0.378229
   -0.374711
   -0.359658
   -0.355381
   -0.371278
   -0.363490
   -0.363430
   -0.351640
   -0.349477
   -0.351644
   -0.362970
   -0.342417
   -0.346107
   -0.333111
   -0.327745
   -0.320234
   -0.388848
   -0.384539
   -0.373679
   -0.379182
   -0.384608
   -0.361461
   -0.357916
   -0.349880
   -0.359560
   -0.356243
   -0.355559
   -0.354488
   -0.354427
   -0.334171
   -0.315436
   -0.312791
   -0.391107
   -0.390086
   -0.381930
   -0.384190
   -0.387376
   -0.357714
   -0.351578
   -0.354699
   -0.359220
   -0.352176
   -0.351241
   -0.348220
   -0.349693
   -0.329726
   -0.329369
   -0.322907
   -0.392997
   -0.394343
   -0.395100
   -0.389619
   -0.388302
   -0.375305
   -0.370666
   -0.364178
   -0.359522
   -0.350539
   -0.344709
   -0.331408
   -0.329380
   -0.327197
   -0.329702
   -0.325138
   -0.393146
   -0.401009
   -0.393636
   -0.389409
   -0.391602
   -0.388921
   -0.380944
   -0.377786
   -0.368473
   -0.356442
   -0.349391
   -0.341360
   -0.330969
   -0.328824
   -0.329559
   -0.322949
   -0.391696
   -0.391751
   -0.389638
   -0.391347
   -0.395661
   -0.397159
   -0.390608
   -0.384167
   -0.380363
   -0.371560
   -0.356997
   -0.348589
   -0.341818
   -0.329454
   -0.329501
   -0.321439
   -0.391859
   -0.392004
   -0.391979
   -0.398467
   -0.400250
   -0.398186
   -0.395483
   -0.394655
   -0.394523
   -0.389782
   -0.380054
   -0.373150
   -0.349818
   -0.342986
   -0.326098
   -0.318734
   -0.390054
   -0.385415
   -0.393673
   -0.404298
   -0.405385
   -0.404316
   -0.404866
   -0.405729
   -0.405212
   -0.395601
   -0.392607
   -0.387399
   -0.376671
   -0.360729
   -0.348187
   -0.335446
   -0.370825
   -0.372224
   -0.362811
   -0.372998
   -0.397237
   -0.408609
   -0.312190
   -0.340096
   -0.433545
   -0.353293
   -0.353877
   -0.320708
   -0.328656
   -0.328302
   -0.330751
   -0.327471
   -0.373784
   -0.367815
   -0.362478
   -0.353941
   -0.416596
   -0.428618
   -0.395847
   -0.423581
   -0.340345
   -0.329884
   -0.354397
   -0.353140
   -0.355607
   -0.344769
   -0.331539
   -0.325485
   -0.373918
   -0.365672
   -0.357708
   -0.327799
   -0.396115
   -0.413851
   -0.372031
   -0.331652
   -0.322415
   -0.342110
   -0.339555
   -0.343825
   -0.333264
   -0.331367
   -0.335776
   -0.333577
   -0.365422
   -0.356030
   -0.349098
   -0.344216
   -0.343405
   -0.340884
   -0.313691
   -0.313752
   -0.328391
   -0.344752
   -0.345394
   -0.317497
   -0.338428
   -0.336538
   -0.322465
   -0.330441
   -0.360783
   -0.350459
   -0.340197
   -0.335023
   -0.344679
   -0.348152
   -0.319721
   -0.335032
   -0.344855
   -0.343931
   -0.347028
   -0.343359
   -0.338967
   -0.335237
   -0.323417
   -0.315230
   -0.357336
   -0.351302
   -0.350843
   -0.318550
   -0.338826
   -0.325714
   -0.344341
   -0.349467
   -0.366345
   -0.352145
   -0.322408
   -0.327716
   -0.325513
   -0.324725
   -0.315936
   -0.308805
   -0.362130
   -0.362762
   -0.355137
   -0.327109
   -0.341530
   -0.336610
   -0.358303
   -0.364115
   -0.333065
   -0.340787
   -0.321862
   -0.336747
   -0.323104
   -0.326813
   -0.308161
   -0.308025
   -0.365679
   -0.369731
   -0.364009
   -0.354583
   -0.365994
   -0.360851
   -0.343636
   -0.339107
   -0.334717
   -0.341088
   -0.337694
   -0.332854
   -0.331386
   -0.325591
   -0.300860
   -0.286907
   -0.370039
   -0.375849
   -0.370191
   -0.363992
   -0.370095
   -0.358751
   -0.339362
   -0.333013
   -0.340496
   -0.334485
   -0.337431
   -0.324379
   -0.324435
   -0.316016
   -0.304412
   -0.304019
   -0.372684
   -0.377242
   -0.375103
   -0.376441
   -0.374909
   -0.365988
   -0.356239
   -0.351874
   -0.344748
   -0.336344
   -0.330943
   -0.310958
   -0.306379
   -0.305257
   -0.302554
   -0.303839
   -0.371877
   -0.377100
   -0.376854
   -0.373458
   -0.376013
   -0.374438
   -0.367011
   -0.362196
   -0.358227
   -0.341184
   -0.336021
   -0.318103
   -0.310545
   -0.306540
   -0.304345
   -0.304898
   -0.371427
   -0.371434
   -0.373387
   -0.369980
   -0.377786
   -0.377636
   -0.378176
   -0.370912
   -0.365202
   -0.356553
   -0.342217
   -0.326692
   -0.318339
   -0.308179
   -0.304323
   -0.304880
   -0.370601
   -0.371661
   -0.372979
   -0.374600
   -0.381258
   -0.381764
   -0.379023
   -0.376556
   -0.375999
   -0.375282
   -0.366330
   -0.350409
   -0.334642
   -0.321132
   -0.308831
   -0.299621
   -0.371161
   -0.372029
   -0.372121
   -0.384386
   -0.385758
   -0.386909
   -0.386963
   -0.385886
   -0.386515
   -0.386697
   -0.378103
   -0.369995
   -0.360815
   -0.343687
   -0.330652
   -0.314779
   -0.372141
   -0.371837
   -0.374522
   -0.383829
   -0.383294
   -0.383288
   -0.383791
   -0.385495
   -0.391047
   -0.391978
   -0.391821
   -0.380250
   -0.378750
   -0.372277
   -0.356962
   -0.344855
   -0.375374
   -0.370893
   -0.375577
   -0.375150
   -0.374382
   -0.384062
   -0.384273
   -0.385157
   -0.386341
   -0.387214
   -0.391587
   -0.391610
   -0.392029
   -0.385717
   -0.376781
   -0.377687
   -0.377753
   -0.376150
   -0.367661
   -0.363806
   -0.346609
   -0.418182
   -0.422883
   -0.394650
   -0.343941
   -0.341845
   -0.338499
   -0.354341
   -0.355205
   -0.344861
   -0.343885
   -0.342197
   -0.372938
   -0.366861
   -0.363243
   -0.347822
   -0.351088
   -0.361896
   -0.360831
   -0.336482
   -0.333287
   -0.333689
   -0.357034
   -0.348675
   -0.340691
   -0.344729
   -0.341299
   -0.336718
   -0.370515
   -0.366458
   -0.361248
   -0.353382
   -0.347799
   -0.347402
   -0.340518
   -0.324322
   -0.340527
   -0.357484
   -0.356413
   -0.348086
   -0.344058
   -0.344162
   -0.339290
   -0.334632
   -0.370608
   -0.366115
   -0.363657
   -0.352235
   -0.337362
   -0.346089
   -0.336079
   -0.353209
   -0.361661
   -0.360645
   -0.349414
   -0.341957
   -0.338451
   -0.338332
   -0.335499
   -0.325357
   -0.375561
   -0.370735
   -0.372763
   -0.350673
   -0.340349
   -0.342976
   -0.351486
   -0.357997
   -0.362302
   -0.349690
   -0.346355
   -0.337662
   -0.341587
   -0.334326
   -0.328403
   -0.315307
   -0.380493
   -0.376622
   -0.378834
   -0.369022
   -0.363144
   -0.358866
   -0.353776
   -0.356288
   -0.346975
   -0.349422
   -0.347024
   -0.343954
   -0.336595
   -0.337001
   -0.323175
   -0.309664
   -0.385880
   -0.379476
   -0.385440
   -0.374220
   -0.371549
   -0.371081
   -0.353659
   -0.349261
   -0.347724
   -0.348179
   -0.342112
   -0.341184
   -0.336323
   -0.332383
   -0.321520
   -0.310126
   -0.385410
   -0.383043
   -0.391188
   -0.379949
   -0.379218
   -0.372772
   -0.365471
   -0.352233
   -0.352604
   -0.350491
   -0.346808
   -0.335838
   -0.321987
   -0.319504
   -0.316259
   -0.312840
   -0.384718
   -0.383579
   -0.388423
   -0.381537
   -0.380566
   -0.379218
   -0.375016
   -0.368420
   -0.364031
   -0.355441
   -0.343617
   -0.335745
   -0.320047
   -0.318883
   -0.314740
   -0.316808
   -0.382728
   -0.381925
   -0.384009
   -0.378143
   -0.378188
   -0.386641
   -0.382653
   -0.378767
   -0.370890
   -0.365825
   -0.352471
   -0.337322
   -0.327223
   -0.321267
   -0.314744
   -0.316128
   -0.382946
   -0.381879
   -0.382829
   -0.382737
   -0.384320
   -0.389703
   -0.390302
   -0.386819
   -0.381479
   -0.376497
   -0.372405
   -0.353415
   -0.342582
   -0.331622
   -0.318082
   -0.315494
   -0.383380
   -0.381912
   -0.381456
   -0.383175
   -0.384767
   -0.386579
   -0.387677
   -0.387702
   -0.386864
   -0.387071
   -0.386418
   -0.379115
   -0.364940
   -0.350296
   -0.335586
   -0.324370
   -0.384336
   -0.381540
   -0.382951
   -0.384718
   -0.392811
   -0.392554
   -0.393588
   -0.393609
   -0.395948
   -0.396220
   -0.396832
   -0.389015
   -0.380820
   -0.373993
   -0.362506
   -0.345211
   -0.384858
   -0.380544
   -0.380266
   -0.385020
   -0.384294
   -0.392352
   -0.392590
   -0.394571
   -0.394725
   -0.395925
   -0.400924
   -0.397202
   -0.396384
   -0.389154
   -0.381842
   -0.372697
   -0.384655
   -0.384686
   -0.384405
   -0.383534
   -0.382971
   -0.383525
   -0.392514
   -0.392701
   -0.393210
   -0.393741
   -0.395374
   -0.397249
   -0.401638
   -0.396707
   -0.389569
   -0.385095
   -0.385429
   -0.385561
   -0.384142
   -0.382480
   -0.382067
   -0.392685
   -0.391411
   -0.391075
   -0.391011
   -0.392448
   -0.392724
   -0.394798
   -0.396321
   -0.389334
   -0.389455
   -0.391137
   -0.430808
   -0.431073
   -0.426705
   -0.414837
   -0.395375
   -0.396615
   -0.407384
   -0.387227
   -0.368301
   -0.387455
   -0.396195
   -0.402428
   -0.394790
   -0.390215
   -0.388449
   -0.388182
   -0.430853
   -0.430031
   -0.425754
   -0.418381
   -0.391915
   -0.389600
   -0.392372
   -0.377616
   -0.400008
   -0.402377
   -0.398055
   -0.395099
   -0.393774
   -0.389561
   -0.387022
   -0.384928
   -0.429649
   -0.430385
   -0.426208
   -0.425492
   -0.402060
   -0.388410
   -0.401776
   -0.406910
   -0.406882
   -0.405488
   -0.401223
   -0.395353
   -0.392995
   -0.388054
   -0.382677
   -0.379264
   -0.431018
   -0.431236
   -0.428266
   -0.426823
   -0.421524
   -0.414019
   -0.420363
   -0.410116
   -0.406671
   -0.401093
   -0.399811
   -0.399849
   -0.387543
   -0.382661
   -0.384625
   -0.368359
   -0.431701
   -0.433099
   -0.429185
   -0.433172
   -0.427266
   -0.419704
   -0.420224
   -0.406125
   -0.401229
   -0.398016
   -0.396738
   -0.395639
   -0.391339
   -0.386470
   -0.382856
   -0.370659
   -0.432677
   -0.432787
   -0.428108
   -0.439301
   -0.431608
   -0.427309
   -0.419618
   -0.415075
   -0.399801
   -0.402552
   -0.401879
   -0.399537
   -0.388938
   -0.383604
   -0.378145
   -0.365981
   -0.432169
   -0.430881
   -0.426770
   -0.441299
   -0.435303
   -0.426787
   -0.422999
   -0.421510
   -0.419081
   -0.413802
   -0.406339
   -0.397580
   -0.390070
   -0.379587
   -0.372654
   -0.365723
   -0.444707
   -0.442217
   -0.441962
   -0.434088
   -0.427312
   -0.428386
   -0.431323
   -0.431175
   -0.428519
   -0.421075
   -0.416661
   -0.395219
   -0.384402
   -0.379431
   -0.373416
   -0.369637
   -0.444057
   -0.441376
   -0.441787
   -0.432830
   -0.432632
   -0.435663
   -0.438710
   -0.438721
   -0.431639
   -0.431607
   -0.425732
   -0.415275
   -0.400553
   -0.395064
   -0.387275
   -0.373597
   -0.444443
   -0.441736
   -0.441572
   -0.431505
   -0.433142
   -0.435177
   -0.436247
   -0.436762
   -0.437057
   -0.437453
   -0.432775
   -0.438740
   -0.430564
   -0.415459
   -0.397539
   -0.387897
   -0.444592
   -0.442975
   -0.441966
   -0.434111
   -0.434103
   -0.434190
   -0.442997
   -0.444619
   -0.444721
   -0.447032
   -0.446386
   -0.456263
   -0.452310
   -0.433903
   -0.419486
   -0.404992
   -0.444769
   -0.444697
   -0.444259
   -0.435122
   -0.433444
   -0.433184
   -0.441465
   -0.442811
   -0.444563
   -0.445476
   -0.447597
   -0.457056
   -0.456644
   -0.447733
   -0.433910
   -0.427129
   -0.444943
   -0.444811
   -0.444257
   -0.434506
   -0.433379
   -0.433199
   -0.433999
   -0.443817
   -0.443972
   -0.444079
   -0.445192
   -0.449996
   -0.454303
   -0.451767
   -0.448901
   -0.439611
   -0.444708
   -0.443769
   -0.443895
   -0.433015
   -0.432692
   -0.433248
   -0.434093
   -0.442517
   -0.442279
   -0.442083
   -0.443591
   -0.434755
   -0.436075
   -0.450287
   -0.448098
   -0.440278
   -0.444423
   -0.444463
   -0.443642
   -0.433389
   -0.433714
   -0.433613
   -0.443438
   -0.442787
   -0.442013
   -0.441521
   -0.441526
   -0.430661
   -0.430198
   -0.435710
   -0.445329
   -0.445895
   -0.434195
   -0.434630
   -0.434235
   -0.434425
   -0.434790
   -0.442519
   -0.443432
   -0.443056
   -0.442644
   -0.442198
   -0.441736
   -0.440800
   -0.440604
   -0.440576
   -0.441677
   -0.441221
   -0.404167
   -0.403385
   -0.404104
   -0.383587
   -0.380778
   -0.357017
   -0.352266
   -0.352188
   -0.368787
   -0.364239
   -0.365925
   -0.360971
   -0.359354
   -0.357228
   -0.352579
   -0.349042
   -0.404517
   -0.404809
   -0.404413
   -0.387954
   -0.383354
   -0.374521
   -0.371987
   -0.371248
   -0.370372
   -0.371044
   -0.363449
   -0.360276
   -0.358081
   -0.352890
   -0.348437
   -0.345072
   -0.404720
   -0.404807
   -0.405314
   -0.390684
   -0.389196
   -0.382874
   -0.379594
   -0.373824
   -0.368512
   -0.362650
   -0.360217
   -0.361482
   -0.357242
   -0.352442
   -0.348630
   -0.344417
   -0.404359
   -0.404969
   -0.404162
   -0.390882
   -0.396384
   -0.387929
   -0.384910
   -0.373048
   -0.363086
   -0.363732
   -0.362564
   -0.363304
   -0.358532
   -0.352933
   -0.348742
   -0.336369
   -0.403842
   -0.404195
   -0.402196
   -0.393991
   -0.399179
   -0.391717
   -0.383107
   -0.380854
   -0.375690
   -0.375087
   -0.366241
   -0.363076
   -0.357211
   -0.349809
   -0.345302
   -0.338719
   -0.402865
   -0.403238
   -0.400971
   -0.394303
   -0.391840
   -0.390722
   -0.387818
   -0.387376
   -0.388100
   -0.378819
   -0.373899
   -0.365760
   -0.354026
   -0.348218
   -0.337263
   -0.333988
   -0.402234
   -0.403295
   -0.399951
   -0.394160
   -0.394800
   -0.390381
   -0.393780
   -0.394188
   -0.393416
   -0.388499
   -0.384405
   -0.375111
   -0.358261
   -0.353404
   -0.348958
   -0.338050
   -0.403892
   -0.404823
   -0.401130
   -0.393586
   -0.393483
   -0.395485
   -0.396908
   -0.398459
   -0.397785
   -0.392943
   -0.392806
   -0.387576
   -0.380261
   -0.367158
   -0.357929
   -0.350139
   -0.404324
   -0.404683
   -0.403181
   -0.394098
   -0.395544
   -0.395752
   -0.396187
   -0.396327
   -0.396572
   -0.397424
   -0.399125
   -0.406215
   -0.407191
   -0.389550
   -0.376572
   -0.361821
   -0.404833
   -0.405213
   -0.404565
   -0.396266
   -0.396243
   -0.394103
   -0.394497
   -0.403017
   -0.404779
   -0.405445
   -0.406645
   -0.413364
   -0.417922
   -0.408162
   -0.393996
   -0.384147
   -0.404879
   -0.405190
   -0.405054
   -0.395577
   -0.395144
   -0.393259
   -0.394260
   -0.403452
   -0.404397
   -0.404881
   -0.405418
   -0.413062
   -0.418468
   -0.412901
   -0.408998
   -0.394892
   -0.404613
   -0.405037
   -0.405302
   -0.395311
   -0.394979
   -0.394212
   -0.395066
   -0.394913
   -0.403442
   -0.403231
   -0.403458
   -0.404949
   -0.406965
   -0.411982
   -0.408438
   -0.400589
   -0.404373
   -0.405218
   -0.404874
   -0.394901
   -0.394219
   -0.394295
   -0.393983
   -0.403138
   -0.402421
   -0.402225
   -0.402024
   -0.394953
   -0.392343
   -0.397049
   -0.406718
   -0.407556
   -0.404127
   -0.404573
   -0.404774
   -0.394782
   -0.395196
   -0.394167
   -0.402411
   -0.402756
   -0.402845
   -0.402334
   -0.401664
   -0.392501
   -0.392804
   -0.394821
   -0.404004
   -0.403921
   -0.404289
   -0.404176
   -0.404404
   -0.395375
   -0.395590
   -0.395417
   -0.403631
   -0.403514
   -0.403444
   -0.403216
   -0.402711
   -0.401202
   -0.391605
   -0.400922
   -0.402566
   -0.402985
   -0.394700
   -0.394518
   -0.395148
   -0.395554
   -0.395853
   -0.395113
   -0.403890
   -0.403902
   -0.404096
   -0.403500
   -0.403586
   -0.394564
   -0.394153
   -0.394501
   -0.394499
   -0.393858
