   -0.400953
   -0.400931
   -0.400960
   -0.400873
   -0.400897
   -0.400888
   -0.400894
   -0.400892
   -0.400841
   -0.400867
   -0.400799
   -0.400663
   -0.400720
   -0.400806
   -0.400386
   -0.400788
   -0.396755
   -0.401161
   -0.400914
   -0.401084
   -0.400860
   -0.401085
   -0.400870
   -0.401054
   -0.400859
   -0.401067
   -0.400959
   -0.401136
   -0.401184
   -0.401064
   -0.400730
   -0.401794
   -0.396835
   -0.400925
   -0.400966
   -0.400868
   -0.400901
   -0.400878
   -0.400889
   -0.400866
   -0.400849
   -0.400973
   -0.400951
   -0.401090
   -0.400811
   -0.400968
   -0.401152
   -0.401957
   -0.396761
   -0.401155
   -0.400919
   -0.401079
   -0.400866
   -0.401075
   -0.400867
   -0.401048
   -0.400869
   -0.401094
   -0.400975
   -0.401598
   -0.400791
   -0.400724
   -0.400572
   -0.402105
   -0.396818
   -0.400941
   -0.400952
   -0.400882
   -0.400887
   -0.400891
   -0.400877
   -0.400876
   -0.400841
   -0.400970
   -0.401344
   -0.401253
   -0.400576
   -0.400555
   -0.400412
   -0.401661
   -0.396770
   -0.401149
   -0.400924
   -0.401075
   -0.400865
   -0.401071
   -0.400867
   -0.401050
   -0.400864
   -0.401102
   -0.401392
   -0.401441
   -0.400927
   -0.399968
   -0.401166
   -0.401600
   -0.396785
   -0.400970
   -0.400925
   -0.400906
   -0.400860
   -0.400908
   -0.400861
   -0.400908
   -0.400850
   -0.400977
   -0.401339
   -0.401354
   -0.401307
   -0.401598
   -0.401612
   -0.401569
   -0.396792
   -0.401130
   -0.400939
   -0.401061
   -0.400877
   -0.401061
   -0.400874
   -0.401063
   -0.400882
   -0.401051
   -0.401317
   -0.399690
   -0.401324
   -0.402553
   -0.402678
   -0.401504
   -0.396755
   -0.400996
   -0.400901
   -0.400930
   -0.400838
   -0.400928
   -0.400841
   -0.400926
   -0.400835
   -0.400935
   -0.401258
   -0.399582
   -0.401263
   -0.402755
   -0.403331
   -0.402801
   -0.396817
   -0.401108
   -0.400960
   -0.401042
   -0.400895
   -0.401044
   -0.400891
   -0.401048
   -0.400894
   -0.401043
   -0.401324
   -0.399685
   -0.400785
   -0.401718
   -0.401585
   -0.396928
   -0.396747
   -0.401005
   -0.400892
   -0.400939
   -0.400828
   -0.400938
   -0.400831
   -0.400936
   -0.400828
   -0.400941
   -0.401252
   -0.399587
   -0.400718
   -0.400253
   -0.400559
   -0.400578
   -0.396808
   -0.401117
   -0.400952
   -0.401048
   -0.400891
   -0.401048
   -0.400888
   -0.401051
   -0.400889
   -0.401048
   -0.401319
   -0.399048
   -0.399184
   -0.398580
   -0.400337
   -0.396861
   -0.396745
   -0.401008
   -0.400889
   -0.400944
   -0.400822
   -0.400945
   -0.400823
   -0.400943
   -0.400822
   -0.400945
   -0.401248
   -0.398951
   -0.399125
   -0.398843
   -0.396682
   -0.395603
   -0.396813
   -0.401110
   -0.400959
   -0.401040
   -0.400899
   -0.401040
   -0.400897
   -0.401043
   -0.400895
   -0.401043
   -0.400895
   -0.399290
   -0.399726
   -0.399882
   -0.400296
   -0.400466
   -0.396746
   -0.401006
   -0.400891
   -0.400941
   -0.400825
   -0.400942
   -0.400827
   -0.400938
   -0.400830
   -0.400936
   -0.400830
   -0.399185
   -0.399673
   -0.400186
   -0.401105
   -0.402155
   -0.396173
   -0.401071
   -0.400975
   -0.401024
   -0.400914
   -0.401025
   -0.400911
   -0.401030
   -0.400906
   -0.401034
   -0.400904
   -0.401037
   -0.400898
   -0.401046
   -0.400969
   -0.397156
   -0.436056
   -0.436426
   -0.436104
   -0.436577
   -0.436258
   -0.436533
   -0.436295
   -0.436532
   -0.436311
   -0.436488
   -0.436315
   -0.437286
   -0.436437
   -0.435795
   -0.436354
   -0.436879
   -0.431819
   -0.436277
   -0.436416
   -0.436470
   -0.436519
   -0.436481
   -0.436500
   -0.436516
   -0.436484
   -0.436535
   -0.436522
   -0.436989
   -0.435814
   -0.436069
   -0.436953
   -0.437674
   -0.431486
   -0.436413
   -0.436115
   -0.436567
   -0.436265
   -0.436554
   -0.436306
   -0.436518
   -0.436312
   -0.436510
   -0.436439
   -0.436093
   -0.435476
   -0.436164
   -0.436853
   -0.436557
   -0.431777
   -0.436318
   -0.436376
   -0.436508
   -0.436484
   -0.436534
   -0.436479
   -0.436541
   -0.436457
   -0.436575
   -0.436504
   -0.435563
   -0.435658
   -0.435368
   -0.437164
   -0.435386
   -0.431500
   -0.436399
   -0.436128
   -0.436557
   -0.436271
   -0.436548
   -0.436309
   -0.436515
   -0.436314
   -0.436514
   -0.436247
   -0.435268
   -0.435833
   -0.436489
   -0.436903
   -0.435109
   -0.431745
   -0.436351
   -0.436346
   -0.436536
   -0.436478
   -0.436551
   -0.436458
   -0.436561
   -0.436439
   -0.436591
   -0.436330
   -0.434166
   -0.436696
   -0.437791
   -0.438600
   -0.432226
   -0.431529
   -0.436370
   -0.436155
   -0.436532
   -0.436312
   -0.436519
   -0.436328
   -0.436505
   -0.436338
   -0.436501
   -0.436257
   -0.434683
   -0.436913
   -0.437902
   -0.439192
   -0.433546
   -0.431749
   -0.436347
   -0.436350
   -0.436532
   -0.436483
   -0.436546
   -0.436465
   -0.436561
   -0.436455
   -0.436573
   -0.436278
   -0.435733
   -0.436271
   -0.446184
   -0.437114
   -0.436863
   -0.431548
   -0.436350
   -0.436173
   -0.436513
   -0.436330
   -0.436501
   -0.436346
   -0.436487
   -0.436356
   -0.436476
   -0.436207
   -0.435614
   -0.436223
   -0.435897
   -0.436035
   -0.436036
   -0.431738
   -0.436360
   -0.436339
   -0.436543
   -0.436472
   -0.436557
   -0.436455
   -0.436572
   -0.436443
   -0.436584
   -0.436268
   -0.435742
   -0.430689
   -0.425701
   -0.422644
   -0.432023
   -0.431556
   -0.436342
   -0.436179
   -0.436507
   -0.436335
   -0.436496
   -0.436349
   -0.436482
   -0.436361
   -0.436471
   -0.436211
   -0.435611
   -0.430654
   -0.417127
   -0.418605
   -0.426085
   -0.431721
   -0.436375
   -0.436326
   -0.436554
   -0.436462
   -0.436566
   -0.436448
   -0.436579
   -0.436435
   -0.436592
   -0.436261
   -0.435992
   -0.431603
   -0.422990
   -0.422806
   -0.431460
   -0.431572
   -0.436327
   -0.436192
   -0.436496
   -0.436344
   -0.436488
   -0.436356
   -0.436475
   -0.436368
   -0.436463
   -0.436219
   -0.435844
   -0.431584
   -0.427227
   -0.426682
   -0.432160
   -0.431707
   -0.436388
   -0.436317
   -0.436562
   -0.436457
   -0.436569
   -0.436448
   -0.436579
   -0.436437
   -0.436590
   -0.436425
   -0.437743
   -0.437175
   -0.437374
   -0.432070
   -0.432306
   -0.431602
   -0.436299
   -0.436216
   -0.436475
   -0.436364
   -0.436471
   -0.436369
   -0.436463
   -0.436379
   -0.436454
   -0.436388
   -0.437587
   -0.437159
   -0.437032
   -0.431771
   -0.443809
   -0.431501
   -0.436407
   -0.436307
   -0.436571
   -0.436449
   -0.436577
   -0.436441
   -0.436587
   -0.436429
   -0.436597
   -0.436419
   -0.436607
   -0.436408
   -0.436621
   -0.436972
   -0.436682
   -0.381457
   -0.382344
   -0.381486
   -0.382394
   -0.381704
   -0.382298
   -0.381767
   -0.382232
   -0.381928
   -0.382311
   -0.382078
   -0.382638
   -0.382292
   -0.382586
   -0.383279
   -0.382352
   -0.377846
   -0.381403
   -0.382263
   -0.381637
   -0.382317
   -0.381692
   -0.382234
   -0.381825
   -0.382250
   -0.381789
   -0.381927
   -0.381519
   -0.381446
   -0.382001
   -0.382415
   -0.379531
   -0.376948
   -0.382281
   -0.381539
   -0.382349
   -0.381744
   -0.382275
   -0.381816
   -0.382274
   -0.381940
   -0.381972
   -0.381641
   -0.381713
   -0.382306
   -0.382007
   -0.381006
   -0.379090
   -0.377756
   -0.381484
   -0.382194
   -0.381699
   -0.382263
   -0.381748
   -0.382212
   -0.381868
   -0.382199
   -0.381728
   -0.381864
   -0.380599
   -0.382579
   -0.383168
   -0.382784
   -0.376417
   -0.377049
   -0.382190
   -0.381620
   -0.382277
   -0.381808
   -0.382217
   -0.381866
   -0.382230
   -0.381975
   -0.381967
   -0.380587
   -0.381456
   -0.382891
   -0.383085
   -0.383101
   -0.377443
   -0.377677
   -0.381554
   -0.382134
   -0.381750
   -0.382227
   -0.381794
   -0.382183
   -0.381891
   -0.382184
   -0.381738
   -0.380696
   -0.381433
   -0.381904
   -0.390395
   -0.380720
   -0.378927
   -0.377146
   -0.382102
   -0.381697
   -0.382209
   -0.381874
   -0.382175
   -0.381908
   -0.382141
   -0.381950
   -0.381945
   -0.380601
   -0.381324
   -0.380542
   -0.379766
   -0.379100
   -0.378351
   -0.377585
   -0.381636
   -0.382061
   -0.381815
   -0.382171
   -0.381843
   -0.382143
   -0.381871
   -0.382108
   -0.381909
   -0.380907
   -0.394539
   -0.380888
   -0.377542
   -0.368266
   -0.377741
   -0.377234
   -0.382021
   -0.381769
   -0.382143
   -0.381934
   -0.382121
   -0.381956
   -0.382099
   -0.381984
   -0.382068
   -0.380842
   -0.394654
   -0.380859
   -0.368451
   -0.363659
   -0.371111
   -0.377505
   -0.381710
   -0.381994
   -0.381877
   -0.382113
   -0.381897
   -0.382094
   -0.381915
   -0.382071
   -0.381941
   -0.380880
   -0.394560
   -0.381251
   -0.371985
   -0.367289
   -0.377376
   -0.377301
   -0.381959
   -0.381826
   -0.382089
   -0.381985
   -0.382074
   -0.381999
   -0.382059
   -0.382017
   -0.382039
   -0.380867
   -0.394635
   -0.381254
   -0.375698
   -0.371343
   -0.377631
   -0.377459
   -0.381753
   -0.381956
   -0.381912
   -0.382081
   -0.381927
   -0.382067
   -0.381940
   -0.382052
   -0.381957
   -0.380868
   -0.396321
   -0.391221
   -0.390394
   -0.376473
   -0.377735
   -0.377357
   -0.381906
   -0.381872
   -0.382046
   -0.382024
   -0.382036
   -0.382034
   -0.382028
   -0.382042
   -0.382017
   -0.380885
   -0.396372
   -0.391235
   -0.390832
   -0.376304
   -0.389291
   -0.377403
   -0.381805
   -0.381912
   -0.381952
   -0.382045
   -0.381959
   -0.382039
   -0.381964
   -0.382034
   -0.381972
   -0.382027
   -0.395182
   -0.390840
   -0.390774
   -0.382228
   -0.382162
   -0.377389
   -0.381877
   -0.381894
   -0.382028
   -0.382039
   -0.382023
   -0.382043
   -0.382022
   -0.382043
   -0.382018
   -0.382047
   -0.395236
   -0.390847
   -0.389669
   -0.379913
   -0.381798
   -0.382136
   -0.381900
   -0.381885
   -0.381977
   -0.382023
   -0.381980
   -0.382020
   -0.381980
   -0.382022
   -0.381983
   -0.382019
   -0.381977
   -0.382027
   -0.381974
   -0.381643
   -0.381013
   -0.375157
   -0.375087
   -0.375105
   -0.374553
   -0.374717
   -0.374609
   -0.374698
   -0.374522
   -0.374679
   -0.374552
   -0.374733
   -0.372104
   -0.374407
   -0.376308
   -0.374399
   -0.373349
   -0.370960
   -0.375027
   -0.375001
   -0.374506
   -0.374597
   -0.374550
   -0.374577
   -0.374511
   -0.374549
   -0.374539
   -0.374430
   -0.373421
   -0.376474
   -0.375952
   -0.372988
   -0.369140
   -0.371084
   -0.375046
   -0.375141
   -0.374519
   -0.374747
   -0.374500
   -0.374695
   -0.374520
   -0.374703
   -0.374558
   -0.374506
   -0.375717
   -0.377133
   -0.375409
   -0.373580
   -0.372240
   -0.370966
   -0.375017
   -0.375016
   -0.374489
   -0.374616
   -0.374475
   -0.374565
   -0.374500
   -0.374572
   -0.374502
   -0.374448
   -0.377740
   -0.376601
   -0.383356
   -0.372271
   -0.376708
   -0.371104
   -0.375031
   -0.375154
   -0.374507
   -0.374757
   -0.374492
   -0.374700
   -0.374516
   -0.374707
   -0.374535
   -0.375323
   -0.378130
   -0.375964
   -0.374215
   -0.372888
   -0.377012
   -0.370968
   -0.375012
   -0.375022
   -0.374482
   -0.374571
   -0.374482
   -0.374575
   -0.374490
   -0.374583
   -0.374494
   -0.375216
   -0.390049
   -0.373832
   -0.371267
   -0.360185
   -0.372774
   -0.371080
   -0.375055
   -0.375128
   -0.374533
   -0.374678
   -0.374534
   -0.374672
   -0.374536
   -0.374671
   -0.374561
   -0.375299
   -0.388374
   -0.373516
   -0.362525
   -0.356051
   -0.366099
   -0.370955
   -0.375023
   -0.375013
   -0.374492
   -0.374563
   -0.374489
   -0.374571
   -0.374485
   -0.374574
   -0.374478
   -0.375342
   -0.389970
   -0.375339
   -0.364126
   -0.359838
   -0.369325
   -0.371072
   -0.375065
   -0.375117
   -0.374545
   -0.374663
   -0.374552
   -0.374652
   -0.374559
   -0.374644
   -0.374569
   -0.375398
   -0.390066
   -0.375401
   -0.369019
   -0.364311
   -0.370540
   -0.370957
   -0.375020
   -0.375017
   -0.374487
   -0.374571
   -0.374479
   -0.374584
   -0.374470
   -0.374593
   -0.374460
   -0.375360
   -0.389954
   -0.384745
   -0.384441
   -0.370792
   -0.370328
   -0.371077
   -0.375062
   -0.375119
   -0.374544
   -0.374661
   -0.374556
   -0.374644
   -0.374570
   -0.374631
   -0.374582
   -0.375384
   -0.390077
   -0.384781
   -0.386096
   -0.371801
   -0.384167
   -0.370956
   -0.375020
   -0.375018
   -0.374485
   -0.374575
   -0.374471
   -0.374594
   -0.374456
   -0.374609
   -0.374444
   -0.375376
   -0.388799
   -0.384758
   -0.385773
   -0.375973
   -0.374728
   -0.371067
   -0.375071
   -0.375110
   -0.374552
   -0.374651
   -0.374569
   -0.374629
   -0.374588
   -0.374609
   -0.374604
   -0.375362
   -0.388956
   -0.384760
   -0.385332
   -0.376237
   -0.377160
   -0.370969
   -0.375008
   -0.375029
   -0.374475
   -0.374588
   -0.374457
   -0.374611
   -0.374436
   -0.374633
   -0.374420
   -0.374641
   -0.375561
   -0.375396
   -0.375188
   -0.374837
   -0.374632
   -0.371052
   -0.375085
   -0.375096
   -0.374566
   -0.374634
   -0.374588
   -0.374606
   -0.374614
   -0.374579
   -0.374634
   -0.374569
   -0.375777
   -0.375334
   -0.376153
   -0.376295
   -0.383433
   -0.375736
   -0.374969
   -0.375033
   -0.374471
   -0.374595
   -0.374446
   -0.374627
   -0.374416
   -0.374658
   -0.374394
   -0.374669
   -0.374393
   -0.374663
   -0.374398
   -0.370262
   -0.370834
   -0.394271
   -0.394507
   -0.394472
   -0.394245
   -0.394202
   -0.394267
   -0.394273
   -0.394230
   -0.394072
   -0.393770
   -0.393832
   -0.387575
   -0.387778
   -0.389385
   -0.387943
   -0.390778
   -0.394355
   -0.394510
   -0.394525
   -0.394222
   -0.394248
   -0.394279
   -0.394259
   -0.394141
   -0.393986
   -0.394451
   -0.394740
   -0.392852
   -0.395417
   -0.393764
   -0.393460
   -0.405656
   -0.394367
   -0.394479
   -0.394501
   -0.394215
   -0.394229
   -0.394230
   -0.394239
   -0.394026
   -0.394094
   -0.394677
   -0.395168
   -0.392092
   -0.389888
   -0.394102
   -0.403142
   -0.409127
   -0.394346
   -0.394524
   -0.394510
   -0.394239
   -0.394232
   -0.394287
   -0.394205
   -0.394124
   -0.394047
   -0.394696
   -0.394870
   -0.402905
   -0.392161
   -0.390889
   -0.389776
   -0.403109
   -0.394364
   -0.394478
   -0.394505
   -0.394208
   -0.394234
   -0.394224
   -0.394244
   -0.394021
   -0.394099
   -0.394608
   -0.403701
   -0.400705
   -0.391414
   -0.385644
   -0.388838
   -0.400301
   -0.394326
   -0.394548
   -0.394483
   -0.394268
   -0.394196
   -0.394284
   -0.394178
   -0.394152
   -0.394019
   -0.394727
   -0.403645
   -0.408021
   -0.394777
   -0.392593
   -0.393795
   -0.411252
   -0.394360
   -0.394479
   -0.394506
   -0.394206
   -0.394227
   -0.394192
   -0.394245
   -0.394173
   -0.394253
   -0.394603
   -0.403708
   -0.409051
   -0.404423
   -0.401672
   -0.402683
   -0.412227
   -0.394318
   -0.394558
   -0.394472
   -0.394280
   -0.394187
   -0.394293
   -0.394170
   -0.394312
   -0.394160
   -0.394311
   -0.402972
   -0.406919
   -0.402958
   -0.393992
   -0.390344
   -0.390135
   -0.394368
   -0.394469
   -0.394515
   -0.394197
   -0.394235
   -0.394184
   -0.394252
   -0.394165
   -0.394263
   -0.394163
   -0.403071
   -0.406763
   -0.403080
   -0.395508
   -0.395857
   -0.408117
   -0.394323
   -0.394554
   -0.394475
   -0.394278
   -0.394190
   -0.394292
   -0.394170
   -0.394314
   -0.394155
   -0.394322
   -0.402957
   -0.406940
   -0.403772
   -0.405261
   -0.395717
   -0.394460
   -0.394360
   -0.394475
   -0.394510
   -0.394200
   -0.394230
   -0.394186
   -0.394251
   -0.394164
   -0.394267
   -0.394154
   -0.403084
   -0.406744
   -0.403946
   -0.404584
   -0.395429
   -0.395579
   -0.394324
   -0.394554
   -0.394474
   -0.394279
   -0.394189
   -0.394294
   -0.394167
   -0.394318
   -0.394148
   -0.394332
   -0.402943
   -0.393747
   -0.393775
   -0.394234
   -0.394892
   -0.394954
   -0.394349
   -0.394485
   -0.394503
   -0.394207
   -0.394224
   -0.394191
   -0.394248
   -0.394165
   -0.394268
   -0.394148
   -0.403093
   -0.393517
   -0.393992
   -0.393836
   -0.403692
   -0.405960
   -0.394341
   -0.394540
   -0.394485
   -0.394271
   -0.394196
   -0.394291
   -0.394168
   -0.394321
   -0.394142
   -0.394343
   -0.394121
   -0.392626
   -0.392909
   -0.393264
   -0.389705
   -0.390168
   -0.394338
   -0.394493
   -0.394498
   -0.394208
   -0.394225
   -0.394185
   -0.394257
   -0.394151
   -0.394286
   -0.394126
   -0.394310
   -0.392344
   -0.393188
   -0.401678
   -0.407694
   -0.407809
   -0.394208
   -0.394361
   -0.394495
   -0.394264
   -0.394200
   -0.394293
   -0.394161
   -0.394333
   -0.394126
   -0.394363
   -0.394096
   -0.394402
   -0.394041
   -0.394468
   -0.393606
   -0.402721
   -0.390555
   -0.390432
   -0.390685
   -0.394851
   -0.394732
   -0.394659
   -0.394792
   -0.394878
   -0.394919
   -0.394939
   -0.394784
   -0.404021
   -0.389200
   -0.380011
   -0.394591
   -0.396605
   -0.390965
   -0.390547
   -0.390658
   -0.394957
   -0.394710
   -0.394843
   -0.394741
   -0.395021
   -0.394872
   -0.394841
   -0.395052
   -0.401479
   -0.383426
   -0.385233
   -0.408071
   -0.408923
   -0.390980
   -0.390449
   -0.390669
   -0.394865
   -0.394717
   -0.394903
   -0.394873
   -0.394878
   -0.394899
   -0.394629
   -0.395133
   -0.386618
   -0.377863
   -0.389580
   -0.412230
   -0.393355
   -0.390931
   -0.390580
   -0.390625
   -0.394991
   -0.394678
   -0.395028
   -0.394824
   -0.395017
   -0.394834
   -0.394843
   -0.395008
   -0.380161
   -0.381062
   -0.392091
   -0.408455
   -0.382202
   -0.390983
   -0.390447
   -0.390671
   -0.394864
   -0.394718
   -0.394902
   -0.394872
   -0.394880
   -0.394894
   -0.394698
   -0.395817
   -0.376783
   -0.386247
   -0.392799
   -0.404411
   -0.379262
   -0.390934
   -0.390577
   -0.390627
   -0.394990
   -0.394832
   -0.394991
   -0.394826
   -0.395015
   -0.394837
   -0.394839
   -0.395773
   -0.388224
   -0.402482
   -0.394224
   -0.405415
   -0.392449
   -0.390979
   -0.390451
   -0.390667
   -0.394867
   -0.394867
   -0.394866
   -0.394873
   -0.394860
   -0.394878
   -0.394696
   -0.395819
   -0.401319
   -0.412068
   -0.396229
   -0.411150
   -0.410584
   -0.390959
   -0.390551
   -0.390653
   -0.394964
   -0.394858
   -0.394967
   -0.394850
   -0.394975
   -0.394842
   -0.394979
   -0.395608
   -0.394124
   -0.395615
   -0.396630
   -0.396482
   -0.395226
   -0.390976
   -0.390456
   -0.390663
   -0.394871
   -0.394862
   -0.394868
   -0.394871
   -0.394860
   -0.394879
   -0.394855
   -0.395636
   -0.394017
   -0.395615
   -0.395711
   -0.396332
   -0.396782
   -0.390974
   -0.390536
   -0.390668
   -0.394950
   -0.394872
   -0.394956
   -0.394860
   -0.394967
   -0.394849
   -0.394974
   -0.395613
   -0.394120
   -0.394243
   -0.394287
   -0.395055
   -0.395456
   -0.390948
   -0.390482
   -0.390638
   -0.394893
   -0.394843
   -0.394884
   -0.394857
   -0.394871
   -0.394868
   -0.394865
   -0.395627
   -0.394025
   -0.394228
   -0.393715
   -0.394724
   -0.393403
   -0.390998
   -0.390513
   -0.390689
   -0.394931
   -0.394888
   -0.394942
   -0.394872
   -0.394956
   -0.394859
   -0.394965
   -0.395622
   -0.392971
   -0.393331
   -0.392983
   -0.394318
   -0.394817
   -0.390938
   -0.390492
   -0.390629
   -0.394901
   -0.394835
   -0.394890
   -0.394851
   -0.394876
   -0.394863
   -0.394870
   -0.395621
   -0.392889
   -0.393300
   -0.393143
   -0.395233
   -0.395686
   -0.390993
   -0.390517
   -0.390685
   -0.394935
   -0.394884
   -0.394948
   -0.394869
   -0.394959
   -0.394858
   -0.394965
   -0.394862
   -0.394714
   -0.394715
   -0.394777
   -0.394296
   -0.394315
   -0.390949
   -0.390482
   -0.390638
   -0.394893
   -0.394843
   -0.394882
   -0.394857
   -0.394872
   -0.394866
   -0.394868
   -0.394859
   -0.394641
   -0.394679
   -0.395503
   -0.395751
   -0.395300
   -0.390378
   -0.390661
   -0.390686
   -0.394934
   -0.394886
   -0.394947
   -0.394870
   -0.394958
   -0.394860
   -0.394962
   -0.394867
   -0.394946
   -0.394888
   -0.394923
   -0.395489
   -0.396216
   -0.384180
   -0.383451
   -0.383495
   -0.388549
   -0.388666
   -0.388499
   -0.388492
   -0.388497
   -0.389038
   -0.389821
   -0.389697
   -0.383424
   -0.373148
   -0.383499
   -0.405815
   -0.385910
   -0.383962
   -0.383535
   -0.383382
   -0.388611
   -0.388576
   -0.388510
   -0.388500
   -0.388901
   -0.389228
   -0.388038
   -0.387102
   -0.375465
   -0.374441
   -0.387235
   -0.403715
   -0.375034
   -0.384080
   -0.383482
   -0.383466
   -0.388576
   -0.388641
   -0.388493
   -0.388604
   -0.389036
   -0.389021
   -0.387288
   -0.385863
   -0.370732
   -0.379797
   -0.387668
   -0.398901
   -0.370458
   -0.383987
   -0.383512
   -0.383403
   -0.388592
   -0.388594
   -0.388477
   -0.388594
   -0.388989
   -0.389024
   -0.387392
   -0.386687
   -0.381245
   -0.395862
   -0.388582
   -0.399126
   -0.381651
   -0.384067
   -0.383494
   -0.383455
   -0.388585
   -0.388632
   -0.388500
   -0.388600
   -0.389038
   -0.389021
   -0.387442
   -0.385526
   -0.394116
   -0.405045
   -0.389364
   -0.403163
   -0.398908
   -0.384012
   -0.383489
   -0.383426
   -0.388569
   -0.388599
   -0.388557
   -0.388611
   -0.388974
   -0.389037
   -0.387382
   -0.385530
   -0.387332
   -0.390127
   -0.389831
   -0.389601
   -0.385930
   -0.384066
   -0.383493
   -0.383457
   -0.388583
   -0.388616
   -0.388595
   -0.388605
   -0.388603
   -0.388604
   -0.387430
   -0.385539
   -0.388501
   -0.389722
   -0.388430
   -0.388911
   -0.387552
   -0.384022
   -0.383481
   -0.383433
   -0.388564
   -0.388604
   -0.388555
   -0.388610
   -0.388552
   -0.388606
   -0.388563
   -0.387429
   -0.387222
   -0.387427
   -0.388537
   -0.388772
   -0.389078
   -0.384047
   -0.383509
   -0.383444
   -0.388595
   -0.388605
   -0.388602
   -0.388601
   -0.388603
   -0.388607
   -0.388588
   -0.387458
   -0.387219
   -0.387463
   -0.388013
   -0.387949
   -0.386474
   -0.384034
   -0.383472
   -0.383439
   -0.388560
   -0.388606
   -0.388556
   -0.388606
   -0.388559
   -0.388596
   -0.388577
   -0.387411
   -0.387243
   -0.387237
   -0.386826
   -0.387972
   -0.388542
   -0.384042
   -0.383513
   -0.383442
   -0.388594
   -0.388607
   -0.388596
   -0.388610
   -0.388591
   -0.388622
   -0.388569
   -0.387480
   -0.387194
   -0.387319
   -0.386968
   -0.388284
   -0.388157
   -0.384037
   -0.383469
   -0.383440
   -0.388561
   -0.388604
   -0.388562
   -0.388597
   -0.388572
   -0.388581
   -0.388597
   -0.387389
   -0.389013
   -0.388803
   -0.388857
   -0.388296
   -0.388300
   -0.384039
   -0.383515
   -0.383441
   -0.388593
   -0.388609
   -0.388592
   -0.388617
   -0.388581
   -0.388633
   -0.388555
   -0.387497
   -0.388924
   -0.388936
   -0.388770
   -0.387374
   -0.387237
   -0.384038
   -0.383469
   -0.383440
   -0.388563
   -0.388604
   -0.388563
   -0.388594
   -0.388575
   -0.388578
   -0.388602
   -0.388546
   -0.389263
   -0.388965
   -0.389052
   -0.389099
   -0.389174
   -0.384042
   -0.383512
   -0.383443
   -0.388591
   -0.388607
   -0.388594
   -0.388616
   -0.388582
   -0.388631
   -0.388557
   -0.388662
   -0.389171
   -0.389099
   -0.387794
   -0.386930
   -0.386612
   -0.383993
   -0.383911
   -0.383436
   -0.388566
   -0.388605
   -0.388561
   -0.388596
   -0.388573
   -0.388582
   -0.388598
   -0.388550
   -0.388624
   -0.388543
   -0.388620
   -0.388605
   -0.387683
   -0.385265
   -0.385538
   -0.385047
   -0.389177
   -0.389663
   -0.389740
   -0.389547
   -0.389108
   -0.389055
   -0.388583
   -0.389249
   -0.378548
   -0.384974
   -0.398904
   -0.400760
   -0.372804
   -0.384989
   -0.385601
   -0.384948
   -0.389205
   -0.389586
   -0.389554
   -0.389511
   -0.388958
   -0.388939
   -0.389696
   -0.388998
   -0.395145
   -0.402020
   -0.398745
   -0.397395
   -0.381513
   -0.385130
   -0.385521
   -0.385064
   -0.389159
   -0.389681
   -0.389081
   -0.389254
   -0.389004
   -0.389076
   -0.390164
   -0.389219
   -0.405342
   -0.411903
   -0.398183
   -0.400701
   -0.400411
   -0.385001
   -0.385591
   -0.384958
   -0.389197
   -0.389595
   -0.389119
   -0.389173
   -0.389025
   -0.389028
   -0.389931
   -0.389167
   -0.404731
   -0.401279
   -0.399246
   -0.388291
   -0.390370
   -0.385131
   -0.385518
   -0.385067
   -0.389152
   -0.389687
   -0.389075
   -0.389259
   -0.388997
   -0.389084
   -0.389935
   -0.389053
   -0.406461
   -0.401492
   -0.398908
   -0.389291
   -0.392469
   -0.385012
   -0.385583
   -0.384966
   -0.389193
   -0.389171
   -0.389193
   -0.389174
   -0.389025
   -0.389025
   -0.389937
   -0.389000
   -0.403371
   -0.396840
   -0.397784
   -0.387395
   -0.389300
   -0.385122
   -0.385524
   -0.385064
   -0.389151
   -0.389263
   -0.389151
   -0.389260
   -0.389157
   -0.389250
   -0.389928
   -0.389061
   -0.401612
   -0.395558
   -0.397173
   -0.386486
   -0.386731
   -0.385021
   -0.385577
   -0.384968
   -0.389195
   -0.389166
   -0.389199
   -0.389166
   -0.389197
   -0.389172
   -0.389191
   -0.389011
   -0.389615
   -0.389012
   -0.388609
   -0.388581
   -0.389067
   -0.385096
   -0.385546
   -0.385045
   -0.389166
   -0.389251
   -0.389162
   -0.389252
   -0.389162
   -0.389248
   -0.389165
   -0.389091
   -0.389581
   -0.389102
   -0.388907
   -0.388807
   -0.388667
   -0.385034
   -0.385566
   -0.384977
   -0.389191
   -0.389169
   -0.389197
   -0.389165
   -0.389201
   -0.389164
   -0.389203
   -0.388995
   -0.389636
   -0.389486
   -0.389623
   -0.389124
   -0.388905
   -0.385091
   -0.385550
   -0.385041
   -0.389167
   -0.389251
   -0.389161
   -0.389255
   -0.389155
   -0.389259
   -0.389151
   -0.389109
   -0.389557
   -0.389632
   -0.389675
   -0.389379
   -0.389643
   -0.385035
   -0.385565
   -0.384978
   -0.389192
   -0.389168
   -0.389200
   -0.389160
   -0.389210
   -0.389151
   -0.389220
   -0.388975
   -0.389902
   -0.389634
   -0.389931
   -0.389318
   -0.389330
   -0.385091
   -0.385551
   -0.385041
   -0.389164
   -0.389255
   -0.389153
   -0.389266
   -0.389139
   -0.389280
   -0.389124
   -0.389140
   -0.389760
   -0.389857
   -0.389660
   -0.389342
   -0.388857
   -0.385046
   -0.385556
   -0.384986
   -0.389188
   -0.389168
   -0.389205
   -0.389151
   -0.389227
   -0.389128
   -0.389251
   -0.389097
   -0.389314
   -0.389075
   -0.389345
   -0.389178
   -0.389563
   -0.385081
   -0.385559
   -0.385035
   -0.389166
   -0.389257
   -0.389147
   -0.389277
   -0.389121
   -0.389305
   -0.389092
   -0.389340
   -0.389074
   -0.389406
   -0.388858
   -0.389265
   -0.389070
   -0.385174
   -0.385034
   -0.384984
   -0.389194
   -0.389159
   -0.389219
   -0.389132
   -0.389252
   -0.389097
   -0.389288
   -0.389053
   -0.389343
   -0.388995
   -0.389398
   -0.388730
   -0.389108
   -0.384959
   -0.389067
   -0.389701
   -0.389217
   -0.389205
   -0.389316
   -0.389625
   -0.389572
   -0.388149
   -0.383139
   -0.383360
   -0.405546
   -0.411934
   -0.399089
   -0.400720
   -0.400790
   -0.384686
   -0.389388
   -0.389472
   -0.389441
   -0.389069
   -0.389545
   -0.389393
   -0.388525
   -0.387525
   -0.396436
   -0.402089
   -0.405854
   -0.401915
   -0.399854
   -0.388071
   -0.390883
   -0.384986
   -0.389073
   -0.389700
   -0.389212
   -0.389214
   -0.389546
   -0.389349
   -0.388094
   -0.388167
   -0.401324
   -0.411319
   -0.407362
   -0.401979
   -0.399705
   -0.389384
   -0.393402
   -0.384710
   -0.389370
   -0.389486
   -0.389434
   -0.389072
   -0.389709
   -0.389251
   -0.388233
   -0.388102
   -0.398192
   -0.403247
   -0.404977
   -0.397936
   -0.398739
   -0.387677
   -0.390677
   -0.384955
   -0.389098
   -0.389679
   -0.389226
   -0.389205
   -0.389550
   -0.389347
   -0.388093
   -0.388168
   -0.398085
   -0.403719
   -0.403223
   -0.396714
   -0.398426
   -0.387195
   -0.388358
   -0.384742
   -0.389343
   -0.389508
   -0.389420
   -0.389243
   -0.389404
   -0.389253
   -0.388233
   -0.388100
   -0.398196
   -0.403668
   -0.391269
   -0.389873
   -0.389986
   -0.389080
   -0.390300
   -0.384915
   -0.389133
   -0.389647
   -0.389251
   -0.389347
   -0.389263
   -0.389339
   -0.389267
   -0.389330
   -0.398086
   -0.403719
   -0.390931
   -0.390190
   -0.390430
   -0.389486
   -0.389857
   -0.384767
   -0.389321
   -0.389527
   -0.389406
   -0.389253
   -0.389398
   -0.389258
   -0.389397
   -0.389263
   -0.389387
   -0.389696
   -0.389824
   -0.389688
   -0.389473
   -0.389233
   -0.389119
   -0.384890
   -0.389155
   -0.389628
   -0.389265
   -0.389336
   -0.389270
   -0.389334
   -0.389270
   -0.389329
   -0.389279
   -0.389747
   -0.389719
   -0.389757
   -0.389478
   -0.389635
   -0.390032
   -0.384797
   -0.389294
   -0.389552
   -0.389385
   -0.389271
   -0.389384
   -0.389270
   -0.389387
   -0.389272
   -0.389380
   -0.389702
   -0.389822
   -0.389699
   -0.390000
   -0.389444
   -0.389484
   -0.384868
   -0.389175
   -0.389609
   -0.389281
   -0.389322
   -0.389281
   -0.389322
   -0.389280
   -0.389319
   -0.389288
   -0.389739
   -0.389723
   -0.389770
   -0.389759
   -0.389489
   -0.389318
   -0.384819
   -0.389275
   -0.389570
   -0.389369
   -0.389285
   -0.389372
   -0.389283
   -0.389375
   -0.389284
   -0.389368
   -0.389713
   -0.389179
   -0.389126
   -0.389270
   -0.389293
   -0.389983
   -0.384845
   -0.389195
   -0.389590
   -0.389297
   -0.389308
   -0.389293
   -0.389308
   -0.389292
   -0.389308
   -0.389299
   -0.389728
   -0.389091
   -0.389184
   -0.389113
   -0.389825
   -0.389761
   -0.384838
   -0.389259
   -0.389585
   -0.389358
   -0.389295
   -0.389365
   -0.389291
   -0.389369
   -0.389288
   -0.389366
   -0.389290
   -0.389155
   -0.389107
   -0.389275
   -0.389001
   -0.389303
   -0.384828
   -0.389208
   -0.389578
   -0.389305
   -0.389302
   -0.389297
   -0.389305
   -0.389293
   -0.389308
   -0.389297
   -0.389306
   -0.389052
   -0.389184
   -0.389507
   -0.390014
   -0.389928
   -0.385290
   -0.385303
   -0.389587
   -0.389359
   -0.389291
   -0.389372
   -0.389285
   -0.389378
   -0.389279
   -0.389377
   -0.389277
   -0.389399
   -0.389238
   -0.389453
   -0.389184
   -0.389657
   -0.384386
   -0.385083
   -0.389211
   -0.388985
   -0.387636
   -0.387344
   -0.387868
   -0.389071
   -0.389609
   -0.389680
   -0.384839
   -0.406425
   -0.400938
   -0.397493
   -0.388524
   -0.392352
   -0.384763
   -0.384816
   -0.389462
   -0.388819
   -0.387804
   -0.387821
   -0.387915
   -0.389770
   -0.390063
   -0.390790
   -0.399617
   -0.402755
   -0.396544
   -0.396882
   -0.388119
   -0.390467
   -0.384459
   -0.385063
   -0.389225
   -0.388975
   -0.387643
   -0.389090
   -0.388830
   -0.389693
   -0.389611
   -0.390821
   -0.404737
   -0.401022
   -0.395032
   -0.397083
   -0.387844
   -0.387568
   -0.384735
   -0.384841
   -0.389442
   -0.388835
   -0.387789
   -0.389001
   -0.388928
   -0.389648
   -0.389669
   -0.389663
   -0.398843
   -0.387777
   -0.387678
   -0.388362
   -0.389332
   -0.388395
   -0.384478
   -0.385047
   -0.389238
   -0.388966
   -0.387651
   -0.389082
   -0.388837
   -0.389685
   -0.389618
   -0.389670
   -0.398836
   -0.387294
   -0.387714
   -0.388469
   -0.389064
   -0.387814
   -0.384698
   -0.384874
   -0.389414
   -0.388859
   -0.388936
   -0.388880
   -0.388914
   -0.389662
   -0.389655
   -0.389676
   -0.398850
   -0.386770
   -0.388128
   -0.387861
   -0.389499
   -0.388822
   -0.384514
   -0.385016
   -0.389263
   -0.388946
   -0.388834
   -0.388927
   -0.388853
   -0.388909
   -0.388871
   -0.389657
   -0.398847
   -0.387360
   -0.388582
   -0.387967
   -0.389850
   -0.389693
   -0.384668
   -0.384900
   -0.389394
   -0.388874
   -0.388923
   -0.388891
   -0.388906
   -0.388908
   -0.388889
   -0.388922
   -0.388897
   -0.388744
   -0.388894
   -0.389134
   -0.389073
   -0.389016
   -0.384545
   -0.384988
   -0.389285
   -0.388927
   -0.388849
   -0.388915
   -0.388862
   -0.388901
   -0.388877
   -0.388889
   -0.388901
   -0.388694
   -0.388895
   -0.388955
   -0.389021
   -0.388990
   -0.384648
   -0.384917
   -0.389380
   -0.388885
   -0.388915
   -0.388895
   -0.388905
   -0.388908
   -0.388891
   -0.388920
   -0.388901
   -0.388737
   -0.388729
   -0.388723
   -0.388870
   -0.389460
   -0.384561
   -0.384974
   -0.389298
   -0.388918
   -0.388856
   -0.388911
   -0.388863
   -0.388902
   -0.388874
   -0.388892
   -0.388896
   -0.388702
   -0.388705
   -0.388662
   -0.388826
   -0.388782
   -0.384619
   -0.384944
   -0.389357
   -0.388904
   -0.388900
   -0.388908
   -0.388896
   -0.388913
   -0.388889
   -0.388921
   -0.388904
   -0.388705
   -0.388729
   -0.388682
   -0.388819
   -0.388764
   -0.384584
   -0.384954
   -0.389315
   -0.388905
   -0.388865
   -0.388905
   -0.388866
   -0.388902
   -0.388870
   -0.388897
   -0.388886
   -0.388689
   -0.388675
   -0.388731
   -0.388800
   -0.389025
   -0.384607
   -0.384954
   -0.389348
   -0.388910
   -0.388897
   -0.388908
   -0.388898
   -0.388909
   -0.388896
   -0.388912
   -0.388901
   -0.388913
   -0.388932
   -0.388883
   -0.388903
   -0.388665
   -0.384587
   -0.384952
   -0.389316
   -0.388906
   -0.388861
   -0.388910
   -0.388859
   -0.388911
   -0.388858
   -0.388911
   -0.388850
   -0.388938
   -0.388829
   -0.388982
   -0.388802
   -0.388693
   -0.384677
   -0.384850
   -0.389355
   -0.388902
   -0.388908
   -0.388896
   -0.388911
   -0.388895
   -0.388913
   -0.388894
   -0.388924
   -0.388875
   -0.388955
   -0.388841
   -0.389054
   -0.388844
   -0.394685
   -0.394358
   -0.394529
   -0.394830
   -0.395475
   -0.395053
   -0.394174
   -0.393887
   -0.403573
   -0.408539
   -0.403792
   -0.406873
   -0.401039
   -0.402802
   -0.393816
   -0.393385
   -0.394950
   -0.394033
   -0.394719
   -0.394601
   -0.395581
   -0.394512
   -0.394671
   -0.402581
   -0.407974
   -0.406727
   -0.402570
   -0.393387
   -0.393426
   -0.394120
   -0.395232
   -0.394021
   -0.394670
   -0.394357
   -0.394529
   -0.394833
   -0.395472
   -0.393913
   -0.394739
   -0.403579
   -0.403570
   -0.401811
   -0.401809
   -0.393028
   -0.393607
   -0.394162
   -0.394857
   -0.393425
   -0.394943
   -0.394038
   -0.394715
   -0.394602
   -0.395580
   -0.393752
   -0.394792
   -0.403465
   -0.403572
   -0.393516
   -0.393766
   -0.392313
   -0.393800
   -0.393461
   -0.395254
   -0.394287
   -0.394679
   -0.394350
   -0.394533
   -0.394830
   -0.395475
   -0.393909
   -0.394744
   -0.403575
   -0.403574
   -0.393584
   -0.393642
   -0.392986
   -0.394300
   -0.393567
   -0.395515
   -0.395181
   -0.394932
   -0.394046
   -0.394709
   -0.394606
   -0.394815
   -0.394641
   -0.394787
   -0.403468
   -0.403570
   -0.393518
   -0.393614
   -0.394222
   -0.394596
   -0.394576
   -0.394756
   -0.394371
   -0.394704
   -0.394329
   -0.394552
   -0.394815
   -0.394727
   -0.394781
   -0.394754
   -0.394762
   -0.394773
   -0.393581
   -0.393643
   -0.394297
   -0.394515
   -0.394422
   -0.394637
   -0.394476
   -0.394906
   -0.394069
   -0.394690
   -0.394622
   -0.394801
   -0.394653
   -0.394776
   -0.394670
   -0.394759
   -0.394685
   -0.394598
   -0.394553
   -0.394592
   -0.394638
   -0.394743
   -0.395124
   -0.394734
   -0.394303
   -0.394575
   -0.394796
   -0.394744
   -0.394767
   -0.394767
   -0.394754
   -0.394779
   -0.394741
   -0.394636
   -0.394600
   -0.394640
   -0.394666
   -0.394663
   -0.394473
   -0.394872
   -0.394099
   -0.394662
   -0.394647
   -0.394778
   -0.394673
   -0.394758
   -0.394683
   -0.394749
   -0.394693
   -0.394594
   -0.394554
   -0.394606
   -0.394487
   -0.394691
   -0.394465
   -0.394760
   -0.394279
   -0.394597
   -0.394775
   -0.394763
   -0.394751
   -0.394780
   -0.394745
   -0.394785
   -0.394738
   -0.394634
   -0.394606
   -0.394640
   -0.394608
   -0.394716
   -0.394751
   -0.394842
   -0.394126
   -0.394637
   -0.394671
   -0.394755
   -0.394693
   -0.394741
   -0.394697
   -0.394737
   -0.394702
   -0.394589
   -0.394782
   -0.394813
   -0.394740
   -0.394759
   -0.393258
   -0.394788
   -0.394254
   -0.394620
   -0.394753
   -0.394784
   -0.394733
   -0.394796
   -0.394731
   -0.394798
   -0.394727
   -0.394641
   -0.394828
   -0.394849
   -0.394830
   -0.394599
   -0.394396
   -0.394816
   -0.394149
   -0.394615
   -0.394691
   -0.394737
   -0.394709
   -0.394727
   -0.394709
   -0.394727
   -0.394711
   -0.394734
   -0.394776
   -0.394800
   -0.394722
   -0.394851
   -0.394594
   -0.394823
   -0.394223
   -0.394650
   -0.394726
   -0.394809
   -0.394711
   -0.394816
   -0.394713
   -0.394814
   -0.394713
   -0.394804
   -0.394809
   -0.394842
   -0.394661
   -0.394540
   -0.394430
   -0.390483
   -0.390546
   -0.394599
   -0.394706
   -0.394724
   -0.394719
   -0.394719
   -0.394715
   -0.394723
   -0.394712
   -0.394737
   -0.394691
   -0.394756
   -0.394657
   -0.394780
   -0.395137
   -0.394002
   -0.393742
   -0.393337
   -0.393308
   -0.402280
   -0.406363
   -0.402043
   -0.393171
   -0.394215
   -0.394561
   -0.394860
   -0.391845
   -0.392442
   -0.393451
   -0.393616
   -0.392297
   -0.393814
   -0.393873
   -0.393166
   -0.393434
   -0.402124
   -0.402079
   -0.401969
   -0.394023
   -0.394479
   -0.394391
   -0.392711
   -0.391637
   -0.392789
   -0.392632
   -0.393602
   -0.392884
   -0.393963
   -0.393762
   -0.393318
   -0.393325
   -0.402264
   -0.393170
   -0.393460
   -0.394100
   -0.394205
   -0.393868
   -0.392036
   -0.392265
   -0.393366
   -0.392559
   -0.393750
   -0.393989
   -0.393834
   -0.393855
   -0.393183
   -0.393418
   -0.402139
   -0.393258
   -0.393336
   -0.394164
   -0.394114
   -0.393231
   -0.391965
   -0.393983
   -0.393895
   -0.393660
   -0.393203
   -0.393558
   -0.393950
   -0.393775
   -0.393305
   -0.393338
   -0.402250
   -0.393184
   -0.393444
   -0.394115
   -0.394188
   -0.393206
   -0.392006
   -0.394116
   -0.393852
   -0.393665
   -0.393236
   -0.393765
   -0.393856
   -0.393834
   -0.393204
   -0.393396
   -0.393356
   -0.393394
   -0.393359
   -0.394142
   -0.394137
   -0.393206
   -0.391999
   -0.394136
   -0.393694
   -0.393700
   -0.393228
   -0.393361
   -0.393933
   -0.393791
   -0.393289
   -0.393355
   -0.393428
   -0.393359
   -0.393423
   -0.393374
   -0.393405
   -0.393229
   -0.391982
   -0.393995
   -0.393502
   -0.393791
   -0.393012
   -0.393196
   -0.393871
   -0.393819
   -0.393221
   -0.393378
   -0.393375
   -0.393375
   -0.393379
   -0.393360
   -0.393397
   -0.393342
   -0.393428
   -0.393390
   -0.393447
   -0.393223
   -0.393402
   -0.393082
   -0.393909
   -0.393814
   -0.393265
   -0.393380
   -0.393403
   -0.393384
   -0.393398
   -0.393398
   -0.393379
   -0.393418
   -0.393363
   -0.393529
   -0.393346
   -0.393454
   -0.393265
   -0.393482
   -0.393893
   -0.393799
   -0.393241
   -0.393357
   -0.393396
   -0.393354
   -0.393399
   -0.393342
   -0.393416
   -0.393322
   -0.393447
   -0.393370
   -0.393527
   -0.393357
   -0.393503
   -0.391875
   -0.393890
   -0.393833
   -0.393246
   -0.393400
   -0.393382
   -0.393406
   -0.393377
   -0.393418
   -0.393358
   -0.393440
   -0.393342
   -0.393550
   -0.393387
   -0.393589
   -0.393302
   -0.393379
   -0.393908
   -0.393784
   -0.393257
   -0.393340
   -0.393415
   -0.393333
   -0.393421
   -0.393319
   -0.393441
   -0.393296
   -0.393474
   -0.393331
   -0.393540
   -0.393315
   -0.393549
   -0.393877
   -0.393893
   -0.393830
   -0.393247
   -0.393401
   -0.393379
   -0.393411
   -0.393369
   -0.393427
   -0.393347
   -0.393453
   -0.393327
   -0.393555
   -0.393353
   -0.393571
   -0.393295
   -0.393411
   -0.393893
   -0.393798
   -0.393246
   -0.393348
   -0.393409
   -0.393336
   -0.393421
   -0.393318
   -0.393444
   -0.393291
   -0.393472
   -0.393245
   -0.393487
   -0.393228
   -0.393530
   -0.393688
   -0.393909
   -0.393813
   -0.393261
   -0.393389
   -0.393389
   -0.393403
   -0.393375
   -0.393423
   -0.393348
   -0.393454
   -0.393317
   -0.393479
   -0.393286
   -0.393514
   -0.393280
   -0.394234
   -0.389205
   -0.388720
   -0.393241
   -0.393353
   -0.393405
   -0.393339
   -0.393418
   -0.393321
   -0.393444
   -0.393290
   -0.393475
   -0.393254
   -0.393499
   -0.393230
   -0.393506
   -0.393195
   -0.374942
   -0.375305
   -0.375032
   -0.375203
   -0.375694
   -0.384609
   -0.388059
   -0.383467
   -0.373781
   -0.373257
   -0.373670
   -0.374061
   -0.374885
   -0.374308
   -0.375333
   -0.375704
   -0.375036
   -0.375321
   -0.375203
   -0.375137
   -0.375935
   -0.384120
   -0.384199
   -0.382204
   -0.373447
   -0.373799
   -0.374480
   -0.375751
   -0.375654
   -0.375439
   -0.374929
   -0.375464
   -0.374990
   -0.375264
   -0.375071
   -0.375162
   -0.375731
   -0.383435
   -0.374959
   -0.374034
   -0.373797
   -0.374666
   -0.374631
   -0.375874
   -0.375413
   -0.375424
   -0.374950
   -0.375542
   -0.375002
   -0.375357
   -0.375167
   -0.375174
   -0.375900
   -0.383392
   -0.375164
   -0.373976
   -0.374006
   -0.375554
   -0.375629
   -0.375919
   -0.375427
   -0.375565
   -0.374975
   -0.375291
   -0.375020
   -0.375232
   -0.375103
   -0.375128
   -0.375763
   -0.383407
   -0.374982
   -0.374014
   -0.373813
   -0.375600
   -0.375507
   -0.375721
   -0.375120
   -0.375544
   -0.374750
   -0.374965
   -0.374980
   -0.375381
   -0.375142
   -0.375203
   -0.375113
   -0.375172
   -0.375139
   -0.373998
   -0.373988
   -0.375569
   -0.375672
   -0.375240
   -0.375168
   -0.375163
   -0.375160
   -0.375264
   -0.375036
   -0.375213
   -0.375124
   -0.375102
   -0.375029
   -0.375134
   -0.375000
   -0.375152
   -0.374987
   -0.375588
   -0.375515
   -0.375270
   -0.375072
   -0.375241
   -0.375064
   -0.375282
   -0.374976
   -0.375390
   -0.375131
   -0.375219
   -0.375096
   -0.375190
   -0.375122
   -0.375173
   -0.375135
   -0.375161
   -0.375189
   -0.375198
   -0.375191
   -0.375184
   -0.375153
   -0.374038
   -0.375024
   -0.375219
   -0.375121
   -0.375100
   -0.375033
   -0.375127
   -0.375007
   -0.375144
   -0.374994
   -0.375157
   -0.375042
   -0.375206
   -0.375037
   -0.375193
   -0.375021
   -0.375270
   -0.374997
   -0.375375
   -0.375143
   -0.375212
   -0.375100
   -0.375188
   -0.375123
   -0.375175
   -0.375133
   -0.375163
   -0.375189
   -0.375197
   -0.375185
   -0.375217
   -0.375172
   -0.376032
   -0.375013
   -0.375225
   -0.375117
   -0.375099
   -0.375035
   -0.375122
   -0.375013
   -0.375136
   -0.375002
   -0.375149
   -0.375049
   -0.375200
   -0.375032
   -0.375205
   -0.374993
   -0.375263
   -0.375005
   -0.375370
   -0.375147
   -0.375212
   -0.375099
   -0.375192
   -0.375118
   -0.375180
   -0.375129
   -0.375168
   -0.375186
   -0.375122
   -0.375113
   -0.375128
   -0.375152
   -0.384600
   -0.375007
   -0.375229
   -0.375114
   -0.375098
   -0.375037
   -0.375118
   -0.375019
   -0.375129
   -0.375007
   -0.375143
   -0.375053
   -0.375117
   -0.374962
   -0.375128
   -0.375031
   -0.375877
   -0.375025
   -0.375354
   -0.375162
   -0.375202
   -0.375108
   -0.375187
   -0.375121
   -0.375179
   -0.375131
   -0.375166
   -0.375136
   -0.375131
   -0.375127
   -0.375137
   -0.375128
   -0.375391
   -0.374979
   -0.375252
   -0.375093
   -0.375115
   -0.375023
   -0.375127
   -0.375012
   -0.375135
   -0.375001
   -0.375149
   -0.374994
   -0.375133
   -0.374965
   -0.375199
   -0.375044
   -0.375418
   -0.371104
   -0.370933
   -0.375174
   -0.375194
   -0.375113
   -0.375186
   -0.375120
   -0.375183
   -0.375128
   -0.375172
   -0.375131
   -0.375163
   -0.375139
   -0.375161
   -0.375158
   -0.370530
   -0.384080
   -0.384085
   -0.384340
   -0.384212
   -0.383172
   -0.391669
   -0.396977
   -0.393413
   -0.384147
   -0.383971
   -0.383909
   -0.384873
   -0.384620
   -0.384318
   -0.384148
   -0.384607
   -0.384079
   -0.384171
   -0.384263
   -0.384373
   -0.383031
   -0.392427
   -0.392249
   -0.393414
   -0.383967
   -0.384116
   -0.384515
   -0.384890
   -0.384416
   -0.384539
   -0.384214
   -0.384441
   -0.384106
   -0.384070
   -0.384347
   -0.384209
   -0.383169
   -0.393408
   -0.384322
   -0.384043
   -0.384143
   -0.384092
   -0.384811
   -0.384571
   -0.384246
   -0.384533
   -0.384135
   -0.384027
   -0.384067
   -0.384178
   -0.384263
   -0.384369
   -0.383040
   -0.393575
   -0.384213
   -0.384192
   -0.384060
   -0.384355
   -0.384689
   -0.384042
   -0.384056
   -0.384161
   -0.384356
   -0.384213
   -0.384117
   -0.384064
   -0.384347
   -0.384214
   -0.383160
   -0.393417
   -0.384311
   -0.384053
   -0.384134
   -0.384255
   -0.384731
   -0.383947
   -0.384087
   -0.384147
   -0.384318
   -0.384174
   -0.384057
   -0.384184
   -0.384262
   -0.384366
   -0.384202
   -0.384365
   -0.384215
   -0.384192
   -0.384060
   -0.384357
   -0.384681
   -0.384043
   -0.384155
   -0.384178
   -0.384337
   -0.384277
   -0.384126
   -0.384059
   -0.384347
   -0.384216
   -0.384312
   -0.384219
   -0.384298
   -0.384229
   -0.384286
   -0.384266
   -0.384718
   -0.384049
   -0.384193
   -0.384151
   -0.384346
   -0.384369
   -0.384060
   -0.384180
   -0.384271
   -0.384356
   -0.384215
   -0.384354
   -0.384227
   -0.384346
   -0.384236
   -0.384331
   -0.384240
   -0.384291
   -0.384258
   -0.384325
   -0.384296
   -0.385054
   -0.384120
   -0.384065
   -0.384337
   -0.384226
   -0.384300
   -0.384228
   -0.384288
   -0.384237
   -0.384278
   -0.384253
   -0.384257
   -0.384232
   -0.384237
   -0.384287
   -0.384246
   -0.384285
   -0.384066
   -0.384172
   -0.384281
   -0.384346
   -0.384226
   -0.384345
   -0.384236
   -0.384338
   -0.384244
   -0.384324
   -0.384249
   -0.384283
   -0.384246
   -0.384260
   -0.384273
   -0.393622
   -0.384116
   -0.384070
   -0.384331
   -0.384231
   -0.384293
   -0.384233
   -0.384284
   -0.384240
   -0.384276
   -0.384254
   -0.384255
   -0.384233
   -0.384216
   -0.384245
   -0.384230
   -0.384809
   -0.384075
   -0.384163
   -0.384292
   -0.384336
   -0.384236
   -0.384337
   -0.384243
   -0.384333
   -0.384247
   -0.384323
   -0.384250
   -0.384295
   -0.384255
   -0.384277
   -0.384264
   -0.385234
   -0.384095
   -0.384091
   -0.384309
   -0.384251
   -0.384274
   -0.384250
   -0.384268
   -0.384253
   -0.384265
   -0.384262
   -0.384248
   -0.384249
   -0.384225
   -0.384265
   -0.384223
   -0.384452
   -0.384102
   -0.384137
   -0.384318
   -0.384313
   -0.384259
   -0.384317
   -0.384262
   -0.384316
   -0.384262
   -0.384309
   -0.384271
   -0.384310
   -0.384288
   -0.384293
   -0.384287
   -0.380068
   -0.384075
   -0.384110
   -0.384289
   -0.384269
   -0.384255
   -0.384267
   -0.384251
   -0.384269
   -0.384250
   -0.384276
   -0.384241
   -0.384290
   -0.384232
   -0.384295
   -0.384211
   -0.379513
   -0.380153
   -0.384401
   -0.384323
   -0.384309
   -0.384265
   -0.384311
   -0.384270
   -0.384309
   -0.384270
   -0.384303
   -0.384278
   -0.384296
   -0.384290
   -0.384282
   -0.384300
   -0.380054
   -0.434527
   -0.434289
   -0.434474
   -0.434313
   -0.434351
   -0.443197
   -0.448055
   -0.443444
   -0.434903
   -0.435003
   -0.434954
   -0.434659
   -0.434482
   -0.434625
   -0.434370
   -0.434126
   -0.434393
   -0.434239
   -0.434322
   -0.434283
   -0.434177
   -0.443266
   -0.443300
   -0.443822
   -0.434951
   -0.434743
   -0.434565
   -0.434016
   -0.434180
   -0.434146
   -0.434441
   -0.434148
   -0.434528
   -0.434286
   -0.434476
   -0.434313
   -0.434350
   -0.443438
   -0.434512
   -0.434719
   -0.434905
   -0.434512
   -0.434557
   -0.434070
   -0.434334
   -0.434230
   -0.434499
   -0.434232
   -0.434386
   -0.434244
   -0.434318
   -0.434286
   -0.434176
   -0.443426
   -0.434331
   -0.434690
   -0.434750
   -0.434134
   -0.434160
   -0.434031
   -0.434286
   -0.434135
   -0.434414
   -0.434224
   -0.434534
   -0.434281
   -0.434480
   -0.434310
   -0.434352
   -0.443438
   -0.434511
   -0.434719
   -0.434905
   -0.434180
   -0.434268
   -0.434173
   -0.434444
   -0.434225
   -0.434547
   -0.434420
   -0.434388
   -0.434242
   -0.434321
   -0.434282
   -0.434340
   -0.434286
   -0.434339
   -0.434683
   -0.434757
   -0.434128
   -0.434149
   -0.434256
   -0.434370
   -0.434264
   -0.434359
   -0.434221
   -0.434525
   -0.434289
   -0.434472
   -0.434320
   -0.434502
   -0.434316
   -0.434502
   -0.434324
   -0.434493
   -0.434185
   -0.434263
   -0.434321
   -0.434448
   -0.434329
   -0.434437
   -0.434299
   -0.434399
   -0.434231
   -0.434332
   -0.434271
   -0.434351
   -0.434275
   -0.434350
   -0.434269
   -0.434357
   -0.434266
   -0.434351
   -0.434248
   -0.434355
   -0.434246
   -0.434364
   -0.442903
   -0.434516
   -0.434299
   -0.434462
   -0.434329
   -0.434492
   -0.434326
   -0.434492
   -0.434332
   -0.434486
   -0.434334
   -0.434459
   -0.434328
   -0.434456
   -0.434333
   -0.434462
   -0.434308
   -0.434409
   -0.434222
   -0.434340
   -0.434262
   -0.434358
   -0.434268
   -0.434357
   -0.434265
   -0.434358
   -0.434267
   -0.434348
   -0.434253
   -0.434353
   -0.434247
   -0.434350
   -0.434583
   -0.434506
   -0.434309
   -0.434453
   -0.434338
   -0.434484
   -0.434333
   -0.434484
   -0.434336
   -0.434485
   -0.434334
   -0.434462
   -0.434323
   -0.434468
   -0.434322
   -0.434483
   -0.433908
   -0.434412
   -0.434218
   -0.434345
   -0.434258
   -0.434363
   -0.434264
   -0.434362
   -0.434263
   -0.434358
   -0.434269
   -0.434344
   -0.434284
   -0.434369
   -0.434285
   -0.434349
   -0.428423
   -0.434502
   -0.434314
   -0.434447
   -0.434344
   -0.434479
   -0.434339
   -0.434479
   -0.434339
   -0.434485
   -0.434332
   -0.434466
   -0.434344
   -0.434497
   -0.434337
   -0.434481
   -0.429551
   -0.434411
   -0.434218
   -0.434346
   -0.434256
   -0.434365
   -0.434262
   -0.434364
   -0.434263
   -0.434355
   -0.434273
   -0.434355
   -0.434285
   -0.434355
   -0.434291
   -0.434343
   -0.429184
   -0.434502
   -0.434313
   -0.434446
   -0.434345
   -0.434478
   -0.434339
   -0.434478
   -0.434337
   -0.434489
   -0.434327
   -0.434490
   -0.434330
   -0.434502
   -0.434301
   -0.434490
   -0.429583
   -0.429728
   -0.434719
   -0.434349
   -0.434254
   -0.434366
   -0.434261
   -0.434366
   -0.434264
   -0.434354
   -0.434275
   -0.434353
   -0.434279
   -0.434346
   -0.434290
   -0.434323
   -0.434039
   -0.395283
   -0.395042
   -0.395205
   -0.394995
   -0.395604
   -0.403741
   -0.407772
   -0.403156
   -0.395200
   -0.395094
   -0.395265
   -0.394820
   -0.395032
   -0.395023
   -0.395194
   -0.394955
   -0.395071
   -0.395094
   -0.395007
   -0.395023
   -0.395437
   -0.403537
   -0.403573
   -0.403151
   -0.395111
   -0.395040
   -0.394960
   -0.394806
   -0.395028
   -0.394907
   -0.395085
   -0.394940
   -0.395279
   -0.395045
   -0.395201
   -0.394998
   -0.395602
   -0.403141
   -0.395180
   -0.395068
   -0.395201
   -0.395080
   -0.394981
   -0.394952
   -0.395170
   -0.394966
   -0.395196
   -0.395139
   -0.395075
   -0.395090
   -0.395012
   -0.395019
   -0.395440
   -0.403134
   -0.395045
   -0.395033
   -0.395090
   -0.394995
   -0.394920
   -0.395096
   -0.395139
   -0.395043
   -0.395031
   -0.395023
   -0.395269
   -0.395054
   -0.395193
   -0.395005
   -0.395597
   -0.403144
   -0.395179
   -0.395066
   -0.395206
   -0.395038
   -0.395029
   -0.395150
   -0.395230
   -0.395084
   -0.395148
   -0.395060
   -0.395089
   -0.395077
   -0.395023
   -0.395011
   -0.395046
   -0.395002
   -0.395052
   -0.395031
   -0.395089
   -0.395000
   -0.394916
   -0.395095
   -0.395087
   -0.395048
   -0.395020
   -0.395024
   -0.395251
   -0.395070
   -0.395179
   -0.395016
   -0.395187
   -0.395022
   -0.395184
   -0.395023
   -0.395186
   -0.395020
   -0.395050
   -0.395087
   -0.395217
   -0.395050
   -0.395174
   -0.394967
   -0.395108
   -0.395060
   -0.395037
   -0.395000
   -0.395053
   -0.394998
   -0.395052
   -0.395002
   -0.395046
   -0.395010
   -0.395043
   -0.395026
   -0.395035
   -0.395020
   -0.395011
   -0.395888
   -0.395227
   -0.395091
   -0.395161
   -0.395030
   -0.395178
   -0.395028
   -0.395182
   -0.395020
   -0.395193
   -0.395007
   -0.395206
   -0.395011
   -0.395218
   -0.394984
   -0.395226
   -0.394974
   -0.395128
   -0.395042
   -0.395052
   -0.394990
   -0.395059
   -0.394995
   -0.395052
   -0.395007
   -0.395036
   -0.395024
   -0.395026
   -0.395046
   -0.395017
   -0.395068
   -0.394992
   -0.389706
   -0.395216
   -0.395101
   -0.395153
   -0.395035
   -0.395176
   -0.395027
   -0.395185
   -0.395014
   -0.395203
   -0.394994
   -0.395222
   -0.394994
   -0.395246
   -0.394974
   -0.395257
   -0.390668
   -0.395135
   -0.395036
   -0.395057
   -0.394987
   -0.395060
   -0.394996
   -0.395051
   -0.395011
   -0.395030
   -0.395033
   -0.395017
   -0.395051
   -0.395000
   -0.395075
   -0.394979
   -0.390185
   -0.395213
   -0.395102
   -0.395152
   -0.395034
   -0.395179
   -0.395024
   -0.395189
   -0.395007
   -0.395211
   -0.394984
   -0.395232
   -0.394978
   -0.395253
   -0.394953
   -0.395274
   -0.390223
   -0.395131
   -0.395042
   -0.395051
   -0.394994
   -0.395050
   -0.395007
   -0.395038
   -0.395027
   -0.395013
   -0.395052
   -0.394993
   -0.395064
   -0.394969
   -0.395092
   -0.394948
   -0.390953
   -0.395218
   -0.395097
   -0.395160
   -0.395024
   -0.395192
   -0.395009
   -0.395205
   -0.394987
   -0.395233
   -0.394960
   -0.395254
   -0.394941
   -0.395277
   -0.394916
   -0.395309
   -0.395015
   -0.390853
   -0.394927
   -0.395045
   -0.395003
   -0.395037
   -0.395023
   -0.395020
   -0.395048
   -0.394988
   -0.395079
   -0.394964
   -0.395099
   -0.394936
   -0.395131
   -0.394907
   -0.391521
