   -0.422539
   -0.422528
   -0.422543
   -0.422528
   -0.422544
   -0.422317
   -0.422330
   -0.422317
   -0.422321
   -0.422327
   -0.422313
   -0.422342
   -0.422287
   -0.422371
   -0.422263
   -0.422384
   -0.422281
   -0.422756
   -0.422492
   -0.422755
   -0.422492
   -0.422751
   -0.422495
   -0.422536
   -0.422291
   -0.422526
   -0.422299
   -0.422512
   -0.422323
   -0.422486
   -0.422557
   -0.422475
   -0.418204
   -0.422316
   -0.422326
   -0.422319
   -0.422324
   -0.422324
   -0.422319
   -0.422326
   -0.422311
   -0.422337
   -0.422302
   -0.422352
   -0.422280
   -0.422376
   -0.422260
   -0.422385
   -0.418155
   -0.422544
   -0.422281
   -0.422538
   -0.422286
   -0.422530
   -0.422294
   -0.422525
   -0.422304
   -0.422512
   -0.422315
   -0.422496
   -0.422337
   -0.422474
   -0.422355
   -0.422465
   -0.422340
   -0.422305
   -0.422333
   -0.422316
   -0.422323
   -0.422327
   -0.422312
   -0.422336
   -0.422299
   -0.422352
   -0.422284
   -0.422371
   -0.422261
   -0.422393
   -0.422243
   -0.422403
   -0.422274
   -0.422545
   -0.422283
   -0.422533
   -0.422294
   -0.422521
   -0.422307
   -0.422510
   -0.422320
   -0.422493
   -0.422337
   -0.422474
   -0.422358
   -0.422455
   -0.422373
   -0.422446
   -0.418206
   -0.422318
   -0.422318
   -0.422331
   -0.422306
   -0.422345
   -0.422292
   -0.422357
   -0.422278
   -0.422374
   -0.422260
   -0.422394
   -0.422239
   -0.422412
   -0.422224
   -0.422422
   -0.418169
   -0.422526
   -0.422303
   -0.422512
   -0.422316
   -0.422498
   -0.422331
   -0.422485
   -0.422347
   -0.422466
   -0.422366
   -0.422445
   -0.422386
   -0.422428
   -0.422400
   -0.422418
   -0.418187
   -0.422338
   -0.422297
   -0.422353
   -0.422282
   -0.422369
   -0.422265
   -0.422384
   -0.422249
   -0.422404
   -0.422227
   -0.422427
   -0.422207
   -0.422444
   -0.422193
   -0.422455
   -0.418187
   -0.422508
   -0.422323
   -0.422491
   -0.422339
   -0.422474
   -0.422358
   -0.422457
   -0.422375
   -0.422436
   -0.422399
   -0.422412
   -0.422419
   -0.422396
   -0.422434
   -0.422383
   -0.418169
   -0.422356
   -0.422278
   -0.422373
   -0.422261
   -0.422392
   -0.422240
   -0.422411
   -0.422221
   -0.422433
   -0.422195
   -0.422460
   -0.422174
   -0.422477
   -0.422157
   -0.422493
   -0.418199
   -0.422495
   -0.422337
   -0.422477
   -0.422355
   -0.422456
   -0.422378
   -0.422435
   -0.422400
   -0.422410
   -0.422429
   -0.422380
   -0.422453
   -0.422360
   -0.422472
   -0.422341
   -0.418164
   -0.422362
   -0.422270
   -0.422381
   -0.422250
   -0.422405
   -0.422224
   -0.422430
   -0.422199
   -0.422458
   -0.422166
   -0.422492
   -0.422138
   -0.422515
   -0.422116
   -0.422537
   -0.418216
   -0.422480
   -0.422352
   -0.422463
   -0.422371
   -0.422439
   -0.422398
   -0.422413
   -0.422424
   -0.422382
   -0.422460
   -0.422346
   -0.422490
   -0.422321
   -0.422514
   -0.422297
   -0.418147
   -0.422377
   -0.422256
   -0.422395
   -0.422235
   -0.422421
   -0.422206
   -0.422450
   -0.422176
   -0.422485
   -0.422136
   -0.422525
   -0.422102
   -0.422554
   -0.422075
   -0.422582
   -0.418020
   -0.422472
   -0.422367
   -0.422455
   -0.422388
   -0.422428
   -0.422418
   -0.422399
   -0.422449
   -0.422362
   -0.422491
   -0.422320
   -0.422526
   -0.422291
   -0.422553
   -0.422258
   -0.459224
   -0.460104
   -0.459277
   -0.460046
   -0.459345
   -0.460055
   -0.459486
   -0.460000
   -0.459555
   -0.459931
   -0.459617
   -0.459876
   -0.459658
   -0.459840
   -0.459685
   -0.459823
   -0.460156
   -0.459492
   -0.460029
   -0.459543
   -0.459968
   -0.459609
   -0.459911
   -0.459742
   -0.459926
   -0.459807
   -0.459870
   -0.459857
   -0.459830
   -0.459892
   -0.459724
   -0.459908
   -0.454782
   -0.460131
   -0.459405
   -0.460086
   -0.459459
   -0.460028
   -0.459511
   -0.459978
   -0.459570
   -0.459921
   -0.459620
   -0.459876
   -0.459655
   -0.459846
   -0.459677
   -0.459834
   -0.455526
   -0.459614
   -0.460073
   -0.459656
   -0.460022
   -0.459710
   -0.459973
   -0.459759
   -0.459916
   -0.459813
   -0.459869
   -0.459855
   -0.459837
   -0.459883
   -0.459816
   -0.459893
   -0.459408
   -0.460091
   -0.459440
   -0.460055
   -0.459484
   -0.460007
   -0.459529
   -0.459962
   -0.459580
   -0.459914
   -0.459620
   -0.459879
   -0.459647
   -0.459856
   -0.459664
   -0.459850
   -0.460043
   -0.459675
   -0.460017
   -0.459706
   -0.459981
   -0.459745
   -0.459943
   -0.459785
   -0.459898
   -0.459826
   -0.459865
   -0.459854
   -0.459844
   -0.459871
   -0.459832
   -0.459872
   -0.454904
   -0.460019
   -0.459506
   -0.459995
   -0.459534
   -0.459965
   -0.459563
   -0.459934
   -0.459599
   -0.459903
   -0.459621
   -0.459885
   -0.459633
   -0.459876
   -0.459637
   -0.459883
   -0.455389
   -0.459741
   -0.459958
   -0.459761
   -0.459934
   -0.459785
   -0.459910
   -0.459810
   -0.459883
   -0.459831
   -0.459870
   -0.459841
   -0.459866
   -0.459842
   -0.459868
   -0.459829
   -0.454963
   -0.459963
   -0.459557
   -0.459947
   -0.459575
   -0.459930
   -0.459592
   -0.459913
   -0.459609
   -0.459902
   -0.459612
   -0.459904
   -0.459605
   -0.459912
   -0.459594
   -0.459934
   -0.455330
   -0.459797
   -0.459906
   -0.459809
   -0.459893
   -0.459819
   -0.459884
   -0.459828
   -0.459876
   -0.459830
   -0.459883
   -0.459818
   -0.459898
   -0.459801
   -0.459916
   -0.459773
   -0.455027
   -0.459902
   -0.459613
   -0.459895
   -0.459619
   -0.459893
   -0.459619
   -0.459895
   -0.459616
   -0.459904
   -0.459598
   -0.459928
   -0.459571
   -0.459956
   -0.459542
   -0.459993
   -0.455272
   -0.459852
   -0.459855
   -0.459856
   -0.459854
   -0.459851
   -0.459861
   -0.459841
   -0.459874
   -0.459823
   -0.459901
   -0.459789
   -0.459937
   -0.459752
   -0.459974
   -0.459707
   -0.455074
   -0.459858
   -0.459653
   -0.459858
   -0.459649
   -0.459872
   -0.459631
   -0.459892
   -0.459608
   -0.459922
   -0.459569
   -0.459968
   -0.459521
   -0.460017
   -0.459472
   -0.460073
   -0.455229
   -0.459892
   -0.459819
   -0.459890
   -0.459828
   -0.459869
   -0.459853
   -0.459840
   -0.459885
   -0.459801
   -0.459935
   -0.459742
   -0.459995
   -0.459682
   -0.460055
   -0.459616
   -0.455110
   -0.459825
   -0.459684
   -0.459830
   -0.459669
   -0.459858
   -0.459637
   -0.459895
   -0.459595
   -0.459944
   -0.459534
   -0.460014
   -0.459464
   -0.460085
   -0.459393
   -0.460162
   -0.455266
   -0.459881
   -0.459778
   -0.459875
   -0.459796
   -0.459842
   -0.459833
   -0.459800
   -0.459880
   -0.459745
   -0.459948
   -0.459667
   -0.460027
   -0.459587
   -0.460106
   -0.459528
   -0.402144
   -0.401640
   -0.402106
   -0.401674
   -0.402066
   -0.402289
   -0.402623
   -0.402313
   -0.402608
   -0.402337
   -0.402572
   -0.402379
   -0.402527
   -0.402423
   -0.402494
   -0.402444
   -0.402240
   -0.402011
   -0.401690
   -0.401982
   -0.401724
   -0.401955
   -0.401745
   -0.402519
   -0.402339
   -0.402500
   -0.402370
   -0.402464
   -0.402409
   -0.402425
   -0.401854
   -0.402408
   -0.398096
   -0.402267
   -0.402649
   -0.402293
   -0.402619
   -0.402317
   -0.402599
   -0.402336
   -0.402587
   -0.402353
   -0.402560
   -0.402385
   -0.402524
   -0.402421
   -0.402498
   -0.402437
   -0.397705
   -0.402553
   -0.402308
   -0.402534
   -0.402331
   -0.402517
   -0.402345
   -0.402504
   -0.402351
   -0.402495
   -0.402368
   -0.402472
   -0.402396
   -0.402444
   -0.402415
   -0.402434
   -0.402628
   -0.402313
   -0.402608
   -0.402328
   -0.402589
   -0.402342
   -0.402579
   -0.402351
   -0.402576
   -0.402356
   -0.402565
   -0.402372
   -0.402543
   -0.402396
   -0.402528
   -0.402403
   -0.402334
   -0.402510
   -0.402348
   -0.402501
   -0.402359
   -0.402493
   -0.402365
   -0.402489
   -0.402364
   -0.402490
   -0.402367
   -0.402481
   -0.402383
   -0.402462
   -0.402394
   -0.402458
   -0.397999
   -0.402355
   -0.402570
   -0.402360
   -0.402562
   -0.402366
   -0.402558
   -0.402369
   -0.402560
   -0.402366
   -0.402562
   -0.402369
   -0.402549
   -0.402386
   -0.402540
   -0.402388
   -0.397800
   -0.402468
   -0.402386
   -0.402469
   -0.402388
   -0.402469
   -0.402386
   -0.402471
   -0.402380
   -0.402479
   -0.402371
   -0.402484
   -0.402378
   -0.402472
   -0.402382
   -0.402472
   -0.397951
   -0.402397
   -0.402532
   -0.402391
   -0.402534
   -0.402389
   -0.402539
   -0.402386
   -0.402545
   -0.402375
   -0.402559
   -0.402366
   -0.402554
   -0.402377
   -0.402549
   -0.402377
   -0.397838
   -0.402435
   -0.402415
   -0.402446
   -0.402407
   -0.402454
   -0.402398
   -0.402460
   -0.402391
   -0.402473
   -0.402373
   -0.402486
   -0.402374
   -0.402477
   -0.402378
   -0.402477
   -0.397922
   -0.402423
   -0.402508
   -0.402410
   -0.402519
   -0.402401
   -0.402528
   -0.402396
   -0.402534
   -0.402383
   -0.402553
   -0.402368
   -0.402551
   -0.402378
   -0.402547
   -0.402381
   -0.397862
   -0.402412
   -0.402436
   -0.402430
   -0.402420
   -0.402444
   -0.402407
   -0.402451
   -0.402400
   -0.402467
   -0.402377
   -0.402486
   -0.402375
   -0.402478
   -0.402377
   -0.402478
   -0.397905
   -0.402439
   -0.402493
   -0.402421
   -0.402510
   -0.402406
   -0.402524
   -0.402400
   -0.402529
   -0.402385
   -0.402553
   -0.402365
   -0.402555
   -0.402371
   -0.402554
   -0.402372
   -0.397869
   -0.402406
   -0.402442
   -0.402427
   -0.402421
   -0.402446
   -0.402404
   -0.402454
   -0.402397
   -0.402472
   -0.402369
   -0.402496
   -0.402365
   -0.402492
   -0.402362
   -0.402494
   -0.397900
   -0.402443
   -0.402489
   -0.402421
   -0.402512
   -0.402401
   -0.402530
   -0.402393
   -0.402536
   -0.402375
   -0.402566
   -0.402350
   -0.402569
   -0.402355
   -0.402572
   -0.402354
   -0.398450
   -0.402401
   -0.402440
   -0.402424
   -0.402415
   -0.402447
   -0.402397
   -0.402454
   -0.402391
   -0.402473
   -0.402360
   -0.402499
   -0.402357
   -0.402493
   -0.402354
   -0.402497
   -0.394980
   -0.395050
   -0.394997
   -0.395036
   -0.395013
   -0.394634
   -0.394655
   -0.394616
   -0.394662
   -0.394614
   -0.394672
   -0.394605
   -0.394676
   -0.394594
   -0.394689
   -0.394590
   -0.394690
   -0.394808
   -0.395053
   -0.394823
   -0.395037
   -0.394843
   -0.395017
   -0.394480
   -0.394628
   -0.394484
   -0.394617
   -0.394495
   -0.394610
   -0.394507
   -0.394977
   -0.394513
   -0.390502
   -0.394647
   -0.394637
   -0.394637
   -0.394647
   -0.394622
   -0.394663
   -0.394609
   -0.394669
   -0.394607
   -0.394677
   -0.394597
   -0.394684
   -0.394586
   -0.394696
   -0.394579
   -0.390534
   -0.394463
   -0.394642
   -0.394470
   -0.394635
   -0.394481
   -0.394623
   -0.394490
   -0.394620
   -0.394492
   -0.394611
   -0.394501
   -0.394604
   -0.394513
   -0.394592
   -0.394521
   -0.394658
   -0.394614
   -0.394665
   -0.394611
   -0.394668
   -0.394605
   -0.394674
   -0.394600
   -0.394675
   -0.394601
   -0.394681
   -0.394592
   -0.394689
   -0.394581
   -0.394700
   -0.394573
   -0.394635
   -0.394481
   -0.394627
   -0.394484
   -0.394625
   -0.394488
   -0.394620
   -0.394492
   -0.394618
   -0.394494
   -0.394610
   -0.394506
   -0.394598
   -0.394520
   -0.394585
   -0.394531
   -0.390536
   -0.394613
   -0.394665
   -0.394611
   -0.394667
   -0.394607
   -0.394671
   -0.394603
   -0.394674
   -0.394599
   -0.394685
   -0.394584
   -0.394700
   -0.394567
   -0.394715
   -0.394553
   -0.390517
   -0.394481
   -0.394629
   -0.394483
   -0.394627
   -0.394487
   -0.394623
   -0.394491
   -0.394617
   -0.394499
   -0.394601
   -0.394521
   -0.394580
   -0.394541
   -0.394562
   -0.394560
   -0.390539
   -0.394611
   -0.394664
   -0.394612
   -0.394663
   -0.394611
   -0.394665
   -0.394607
   -0.394671
   -0.394598
   -0.394690
   -0.394573
   -0.394715
   -0.394549
   -0.394735
   -0.394528
   -0.390519
   -0.394479
   -0.394633
   -0.394478
   -0.394634
   -0.394480
   -0.394631
   -0.394486
   -0.394621
   -0.394500
   -0.394597
   -0.394532
   -0.394564
   -0.394563
   -0.394537
   -0.394591
   -0.390540
   -0.394610
   -0.394662
   -0.394614
   -0.394658
   -0.394616
   -0.394659
   -0.394611
   -0.394669
   -0.394597
   -0.394694
   -0.394562
   -0.394731
   -0.394527
   -0.394761
   -0.394497
   -0.390510
   -0.394488
   -0.394628
   -0.394483
   -0.394632
   -0.394482
   -0.394629
   -0.394489
   -0.394617
   -0.394506
   -0.394588
   -0.394546
   -0.394545
   -0.394587
   -0.394511
   -0.394621
   -0.390552
   -0.394597
   -0.394672
   -0.394605
   -0.394665
   -0.394607
   -0.394668
   -0.394600
   -0.394681
   -0.394581
   -0.394713
   -0.394538
   -0.394760
   -0.394493
   -0.394797
   -0.394455
   -0.390500
   -0.394497
   -0.394621
   -0.394490
   -0.394627
   -0.394489
   -0.394622
   -0.394500
   -0.394604
   -0.394524
   -0.394566
   -0.394576
   -0.394510
   -0.394628
   -0.394465
   -0.394675
   -0.390562
   -0.394589
   -0.394677
   -0.394599
   -0.394669
   -0.394603
   -0.394671
   -0.394592
   -0.394691
   -0.394566
   -0.394733
   -0.394509
   -0.394794
   -0.394452
   -0.394843
   -0.394401
   -0.390186
   -0.394583
   -0.394691
   -0.394573
   -0.394699
   -0.394570
   -0.394695
   -0.394582
   -0.394672
   -0.394613
   -0.394623
   -0.394679
   -0.394552
   -0.394745
   -0.394496
   -0.394726
   -0.419456
   -0.419919
   -0.419488
   -0.419885
   -0.419533
   -0.415437
   -0.415174
   -0.415401
   -0.415200
   -0.415373
   -0.415230
   -0.415340
   -0.415263
   -0.415317
   -0.415272
   -0.415312
   -0.415498
   -0.419563
   -0.419872
   -0.419592
   -0.419833
   -0.419630
   -0.419795
   -0.415256
   -0.415370
   -0.415281
   -0.415345
   -0.415309
   -0.415315
   -0.415331
   -0.419711
   -0.415334
   -0.415193
   -0.415449
   -0.415147
   -0.415425
   -0.415179
   -0.415394
   -0.415211
   -0.415369
   -0.415227
   -0.415350
   -0.415247
   -0.415327
   -0.415272
   -0.415309
   -0.415278
   -0.415306
   -0.415507
   -0.415218
   -0.415412
   -0.415240
   -0.415384
   -0.415267
   -0.415355
   -0.415289
   -0.415342
   -0.415304
   -0.415325
   -0.415325
   -0.415302
   -0.415342
   -0.415296
   -0.415346
   -0.415182
   -0.415392
   -0.415202
   -0.415374
   -0.415225
   -0.415353
   -0.415247
   -0.415337
   -0.415255
   -0.415326
   -0.415269
   -0.415309
   -0.415289
   -0.415293
   -0.415295
   -0.415289
   -0.415384
   -0.415267
   -0.415365
   -0.415285
   -0.415343
   -0.415304
   -0.415323
   -0.415320
   -0.415314
   -0.415331
   -0.415301
   -0.415347
   -0.415280
   -0.415365
   -0.415270
   -0.415373
   -0.415290
   -0.415355
   -0.415238
   -0.415338
   -0.415258
   -0.415322
   -0.415275
   -0.415309
   -0.415282
   -0.415300
   -0.415293
   -0.415285
   -0.415313
   -0.415266
   -0.415325
   -0.415256
   -0.415418
   -0.415303
   -0.415329
   -0.415320
   -0.415310
   -0.415335
   -0.415295
   -0.415348
   -0.415287
   -0.415357
   -0.415276
   -0.415372
   -0.415255
   -0.415394
   -0.415238
   -0.415409
   -0.415329
   -0.415319
   -0.415273
   -0.415306
   -0.415289
   -0.415293
   -0.415301
   -0.415283
   -0.415307
   -0.415276
   -0.415315
   -0.415264
   -0.415335
   -0.415240
   -0.415356
   -0.415222
   -0.415384
   -0.415335
   -0.415299
   -0.415347
   -0.415285
   -0.415359
   -0.415274
   -0.415369
   -0.415266
   -0.415378
   -0.415256
   -0.415391
   -0.415234
   -0.415420
   -0.415206
   -0.415445
   -0.415349
   -0.415301
   -0.415290
   -0.415290
   -0.415303
   -0.415280
   -0.415313
   -0.415269
   -0.415321
   -0.415260
   -0.415332
   -0.415246
   -0.415357
   -0.415212
   -0.415390
   -0.415182
   -0.415372
   -0.415345
   -0.415288
   -0.415357
   -0.415275
   -0.415368
   -0.415265
   -0.415379
   -0.415256
   -0.415390
   -0.415244
   -0.415405
   -0.415215
   -0.415445
   -0.415175
   -0.415481
   -0.415353
   -0.415296
   -0.415296
   -0.415284
   -0.415309
   -0.415274
   -0.415318
   -0.415263
   -0.415328
   -0.415252
   -0.415341
   -0.415235
   -0.415372
   -0.415192
   -0.415416
   -0.415152
   -0.415373
   -0.415345
   -0.415288
   -0.415358
   -0.415275
   -0.415368
   -0.415267
   -0.415379
   -0.415256
   -0.415391
   -0.415241
   -0.415409
   -0.415206
   -0.415459
   -0.415157
   -0.415504
   -0.415349
   -0.415300
   -0.415293
   -0.415286
   -0.415307
   -0.415277
   -0.415314
   -0.415266
   -0.415325
   -0.415254
   -0.415340
   -0.415234
   -0.415378
   -0.415180
   -0.415432
   -0.415131
   -0.410964
   -0.415333
   -0.415282
   -0.415348
   -0.415266
   -0.415358
   -0.415259
   -0.415370
   -0.415247
   -0.415384
   -0.415229
   -0.415406
   -0.415186
   -0.415467
   -0.415126
   -0.415531
   -0.416160
   -0.416557
   -0.416179
   -0.416537
   -0.416203
   -0.416122
   -0.415854
   -0.416094
   -0.415897
   -0.416044
   -0.415938
   -0.416014
   -0.415955
   -0.416006
   -0.415958
   -0.416015
   -0.416157
   -0.416292
   -0.416521
   -0.416309
   -0.416500
   -0.416338
   -0.416474
   -0.415981
   -0.416056
   -0.416025
   -0.416020
   -0.416052
   -0.416006
   -0.416056
   -0.416386
   -0.416046
   -0.416257
   -0.416144
   -0.415828
   -0.416129
   -0.415846
   -0.416104
   -0.415868
   -0.416085
   -0.415899
   -0.416047
   -0.415930
   -0.416026
   -0.415940
   -0.416025
   -0.415937
   -0.416037
   -0.416569
   -0.415940
   -0.416114
   -0.415953
   -0.416097
   -0.415976
   -0.416078
   -0.415992
   -0.416051
   -0.416025
   -0.416024
   -0.416044
   -0.416017
   -0.416043
   -0.416022
   -0.416029
   -0.415844
   -0.416115
   -0.415855
   -0.416103
   -0.415870
   -0.416083
   -0.415886
   -0.416073
   -0.415905
   -0.416047
   -0.415926
   -0.416034
   -0.415928
   -0.416040
   -0.415918
   -0.416059
   -0.416091
   -0.415974
   -0.416080
   -0.415986
   -0.416067
   -0.416001
   -0.416057
   -0.416007
   -0.416045
   -0.416025
   -0.416031
   -0.416031
   -0.416034
   -0.416020
   -0.416049
   -0.415997
   -0.416333
   -0.416070
   -0.415898
   -0.416062
   -0.415908
   -0.416052
   -0.415913
   -0.416053
   -0.415916
   -0.416044
   -0.415921
   -0.416046
   -0.415910
   -0.416063
   -0.415889
   -0.416091
   -0.416491
   -0.416014
   -0.416042
   -0.416022
   -0.416033
   -0.416032
   -0.416030
   -0.416027
   -0.416033
   -0.416030
   -0.416033
   -0.416023
   -0.416048
   -0.416002
   -0.416073
   -0.415970
   -0.416365
   -0.416040
   -0.415929
   -0.416032
   -0.415938
   -0.416024
   -0.415938
   -0.416032
   -0.415929
   -0.416035
   -0.415923
   -0.416049
   -0.415902
   -0.416075
   -0.415872
   -0.416112
   -0.416462
   -0.416042
   -0.416014
   -0.416051
   -0.416004
   -0.416059
   -0.416004
   -0.416050
   -0.416016
   -0.416042
   -0.416026
   -0.416024
   -0.416051
   -0.415995
   -0.416085
   -0.415954
   -0.416384
   -0.416021
   -0.415948
   -0.416012
   -0.415959
   -0.416003
   -0.415959
   -0.416013
   -0.415943
   -0.416024
   -0.415930
   -0.416046
   -0.415901
   -0.416079
   -0.415863
   -0.416125
   -0.416449
   -0.416056
   -0.416000
   -0.416066
   -0.415987
   -0.416077
   -0.415986
   -0.416066
   -0.416004
   -0.416052
   -0.416019
   -0.416029
   -0.416050
   -0.415993
   -0.416091
   -0.415946
   -0.416401
   -0.416004
   -0.415963
   -0.415995
   -0.415977
   -0.415985
   -0.415975
   -0.415999
   -0.415954
   -0.416016
   -0.415935
   -0.416044
   -0.415899
   -0.416085
   -0.415851
   -0.416139
   -0.416441
   -0.416065
   -0.415992
   -0.416075
   -0.415977
   -0.416087
   -0.415977
   -0.416073
   -0.416001
   -0.416054
   -0.416021
   -0.416022
   -0.416062
   -0.415977
   -0.416114
   -0.415918
   -0.416406
   -0.415999
   -0.415969
   -0.415988
   -0.415986
   -0.415975
   -0.415985
   -0.415992
   -0.415958
   -0.416014
   -0.415933
   -0.416051
   -0.415887
   -0.416102
   -0.415827
   -0.416168
   -0.415847
   -0.415851
   -0.415778
   -0.415864
   -0.415759
   -0.415879
   -0.415758
   -0.415862
   -0.415787
   -0.415838
   -0.415814
   -0.415798
   -0.415865
   -0.415741
   -0.415930
   -0.415883
   -0.408961
   -0.408658
   -0.408940
   -0.408677
   -0.408911
   -0.409279
   -0.409488
   -0.409291
   -0.409468
   -0.409318
   -0.409437
   -0.409342
   -0.409411
   -0.409365
   -0.409401
   -0.409368
   -0.409260
   -0.408863
   -0.408694
   -0.408847
   -0.408718
   -0.408833
   -0.408722
   -0.409408
   -0.409320
   -0.409387
   -0.409343
   -0.409370
   -0.409363
   -0.409352
   -0.408789
   -0.409349
   -0.409423
   -0.409293
   -0.409470
   -0.409309
   -0.409449
   -0.409320
   -0.409446
   -0.409327
   -0.409435
   -0.409345
   -0.409415
   -0.409359
   -0.409397
   -0.409376
   -0.409388
   -0.409380
   -0.409239
   -0.409404
   -0.409321
   -0.409391
   -0.409339
   -0.409382
   -0.409340
   -0.409378
   -0.409348
   -0.409362
   -0.409366
   -0.409349
   -0.409383
   -0.409333
   -0.409394
   -0.409326
   -0.409453
   -0.409327
   -0.409437
   -0.409340
   -0.409421
   -0.409347
   -0.409420
   -0.409350
   -0.409412
   -0.409367
   -0.409393
   -0.409382
   -0.409374
   -0.409402
   -0.409358
   -0.409415
   -0.409335
   -0.409376
   -0.409350
   -0.409364
   -0.409363
   -0.409359
   -0.409363
   -0.409356
   -0.409371
   -0.409340
   -0.409391
   -0.409322
   -0.409412
   -0.409299
   -0.409433
   -0.409280
   -0.409355
   -0.409357
   -0.409406
   -0.409369
   -0.409393
   -0.409374
   -0.409391
   -0.409378
   -0.409382
   -0.409397
   -0.409360
   -0.409419
   -0.409333
   -0.409447
   -0.409304
   -0.409476
   -0.409306
   -0.409342
   -0.409382
   -0.409334
   -0.409392
   -0.409330
   -0.409395
   -0.409325
   -0.409404
   -0.409306
   -0.409427
   -0.409281
   -0.409458
   -0.409247
   -0.409495
   -0.409209
   -0.409323
   -0.409385
   -0.409379
   -0.409393
   -0.409370
   -0.409398
   -0.409364
   -0.409406
   -0.409352
   -0.409428
   -0.409325
   -0.409458
   -0.409287
   -0.409501
   -0.409241
   -0.409549
   -0.409326
   -0.409324
   -0.409400
   -0.409318
   -0.409409
   -0.409311
   -0.409418
   -0.409301
   -0.409433
   -0.409275
   -0.409464
   -0.409238
   -0.409510
   -0.409187
   -0.409566
   -0.409128
   -0.409315
   -0.409393
   -0.409370
   -0.409401
   -0.409359
   -0.409413
   -0.409344
   -0.409429
   -0.409323
   -0.409461
   -0.409284
   -0.409509
   -0.409226
   -0.409573
   -0.409156
   -0.409645
   -0.409327
   -0.409324
   -0.409402
   -0.409315
   -0.409415
   -0.409300
   -0.409435
   -0.409279
   -0.409462
   -0.409241
   -0.409507
   -0.409184
   -0.409577
   -0.409107
   -0.409660
   -0.409021
   -0.409321
   -0.409386
   -0.409375
   -0.409398
   -0.409360
   -0.409417
   -0.409332
   -0.409446
   -0.409299
   -0.409492
   -0.409244
   -0.409560
   -0.409162
   -0.409651
   -0.409064
   -0.409753
   -0.409315
   -0.409335
   -0.409393
   -0.409323
   -0.409409
   -0.409302
   -0.409440
   -0.409270
   -0.409477
   -0.409220
   -0.409537
   -0.409144
   -0.409630
   -0.409040
   -0.409741
   -0.408925
   -0.409338
   -0.409370
   -0.409389
   -0.409385
   -0.409370
   -0.409411
   -0.409334
   -0.409447
   -0.409291
   -0.409504
   -0.409223
   -0.409589
   -0.409118
   -0.409706
   -0.408995
   -0.409835
   -0.409968
   -0.409427
   -0.409464
   -0.409414
   -0.409482
   -0.409388
   -0.409519
   -0.409350
   -0.409564
   -0.409291
   -0.409635
   -0.409199
   -0.409749
   -0.409072
   -0.409883
   -0.408851
   -0.410017
   -0.409887
   -0.409984
   -0.409909
   -0.409968
   -0.410011
   -0.410023
   -0.410033
   -0.410001
   -0.410047
   -0.410001
   -0.410038
   -0.410015
   -0.410021
   -0.410026
   -0.410012
   -0.409963
   -0.409924
   -0.409909
   -0.409906
   -0.409921
   -0.409889
   -0.409942
   -0.409953
   -0.410040
   -0.409942
   -0.410039
   -0.409952
   -0.410024
   -0.409969
   -0.409932
   -0.409978
   -0.409930
   -0.409979
   -0.410056
   -0.409994
   -0.410047
   -0.410007
   -0.410030
   -0.410020
   -0.410016
   -0.410029
   -0.410017
   -0.410022
   -0.410030
   -0.410007
   -0.410040
   -0.409997
   -0.409827
   -0.409995
   -0.409996
   -0.409984
   -0.410002
   -0.409975
   -0.410014
   -0.409966
   -0.410023
   -0.409961
   -0.410021
   -0.409969
   -0.410008
   -0.409984
   -0.409997
   -0.409996
   -0.410067
   -0.409987
   -0.410051
   -0.409996
   -0.410046
   -0.410004
   -0.410035
   -0.410011
   -0.410029
   -0.410014
   -0.410032
   -0.410007
   -0.410043
   -0.409994
   -0.410053
   -0.409983
   -0.409992
   -0.409986
   -0.410003
   -0.409979
   -0.410007
   -0.409974
   -0.410013
   -0.409972
   -0.410014
   -0.409973
   -0.410009
   -0.409982
   -0.409996
   -0.409996
   -0.409985
   -0.410008
   -0.409894
   -0.410004
   -0.410036
   -0.410009
   -0.410034
   -0.410012
   -0.410030
   -0.410011
   -0.410033
   -0.410007
   -0.410040
   -0.409997
   -0.410054
   -0.409982
   -0.410066
   -0.409969
   -0.409869
   -0.409964
   -0.410022
   -0.409962
   -0.410023
   -0.409963
   -0.410021
   -0.409970
   -0.410012
   -0.409979
   -0.410001
   -0.409992
   -0.409984
   -0.410011
   -0.409967
   -0.410027
   -0.409877
   -0.410017
   -0.410025
   -0.410020
   -0.410023
   -0.410018
   -0.410027
   -0.410008
   -0.410040
   -0.409997
   -0.410052
   -0.409982
   -0.410071
   -0.409962
   -0.410089
   -0.409944
   -0.409876
   -0.409960
   -0.410027
   -0.409957
   -0.410028
   -0.409960
   -0.410021
   -0.409974
   -0.410004
   -0.409989
   -0.409990
   -0.410007
   -0.409968
   -0.410030
   -0.409944
   -0.410053
   -0.409879
   -0.410013
   -0.410027
   -0.410019
   -0.410023
   -0.410018
   -0.410029
   -0.410003
   -0.410047
   -0.409988
   -0.410061
   -0.409971
   -0.410084
   -0.409946
   -0.410109
   -0.409922
   -0.409867
   -0.409970
   -0.410018
   -0.409965
   -0.410023
   -0.409966
   -0.410015
   -0.409982
   -0.409996
   -0.409998
   -0.409981
   -0.410017
   -0.409956
   -0.410044
   -0.409928
   -0.410071
   -0.409887
   -0.410003
   -0.410036
   -0.410010
   -0.410030
   -0.410009
   -0.410039
   -0.409991
   -0.410060
   -0.409974
   -0.410075
   -0.409954
   -0.410102
   -0.409924
   -0.410134
   -0.409895
   -0.409862
   -0.409977
   -0.410012
   -0.409971
   -0.410017
   -0.409974
   -0.410005
   -0.409996
   -0.409980
   -0.410015
   -0.409963
   -0.410038
   -0.409932
   -0.410072
   -0.409897
   -0.410105
   -0.409887
   -0.410002
   -0.410037
   -0.410010
   -0.410031
   -0.410007
   -0.410043
   -0.409983
   -0.410069
   -0.409964
   -0.410085
   -0.409941
   -0.410117
   -0.409907
   -0.410154
   -0.409872
   -0.410525
   -0.410564
   -0.410594
   -0.410556
   -0.410600
   -0.410560
   -0.410585
   -0.410587
   -0.410556
   -0.410608
   -0.410539
   -0.410633
   -0.410504
   -0.410670
   -0.410464
   -0.410122
   -0.410327
   -0.410329
   -0.410350
   -0.410303
   -0.410379
   -0.410077
   -0.410161
   -0.410091
   -0.410145
   -0.410102
   -0.410131
   -0.410120
   -0.410121
   -0.410128
   -0.410104
   -0.410143
   -0.410120
   -0.410396
   -0.410313
   -0.410420
   -0.410287
   -0.410432
   -0.410291
   -0.410206
   -0.410093
   -0.410196
   -0.410106
   -0.410180
   -0.410115
   -0.410172
   -0.410342
   -0.410160
   -0.410155
   -0.410115
   -0.410135
   -0.410096
   -0.410158
   -0.410086
   -0.410152
   -0.410100
   -0.410135
   -0.410112
   -0.410122
   -0.410128
   -0.410111
   -0.410137
   -0.410097
   -0.410151
   -0.410156
   -0.410182
   -0.410105
   -0.410199
   -0.410084
   -0.410207
   -0.410089
   -0.410195
   -0.410105
   -0.410184
   -0.410117
   -0.410169
   -0.410126
   -0.410162
   -0.410138
   -0.410150
   -0.410126
   -0.410110
   -0.410135
   -0.410098
   -0.410151
   -0.410093
   -0.410144
   -0.410107
   -0.410127
   -0.410120
   -0.410114
   -0.410134
   -0.410105
   -0.410141
   -0.410095
   -0.410152
   -0.410103
   -0.410195
   -0.410097
   -0.410204
   -0.410083
   -0.410209
   -0.410088
   -0.410197
   -0.410104
   -0.410186
   -0.410114
   -0.410175
   -0.410120
   -0.410171
   -0.410126
   -0.410165
   -0.410180
   -0.410096
   -0.410145
   -0.410090
   -0.410157
   -0.410085
   -0.410152
   -0.410097
   -0.410137
   -0.410107
   -0.410128
   -0.410117
   -0.410124
   -0.410119
   -0.410120
   -0.410123
   -0.410129
   -0.410204
   -0.410091
   -0.410209
   -0.410080
   -0.410214
   -0.410083
   -0.410205
   -0.410096
   -0.410196
   -0.410103
   -0.410190
   -0.410103
   -0.410191
   -0.410103
   -0.410191
   -0.410190
   -0.410087
   -0.410150
   -0.410086
   -0.410159
   -0.410082
   -0.410156
   -0.410092
   -0.410142
   -0.410101
   -0.410135
   -0.410106
   -0.410135
   -0.410105
   -0.410137
   -0.410104
   -0.410121
   -0.410210
   -0.410088
   -0.410211
   -0.410079
   -0.410217
   -0.410079
   -0.410210
   -0.410089
   -0.410204
   -0.410093
   -0.410205
   -0.410086
   -0.410211
   -0.410080
   -0.410217
   -0.410185
   -0.410093
   -0.410142
   -0.410093
   -0.410152
   -0.410086
   -0.410153
   -0.410091
   -0.410145
   -0.410095
   -0.410144
   -0.410091
   -0.410154
   -0.410082
   -0.410163
   -0.410074
   -0.410132
   -0.410200
   -0.410099
   -0.410202
   -0.410087
   -0.410213
   -0.410082
   -0.410211
   -0.410085
   -0.410211
   -0.410083
   -0.410221
   -0.410067
   -0.410235
   -0.410052
   -0.410249
   -0.410174
   -0.410103
   -0.410132
   -0.410102
   -0.410145
   -0.410088
   -0.410153
   -0.410088
   -0.410152
   -0.410087
   -0.410155
   -0.410074
   -0.410174
   -0.410057
   -0.410192
   -0.410041
   -0.410148
   -0.410186
   -0.410115
   -0.410188
   -0.410099
   -0.410205
   -0.410088
   -0.410208
   -0.410086
   -0.410212
   -0.410080
   -0.410228
   -0.410058
   -0.410247
   -0.410038
   -0.410265
   -0.410150
   -0.410124
   -0.410110
   -0.410122
   -0.410126
   -0.410104
   -0.410138
   -0.410100
   -0.410141
   -0.410097
   -0.410146
   -0.410080
   -0.410170
   -0.410061
   -0.410188
   -0.410045
   -0.409576
   -0.409785
   -0.409755
   -0.409787
   -0.409738
   -0.409807
   -0.409724
   -0.409813
   -0.409719
   -0.409818
   -0.409713
   -0.409837
   -0.409687
   -0.409857
   -0.409667
   -0.410255
   -0.409708
   -0.409670
   -0.409712
   -0.409664
   -0.409718
   -0.409654
   -0.409705
   -0.409664
   -0.409694
   -0.409679
   -0.409682
   -0.409683
   -0.409678
   -0.409686
   -0.409677
   -0.409691
   -0.409671
   -0.409741
   -0.409675
   -0.409748
   -0.409668
   -0.409751
   -0.409670
   -0.409734
   -0.409671
   -0.409721
   -0.409680
   -0.409718
   -0.409683
   -0.409716
   -0.409692
   -0.409712
   -0.409739
   -0.409671
   -0.409692
   -0.409667
   -0.409696
   -0.409666
   -0.409692
   -0.409677
   -0.409679
   -0.409692
   -0.409668
   -0.409697
   -0.409663
   -0.409701
   -0.409660
   -0.409709
   -0.409726
   -0.409726
   -0.409674
   -0.409730
   -0.409670
   -0.409731
   -0.409674
   -0.409720
   -0.409686
   -0.409706
   -0.409697
   -0.409701
   -0.409702
   -0.409698
   -0.409704
   -0.409690
   -0.409680
   -0.409681
   -0.409681
   -0.409679
   -0.409681
   -0.409682
   -0.409675
   -0.409695
   -0.409661
   -0.409710
   -0.409649
   -0.409716
   -0.409643
   -0.409720
   -0.409640
   -0.409729
   -0.409691
   -0.409711
   -0.409690
   -0.409714
   -0.409688
   -0.409712
   -0.409694
   -0.409700
   -0.409707
   -0.409687
   -0.409718
   -0.409680
   -0.409723
   -0.409678
   -0.409726
   -0.409669
   -0.409712
   -0.409698
   -0.409663
   -0.409696
   -0.409664
   -0.409699
   -0.409656
   -0.409713
   -0.409642
   -0.409728
   -0.409628
   -0.409738
   -0.409620
   -0.409743
   -0.409614
   -0.409756
   -0.409750
   -0.409702
   -0.409699
   -0.409705
   -0.409699
   -0.409700
   -0.409709
   -0.409683
   -0.409726
   -0.409667
   -0.409741
   -0.409653
   -0.409754
   -0.409644
   -0.409764
   -0.409626
   -0.409715
   -0.409696
   -0.409665
   -0.409695
   -0.409663
   -0.409704
   -0.409647
   -0.409726
   -0.409624
   -0.409748
   -0.409603
   -0.409769
   -0.409583
   -0.409784
   -0.409567
   -0.409808
   -0.409745
   -0.409708
   -0.409694
   -0.409710
   -0.409696
   -0.409700
   -0.409713
   -0.409676
   -0.409739
   -0.409653
   -0.409761
   -0.409630
   -0.409782
   -0.409613
   -0.409802
   -0.409586
   -0.409707
   -0.409701
   -0.409660
   -0.409698
   -0.409659
   -0.409708
   -0.409641
   -0.409734
   -0.409613
   -0.409759
   -0.409590
   -0.409784
   -0.409565
   -0.409804
   -0.409542
   -0.409835
   -0.409754
   -0.409700
   -0.409700
   -0.409706
   -0.409699
   -0.409696
   -0.409718
   -0.409669
   -0.409748
   -0.409644
   -0.409772
   -0.409616
   -0.409799
   -0.409593
   -0.409825
   -0.409560
   -0.409711
   -0.409697
   -0.409665
   -0.409691
   -0.409665
   -0.409703
   -0.409642
   -0.409735
   -0.409608
   -0.409764
   -0.409580
   -0.409798
   -0.409547
   -0.409826
   -0.409515
   -0.409866
   -0.409743
   -0.409711
   -0.409689
   -0.409718
   -0.409688
   -0.409705
   -0.409714
   -0.409670
   -0.409750
   -0.409639
   -0.409782
   -0.409600
   -0.409820
   -0.409566
   -0.409859
   -0.409521
   -0.409720
   -0.409687
   -0.409676
   -0.409680
   -0.409675
   -0.409696
   -0.409646
   -0.409734
   -0.409605
   -0.409770
   -0.409570
   -0.409814
   -0.409524
   -0.409855
   -0.409479
   -0.409907
   -0.405329
   -0.405309
   -0.405280
   -0.405320
   -0.405279
   -0.405303
   -0.405309
   -0.405263
   -0.405352
   -0.405226
   -0.405389
   -0.405178
   -0.405438
   -0.405135
   -0.405487
   -0.409484
   -0.415728
   -0.415869
   -0.415729
   -0.415866
   -0.415731
   -0.415933
   -0.415821
   -0.415915
   -0.415842
   -0.415891
   -0.415870
   -0.415866
   -0.415887
   -0.415854
   -0.415903
   -0.415841
   -0.415958
   -0.415620
   -0.415879
   -0.415626
   -0.415873
   -0.415637
   -0.415856
   -0.415733
   -0.415910
   -0.415758
   -0.415882
   -0.415783
   -0.415866
   -0.415795
   -0.415774
   -0.415807
   -0.415785
   -0.415944
   -0.415806
   -0.415938
   -0.415812
   -0.415927
   -0.415828
   -0.415907
   -0.415851
   -0.415884
   -0.415875
   -0.415862
   -0.415889
   -0.415852
   -0.415903
   -0.415840
   -0.415929
   -0.415708
   -0.415944
   -0.415713
   -0.415939
   -0.415722
   -0.415925
   -0.415740
   -0.415904
   -0.415760
   -0.415885
   -0.415777
   -0.415874
   -0.415784
   -0.415864
   -0.415793
   -0.415823
   -0.415924
   -0.415824
   -0.415921
   -0.415828
   -0.415913
   -0.415840
   -0.415897
   -0.415858
   -0.415882
   -0.415872
   -0.415870
   -0.415878
   -0.415866
   -0.415884
   -0.415861
   -0.415923
   -0.415732
   -0.415922
   -0.415733
   -0.415920
   -0.415738
   -0.415912
   -0.415751
   -0.415897
   -0.415762
   -0.415888
   -0.415768
   -0.415887
   -0.415768
   -0.415885
   -0.415770
   -0.415835
   -0.415895
   -0.415851
   -0.415897
   -0.415848
   -0.415897
   -0.415851
   -0.415890
   -0.415861
   -0.415884
   -0.415863
   -0.415885
   -0.415858
   -0.415891
   -0.415855
   -0.415893
   -0.415877
   -0.415759
   -0.415896
   -0.415756
   -0.415901
   -0.415753
   -0.415902
   -0.415757
   -0.415894
   -0.415761
   -0.415895
   -0.415756
   -0.415904
   -0.415747
   -0.415910
   -0.415742
   -0.415860
   -0.415869
   -0.415875
   -0.415876
   -0.415867
   -0.415883
   -0.415861
   -0.415883
   -0.415865
   -0.415882
   -0.415860
   -0.415892
   -0.415846
   -0.415905
   -0.415837
   -0.415911
   -0.415853
   -0.415783
   -0.415874
   -0.415775
   -0.415885
   -0.415764
   -0.415895
   -0.415760
   -0.415893
   -0.415759
   -0.415901
   -0.415745
   -0.415918
   -0.415730
   -0.415929
   -0.415723
   -0.415877
   -0.415853
   -0.415890
   -0.415863
   -0.415876
   -0.415877
   -0.415862
   -0.415884
   -0.415862
   -0.415887
   -0.415852
   -0.415904
   -0.415833
   -0.415920
   -0.415820
   -0.415929
   -0.415849
   -0.415788
   -0.415869
   -0.415779
   -0.415883
   -0.415764
   -0.415898
   -0.415757
   -0.415898
   -0.415754
   -0.415908
   -0.415737
   -0.415927
   -0.415721
   -0.415941
   -0.415712
   -0.415871
   -0.415856
   -0.415888
   -0.415866
   -0.415871
   -0.415884
   -0.415854
   -0.415892
   -0.415855
   -0.415894
   -0.415844
   -0.415912
   -0.415824
   -0.415929
   -0.415809
   -0.415940
   -0.415849
   -0.415790
   -0.415868
   -0.415779
   -0.415887
   -0.415758
   -0.415906
   -0.415748
   -0.415906
   -0.415746
   -0.415917
   -0.415728
   -0.415936
   -0.415712
   -0.415950
   -0.415703
   -0.415884
   -0.415844
   -0.415898
   -0.415858
   -0.415875
   -0.415884
   -0.415851
   -0.415896
   -0.415850
   -0.415899
   -0.415839
   -0.415917
   -0.415820
   -0.415931
   -0.415808
   -0.415939
   -0.415534
   -0.415419
   -0.415479
   -0.415403
   -0.415505
   -0.415375
   -0.415531
   -0.415361
   -0.415533
   -0.415359
   -0.415543
   -0.415341
   -0.415560
   -0.415330
   -0.415571
   -0.415704
   -0.414824
   -0.414082
   -0.414758
   -0.414143
   -0.414696
   -0.414206
   -0.414635
   -0.414258
   -0.414580
   -0.414308
   -0.414528
   -0.414363
   -0.414474
   -0.414409
   -0.414440
   -0.414425
   -0.414094
   -0.414700
   -0.414153
   -0.414649
   -0.414206
   -0.414592
   -0.414254
   -0.414544
   -0.414297
   -0.414502
   -0.414343
   -0.414453
   -0.414390
   -0.414413
   -0.414423
   -0.414401
   -0.414721
   -0.414151
   -0.414689
   -0.414195
   -0.414643
   -0.414245
   -0.414601
   -0.414284
   -0.414560
   -0.414322
   -0.414519
   -0.414366
   -0.414476
   -0.414401
   -0.414451
   -0.414412
   -0.414138
   -0.414643
   -0.414197
   -0.414603
   -0.414238
   -0.414559
   -0.414276
   -0.414524
   -0.414313
   -0.414490
   -0.414350
   -0.414450
   -0.414388
   -0.414420
   -0.414409
   -0.414413
   -0.414690
   -0.414192
   -0.414652
   -0.414229
   -0.414614
   -0.414268
   -0.414581
   -0.414300
   -0.414547
   -0.414331
   -0.414513
   -0.414367
   -0.414478
   -0.414396
   -0.414459
   -0.414401
   -0.414201
   -0.414602
   -0.414235
   -0.414569
   -0.414268
   -0.414535
   -0.414296
   -0.414509
   -0.414324
   -0.414483
   -0.414352
   -0.414453
   -0.414381
   -0.414430
   -0.414395
   -0.414429
   -0.414626
   -0.414237
   -0.414610
   -0.414268
   -0.414578
   -0.414299
   -0.414553
   -0.414321
   -0.414530
   -0.414343
   -0.414506
   -0.414368
   -0.414483
   -0.414386
   -0.414472
   -0.414385
   -0.414240
   -0.414551
   -0.414284
   -0.414523
   -0.414312
   -0.414498
   -0.414330
   -0.414483
   -0.414344
   -0.414470
   -0.414358
   -0.414455
   -0.414373
   -0.414445
   -0.414375
   -0.414453
   -0.414565
   -0.414294
   -0.414555
   -0.414319
   -0.414531
   -0.414339
   -0.414518
   -0.414348
   -0.414512
   -0.414354
   -0.414505
   -0.414360
   -0.414498
   -0.414364
   -0.414501
   -0.414351
   -0.414296
   -0.414498
   -0.414334
   -0.414475
   -0.414355
   -0.414459
   -0.414365
   -0.414456
   -0.414364
   -0.414456
   -0.414364
   -0.414458
   -0.414364
   -0.414460
   -0.414354
   -0.414479
   -0.414519
   -0.414336
   -0.414514
   -0.414359
   -0.414494
   -0.414373
   -0.414486
   -0.414374
   -0.414491
   -0.414370
   -0.414495
   -0.414363
   -0.414499
   -0.414357
   -0.414513
   -0.414334
   -0.414348
   -0.414451
   -0.414380
   -0.414433
   -0.414395
   -0.414424
   -0.414397
   -0.414430
   -0.414385
   -0.414441
   -0.414372
   -0.414457
   -0.414360
   -0.414469
   -0.414341
   -0.414497
   -0.414469
   -0.414382
   -0.414470
   -0.414399
   -0.414456
   -0.414406
   -0.414456
   -0.414397
   -0.414473
   -0.414383
   -0.414489
   -0.414362
   -0.414506
   -0.414345
   -0.414530
   -0.414312
   -0.414383
   -0.414418
   -0.414411
   -0.414403
   -0.414423
   -0.414399
   -0.414421
   -0.414412
   -0.414399
   -0.414431
   -0.414376
   -0.414459
   -0.414353
   -0.414482
   -0.414322
   -0.414521
   -0.414434
   -0.414414
   -0.414440
   -0.414429
   -0.414429
   -0.414432
   -0.414432
   -0.414415
   -0.414458
   -0.414393
   -0.414485
   -0.414359
   -0.414514
   -0.414332
   -0.414550
   -0.414287
   -0.414984
   -0.414980
   -0.415012
   -0.414966
   -0.415024
   -0.414963
   -0.415019
   -0.414983
   -0.414988
   -0.415009
   -0.414956
   -0.415051
   -0.414921
   -0.415084
   -0.414878
   -0.414555
   -0.395173
   -0.395162
   -0.395134
   -0.395207
   -0.395096
   -0.395207
   -0.395048
   -0.395215
   -0.395057
   -0.395205
   -0.395061
   -0.395201
   -0.395064
   -0.395203
   -0.395063
   -0.395191
   -0.395109
   -0.395323
   -0.395169
   -0.395284
   -0.395202
   -0.395261
   -0.395220
   -0.395229
   -0.395185
   -0.395240
   -0.395180
   -0.395243
   -0.395177
   -0.395242
   -0.395204
   -0.395253
   -0.395134
   -0.395151
   -0.395096
   -0.395186
   -0.395067
   -0.395207
   -0.395049
   -0.395215
   -0.395054
   -0.395208
   -0.395056
   -0.395206
   -0.395057
   -0.395210
   -0.395054
   -0.395203
   -0.395145
   -0.395274
   -0.395161
   -0.395247
   -0.395183
   -0.395232
   -0.395196
   -0.395226
   -0.395191
   -0.395233
   -0.395187
   -0.395238
   -0.395184
   -0.395236
   -0.395184
   -0.395245
   -0.395097
   -0.395175
   -0.395077
   -0.395198
   -0.395058
   -0.395211
   -0.395045
   -0.395219
   -0.395047
   -0.395215
   -0.395048
   -0.395213
   -0.395050
   -0.395216
   -0.395047
   -0.395211
   -0.395163
   -0.395253
   -0.395177
   -0.395237
   -0.395190
   -0.395229
   -0.395198
   -0.395224
   -0.395195
   -0.395229
   -0.395192
   -0.395233
   -0.395188
   -0.395233
   -0.395189
   -0.395238
   -0.395086
   -0.395190
   -0.395066
   -0.395204
   -0.395055
   -0.395212
   -0.395045
   -0.395219
   -0.395044
   -0.395220
   -0.395043
   -0.395217
   -0.395046
   -0.395219
   -0.395044
   -0.395216
   -0.395183
   -0.395244
   -0.395184
   -0.395234
   -0.395192
   -0.395228
   -0.395200
   -0.395221
   -0.395204
   -0.395217
   -0.395206
   -0.395220
   -0.395202
   -0.395219
   -0.395204
   -0.395222
   -0.395073
   -0.395200
   -0.395058
   -0.395208
   -0.395051
   -0.395215
   -0.395040
   -0.395226
   -0.395031
   -0.395235
   -0.395025
   -0.395237
   -0.395026
   -0.395240
   -0.395020
   -0.395241
   -0.395194
   -0.395235
   -0.395191
   -0.395232
   -0.395194
   -0.395227
   -0.395204
   -0.395215
   -0.395215
   -0.395202
   -0.395223
   -0.395201
   -0.395222
   -0.395198
   -0.395227
   -0.395196
   -0.395065
   -0.395205
   -0.395054
   -0.395208
   -0.395051
   -0.395214
   -0.395039
   -0.395230
   -0.395021
   -0.395249
   -0.395009
   -0.395255
   -0.395006
   -0.395260
   -0.394998
   -0.395265
   -0.395196
   -0.395235
   -0.395190
   -0.395235
   -0.395191
   -0.395230
   -0.395203
   -0.395213
   -0.395223
   -0.395191
   -0.395237
   -0.395185
   -0.395239
   -0.395181
   -0.395246
   -0.395177
   -0.395067
   -0.395202
   -0.395057
   -0.395202
   -0.395056
   -0.395208
   -0.395042
   -0.395229
   -0.395017
   -0.395256
   -0.395000
   -0.395265
   -0.394996
   -0.395269
   -0.394988
   -0.395275
   -0.395192
   -0.395240
   -0.395186
   -0.395242
   -0.395184
   -0.395238
   -0.395197
   -0.395216
   -0.395224
   -0.395189
   -0.395241
   -0.395179
   -0.395246
   -0.395175
   -0.395252
   -0.395170
   -0.395078
   -0.395191
   -0.395066
   -0.395190
   -0.395067
   -0.395196
   -0.395051
   -0.395222
   -0.395020
   -0.395256
   -0.394998
   -0.395270
   -0.394989
   -0.395276
   -0.394980
   -0.395283
   -0.395230
   -0.395336
   -0.395253
   -0.395338
   -0.395250
   -0.395334
   -0.395265
   -0.395306
   -0.395299
   -0.395271
   -0.395322
   -0.395256
   -0.395332
   -0.395249
   -0.395341
   -0.395162
   -0.404448
   -0.405125
   -0.404540
   -0.405038
   -0.404605
   -0.404992
   -0.404654
   -0.404948
   -0.404696
   -0.404905
   -0.404742
   -0.404864
   -0.404770
   -0.404838
   -0.404793
   -0.404826
   -0.405137
   -0.404572
   -0.405049
   -0.404651
   -0.404989
   -0.404698
   -0.404946
   -0.404744
   -0.404910
   -0.404784
   -0.404867
   -0.404823
   -0.404840
   -0.404848
   -0.404814
   -0.404859
   -0.404513
   -0.405079
   -0.404583
   -0.405009
   -0.404636
   -0.404967
   -0.404674
   -0.404930
   -0.404709
   -0.404894
   -0.404748
   -0.404860
   -0.404772
   -0.404838
   -0.404791
   -0.404829
   -0.405085
   -0.404625
   -0.405013
   -0.404689
   -0.404964
   -0.404727
   -0.404929
   -0.404762
   -0.404895
   -0.404798
   -0.404857
   -0.404831
   -0.404833
   -0.404855
   -0.404811
   -0.404866
   -0.404565
   -0.405029
   -0.404623
   -0.404974
   -0.404664
   -0.404943
   -0.404694
   -0.404913
   -0.404723
   -0.404882
   -0.404756
   -0.404854
   -0.404777
   -0.404832
   -0.404797
   -0.404822
   -0.405022
   -0.404677
   -0.404972
   -0.404723
   -0.404938
   -0.404748
   -0.404914
   -0.404774
   -0.404889
   -0.404800
   -0.404860
   -0.404825
   -0.404841
   -0.404847
   -0.404820
   -0.404858
   -0.404631
   -0.404975
   -0.404666
   -0.404939
   -0.404692
   -0.404921
   -0.404709
   -0.404903
   -0.404727
   -0.404882
   -0.404750
   -0.404864
   -0.404765
   -0.404845
   -0.404783
   -0.404834
   -0.404970
   -0.404727
   -0.404932
   -0.404756
   -0.404912
   -0.404769
   -0.404900
   -0.404782
   -0.404886
   -0.404799
   -0.404868
   -0.404813
   -0.404856
   -0.404831
   -0.404836
   -0.404843
   -0.404693
   -0.404921
   -0.404711
   -0.404902
   -0.404721
   -0.404898
   -0.404725
   -0.404893
   -0.404730
   -0.404885
   -0.404740
   -0.404878
   -0.404748
   -0.404863
   -0.404765
   -0.404852
   -0.404899
   -0.404790
   -0.404880
   -0.404800
   -0.404878
   -0.404797
   -0.404881
   -0.404793
   -0.404883
   -0.404795
   -0.404879
   -0.404797
   -0.404875
   -0.404809
   -0.404860
   -0.404819
   -0.404751
   -0.404869
   -0.404753
   -0.404867
   -0.404747
   -0.404878
   -0.404736
   -0.404889
   -0.404726
   -0.404894
   -0.404724
   -0.404899
   -0.404724
   -0.404889
   -0.404735
   -0.404882
   -0.404862
   -0.404823
   -0.404854
   -0.404821
   -0.404864
   -0.404805
   -0.404880
   -0.404789
   -0.404894
   -0.404780
   -0.404900
   -0.404771
   -0.404903
   -0.404778
   -0.404896
   -0.404782
   -0.404781
   -0.404841
   -0.404774
   -0.404849
   -0.404759
   -0.404871
   -0.404737
   -0.404894
   -0.404716
   -0.404908
   -0.404704
   -0.404923
   -0.404696
   -0.404921
   -0.404698
   -0.404922
   -0.404838
   -0.404846
   -0.404835
   -0.404837
   -0.404852
   -0.404814
   -0.404877
   -0.404787
   -0.404901
   -0.404771
   -0.404914
   -0.404753
   -0.404925
   -0.404753
   -0.404925
   -0.404751
   -0.404794
   -0.404829
   -0.404783
   -0.404841
   -0.404764
   -0.404868
   -0.404735
   -0.404899
   -0.404708
   -0.404918
   -0.404690
   -0.404940
   -0.404674
   -0.404945
   -0.404670
   -0.404950
   -0.404625
   -0.404639
   -0.404622
   -0.404627
   -0.404642
   -0.404599
   -0.404674
   -0.404564
   -0.404704
   -0.404543
   -0.404724
   -0.404517
   -0.404743
   -0.404511
   -0.404750
   -0.404713
   -0.457884
   -0.457395
   -0.457853
   -0.457426
   -0.457820
   -0.457468
   -0.457795
   -0.457504
   -0.457758
   -0.457537
   -0.457733
   -0.457557
   -0.457713
   -0.457571
   -0.457702
   -0.457576
   -0.457429
   -0.457623
   -0.457449
   -0.457594
   -0.457479
   -0.457563
   -0.457511
   -0.457539
   -0.457553
   -0.457509
   -0.457576
   -0.457491
   -0.457594
   -0.457478
   -0.457595
   -0.457474
   -0.457862
   -0.457428
   -0.457839
   -0.457455
   -0.457810
   -0.457484
   -0.457781
   -0.457514
   -0.457751
   -0.457541
   -0.457730
   -0.457557
   -0.457714
   -0.457568
   -0.457707
   -0.457571
   -0.457460
   -0.457601
   -0.457486
   -0.457578
   -0.457511
   -0.457553
   -0.457535
   -0.457529
   -0.457560
   -0.457506
   -0.457577
   -0.457493
   -0.457589
   -0.457486
   -0.457594
   -0.457485
   -0.457833
   -0.457457
   -0.457812
   -0.457480
   -0.457788
   -0.457503
   -0.457766
   -0.457524
   -0.457744
   -0.457544
   -0.457729
   -0.457556
   -0.457718
   -0.457562
   -0.457714
   -0.457562
   -0.457499
   -0.457568
   -0.457517
   -0.457549
   -0.457538
   -0.457530
   -0.457555
   -0.457513
   -0.457573
   -0.457498
   -0.457585
   -0.457488
   -0.457594
   -0.457483
   -0.457597
   -0.457483
   -0.457787
   -0.457498
   -0.457773
   -0.457515
   -0.457754
   -0.457532
   -0.457740
   -0.457546
   -0.457726
   -0.457558
   -0.457715
   -0.457568
   -0.457707
   -0.457573
   -0.457702
   -0.457575
   -0.457538
   -0.457529
   -0.457554
   -0.457516
   -0.457569
   -0.457502
   -0.457579
   -0.457494
   -0.457588
   -0.457487
   -0.457595
   -0.457479
   -0.457601
   -0.457476
   -0.457605
   -0.457474
   -0.457749
   -0.457533
   -0.457740
   -0.457544
   -0.457728
   -0.457555
   -0.457720
   -0.457559
   -0.457717
   -0.457562
   -0.457713
   -0.457566
   -0.457710
   -0.457567
   -0.457709
   -0.457568
   -0.457573
   -0.457496
   -0.457584
   -0.457489
   -0.457594
   -0.457482
   -0.457596
   -0.457484
   -0.457593
   -0.457487
   -0.457591
   -0.457488
   -0.457588
   -0.457493
   -0.457585
   -0.457497
   -0.457722
   -0.457559
   -0.457716
   -0.457566
   -0.457706
   -0.457573
   -0.457705
   -0.457568
   -0.457712
   -0.457563
   -0.457716
   -0.457560
   -0.457721
   -0.457553
   -0.457725
   -0.457549
   -0.457594
   -0.457476
   -0.457604
   -0.457469
   -0.457614
   -0.457464
   -0.457613
   -0.457471
   -0.457603
   -0.457479
   -0.457597
   -0.457485
   -0.457590
   -0.457492
   -0.457585
   -0.457497
   -0.457704
   -0.457575
   -0.457699
   -0.457584
   -0.457687
   -0.457591
   -0.457687
   -0.457585
   -0.457696
   -0.457577
   -0.457701
   -0.457573
   -0.457707
   -0.457568
   -0.457708
   -0.457567
   -0.457604
   -0.457467
   -0.457615
   -0.457457
   -0.457629
   -0.457449
   -0.457629
   -0.457456
   -0.457618
   -0.457464
   -0.457615
   -0.457468
   -0.457608
   -0.457473
   -0.457608
   -0.457472
   -0.457698
   -0.457581
   -0.457691
   -0.457594
   -0.457673
   -0.457606
   -0.457671
   -0.457599
   -0.457682
   -0.457592
   -0.457684
   -0.457589
   -0.457691
   -0.457585
   -0.457688
   -0.457589
   -0.457603
   -0.457456
   -0.457609
   -0.457440
   -0.457631
   -0.457427
   -0.457634
   -0.457433
   -0.457623
   -0.457440
   -0.457622
   -0.457442
   -0.457615
   -0.457445
   -0.457620
   -0.457448
   -0.416256
   -0.416213
   -0.416253
   -0.416215
   -0.416257
   -0.416209
   -0.416259
   -0.416196
   -0.416275
   -0.416183
   -0.416285
   -0.416177
   -0.416292
   -0.416174
   -0.416286
   -0.416180
   -0.416238
   -0.416063
   -0.416243
   -0.416062
   -0.416239
   -0.416066
   -0.416236
   -0.416076
   -0.416219
   -0.416088
   -0.416209
   -0.416094
   -0.416203
   -0.416097
   -0.416209
   -0.416092
   -0.416262
   -0.416203
   -0.416259
   -0.416205
   -0.416262
   -0.416203
   -0.416264
   -0.416192
   -0.416277
   -0.416182
   -0.416285
   -0.416178
   -0.416289
   -0.416176
   -0.416284
   -0.416183
   -0.416229
   -0.416069
   -0.416234
   -0.416067
   -0.416232
   -0.416069
   -0.416229
   -0.416079
   -0.416217
   -0.416090
   -0.416209
   -0.416094
   -0.416205
   -0.416094
   -0.416211
   -0.416088
   -0.416267
   -0.416199
   -0.416263
   -0.416201
   -0.416265
   -0.416199
   -0.416267
   -0.416189
   -0.416280
   -0.416179
   -0.416288
   -0.416174
   -0.416292
   -0.416174
   -0.416286
   -0.416181
   -0.416226
   -0.416074
   -0.416229
   -0.416072
   -0.416227
   -0.416075
   -0.416224
   -0.416085
   -0.416212
   -0.416095
   -0.416203
   -0.416100
   -0.416201
   -0.416098
   -0.416208
   -0.416089
   -0.416272
   -0.416192
   -0.416271
   -0.416193
   -0.416273
   -0.416191
   -0.416276
   -0.416181
   -0.416288
   -0.416170
   -0.416297
   -0.416165
   -0.416298
   -0.416169
   -0.416289
   -0.416180
   -0.416217
   -0.416081
   -0.416221
   -0.416082
   -0.416218
   -0.416085
   -0.416213
   -0.416097
   -0.416199
   -0.416109
   -0.416188
   -0.416116
   -0.416186
   -0.416112
   -0.416196
   -0.416100
   -0.416280
   -0.416184
   -0.416279
   -0.416183
   -0.416283
   -0.416179
   -0.416289
   -0.416167
   -0.416303
   -0.416152
   -0.416317
   -0.416143
   -0.416319
   -0.416149
   -0.416308
   -0.416162
   -0.416211
   -0.416087
   -0.416214
   -0.416090
   -0.416208
   -0.416096
   -0.416200
   -0.416110
   -0.416184
   -0.416127
   -0.416168
   -0.416138
   -0.416165
   -0.416132
   -0.416176
   -0.416118
   -0.416286
   -0.416178
   -0.416286
   -0.416175
   -0.416292
   -0.416169
   -0.416301
   -0.416153
   -0.416319
   -0.416134
   -0.416336
   -0.416122
   -0.416339
   -0.416130
   -0.416326
   -0.416146
   -0.416204
   -0.416094
   -0.416207
   -0.416099
   -0.416199
   -0.416107
   -0.416187
   -0.416126
   -0.416167
   -0.416148
   -0.416146
   -0.416163
   -0.416140
   -0.416157
   -0.416151
   -0.416143
   -0.416291
   -0.416174
   -0.416291
   -0.416167
   -0.416301
   -0.416157
   -0.416315
   -0.416135
   -0.416339
   -0.416111
   -0.416362
   -0.416093
   -0.416371
   -0.416097
   -0.416360
   -0.416110
   -0.416202
   -0.416096
   -0.416203
   -0.416106
   -0.416191
   -0.416117
   -0.416174
   -0.416142
   -0.416148
   -0.416169
   -0.416123
   -0.416189
   -0.416113
   -0.416184
   -0.416123
   -0.416172
   -0.416289
   -0.416175
   -0.416292
   -0.416163
   -0.416306
   -0.416150
   -0.416325
   -0.416123
   -0.416352
   -0.416096
   -0.416379
   -0.416074
   -0.416390
   -0.416079
   -0.416378
   -0.416093
   -0.416277
   -0.416165
   -0.416277
   -0.416180
   -0.416260
   -0.416194
   -0.416238
   -0.416224
   -0.416210
   -0.416253
   -0.416182
   -0.416276
   -0.416170
   -0.416271
   -0.416181
   -0.416185
