   -0.448681
   -0.482998
   -0.495657
   -0.417470
   -0.406295
   -0.400932
   -0.373358
   -0.395939
   -0.373438
   -0.402068
   -0.446598
   -0.429298
   -0.429170
   -0.441303
   -0.443704
   -0.409010
   -0.408668
   -0.460852
   -0.439309
   -0.403392
   -0.416986
   -0.380505
   -0.275204
    0.250500
   -0.004552
   -0.376471
   -0.456248
   -0.510185
   -0.500751
   -0.446385
   -0.384601
   -0.342679
   -0.403728
   -0.431833
   -0.471713
   -0.423256
   -0.403160
   -0.395628
    0.092655
    0.130180
    0.223170
   -0.291729
   -0.387399
   -0.495545
   -0.476467
   -0.444866
   -0.391874
   -0.399981
   -0.399167
   -0.422506
   -0.435818
   -0.446085
   -0.407265
   -0.386247
   -0.164015
    0.196286
    0.203426
   -0.007986
   -0.365905
   -0.471790
   -0.475183
   -0.435722
   -0.399769
   -0.336841
   -0.387125
   -0.413964
   -0.404380
   -0.393308
   -0.397947
   -0.407605
   -0.389369
    0.078868
    0.181914
    0.195337
   -0.350261
   -0.402942
   -0.441920
   -0.469564
   -0.444695
   -0.069490
   -0.335501
   -0.417436
   -0.397051
   -0.446773
   -0.454454
   -0.417932
   -0.439492
   -0.075980
    0.185974
    0.226753
   -0.186316
   -0.381420
   -0.460130
   -0.500037
   -0.311318
   -0.192571
    0.052359
   -0.329830
   -0.437987
   -0.468051
   -0.459930
   -0.403751
   -0.383737
   -0.360019
    0.227680
    0.225159
    0.115236
   -0.342961
   -0.475594
   -0.464451
   -0.110017
   -0.367877
    0.072945
   -0.178998
   -0.438214
   -0.455178
   -0.447390
   -0.458628
   -0.395857
   -0.395949
   -0.130030
    0.258170
    0.255907
   -0.181987
   -0.402143
   -0.173166
   -0.322910
   -0.430451
    0.096081
    0.007459
   -0.383789
   -0.398557
   -0.455415
   -0.436176
   -0.381562
   -0.401339
   -0.268260
   -0.193562
   -0.178464
   -0.163384
   -0.301482
   -0.106328
   -0.426839
   -0.471819
    0.067306
    0.088934
   -0.259068
   -0.409994
   -0.447996
   -0.354191
   -0.353096
   -0.383438
   -0.341303
    0.102509
    0.189296
    0.210078
   -0.061090
   -0.376859
   -0.455932
   -0.480625
    0.118834
    0.034674
   -0.180900
   -0.415007
   -0.346949
   -0.368468
   -0.214366
   -0.121681
   -0.176752
   -0.276126
    0.195690
    0.144635
    0.051080
   -0.379259
   -0.476865
   -0.482267
    0.081708
    0.000113
    0.035969
   -0.361596
   -0.337922
   -0.181255
   -0.029839
   -0.250246
   -0.332456
   -0.338869
    0.023553
    0.066165
    0.031367
   -0.321350
   -0.444083
   -0.483735
   -0.088347
    0.065533
    0.076883
   -0.086576
   -0.383238
   -0.387401
   -0.347893
   -0.293551
   -0.282463
   -0.388123
    0.008190
    0.017523
    0.007893
   -0.292678
   -0.450482
   -0.454520
    0.106503
    0.113073
    0.029135
   -0.048556
   -0.405934
   -0.405036
   -0.329692
   -0.320676
   -0.416894
   -0.324170
   -0.148714
    0.034395
    0.144839
   -0.009205
   -0.372448
   -0.442599
   -0.139565
   -0.438101
   -0.471037
   -0.411335
   -0.390115
   -0.384665
   -0.377689
   -0.427823
   -0.405930
   -0.120883
   -0.339187
   -0.071525
    0.094005
    0.265106
   -0.098912
   -0.421365
   -0.451210
   -0.386660
   -0.420950
   -0.440542
   -0.439774
   -0.387311
   -0.398589
   -0.393817
   -0.193176
   -0.231618
   -0.382251
   -0.276660
    0.067166
    0.225416
    0.090978
   -0.345866
   -0.160950
   -0.449456
   -0.490431
   -0.504555
   -0.503478
   -0.450498
   -0.432360
   -0.418251
   -0.427801
   -0.406499
   -0.346197
   -0.473638
   -0.437585
   -0.450935
   -0.469731
   -0.285264
   -0.006604
   -0.374902
   -0.462920
   -0.513448
   -0.514777
   -0.473366
   -0.459457
   -0.364943
   -0.137048
    0.236526
   -0.100364
   -0.388393
   -0.477835
   -0.532862
   -0.430245
   -0.132205
    0.042065
   -0.232543
   -0.470728
   -0.489435
   -0.518870
   -0.499010
   -0.409012
   -0.384308
   -0.018975
    0.042032
    0.140037
   -0.288126
   -0.435773
   -0.507370
   -0.135875
   -0.436000
    0.046474
   -0.135310
   -0.461266
   -0.470404
   -0.501240
   -0.466395
   -0.464589
   -0.432623
   -0.196539
    0.159687
    0.202812
   -0.022402
   -0.409790
   -0.247602
   -0.331160
   -0.490434
   -0.471426
   -0.440571
   -0.418501
   -0.435100
   -0.461558
   -0.468277
   -0.440962
   -0.397349
   -0.423776
    0.143333
    0.186717
    0.165830
   -0.295727
   -0.140711
   -0.485676
   -0.501011
   -0.437020
   -0.363689
   -0.292949
   -0.454669
   -0.396088
   -0.483866
   -0.515879
   -0.486576
   -0.404978
   -0.056424
    0.242293
    0.166022
   -0.034359
   -0.354473
   -0.483206
   -0.515550
   -0.097260
    0.077815
   -0.010721
   -0.399836
   -0.473699
   -0.499913
   -0.487229
   -0.458345
   -0.351552
   -0.261399
    0.253697
    0.164319
    0.031922
   -0.420073
   -0.445626
   -0.534647
    0.106735
    0.010228
   -0.004238
   -0.237964
   -0.444659
   -0.479673
   -0.489948
   -0.468599
   -0.390438
   -0.364885
    0.020240
    0.075931
    0.082130
   -0.321764
   -0.484309
   -0.523736
    0.111616
    0.052431
    0.018257
   -0.028941
   -0.441915
   -0.446182
   -0.503226
   -0.434932
   -0.367947
   -0.337999
   -0.025730
   -0.241195
   -0.132547
   -0.190344
   -0.431921
   -0.420903
    0.048515
    0.090149
    0.057280
    0.007212
   -0.379865
   -0.456070
   -0.422179
   -0.368142
   -0.404789
   -0.107332
   -0.162220
    0.123601
    0.033101
    0.006263
   -0.388902
   -0.472900
    0.066482
    0.106405
    0.049227
   -0.041935
   -0.161526
   -0.466996
   -0.396656
   -0.254937
   -0.139282
   -0.066882
   -0.245280
   -0.295335
    0.137231
    0.014969
   -0.163739
   -0.457566
    0.059522
    0.053877
    0.024766
   -0.016528
   -0.039412
   -0.393299
   -0.315716
   -0.220077
   -0.085044
   -0.318423
   -0.373310
   -0.349078
    0.020283
    0.073070
    0.066851
   -0.403985
   -0.034342
   -0.212074
   -0.102304
    0.023453
    0.003975
   -0.232145
   -0.434261
   -0.251143
   -0.290781
   -0.371484
   -0.315232
   -0.410788
   -0.158209
    0.098324
   -0.086244
   -0.356970
   -0.354774
    0.001158
    0.095826
   -0.065393
   -0.202885
   -0.254492
   -0.320237
   -0.176923
   -0.387418
   -0.431232
   -0.449991
   -0.406536
   -0.290656
    0.139544
    0.141923
   -0.135118
    0.055203
   -0.095334
   -0.446400
   -0.478938
   -0.485477
   -0.406294
   -0.123320
   -0.345502
   -0.448399
   -0.416341
   -0.434482
   -0.392568
   -0.431486
   -0.014362
    0.151104
    0.248805
   -0.401316
   -0.528867
   -0.396428
   -0.393759
   -0.442141
   -0.217810
   -0.270574
   -0.415618
   -0.424892
   -0.432736
   -0.453065
   -0.439104
   -0.443454
   -0.144309
    0.086580
    0.160504
    0.122289
    0.103643
   -0.018294
   -0.348074
   -0.445048
   -0.460828
   -0.429596
   -0.385957
   -0.418467
   -0.418787
   -0.312850
   -0.261012
   -0.211421
   -0.140301
   -0.234058
   -0.326507
    0.152619
    0.122785
    0.051887
   -0.307463
   -0.409825
   -0.431020
   -0.479720
   -0.518665
   -0.468527
   -0.297183
    0.057233
    0.346555
    0.057412
   -0.088483
   -0.391343
   -0.420484
    0.157153
    0.108254
    0.021888
   -0.129804
   -0.414203
   -0.429421
   -0.522573
   -0.499484
   -0.445434
   -0.358122
   -0.068686
    0.189452
    0.046218
   -0.189953
   -0.297226
   -0.430242
    0.133560
    0.076611
   -0.108232
   -0.164200
   -0.421335
   -0.410750
   -0.486726
   -0.475638
   -0.436462
   -0.369292
   -0.194866
    0.137359
    0.118073
    0.101545
   -0.338299
   -0.425174
   -0.393334
   -0.439630
   -0.416659
   -0.400549
   -0.357918
   -0.405246
   -0.411907
   -0.439375
   -0.437415
   -0.416488
   -0.018167
   -0.009716
    0.126695
    0.272438
   -0.268094
   -0.444631
   -0.372146
   -0.399177
   -0.371858
   -0.264071
   -0.117829
   -0.385428
   -0.343498
   -0.438251
   -0.513280
   -0.268099
   -0.102584
   -0.114713
    0.224796
    0.279366
   -0.172349
   -0.392742
   -0.374606
   -0.106124
    0.109888
    0.098363
    0.100561
   -0.270542
   -0.402430
   -0.409687
   -0.411434
   -0.187275
   -0.371561
   -0.260175
    0.214846
    0.140909
   -0.051181
   -0.340951
    0.137983
    0.117678
    0.106578
    0.111175
    0.103847
   -0.133936
   -0.429107
   -0.449118
   -0.192087
   -0.396652
   -0.443898
   -0.412697
   -0.028085
    0.121981
   -0.029544
   -0.216113
    0.083531
    0.104846
    0.116555
    0.108596
    0.089614
   -0.016521
   -0.376152
   -0.157372
   -0.292088
   -0.423313
   -0.369971
   -0.398900
   -0.314415
   -0.269571
   -0.049440
   -0.002735
    0.053232
    0.051839
    0.103263
    0.117018
    0.083179
    0.000499
   -0.168184
   -0.197665
   -0.400942
   -0.385761
   -0.404462
   -0.373072
   -0.318935
    0.168380
    0.117021
    0.134729
    0.017630
    0.041182
    0.072246
    0.088416
    0.007606
   -0.044865
    0.011091
   -0.412847
   -0.342299
   -0.150114
   -0.182143
   -0.050534
   -0.268579
   -0.108582
    0.256181
    0.118344
    0.063077
    0.065084
    0.010254
    0.061898
    0.006123
    0.045036
   -0.018184
   -0.322964
   -0.206449
   -0.200230
   -0.226072
   -0.456137
   -0.352170
   -0.227976
    0.140401
    0.161254
    0.053063
   -0.089253
   -0.273885
   -0.200832
    0.132254
    0.120610
    0.135804
   -0.185918
   -0.410567
   -0.385964
   -0.391888
   -0.360375
   -0.351166
   -0.314403
    0.047656
    0.092958
   -0.435496
   -0.359879
   -0.053449
    0.179083
    0.106517
   -0.133968
   -0.207586
   -0.189813
   -0.374977
   -0.373736
   -0.443261
   -0.477949
   -0.450790
   -0.337518
   -0.093211
    0.125161
   -0.074333
    0.181694
    0.078756
   -0.099370
   -0.384422
   -0.410510
   -0.334403
   -0.357162
   -0.364087
   -0.431118
   -0.437842
   -0.430687
   -0.444867
   -0.452109
   -0.266095
    0.133348
    0.053235
   -0.273990
   -0.165375
   -0.245161
   -0.373729
   -0.350548
   -0.380184
   -0.387888
   -0.415033
   -0.445229
   -0.449377
   -0.411678
   -0.431349
   -0.429697
   -0.264004
   -0.040794
    0.112805
    0.146479
    0.124961
    0.139177
    0.024311
   -0.327558
   -0.413419
   -0.429985
   -0.425546
   -0.377134
   -0.361381
   -0.040472
   -0.279362
   -0.235311
   -0.135567
   -0.076260
    0.074237
    0.152584
    0.132890
    0.139466
    0.095102
   -0.196519
   -0.410405
   -0.443713
   -0.468061
   -0.477639
   -0.091549
   -0.191178
    0.084385
    0.390263
    0.131678
   -0.133184
    0.081079
    0.137446
    0.163605
    0.159098
    0.106995
   -0.045825
   -0.375615
   -0.442372
   -0.477375
   -0.236674
   -0.227368
   -0.349502
   -0.189699
    0.174068
    0.116381
   -0.113568
    0.083488
    0.114920
    0.105027
   -0.017451
   -0.162291
   -0.188681
   -0.373859
   -0.365198
   -0.244630
   -0.229203
   -0.489700
   -0.396015
   -0.203180
    0.139126
    0.160386
   -0.018002
   -0.044353
   -0.299431
   -0.435101
   -0.428184
   -0.343334
   -0.331632
   -0.360591
   -0.288859
   -0.102056
   -0.458612
   -0.456947
   -0.441243
   -0.304659
    0.125058
    0.062459
    0.092841
   -0.389846
   -0.366100
   -0.383132
   -0.350533
   -0.353971
   -0.181039
   -0.017557
   -0.013052
   -0.326152
   -0.444128
   -0.545641
   -0.412479
   -0.344796
   -0.091274
    0.074119
    0.226171
   -0.460711
   -0.420690
   -0.218895
    0.033648
    0.169283
    0.132903
    0.112310
   -0.236311
   -0.414748
   -0.424099
   -0.505530
   -0.436915
   -0.416746
   -0.192792
    0.078598
    0.186283
   -0.090189
    0.055843
    0.068837
    0.080651
    0.110596
    0.128034
    0.003676
   -0.197043
   -0.387198
   -0.430212
   -0.490404
   -0.455775
   -0.422742
   -0.192707
    0.009206
    0.272098
   -0.027867
    0.044171
    0.085710
    0.041292
    0.121135
    0.061769
    0.055545
    0.016765
   -0.386309
   -0.400921
   -0.493747
   -0.354813
   -0.410822
   -0.081032
   -0.172748
   -0.226168
    0.069163
    0.013125
    0.037574
    0.081808
    0.100997
    0.111569
    0.121574
    0.057184
   -0.328670
   -0.420811
   -0.387043
   -0.333922
   -0.410933
   -0.021028
   -0.211409
    0.194490
    0.016632
    0.030160
    0.069823
    0.089746
    0.089590
    0.143035
    0.176607
   -0.038781
   -0.123808
   -0.371485
   -0.310458
   -0.052057
   -0.125223
    0.064951
   -0.276343
    0.060308
    0.083156
    0.098035
    0.125293
    0.011825
    0.085572
    0.119900
   -0.018872
    0.047702
    0.006618
   -0.313176
   -0.219267
   -0.196581
   -0.189470
   -0.157274
   -0.231343
   -0.094240
    0.114008
    0.155921
    0.020416
   -0.155982
   -0.291211
   -0.086542
    0.186769
    0.157603
    0.101620
   -0.203955
   -0.372568
   -0.337746
   -0.212645
   -0.155592
   -0.080326
   -0.309716
   -0.070801
   -0.219698
   -0.440082
   -0.182501
    0.098475
    0.129942
   -0.024053
   -0.288889
   -0.288511
   -0.262966
   -0.354572
   -0.378466
   -0.196018
   -0.081987
   -0.276229
   -0.399615
   -0.126193
   -0.165280
    0.151553
    0.198611
   -0.111218
   -0.381444
   -0.458591
   -0.418867
   -0.372932
   -0.317232
   -0.362311
   -0.382422
   -0.124086
   -0.144266
   -0.425154
   -0.456233
    0.099910
    0.168185
   -0.166878
   -0.444909
   -0.398320
   -0.393699
   -0.413138
   -0.402478
   -0.376897
   -0.382005
   -0.356045
   -0.377384
   -0.065175
   -0.329790
   -0.429746
   -0.429144
    0.041793
    0.069443
    0.069352
    0.113890
    0.148724
    0.146940
    0.018068
   -0.294426
   -0.232076
   -0.200723
   -0.456442
   -0.373954
   -0.363163
   -0.098079
   -0.386902
   -0.339840
    0.036269
    0.071845
    0.061639
    0.163570
    0.119456
    0.135142
    0.100499
   -0.072811
   -0.118950
   -0.457583
   -0.464520
   -0.514573
   -0.292393
   -0.117080
    0.013577
    0.296536
    0.039701
    0.062473
    0.090984
    0.098032
    0.159492
    0.124092
    0.166723
    0.054640
   -0.351869
   -0.413674
   -0.476884
   -0.510504
   -0.195251
   -0.274406
   -0.324571
    0.070695
    0.057184
    0.027835
    0.126586
    0.132352
   -0.039851
   -0.143770
   -0.068156
   -0.287999
   -0.380593
   -0.367600
   -0.412820
   -0.457247
   -0.130803
   -0.412510
   -0.330548
    0.144177
    0.062012
   -0.086209
   -0.317983
   -0.406536
   -0.393586
   -0.075480
   -0.309213
   -0.343389
   -0.354016
   -0.410441
   -0.435871
   -0.461828
   -0.165213
   -0.453389
   -0.361702
    0.107827
   -0.425653
   -0.367500
   -0.377077
   -0.351886
   -0.105783
   -0.290083
   -0.306076
   -0.082007
   -0.046828
   -0.367806
   -0.449221
   -0.423193
   -0.215426
   -0.449098
   -0.350860
   -0.067794
   -0.379087
   -0.423693
   -0.401531
   -0.048689
   -0.102863
    0.038996
    0.140532
    0.065822
    0.050422
   -0.285798
   -0.390615
   -0.277692
   -0.373030
   -0.441422
   -0.401114
   -0.024864
   -0.215688
   -0.067169
    0.042483
    0.025255
    0.069733
    0.057701
    0.129791
    0.120398
    0.074216
   -0.107106
   -0.396138
   -0.121136
   -0.420048
   -0.464930
   -0.286111
   -0.167081
    0.039120
    0.060523
    0.035096
    0.089138
    0.050442
    0.091583
    0.154774
    0.119898
    0.062320
   -0.014345
   -0.394521
   -0.104765
   -0.394550
   -0.337889
   -0.132465
   -0.372550
    0.131220
    0.028607
    0.040682
    0.048062
    0.067340
    0.061636
    0.091898
    0.147069
    0.108824
   -0.015421
   -0.285229
   -0.119999
   -0.401543
   -0.170611
   -0.308492
   -0.319952
    0.065670
    0.087925
    0.080482
    0.073840
    0.075647
    0.129931
    0.128447
    0.112244
    0.105238
   -0.003356
   -0.080054
   -0.205660
   -0.245916
   -0.092985
   -0.204718
   -0.157086
    0.065710
    0.084785
    0.106512
    0.070975
    0.094987
    0.108463
    0.064763
   -0.011203
    0.028036
    0.063198
    0.048728
   -0.198124
   -0.072865
   -0.249433
   -0.364759
   -0.470042
    0.070166
    0.113821
    0.142650
    0.089133
   -0.205123
   -0.381799
   -0.291487
    0.101299
    0.218172
    0.140399
    0.093717
   -0.092520
   -0.249770
   -0.378737
   -0.393117
   -0.408270
    0.000189
   -0.214955
   -0.371714
   -0.461283
   -0.308085
   -0.018142
    0.113123
    0.002796
   -0.316146
   -0.381875
   -0.069265
   -0.135290
   -0.317699
   -0.360900
   -0.430246
   -0.503813
   -0.360744
   -0.400439
   -0.273653
    0.028848
    0.157328
   -0.074624
   -0.389959
   -0.459454
   -0.396976
   -0.274039
   -0.050775
   -0.323714
   -0.349323
   -0.363192
   -0.416653
   -0.508839
   -0.288576
    0.050825
    0.086400
   -0.204717
   -0.453111
   -0.456409
   -0.411501
   -0.366298
   -0.356764
   -0.187901
   -0.190730
   -0.362144
   -0.341537
   -0.386330
   -0.423723
   -0.482684
    0.064941
    0.083429
    0.089399
    0.118264
    0.084014
    0.163000
    0.186178
    0.056828
    0.094258
   -0.237781
   -0.401710
   -0.136163
   -0.490659
   -0.435283
   -0.465117
   -0.442570
    0.100217
    0.061699
    0.076141
    0.057517
    0.078865
    0.106125
    0.011615
    0.132876
    0.107329
   -0.154970
   -0.368410
   -0.205043
   -0.519929
   -0.502119
   -0.443490
   -0.364574
    0.068877
    0.043926
    0.010647
    0.037009
    0.113925
   -0.001523
    0.102847
    0.118878
    0.071486
   -0.091455
   -0.198649
   -0.274839
   -0.453772
   -0.524755
   -0.452203
   -0.336646
    0.017030
    0.000793
    0.032063
    0.090132
   -0.005365
   -0.072773
   -0.158562
   -0.309035
   -0.388620
   -0.403170
   -0.066394
   -0.375817
   -0.377939
   -0.455489
   -0.486034
   -0.088370
    0.056558
    0.061073
    0.038872
   -0.169632
   -0.411298
   -0.392852
   -0.397914
   -0.368734
   -0.377530
   -0.328722
   -0.008015
   -0.366030
   -0.358582
   -0.500341
   -0.270082
   -0.309152
   -0.367049
   -0.177050
   -0.227080
   -0.397971
   -0.333255
   -0.426669
   -0.441406
   -0.390928
   -0.230776
    0.035188
    0.097448
   -0.338769
   -0.401652
   -0.423892
   -0.261146
   -0.464434
   -0.042076
   -0.188355
   -0.383646
   -0.376668
   -0.335612
   -0.184626
    0.004142
    0.130376
    0.144370
    0.147414
    0.067411
   -0.260056
   -0.376215
   -0.155234
   -0.517011
   -0.441637
   -0.142449
   -0.231767
   -0.037239
    0.050138
    0.023470
    0.074887
    0.094582
    0.076717
    0.142593
    0.129308
    0.061690
   -0.140491
   -0.158117
   -0.388575
   -0.496054
   -0.495656
    0.108276
    0.078669
    0.074217
    0.050904
    0.060349
    0.101097
    0.081354
    0.092712
    0.161972
    0.062990
    0.095220
   -0.045188
   -0.183539
   -0.449592
   -0.445278
   -0.354679
    0.051775
    0.115700
    0.102405
    0.063742
    0.065359
    0.094985
    0.079016
    0.072992
    0.147414
    0.069588
    0.038676
    0.012145
   -0.342886
   -0.443460
   -0.407157
   -0.348464
    0.081976
    0.093255
    0.092609
    0.112094
    0.046986
    0.093041
    0.051216
    0.109452
    0.115083
    0.047179
    0.029336
   -0.083915
   -0.276495
   -0.398057
   -0.287663
   -0.077057
    0.082024
    0.088902
    0.063049
    0.119121
    0.084676
    0.077944
    0.082242
    0.077554
    0.007609
   -0.030244
   -0.042457
   -0.007222
   -0.029159
   -0.341848
   -0.286257
   -0.229474
    0.095636
    0.056887
    0.068548
    0.138385
    0.072206
   -0.118658
   -0.339490
   -0.330139
   -0.065396
    0.067537
    0.091508
    0.133097
    0.039778
   -0.362813
   -0.413466
   -0.364208
    0.085721
   -0.034022
   -0.193217
   -0.389587
   -0.451945
   -0.376937
   -0.195327
    0.154196
    0.017558
   -0.102034
   -0.352884
   -0.377950
   -0.352326
   -0.410241
   -0.356094
   -0.337449
   -0.426008
   -0.446049
   -0.477511
   -0.380894
   -0.135872
    0.101494
    0.041838
   -0.065852
   -0.276174
   -0.442806
   -0.334438
   -0.332667
   -0.423659
   -0.448098
   -0.371700
   -0.349329
   -0.470338
   -0.398970
   -0.133267
    0.089226
   -0.034908
   -0.333619
   -0.328130
   -0.106502
   -0.342699
   -0.374095
   -0.408441
   -0.371674
   -0.502113
   -0.378512
   -0.354974
   -0.365382
    0.051002
    0.025117
    0.023696
    0.092281
   -0.000013
    0.012547
    0.068326
    0.061545
    0.070686
    0.081442
   -0.016651
   -0.253865
   -0.436301
   -0.456625
   -0.481722
   -0.087662
    0.057332
    0.064728
    0.089777
   -0.004144
   -0.024570
   -0.010800
   -0.019557
    0.002328
    0.047421
    0.052683
    0.062368
   -0.031157
   -0.419396
   -0.437735
   -0.262725
   -0.372022
    0.082649
    0.047708
   -0.000188
   -0.037285
    0.014542
   -0.007087
    0.018502
    0.055371
    0.134469
    0.076109
    0.152330
    0.048578
   -0.424788
   -0.323167
   -0.200718
   -0.495085
    0.057645
    0.007969
    0.019204
    0.014916
    0.077878
    0.074725
    0.057637
   -0.046855
   -0.026122
   -0.348108
   -0.367977
   -0.336648
   -0.395406
   -0.126037
   -0.391764
   -0.447076
    0.056920
    0.093158
    0.082550
   -0.007261
   -0.182196
   -0.338502
   -0.407621
   -0.368463
   -0.111546
   -0.326699
   -0.286701
   -0.360335
   -0.117296
   -0.357195
   -0.346764
   -0.477550
   -0.181746
   -0.289571
   -0.415682
   -0.444587
   -0.387273
   -0.358704
   -0.405382
   -0.216908
   -0.261357
   -0.308028
   -0.126097
    0.079629
   -0.121053
   -0.342811
   -0.401936
   -0.523539
   -0.261797
   -0.277582
   -0.400194
   -0.452869
   -0.396409
   -0.390931
   -0.242204
    0.055775
    0.079934
    0.137929
    0.094658
   -0.024720
    0.063513
   -0.263968
   -0.429563
   -0.448357
   -0.163645
   -0.309640
   -0.199131
   -0.053574
    0.070445
    0.082057
    0.093120
    0.017426
    0.026945
    0.029182
    0.049022
   -0.007307
    0.121894
   -0.180551
   -0.430405
   -0.424893
    0.087829
    0.075390
    0.099611
    0.060098
    0.064347
    0.082583
    0.098958
   -0.029989
   -0.021339
   -0.031905
    0.077300
    0.029395
    0.076721
   -0.095623
   -0.412223
   -0.273643
    0.066566
    0.134995
    0.114814
    0.106279
    0.108147
    0.064945
    0.087435
   -0.049638
    0.026024
   -0.027316
    0.054229
    0.077459
    0.091938
   -0.099114
   -0.361087
   -0.160524
    0.062118
    0.080857
    0.063530
    0.089633
    0.079208
    0.082510
    0.034748
   -0.002564
   -0.009932
    0.059937
    0.068226
    0.129222
   -0.032282
    0.046962
   -0.258550
   -0.095193
    0.068942
    0.071872
    0.059335
    0.060144
   -0.002048
    0.050571
    0.006404
    0.033716
    0.041327
    0.078786
   -0.098941
   -0.114056
    0.084521
    0.083452
   -0.015586
   -0.041263
    0.055803
    0.035488
    0.006223
   -0.038706
    0.047022
    0.111949
   -0.051749
   -0.268212
   -0.415287
   -0.390968
   -0.129698
    0.125030
    0.200205
    0.088248
    0.030450
   -0.073511
    0.070105
   -0.003705
   -0.119662
   -0.277914
   -0.324578
   -0.115666
   -0.322837
   -0.273105
    0.018264
    0.191564
   -0.035057
   -0.209776
   -0.422321
   -0.423130
   -0.260624
   -0.048205
   -0.389166
   -0.380878
   -0.379771
   -0.417221
   -0.222048
   -0.110553
    0.089171
    0.227738
   -0.056668
   -0.371692
   -0.465618
   -0.397201
   -0.340771
   -0.374454
   -0.279835
   -0.138595
   -0.367705
   -0.405451
   -0.379078
   -0.079385
    0.154335
    0.121403
   -0.135933
   -0.402560
   -0.413014
   -0.418980
   -0.420206
   -0.406035
   -0.361777
   -0.389504
   -0.263670
   -0.163119
    0.087615
   -0.027785
   -0.016631
    0.009484
    0.025519
    0.015052
    0.046513
    0.010431
    0.036057
    0.139467
    0.129184
    0.085692
    0.075268
   -0.046765
   -0.374552
   -0.140467
   -0.026927
    0.056428
    0.058496
    0.080615
    0.085556
    0.097293
    0.138761
   -0.000007
    0.072819
    0.103464
    0.145900
    0.077166
    0.133886
   -0.082703
   -0.280660
   -0.221766
    0.092652
    0.074640
    0.095790
    0.091983
    0.055954
    0.105882
    0.109895
    0.046831
    0.077999
    0.125552
    0.117637
    0.075830
   -0.096120
   -0.072593
   -0.166658
   -0.337877
    0.122033
    0.093581
    0.113585
    0.066524
    0.089314
    0.143200
    0.069003
    0.068082
   -0.029946
   -0.212497
   -0.212245
   -0.266114
   -0.416527
   -0.352032
   -0.105192
   -0.353123
    0.090769
    0.093844
    0.093295
    0.048845
   -0.051230
   -0.086086
   -0.254559
   -0.388658
   -0.340868
   -0.219090
   -0.252088
   -0.364853
   -0.330439
   -0.315777
   -0.028643
   -0.408987
   -0.061992
   -0.058817
   -0.355548
   -0.406829
   -0.431572
   -0.137243
   -0.284411
   -0.343686
   -0.344061
   -0.175439
   -0.352162
   -0.140587
   -0.047977
    0.058705
   -0.059806
   -0.345792
   -0.424616
   -0.072667
   -0.316426
   -0.410635
   -0.246753
   -0.147879
   -0.324173
   -0.198017
   -0.015240
    0.004749
    0.062159
    0.056581
    0.043411
    0.044983
    0.014585
   -0.332142
   -0.404758
   -0.075617
   -0.147683
   -0.099922
    0.140687
   -0.047749
    0.001543
   -0.034291
   -0.028314
   -0.009665
    0.051030
    0.071042
    0.086043
    0.146632
    0.052106
   -0.219863
    0.042278
    0.134810
    0.055007
    0.058898
    0.008841
   -0.038458
    0.064234
   -0.008052
    0.063213
    0.035674
    0.055933
    0.092864
    0.116105
    0.180477
    0.078086
   -0.128145
    0.040207
    0.021156
    0.002131
    0.057116
    0.017407
    0.077444
    0.013579
    0.070977
    0.038642
    0.085099
    0.125949
    0.087690
    0.198775
    0.172063
    0.011175
   -0.061320
   -0.000528
   -0.053381
   -0.002231
    0.055270
    0.088190
   -0.002170
    0.055973
    0.088230
    0.066621
    0.127914
    0.118023
    0.104690
    0.123142
    0.127218
   -0.004614
    0.065740
   -0.035140
   -0.068735
    0.033156
    0.050977
    0.020782
    0.063782
    0.043949
    0.067528
    0.085795
    0.134870
    0.053504
   -0.088851
   -0.148146
    0.004401
    0.115866
    0.126550
   -0.026330
    0.054085
    0.124593
   -0.086084
    0.037953
    0.120710
    0.058624
   -0.049857
   -0.307200
   -0.412613
   -0.406351
   -0.199341
    0.202217
    0.151310
    0.149967
    0.060628
    0.056825
    0.115353
    0.009914
   -0.169025
   -0.291656
   -0.357883
   -0.394643
   -0.467460
   -0.355978
   -0.053491
    0.175775
    0.081839
   -0.040611
   -0.241779
   -0.478436
   -0.412519
   -0.312948
   -0.132905
   -0.095654
   -0.361661
   -0.351097
   -0.396697
   -0.241151
    0.013301
    0.152002
    0.015593
   -0.315970
   -0.445169
   -0.157598
   -0.307863
   -0.341626
   -0.373484
   -0.171782
   -0.025187
   -0.274336
   -0.412981
   -0.168427
    0.181400
    0.082546
   -0.035389
   -0.351594
   -0.427836
   -0.361726
   -0.408571
   -0.074849
   -0.355096
   -0.374951
   -0.375564
    0.112105
    0.097569
    0.070257
    0.040624
    0.093840
    0.056125
    0.064410
    0.063389
    0.084803
    0.007984
    0.132965
    0.066256
    0.080776
    0.068632
    0.066011
   -0.170458
    0.062140
    0.070711
    0.088243
    0.127969
    0.153673
    0.068799
    0.121927
    0.086193
    0.057580
    0.069919
    0.001530
   -0.001949
    0.165877
    0.054167
    0.077285
    0.000398
    0.084668
    0.116440
    0.120240
    0.126336
    0.084714
    0.030408
    0.082084
    0.067971
    0.068744
    0.014725
   -0.028112
    0.038034
    0.189057
    0.029411
   -0.017573
   -0.040646
    0.065453
    0.142690
    0.108030
    0.162584
   -0.034595
    0.042161
    0.013274
    0.081851
    0.006988
   -0.051330
   -0.104629
   -0.268711
   -0.150721
   -0.363101
   -0.418278
   -0.375516
    0.089339
    0.076384
    0.118637
    0.127848
    0.007435
   -0.062128
   -0.217531
   -0.095514
   -0.406948
   -0.390710
   -0.349853
   -0.357430
   -0.138382
   -0.360821
   -0.357523
   -0.388070
   -0.042434
   -0.162064
   -0.159988
    0.045538
   -0.382439
   -0.377719
   -0.120911
   -0.340981
   -0.407019
   -0.381132
   -0.410311
   -0.356192
   -0.105183
   -0.121247
   -0.010760
    0.150718
   -0.377638
   -0.331522
   -0.062890
   -0.045138
   -0.326860
   -0.110744
   -0.249035
   -0.339146
   -0.236819
   -0.092272
    0.051707
    0.096350
    0.006672
    0.054212
    0.099915
    0.094154
   -0.444984
   -0.285980
   -0.060966
   -0.055401
   -0.020741
   -0.049811
    0.088486
    0.088082
    0.096037
    0.081613
    0.056703
    0.083599
   -0.038380
    0.093329
    0.105076
    0.095531
   -0.099703
    0.067835
    0.046715
    0.123423
    0.020310
    0.091005
    0.052125
    0.079827
    0.118740
    0.079369
    0.076573
    0.093240
    0.035608
    0.112338
    0.125390
    0.064401
    0.002624
    0.045210
    0.051024
    0.033653
    0.069984
    0.089314
    0.080155
    0.102465
    0.080978
    0.070803
    0.126060
    0.079659
    0.078018
    0.112659
    0.083052
    0.049456
    0.082344
    0.000862
    0.017444
    0.070763
    0.081122
    0.060056
    0.075960
    0.085151
    0.097841
    0.083657
    0.115444
    0.019401
    0.072050
    0.010840
    0.109784
    0.080753
    0.080021
   -0.077297
    0.026148
    0.069230
    0.082861
    0.100264
    0.072853
    0.071692
    0.051585
    0.072164
    0.133579
    0.034205
   -0.062978
   -0.179076
   -0.194937
   -0.034690
    0.016877
    0.052241
    0.087668
    0.093097
    0.071351
    0.057546
    0.086007
    0.082059
   -0.074700
   -0.212677
   -0.182787
   -0.345827
   -0.381373
   -0.097099
    0.123302
    0.120963
    0.040869
    0.070751
    0.040471
   -0.038165
   -0.180097
   -0.348994
   -0.439410
   -0.415707
   -0.400930
   -0.399929
   -0.006917
   -0.050002
    0.146922
    0.024706
   -0.285257
   -0.473585
   -0.228449
   -0.350580
   -0.372466
   -0.367711
   -0.374228
   -0.400972
   -0.404802
   -0.374826
   -0.073324
    0.145884
    0.146870
   -0.179491
   -0.395516
   -0.425778
   -0.408687
   -0.388419
   -0.349406
   -0.328273
   -0.354724
   -0.422522
   -0.446430
   -0.266468
    0.048120
    0.151704
   -0.047742
   -0.063187
   -0.201468
   -0.366839
   -0.352643
   -0.367995
   -0.375041
   -0.443805
    0.088684
    0.084460
    0.117371
    0.024378
    0.050719
    0.077909
    0.048026
    0.122520
    0.119476
   -0.050399
    0.012865
    0.091824
   -0.004512
    0.060763
    0.103440
    0.025726
    0.135136
    0.072622
    0.114486
    0.024487
    0.085925
    0.065016
    0.090692
    0.088483
    0.002371
    0.023497
    0.028907
    0.067459
   -0.005050
    0.052906
    0.065967
    0.045077
    0.074695
    0.112540
    0.057598
    0.072049
    0.064448
    0.011911
    0.054852
   -0.011700
    0.086562
    0.006492
    0.070223
   -0.029107
    0.078698
    0.049971
    0.075140
    0.039163
    0.029678
    0.103338
    0.012298
    0.092364
    0.005756
    0.044130
   -0.069349
    0.042435
    0.021116
    0.067332
    0.046439
   -0.119161
   -0.186345
   -0.330560
   -0.444478
   -0.408937
    0.090094
    0.044064
   -0.007025
    0.063681
    0.046591
   -0.009107
   -0.090704
   -0.197300
   -0.351175
   -0.456741
   -0.164118
   -0.362673
   -0.340186
   -0.386708
   -0.367450
   -0.427623
    0.035348
   -0.159968
   -0.248232
   -0.104098
   -0.209011
   -0.089465
   -0.361545
   -0.355919
   -0.359556
   -0.408458
   -0.107672
   -0.412858
   -0.388335
   -0.356934
   -0.218891
   -0.072386
   -0.068183
   -0.367196
   -0.101534
   -0.160072
   -0.333939
   -0.058525
   -0.308597
   -0.330589
   -0.311881
   -0.150431
   -0.084545
   -0.038224
    0.047439
    0.087868
    0.050032
    0.112765
   -0.239479
   -0.170392
   -0.198416
   -0.284008
   -0.224764
    0.011937
    0.032191
    0.138585
    0.114326
    0.166956
    0.017650
    0.035217
   -0.033069
    0.005550
    0.055575
    0.134207
   -0.026391
   -0.007314
    0.067828
    0.091280
    0.110315
    0.100627
    0.038663
    0.053948
    0.095691
    0.106211
    0.046923
    0.019516
    0.040580
    0.026267
    0.074273
    0.119431
   -0.018934
    0.076071
    0.069730
    0.062640
    0.061078
    0.091327
    0.082661
    0.083821
    0.137994
    0.004398
    0.035716
    0.045558
    0.049147
    0.039010
    0.076084
    0.072391
    0.074803
    0.048555
    0.071651
    0.055203
    0.098154
    0.080212
    0.076285
    0.036502
    0.105612
    0.001545
    0.029699
    0.072872
    0.064975
    0.049917
    0.094141
    0.063132
    0.100675
    0.070269
    0.037367
    0.053219
    0.088451
    0.072853
    0.101387
    0.060599
    0.090220
   -0.015331
    0.041189
    0.114935
    0.100148
    0.004361
   -0.104070
   -0.249918
    0.109518
    0.094861
    0.067678
    0.095217
    0.091050
    0.077468
    0.061303
    0.050381
    0.045084
   -0.082448
   -0.208490
   -0.324974
   -0.464810
   -0.457433
   -0.299120
   -0.000619
    0.069086
    0.047648
    0.032226
   -0.004524
   -0.108888
   -0.240219
   -0.364029
   -0.244769
   -0.156092
   -0.409940
   -0.426681
   -0.318091
   -0.079522
    0.110302
    0.100699
   -0.096261
   -0.259961
   -0.381663
   -0.472279
   -0.414207
   -0.388282
   -0.342588
   -0.371761
   -0.245293
   -0.283976
   -0.190672
    0.074267
    0.160703
   -0.058556
   -0.286383
   -0.491835
   -0.446559
   -0.408027
   -0.446956
   -0.408411
   -0.382462
   -0.380082
   -0.438947
   -0.244934
    0.043149
    0.149130
    0.052435
   -0.131814
   -0.149030
   -0.427065
   -0.378607
   -0.400448
   -0.405715
    0.137170
    0.063155
    0.079435
    0.073748
    0.018797
    0.034214
    0.019954
    0.019849
    0.036601
    0.091193
   -0.015487
   -0.002123
    0.018752
    0.046945
    0.061804
    0.071966
    0.043189
    0.066338
    0.098168
    0.010123
   -0.028889
   -0.029689
    0.012104
    0.050845
    0.058904
    0.091251
    0.001249
    0.089956
    0.021415
    0.030840
    0.028211
    0.048876
    0.033054
   -0.004764
   -0.011088
    0.008336
   -0.003079
    0.069510
    0.057457
    0.068552
    0.098691
   -0.023765
    0.113671
    0.052940
    0.026735
    0.026701
    0.076902
    0.036010
    0.014207
    0.040806
    0.075582
    0.032084
    0.085301
    0.057957
    0.107492
    0.044809
    0.121360
    0.009192
    0.068732
    0.047492
   -0.058039
   -0.147169
   -0.266636
   -0.387585
    0.095045
    0.096850
   -0.015972
    0.033609
    0.059375
    0.024912
    0.033650
   -0.002665
   -0.024124
   -0.299630
   -0.363871
   -0.445711
   -0.402770
   -0.413099
   -0.375544
   -0.356916
    0.116624
   -0.114645
   -0.182940
   -0.326265
   -0.348942
   -0.352430
   -0.345198
    0.008096
   -0.088651
   -0.324531
   -0.347472
   -0.387072
   -0.415417
   -0.455559
   -0.376967
   -0.338877
   -0.284013
   -0.379303
   -0.406638
   -0.411040
   -0.350344
   -0.367170
   -0.364943
    0.007408
   -0.200934
   -0.309699
   -0.281207
   -0.189628
   -0.072222
    0.015470
    0.082707
    0.071648
   -0.353838
   -0.389731
   -0.422491
   -0.359806
   -0.293659
   -0.113664
   -0.053381
    0.104464
   -0.030554
    0.045055
    0.063150
    0.050362
    0.042119
    0.047972
    0.044963
    0.065255
   -0.060046
   -0.001016
    0.044406
    0.048151
    0.100121
    0.045438
    0.059073
    0.044023
    0.033491
    0.058563
    0.084902
    0.047537
    0.073505
    0.046536
    0.023097
    0.086496
    0.016903
    0.060004
    0.039310
    0.039001
    0.017302
    0.030434
    0.083041
   -0.010793
    0.072965
    0.057495
    0.032014
    0.060960
    0.088708
    0.065361
    0.042195
    0.040263
    0.112089
    0.108076
    0.033982
    0.037022
    0.027348
    0.017317
    0.069513
    0.054805
    0.101658
    0.064646
    0.062121
    0.073989
    0.102969
    0.122207
    0.075435
    0.066585
    0.040414
    0.142722
    0.065548
    0.026146
    0.047046
    0.079432
    0.092980
    0.057722
    0.069927
    0.064562
    0.036008
    0.064199
    0.134631
    0.105213
    0.064777
   -0.076123
    0.038725
    0.081670
    0.024834
    0.014593
    0.036213
    0.093458
    0.026326
    0.061547
    0.054847
    0.019861
   -0.084936
   -0.192086
   -0.299570
   -0.410216
   -0.457790
   -0.404350
    0.058554
    0.088310
    0.015201
   -0.007620
   -0.078416
   -0.037027
   -0.232015
   -0.372248
   -0.363931
   -0.370736
   -0.447704
   -0.384132
   -0.394670
   -0.206815
    0.017005
    0.147157
   -0.235406
   -0.339792
   -0.397393
   -0.437287
   -0.322385
   -0.180147
   -0.348878
   -0.348336
   -0.397016
   -0.437848
   -0.288023
   -0.062135
    0.155638
    0.069110
   -0.167098
   -0.375935
   -0.389532
   -0.422613
   -0.400164
   -0.384056
   -0.193786
   -0.273967
   -0.433984
   -0.353936
   -0.098754
    0.108091
    0.079539
   -0.112099
   -0.129611
   -0.296484
   -0.373928
   -0.379272
    0.035958
    0.043628
    0.054585
    0.031261
    0.025403
    0.053115
    0.054545
    0.073189
   -0.014595
    0.090075
    0.061674
    0.029230
    0.012511
    0.035365
    0.073045
    0.081343
   -0.101575
    0.068496
    0.062266
    0.049842
    0.056374
    0.043153
    0.062036
   -0.024171
    0.048737
    0.103708
    0.043751
    0.041676
    0.050063
    0.058891
    0.058428
    0.097786
    0.067382
    0.020258
    0.038726
    0.072406
    0.070894
    0.035577
    0.099876
   -0.011331
    0.078110
    0.031499
    0.049380
    0.104618
    0.032017
    0.029676
    0.046990
    0.038900
    0.051506
    0.072345
    0.121272
    0.075034
    0.077966
    0.094195
    0.123840
    0.007095
    0.023505
   -0.009427
    0.037328
    0.079506
    0.094016
    0.058212
   -0.015768
   -0.137184
    0.099860
    0.055345
    0.113095
    0.057558
    0.054445
    0.089125
    0.062861
   -0.047809
   -0.016193
    0.004195
   -0.286055
   -0.357075
   -0.442963
   -0.441243
   -0.402266
   -0.393797
    0.020922
   -0.019164
   -0.122019
   -0.229853
   -0.297972
   -0.223482
   -0.231876
   -0.370602
   -0.262451
   -0.041149
   -0.365376
   -0.323810
   -0.382813
   -0.400113
   -0.429025
   -0.445968
   -0.489315
   -0.449153
   -0.443312
   -0.377802
   -0.381534
   -0.122411
   -0.334411
   -0.386014
   -0.295942
   -0.036722
   -0.300604
   -0.281278
   -0.234665
   -0.154465
   -0.043299
    0.024362
   -0.406423
   -0.440553
   -0.400608
   -0.418628
   -0.291588
   -0.077083
   -0.208518
   -0.104727
   -0.074560
    0.046293
    0.045659
    0.071895
    0.080721
    0.064406
    0.053308
    0.046879
    0.024386
   -0.063913
    0.009245
    0.039295
    0.110915
    0.034374
    0.058082
    0.025855
    0.036439
    0.013432
    0.055505
    0.095324
    0.085515
    0.070712
    0.053920
    0.031782
    0.018720
   -0.016237
    0.011290
    0.057649
    0.066357
    0.011587
    0.034889
    0.042018
    0.056075
    0.072185
    0.035871
    0.041527
    0.051858
    0.088018
    0.094730
    0.069505
    0.050690
    0.070138
    0.078207
    0.084578
   -0.014089
    0.065951
    0.071006
    0.085261
    0.078670
    0.100034
    0.084029
    0.038127
    0.044262
    0.080445
    0.112302
    0.098362
   -0.052735
    0.072035
    0.080308
    0.095561
    0.050997
    0.078007
    0.070464
    0.075790
    0.081187
    0.057260
    0.043988
   -0.001363
    0.068300
    0.099832
    0.143564
    0.105000
   -0.103108
    0.050375
    0.102567
    0.057664
    0.038998
    0.088273
    0.071417
    0.047767
    0.085697
    0.095968
    0.044344
   -0.034562
   -0.083594
   -0.228266
   -0.313067
   -0.424959
   -0.156352
    0.062750
    0.126408
    0.056259
   -0.001535
   -0.052297
   -0.158914
   -0.289087
   -0.377159
   -0.373392
   -0.373756
   -0.393007
   -0.420685
   -0.411863
   -0.357869
   -0.168714
   -0.203562
   -0.080305
   -0.131040
   -0.412821
   -0.448256
   -0.410662
   -0.339963
   -0.358837
   -0.384725
   -0.413836
   -0.446983
   -0.393541
   -0.163963
    0.050721
    0.190816
   -0.006766
   -0.249627
   -0.274311
   -0.234750
   -0.383442
   -0.397544
   -0.349069
   -0.373621
   -0.436598
   -0.411341
   -0.239888
    0.034461
    0.120512
    0.000629
   -0.209250
   -0.050211
   -0.350014
    0.016735
    0.011410
    0.116220
    0.099303
    0.049848
    0.063694
   -0.072541
    0.021575
    0.013803
    0.022527
    0.075543
    0.071922
    0.069247
    0.068671
    0.044502
    0.036140
   -0.084834
    0.065996
    0.036239
    0.072448
    0.164017
    0.045187
    0.017502
    0.006179
    0.081986
    0.087073
    0.096503
    0.073066
    0.066958
    0.059247
    0.058581
    0.066678
   -0.115650
    0.079695
    0.102181
    0.156136
    0.138397
   -0.018858
    0.041126
    0.051524
    0.052906
    0.072826
    0.017498
    0.076568
    0.097618
    0.055716
    0.024418
    0.065008
   -0.173717
    0.087648
    0.118020
    0.113388
    0.088405
    0.101900
    0.081263
    0.066848
    0.044379
    0.038608
    0.085076
    0.045259
    0.058292
    0.058852
    0.064696
    0.023479
   -0.229598
    0.081771
    0.089713
    0.138899
    0.079745
    0.055785
    0.067024
    0.045562
   -0.037016
   -0.059297
   -0.054741
   -0.098234
   -0.310484
   -0.408108
   -0.469497
   -0.454365
   -0.210495
    0.024907
   -0.104827
    0.020003
   -0.228318
   -0.337761
   -0.359260
   -0.459558
   -0.453759
   -0.362956
   -0.210433
   -0.110929
   -0.276456
   -0.316493
   -0.378170
   -0.406804
   -0.220669
   -0.356773
   -0.305301
   -0.137682
   -0.336199
   -0.308498
   -0.327084
   -0.416302
   -0.394671
   -0.364599
   -0.242462
   -0.064471
   -0.245626
   -0.227698
   -0.170748
   -0.090864
   -0.351163
   -0.357325
   -0.110853
   -0.251109
   -0.385296
   -0.328142
   -0.233289
   -0.172554
   -0.031698
   -0.008409
    0.033152
    0.099204
    0.064348
    0.063199
    0.060955
    0.039028
    0.035854
   -0.009085
    0.023825
    0.047271
    0.079326
    0.081494
    0.039673
    0.050643
    0.035756
   -0.004440
    0.018991
    0.051355
    0.065324
    0.087972
    0.080091
    0.041948
   -0.032401
   -0.047792
    0.032956
    0.083650
    0.136497
    0.090179
    0.069111
    0.073160
    0.027425
    0.039992
    0.052718
    0.038988
    0.030032
    0.064699
    0.095188
    0.086152
   -0.387098
   -0.113069
    0.072677
    0.100937
    0.118457
    0.094491
    0.067630
    0.043206
    0.028241
    0.081901
    0.088850
    0.052321
    0.040955
    0.050255
    0.082959
    0.080880
    0.066750
   -0.117827
    0.048270
    0.072023
    0.068439
    0.067800
    0.022935
    0.059646
    0.071830
    0.051439
    0.067663
    0.050337
    0.062384
    0.043371
    0.073076
    0.093983
    0.066330
   -0.104322
    0.034867
    0.073083
    0.030764
    0.048806
    0.047247
    0.054356
    0.067225
    0.084730
    0.098873
    0.036670
   -0.037942
   -0.103265
   -0.191972
   -0.273858
   -0.213608
   -0.274282
   -0.004341
    0.106875
    0.085547
   -0.044596
   -0.149058
   -0.187508
   -0.266798
   -0.365253
   -0.372302
   -0.384362
   -0.390981
   -0.394474
   -0.415300
   -0.419687
   -0.221578
   -0.146270
   -0.188957
   -0.322680
   -0.412674
   -0.450318
   -0.399788
   -0.375154
   -0.348745
   -0.356532
   -0.361139
   -0.414200
   -0.407729
   -0.271799
   -0.050011
    0.077705
   -0.322462
   -0.113074
   -0.330614
   -0.331656
   -0.383432
   -0.418786
   -0.405740
   -0.364146
   -0.389633
   -0.396036
   -0.254338
   -0.031634
    0.126113
    0.091079
   -0.086714
   -0.218780
   -0.324231
   -0.260142
   -0.007856
    0.104106
   -0.006833
    0.084136
    0.033177
    0.038193
    0.059656
    0.025556
    0.080701
    0.029011
    0.060283
    0.071575
    0.069154
    0.058400
    0.138760
   -0.059609
   -0.031493
   -0.002041
    0.028069
    0.104098
    0.091840
    0.042164
    0.093252
    0.051124
    0.039865
    0.078415
    0.079180
    0.072865
    0.071925
    0.060459
   -0.112182
   -0.195808
    0.022356
    0.081581
    0.113728
    0.126406
    0.098193
    0.042180
    0.088147
    0.038484
    0.008684
    0.077238
    0.070588
    0.083413
    0.079921
    0.061688
   -0.409861
   -0.314717
   -0.090793
    0.074690
    0.122362
    0.101857
    0.049506
    0.089747
    0.073609
    0.058603
    0.073307
    0.056763
    0.061359
    0.063743
    0.084071
    0.045599
   -0.405055
   -0.095384
   -0.212633
    0.048331
    0.070876
    0.092324
    0.089249
    0.062332
    0.013395
   -0.041854
   -0.007226
   -0.091409
   -0.046464
   -0.124834
   -0.352898
   -0.440033
    0.109915
    0.117399
   -0.169127
    0.046165
   -0.202983
   -0.316443
   -0.401175
   -0.446868
   -0.447376
   -0.449705
   -0.408993
   -0.363011
   -0.119266
   -0.122774
   -0.317688
   -0.337837
    0.127770
    0.004261
   -0.232026
   -0.331931
   -0.365906
   -0.369655
   -0.337775
   -0.341563
   -0.391937
   -0.419555
   -0.388305
   -0.342285
   -0.150414
   -0.096638
   -0.245271
   -0.201781
   -0.087643
   -0.317807
   -0.269176
   -0.272145
   -0.315543
   -0.386968
   -0.272937
   -0.208223
   -0.116937
   -0.048733
   -0.021311
    0.004880
    0.061702
    0.073200
    0.078034
    0.032140
   -0.008908
    0.146546
   -0.039188
   -0.015227
    0.050210
    0.077611
    0.079494
    0.066061
    0.039083
    0.032813
    0.051628
    0.044937
    0.016865
    0.050075
    0.064981
    0.028932
   -0.051661
   -0.057570
   -0.164814
   -0.111760
    0.040339
    0.124369
    0.119306
    0.089795
    0.092422
    0.049352
    0.038417
    0.057091
    0.055375
    0.027048
    0.017026
    0.044211
   -0.467972
   -0.394145
   -0.403672
   -0.199867
    0.055254
    0.110363
    0.093310
    0.085293
    0.082053
    0.051272
    0.111926
    0.083352
    0.080317
    0.066929
    0.000547
    0.055420
   -0.091840
   -0.059606
   -0.014259
   -0.195042
    0.032548
    0.036636
    0.067085
    0.092265
    0.063203
    0.061346
    0.049787
    0.094956
    0.079896
    0.012162
    0.032924
    0.055353
    0.061590
    0.049272
    0.015651
   -0.199052
    0.054419
    0.039387
    0.052878
    0.066627
    0.028517
    0.084001
    0.068539
    0.044104
   -0.003481
   -0.032438
   -0.049366
   -0.117537
   -0.352758
   -0.253316
   -0.391205
   -0.252531
    0.010272
    0.045317
   -0.037757
   -0.116203
   -0.209999
   -0.321577
   -0.380345
   -0.389145
   -0.406795
   -0.402100
   -0.376979
   -0.372223
   -0.385565
   -0.179986
   -0.363910
   -0.206322
   -0.275057
   -0.360950
   -0.413825
   -0.374407
   -0.367848
   -0.348238
   -0.372828
   -0.380204
   -0.449877
   -0.444948
   -0.370657
   -0.193178
   -0.325610
   -0.401291
   -0.255623
   -0.328701
   -0.314899
   -0.367887
   -0.387326
   -0.364253
   -0.382215
   -0.386925
   -0.408120
   -0.350137
   -0.193755
    0.073671
    0.097429
    0.012455
   -0.377982
   -0.134246
   -0.229872
   -0.220455
   -0.059605
    0.043179
    0.037489
    0.032716
    0.024329
    0.064042
    0.068846
    0.043932
    0.096683
    0.043326
    0.062579
    0.064799
    0.068056
    0.006985
    0.096054
   -0.069291
   -0.121283
    0.063629
    0.027279
    0.051704
    0.099110
    0.031491
    0.058804
    0.095705
    0.075398
    0.080005
    0.063366
    0.059571
   -0.044193
   -0.271617
   -0.300920
   -0.363777
   -0.165091
    0.013987
    0.054600
    0.074801
    0.108198
    0.074676
    0.081698
    0.069394
    0.024343
    0.084919
    0.052170
    0.034531
   -0.203673
   -0.397779
   -0.412019
   -0.406294
   -0.207971
    0.013404
    0.037259
    0.061827
    0.079330
    0.073765
    0.091013
    0.075795
    0.039192
    0.057228
    0.043843
    0.027576
   -0.378617
   -0.411581
   -0.403528
   -0.299979
   -0.292150
    0.003878
    0.082124
    0.101181
    0.082026
    0.028132
    0.014475
   -0.023221
   -0.055962
   -0.114687
   -0.099868
   -0.125860
   -0.101137
    0.064196
    0.047816
    0.036596
   -0.220195
   -0.065846
   -0.298131
   -0.345970
   -0.401614
   -0.452487
   -0.509094
   -0.502208
   -0.449829
   -0.410702
   -0.230880
   -0.124559
   -0.190843
   -0.081389
   -0.096682
   -0.217116
   -0.360663
   -0.420921
   -0.391154
   -0.382789
   -0.388637
   -0.385196
   -0.431763
   -0.484398
   -0.437590
   -0.393847
   -0.244837
   -0.128922
   -0.406789
   -0.391515
   -0.237677
   -0.269148
   -0.232831
   -0.217056
   -0.254835
   -0.250157
   -0.263434
   -0.168299
   -0.111576
   -0.075347
   -0.039678
    0.028091
    0.089780
    0.074917
   -0.343282
    0.010370
    0.058181
    0.098347
   -0.076775
   -0.030490
    0.065487
    0.066224
    0.090933
    0.051475
    0.082567
    0.028768
    0.003809
    0.015721
    0.059054
    0.099335
   -0.361455
   -0.146172
   -0.238820
   -0.232121
   -0.343230
   -0.160319
   -0.001476
    0.080603
    0.103601
    0.060000
    0.080035
    0.039174
    0.040853
    0.042493
    0.064675
    0.090053
   -0.396738
   -0.422792
   -0.467221
   -0.403244
   -0.396026
   -0.182290
    0.030429
    0.113911
    0.081949
    0.071478
    0.065094
    0.048392
    0.096265
    0.068543
    0.070559
    0.084149
   -0.452227
   -0.119116
   -0.039618
    0.002183
    0.011560
   -0.182843
    0.040679
    0.073519
    0.066296
    0.081697
    0.020162
    0.043901
    0.122173
    0.097936
    0.090556
    0.029301
   -0.408875
   -0.126328
   -0.059815
   -0.041085
   -0.066194
   -0.250760
    0.062806
    0.046366
    0.034159
    0.031251
    0.028805
    0.084933
    0.075901
    0.064022
    0.021536
    0.039585
   -0.396426
   -0.286279
   -0.436199
   -0.294320
   -0.359569
   -0.285355
    0.006731
   -0.076234
   -0.163315
   -0.247656
   -0.299733
   -0.388764
   -0.376193
   -0.415928
   -0.414452
   -0.141966
   -0.402543
   -0.311561
   -0.355746
   -0.304092
   -0.294903
   -0.258166
   -0.358440
   -0.448413
   -0.449781
   -0.416361
   -0.429609
   -0.411614
   -0.385004
   -0.418843
   -0.329420
   -0.290089
   -0.394355
   -0.387561
   -0.387870
   -0.415522
   -0.330694
   -0.409588
   -0.265274
   -0.401823
   -0.425221
   -0.405727
   -0.423119
   -0.459977
   -0.454968
   -0.340501
   -0.019465
   -0.052808
   -0.380215
   -0.290286
   -0.275258
   -0.214008
   -0.152654
   -0.164957
   -0.058965
    0.043802
    0.045655
    0.041694
    0.055486
    0.066140
    0.047323
    0.040048
    0.042965
    0.036339
   -0.394468
   -0.320602
    0.042520
    0.046081
    0.044982
   -0.119443
   -0.100475
    0.071592
    0.039704
    0.068008
    0.054481
    0.040158
    0.060654
    0.061268
    0.067689
    0.082265
   -0.369074
   -0.372420
   -0.265530
   -0.345771
   -0.402910
   -0.398270
   -0.147352
    0.058392
    0.087119
    0.068655
    0.097500
    0.040178
    0.029835
    0.013779
    0.047870
    0.081745
   -0.339852
   -0.381822
   -0.111553
   -0.362172
   -0.404942
   -0.347940
   -0.121375
    0.068073
    0.080029
    0.072640
    0.065051
    0.071907
    0.052012
    0.061837
    0.061056
    0.061257
   -0.317641
   -0.416484
   -0.335587
   -0.289181
   -0.246246
   -0.131234
   -0.169227
    0.092007
    0.076239
    0.064244
    0.022770
   -0.012341
   -0.036691
   -0.053561
   -0.113011
   -0.133228
   -0.343098
   -0.412470
   -0.026515
    0.082936
    0.067725
    0.055862
   -0.177453
   -0.154251
   -0.360545
   -0.386183
   -0.401806
   -0.469866
   -0.446447
   -0.466766
   -0.373873
   -0.356503
   -0.302875
   -0.432800
   -0.159431
   -0.161987
   -0.160588
   -0.301229
   -0.402990
   -0.393069
   -0.345467
   -0.354826
   -0.363721
   -0.400855
   -0.449033
   -0.403740
   -0.397730
   -0.376943
   -0.307337
   -0.422028
   -0.347255
   -0.213548
   -0.054842
   -0.069366
   -0.200291
   -0.111087
   -0.197261
   -0.184468
   -0.155983
   -0.071567
   -0.045401
   -0.002300
    0.028618
    0.069108
   -0.170968
   -0.420377
   -0.186211
    0.073772
    0.059888
    0.059722
   -0.111783
    0.005497
    0.057610
    0.065530
    0.042925
    0.023004
    0.056320
    0.053523
    0.059989
    0.100556
   -0.009673
   -0.411017
   -0.327649
   -0.224144
   -0.334670
   -0.360277
   -0.387437
   -0.032724
    0.060414
    0.058586
    0.085902
    0.087222
    0.079384
    0.059888
    0.092684
    0.057841
   -0.155106
   -0.374774
   -0.378219
   -0.346959
   -0.361538
   -0.350701
   -0.296024
   -0.047931
    0.056042
    0.093450
    0.063585
    0.075882
    0.081986
    0.069034
    0.108081
    0.056432
   -0.333252
   -0.384935
   -0.360130
    0.054794
    0.054113
    0.049282
   -0.083959
   -0.137196
    0.061150
    0.100475
    0.078222
    0.035139
    0.067921
    0.112884
    0.024556
    0.040666
    0.052739
   -0.370711
   -0.385923
   -0.058775
   -0.036439
   -0.149470
   -0.203526
   -0.137490
    0.070656
    0.046984
    0.040385
    0.056235
    0.095233
    0.098483
    0.035449
   -0.013614
   -0.017952
   -0.364990
   -0.382767
   -0.270549
   -0.275571
   -0.306374
   -0.289912
   -0.167958
   -0.019427
   -0.128430
   -0.212260
   -0.280442
   -0.091861
   -0.277628
   -0.389721
   -0.358395
    0.119799
   -0.327793
   -0.397080
   -0.224782
   -0.358441
   -0.359748
   -0.099372
   -0.360493
   -0.398409
   -0.393355
   -0.399620
   -0.289569
   -0.133954
   -0.346154
   -0.385362
   -0.375740
    0.229943
   -0.250315
   -0.422219
   -0.383705
   -0.390229
   -0.359709
   -0.370665
   -0.375671
   -0.290910
   -0.403813
   -0.381761
   -0.169628
   -0.303425
   -0.463742
   -0.359841
   -0.249103
