    0.098015
    0.012435
   -0.008679
   -0.021747
   -0.070896
   -0.068064
    0.044724
    0.104345
   -0.036670
    0.002415
    0.073934
    0.099739
    0.108873
    0.104282
    0.044992
    0.003150
    0.121602
    0.028722
    0.004944
   -0.094463
   -0.113409
   -0.052540
    0.059139
    0.109499
    0.003766
   -0.030339
   -0.045183
    0.084212
    0.141785
    0.141768
    0.047135
   -0.003403
    0.111343
    0.048304
    0.053274
   -0.102476
   -0.090101
   -0.042452
    0.076773
    0.086641
   -0.001077
   -0.062110
   -0.054990
    0.104631
    0.148595
    0.128387
    0.038226
    0.007702
    0.053536
    0.043056
    0.057235
   -0.062233
   -0.073952
   -0.063034
    0.058978
    0.116484
   -0.026182
   -0.114934
   -0.063294
    0.100514
    0.159691
    0.121619
    0.028451
   -0.007730
    0.023360
    0.052935
    0.037200
   -0.054299
   -0.067953
   -0.049573
    0.048927
    0.151228
   -0.021081
   -0.127086
   -0.084501
    0.082459
    0.152929
    0.119348
    0.031510
   -0.022209
    0.023943
    0.034091
    0.021503
   -0.029878
   -0.045249
   -0.019901
    0.053942
    0.152047
   -0.001084
   -0.101492
   -0.009026
    0.100423
    0.111094
    0.108099
    0.044078
   -0.011424
    0.027627
    0.012963
    0.041619
   -0.015254
   -0.012427
    0.034221
    0.070309
    0.137176
    0.042947
   -0.006761
    0.047116
    0.082891
    0.095092
    0.105664
    0.050669
    0.006087
    0.065891
    0.041652
    0.042001
   -0.037837
    0.014116
    0.067302
    0.075957
    0.125187
    0.052335
    0.024355
    0.058512
    0.074666
    0.102296
    0.098134
    0.042989
    0.019193
    0.051197
    0.058813
    0.044898
   -0.054116
    0.028514
    0.054504
    0.074976
    0.122518
    0.038759
    0.004846
    0.076556
    0.079301
    0.113311
    0.122634
    0.020611
    0.019954
   -0.000934
    0.023139
    0.051754
    0.011996
    0.067531
    0.021581
    0.048641
    0.113564
    0.031181
    0.016774
    0.056533
    0.056969
    0.087119
    0.120168
    0.057361
    0.016194
   -0.007167
    0.022601
    0.050610
   -0.010986
    0.013453
    0.001832
    0.068372
    0.116135
    0.023655
   -0.013428
   -0.005548
    0.064056
    0.085613
    0.096169
    0.041668
    0.020928
    0.036576
    0.046183
    0.062211
   -0.020175
   -0.004263
    0.014114
    0.076856
    0.095855
    0.007358
   -0.047257
    0.024715
    0.070654
    0.090768
    0.092159
    0.034564
    0.032056
    0.058268
    0.049467
    0.032848
    0.017347
    0.027945
   -0.004910
    0.073281
    0.096236
    0.021805
   -0.034486
    0.056378
    0.052353
    0.074787
    0.079946
    0.049983
    0.048798
    0.078129
    0.036690
   -0.009366
    0.021698
    0.056063
    0.017320
    0.075734
    0.109356
    0.069984
   -0.002104
    0.010596
    0.028694
    0.086311
    0.070443
    0.043637
    0.065634
    0.103161
    0.027128
   -0.026252
    0.029528
    0.073845
    0.053734
    0.069639
    0.104662
    0.062820
    0.027464
    0.024090
    0.018084
    0.079993
    0.077059
    0.049110
    0.053520
    0.084030
    0.005734
   -0.028466
    0.030455
    0.034783
    0.047565
    0.085536
    0.092486
    0.042136
    0.010855
    0.048907
    0.009212
    0.069023
    0.075647
    0.050368
    0.062808
    0.088809
    0.000603
    0.021449
   -0.002300
   -0.055690
   -0.068252
   -0.002637
    0.116042
   -0.031875
   -0.003502
    0.094418
    0.101531
    0.100931
    0.097519
    0.051128
    0.026012
    0.114082
    0.039109
    0.013637
   -0.037521
   -0.092845
   -0.070580
    0.024995
    0.134991
   -0.021851
   -0.011388
    0.034639
    0.084041
    0.122336
    0.119799
    0.037289
    0.005380
    0.128029
    0.060775
    0.016032
   -0.124629
   -0.118958
   -0.027225
    0.075552
    0.121616
   -0.030938
   -0.029740
   -0.007384
    0.095220
    0.130277
    0.125602
    0.046888
    0.021095
    0.095581
    0.057631
    0.068111
   -0.086697
   -0.083086
   -0.030067
    0.063925
    0.123313
   -0.034167
   -0.073770
   -0.009186
    0.109890
    0.143444
    0.115307
    0.035608
    0.023988
    0.044489
    0.050633
    0.051082
   -0.069437
   -0.085368
   -0.040099
    0.043849
    0.147356
   -0.005393
   -0.136568
   -0.090643
    0.086921
    0.161553
    0.121352
    0.019901
   -0.006732
    0.022332
    0.050548
    0.024463
   -0.066778
   -0.076298
   -0.059542
    0.061890
    0.172250
    0.007562
   -0.177945
   -0.089737
    0.095835
    0.132018
    0.099392
    0.009317
   -0.026409
   -0.001707
    0.017742
    0.040825
   -0.026815
   -0.048216
   -0.020740
    0.058771
    0.147592
    0.031797
   -0.105694
   -0.000924
    0.109236
    0.103687
    0.096593
    0.034465
   -0.006326
    0.015838
    0.025942
    0.063920
   -0.013034
   -0.023319
    0.041850
    0.078546
    0.135354
    0.061912
   -0.006745
    0.019769
    0.080803
    0.114072
    0.113842
    0.047391
   -0.003912
    0.039122
    0.053844
    0.065884
   -0.028214
   -0.013315
    0.055805
    0.088649
    0.157557
    0.050919
   -0.024497
    0.039002
    0.085755
    0.128708
    0.129385
    0.016121
    0.000024
    0.019856
    0.024671
    0.060856
    0.005954
    0.031670
    0.035655
    0.075806
    0.148443
    0.037255
   -0.029112
    0.056284
    0.078666
    0.113503
    0.135476
    0.024092
   -0.004843
   -0.006490
   -0.006634
    0.047327
    0.034491
    0.033840
   -0.019227
    0.056375
    0.145078
    0.042307
   -0.012336
    0.004728
    0.049375
    0.085005
    0.115598
    0.040755
   -0.001506
    0.004602
    0.009170
    0.048981
   -0.011310
   -0.020608
   -0.031137
    0.066443
    0.130750
    0.026103
   -0.068934
   -0.024441
    0.079228
    0.104106
    0.103643
    0.013132
    0.020595
    0.033480
    0.029228
    0.055463
   -0.003180
    0.016160
   -0.000109
    0.073027
    0.095074
   -0.001627
   -0.069057
    0.043782
    0.068301
    0.085467
    0.093625
    0.023875
    0.034070
    0.045241
    0.027089
    0.016347
    0.021087
    0.037396
   -0.018203
    0.089200
    0.109328
    0.021009
   -0.040330
    0.040910
    0.043896
    0.065773
    0.075871
    0.030484
    0.055042
    0.084555
    0.032389
   -0.005466
    0.027204
    0.063748
    0.026440
    0.082572
    0.119744
    0.049856
    0.000066
    0.007132
    0.024845
    0.086415
    0.079056
    0.036751
    0.065956
    0.091182
    0.030410
   -0.024593
    0.015245
    0.054367
    0.042483
    0.081242
    0.107764
    0.046175
    0.029957
    0.048373
    0.008380
    0.061505
    0.083476
    0.045603
    0.050762
    0.072627
   -0.003708
   -0.022339
   -0.014449
   -0.032888
   -0.075748
   -0.066972
    0.101090
   -0.001468
   -0.012504
    0.053508
    0.066455
    0.107535
    0.102720
    0.060662
    0.037265
    0.091945
    0.033630
    0.048043
    0.010532
   -0.054500
   -0.080149
   -0.056643
    0.116409
    0.004769
   -0.015373
    0.065517
    0.075066
    0.122044
    0.114218
    0.033534
    0.009310
    0.107150
    0.056346
    0.027129
   -0.061678
   -0.113635
   -0.052784
   -0.001026
    0.118246
   -0.004247
   -0.023222
    0.033785
    0.072732
    0.124492
    0.122283
    0.045800
    0.020571
    0.103111
    0.069678
    0.066702
   -0.075613
   -0.108470
   -0.033368
    0.052327
    0.144720
   -0.012080
   -0.044632
    0.027262
    0.101694
    0.131914
    0.115765
    0.050511
    0.039949
    0.074490
    0.043105
    0.082497
   -0.019278
   -0.091319
   -0.030530
    0.029346
    0.156424
    0.023512
   -0.099955
   -0.045922
    0.076105
    0.150127
    0.123233
    0.033988
    0.023814
    0.038918
    0.038266
    0.031655
   -0.070375
   -0.088461
   -0.054160
    0.024279
    0.170403
    0.060456
   -0.143384
   -0.128129
    0.058212
    0.158009
    0.119940
    0.005535
   -0.021791
    0.016468
    0.017511
    0.040783
   -0.074837
   -0.064093
   -0.057696
    0.024941
    0.155037
    0.065198
   -0.149332
   -0.096290
    0.084588
    0.130927
    0.102716
    0.002868
   -0.032768
    0.018900
    0.016982
    0.050427
   -0.028953
   -0.048291
   -0.004881
    0.051188
    0.132505
    0.092286
   -0.065373
   -0.041056
    0.095304
    0.129152
    0.116687
    0.042995
   -0.019316
    0.018923
    0.042009
    0.060502
   -0.019730
   -0.035187
    0.047414
    0.074716
    0.157315
    0.103992
   -0.032245
   -0.023837
    0.081454
    0.128221
    0.137017
    0.040755
   -0.024762
    0.015252
    0.030537
    0.062453
    0.001622
   -0.006866
    0.049933
    0.062960
    0.160776
    0.093143
   -0.052788
    0.009510
    0.095324
    0.123771
    0.134267
    0.011277
   -0.023271
    0.013771
   -0.003698
    0.067057
    0.033300
    0.027594
    0.021722
    0.059959
    0.146758
    0.070964
   -0.039649
   -0.011076
    0.058250
    0.106708
    0.122780
    0.020934
   -0.028486
    0.014162
   -0.009238
    0.030631
    0.016709
    0.000681
   -0.043468
    0.055065
    0.149799
    0.060339
   -0.045763
   -0.054759
    0.057159
    0.102493
    0.105075
    0.011208
   -0.002842
    0.033098
    0.006188
    0.013046
   -0.032409
    0.014659
   -0.012428
    0.057078
    0.118301
    0.023923
   -0.083719
   -0.016720
    0.081941
    0.111350
    0.100922
    0.005041
    0.027580
    0.028766
    0.010958
    0.012565
   -0.021376
    0.055629
    0.003403
    0.070883
    0.096097
    0.007925
   -0.079014
    0.032673
    0.063114
    0.061713
    0.072127
    0.027683
    0.049216
    0.055394
    0.028431
   -0.003738
    0.003088
    0.064360
   -0.009675
    0.093055
    0.126803
    0.044283
   -0.041498
   -0.002385
    0.045166
    0.073788
    0.059976
    0.027325
    0.072673
    0.079419
    0.056449
   -0.017814
    0.004017
    0.076735
    0.019971
    0.080553
    0.127347
    0.060070
   -0.008988
    0.016523
    0.037171
    0.084914
    0.080866
    0.026257
    0.056642
    0.069650
    0.019014
   -0.055062
   -0.046533
   -0.026396
   -0.057948
   -0.090829
    0.052259
    0.038324
   -0.015446
    0.018630
    0.001830
    0.101364
    0.105970
    0.074320
    0.044683
    0.075446
    0.029086
    0.020937
    0.012960
   -0.047315
   -0.080313
   -0.084372
    0.055618
    0.050368
   -0.011805
    0.046737
    0.028967
    0.109706
    0.114152
    0.049453
    0.019445
    0.084709
    0.040124
    0.057221
    0.026627
   -0.088983
   -0.099519
   -0.070521
    0.067850
    0.047979
   -0.023903
    0.033599
    0.029428
    0.123826
    0.119625
    0.048342
    0.019592
    0.067476
    0.062535
    0.021315
   -0.011119
   -0.111601
   -0.058435
   -0.017527
    0.109652
    0.049610
   -0.045055
    0.032656
    0.063196
    0.138496
    0.118997
    0.062139
    0.034661
    0.054223
    0.051045
    0.077424
    0.068434
   -0.103611
   -0.071144
   -0.011561
    0.145042
    0.085164
   -0.069583
   -0.010134
    0.043779
    0.145362
    0.125020
    0.045892
    0.024227
    0.041062
    0.030410
    0.042469
    0.017553
   -0.087418
   -0.071233
   -0.028115
    0.136538
    0.141397
   -0.074356
   -0.087617
   -0.006048
    0.146823
    0.130420
    0.038811
   -0.006229
    0.007774
    0.025345
    0.049506
   -0.057990
   -0.056865
   -0.070882
   -0.027972
    0.140241
    0.123681
   -0.082136
   -0.130846
    0.003063
    0.134688
    0.127705
    0.019224
   -0.040452
    0.026416
    0.021191
    0.063182
   -0.026922
   -0.068258
   -0.069090
   -0.003870
    0.121585
    0.118271
   -0.063438
   -0.118252
    0.048742
    0.132364
    0.123728
    0.035668
   -0.036773
    0.038249
    0.039777
    0.060733
   -0.003761
   -0.054769
   -0.019373
    0.053954
    0.144205
    0.133955
   -0.028465
   -0.073624
    0.052207
    0.126283
    0.135333
    0.068722
   -0.020633
    0.033854
    0.009764
    0.063762
    0.021720
   -0.045192
    0.019654
    0.055853
    0.151968
    0.151630
   -0.039747
   -0.057722
    0.074171
    0.124246
    0.135456
    0.056280
   -0.035118
    0.033537
   -0.024142
    0.061555
    0.042608
   -0.004332
    0.008685
    0.046233
    0.139601
    0.144466
   -0.036484
   -0.075237
    0.063762
    0.131935
    0.131084
    0.026287
   -0.057942
    0.022124
   -0.018833
    0.059748
    0.053301
    0.008808
   -0.037200
    0.042787
    0.146966
    0.107188
   -0.018696
   -0.083818
    0.029553
    0.113541
    0.100690
    0.019986
   -0.043061
    0.029694
   -0.006028
    0.017214
   -0.007083
    0.003094
   -0.029626
    0.036923
    0.139966
    0.074847
   -0.035193
   -0.063917
    0.047054
    0.103139
    0.097993
    0.024472
    0.004657
    0.059645
    0.003409
    0.003827
   -0.063011
    0.027669
    0.021000
    0.060148
    0.105180
    0.039877
   -0.072286
   -0.013947
    0.047995
    0.064885
    0.096206
    0.042286
    0.046230
    0.057077
   -0.008182
    0.016194
   -0.020561
    0.040586
   -0.019017
    0.101764
    0.147395
    0.057106
   -0.068112
   -0.025676
    0.036691
    0.047800
    0.070448
    0.038524
    0.051598
    0.064661
    0.028752
    0.004657
    0.004638
    0.067890
   -0.004271
    0.086881
    0.137487
    0.085868
   -0.031785
   -0.028510
    0.047671
    0.065186
    0.077266
    0.035467
    0.055486
    0.044661
    0.058311
   -0.022015
   -0.076070
    0.002014
    0.002266
   -0.104040
    0.007097
    0.080166
   -0.020040
   -0.013680
   -0.042760
    0.098026
    0.121254
    0.072142
    0.032560
    0.051485
    0.045308
   -0.039166
   -0.042530
   -0.032528
    0.008037
   -0.088356
    0.004151
    0.094280
   -0.029060
   -0.003896
   -0.019204
    0.104203
    0.125146
    0.082959
    0.021635
    0.048975
    0.045923
    0.023476
    0.032880
   -0.056567
   -0.056061
   -0.101336
    0.017689
    0.109389
   -0.023216
   -0.003593
   -0.017300
    0.118786
    0.126041
    0.052116
    0.015763
    0.046814
    0.041275
   -0.017121
    0.018986
   -0.087233
   -0.071217
   -0.087513
    0.005451
    0.126024
   -0.025713
   -0.012079
    0.016288
    0.139370
    0.126640
    0.071847
    0.029267
    0.029074
    0.012762
    0.009513
    0.086649
   -0.055716
   -0.066546
   -0.076721
    0.053723
    0.152541
   -0.017964
   -0.011073
    0.023191
    0.136596
    0.127913
    0.064389
    0.025144
    0.007526
   -0.010191
    0.020920
    0.106540
   -0.040610
   -0.063214
   -0.068747
    0.065133
    0.190961
    0.000082
   -0.067810
   -0.039254
    0.128989
    0.146513
    0.051910
   -0.008597
   -0.008199
    0.007353
    0.015298
    0.036572
   -0.066497
   -0.043225
   -0.052077
    0.085381
    0.163680
   -0.027122
   -0.103398
   -0.030308
    0.125829
    0.150259
    0.042456
   -0.031298
   -0.002234
    0.017060
    0.029495
    0.031741
   -0.078557
   -0.047361
   -0.045749
    0.085557
    0.131615
   -0.013038
   -0.130087
   -0.014750
    0.125006
    0.139235
    0.042615
   -0.033545
    0.023867
    0.049384
    0.042410
    0.015000
   -0.061196
   -0.050866
    0.000538
    0.099222
    0.145515
    0.002738
   -0.130500
    0.012426
    0.128140
    0.129384
    0.079186
    0.001365
    0.044391
    0.008433
    0.045980
    0.038414
   -0.046155
   -0.022278
    0.032986
    0.126782
    0.154805
   -0.005829
   -0.117569
    0.031434
    0.131591
    0.136011
    0.081718
   -0.008544
    0.045321
    0.007296
    0.039144
    0.048436
   -0.017489
   -0.009027
    0.026686
    0.112226
    0.141501
    0.025920
   -0.091019
    0.027873
    0.123127
    0.133043
    0.063205
   -0.050883
    0.036168
    0.002164
    0.031968
    0.062000
    0.034464
   -0.040958
    0.003531
    0.119109
    0.128479
    0.020604
   -0.069934
    0.002330
    0.101332
    0.095040
    0.046459
   -0.050071
    0.033940
   -0.010716
    0.003675
    0.037370
    0.048922
   -0.035344
    0.006642
    0.114155
    0.108291
    0.020152
   -0.040292
    0.017773
    0.097384
    0.093016
    0.040041
   -0.022650
    0.068917
   -0.001161
   -0.002697
   -0.032462
    0.025377
    0.021072
    0.029500
    0.104711
    0.080873
   -0.038291
   -0.029876
    0.037803
    0.061891
    0.094828
    0.061691
    0.040746
    0.093413
   -0.018396
   -0.012984
   -0.027700
    0.038859
    0.008680
    0.065206
    0.154194
    0.082269
   -0.076222
   -0.040248
    0.025016
    0.050744
    0.082816
    0.053124
    0.040438
    0.084066
    0.000881
    0.005367
   -0.012519
    0.076116
   -0.007947
    0.066211
    0.154229
    0.102733
   -0.037959
   -0.036417
    0.016011
    0.055257
    0.070066
    0.044809
    0.033591
    0.031069
    0.069347
    0.006277
   -0.035146
   -0.009376
    0.002634
   -0.101925
   -0.002704
    0.118425
   -0.015321
   -0.038850
   -0.069745
    0.059529
    0.143175
    0.109439
    0.036424
    0.019237
    0.072214
   -0.023211
   -0.059054
   -0.020934
    0.033375
   -0.052367
   -0.029218
    0.101336
   -0.002566
   -0.021139
   -0.037046
    0.049198
    0.134156
    0.120299
    0.031131
   -0.010475
    0.060483
    0.008580
    0.000660
   -0.044829
    0.000192
   -0.075296
   -0.009054
    0.118882
    0.003888
   -0.001208
   -0.022209
    0.050452
    0.133846
    0.091937
    0.016833
    0.017799
    0.042830
   -0.012910
    0.022985
   -0.051645
   -0.069224
   -0.132456
   -0.036356
    0.138623
    0.021117
   -0.049500
   -0.037531
    0.085211
    0.140898
    0.095826
    0.027608
    0.010127
    0.007132
   -0.030442
    0.068153
   -0.004368
   -0.077856
   -0.100726
   -0.056507
    0.164895
    0.053080
   -0.021954
   -0.013293
    0.091785
    0.135667
    0.079738
    0.027476
   -0.026905
   -0.019105
   -0.017021
    0.124858
    0.021165
   -0.076925
   -0.115810
   -0.031444
    0.198678
    0.076212
   -0.024805
   -0.045803
    0.058709
    0.148015
    0.076270
    0.003484
   -0.029559
   -0.021574
   -0.016403
    0.101050
   -0.021669
   -0.037121
   -0.121466
    0.008244
    0.194148
    0.048221
   -0.070175
   -0.050059
    0.063957
    0.155717
    0.086103
   -0.016168
   -0.025774
   -0.008033
   -0.005619
    0.094867
   -0.058468
   -0.040765
   -0.074978
    0.026316
    0.157822
    0.060853
   -0.093880
   -0.087208
    0.070482
    0.137951
    0.094199
   -0.012525
   -0.022700
    0.031249
    0.051620
    0.053795
   -0.073430
   -0.056280
   -0.020890
    0.048177
    0.147817
    0.073560
   -0.123303
   -0.072995
    0.113422
    0.130668
    0.107355
    0.017576
    0.012546
    0.029794
    0.046695
    0.073823
   -0.045950
   -0.043581
   -0.011273
    0.085163
    0.169356
    0.039972
   -0.121853
   -0.036257
    0.119539
    0.148653
    0.098372
    0.009699
    0.027280
    0.022893
    0.031342
    0.100487
   -0.030783
   -0.021698
   -0.006056
    0.074177
    0.155601
    0.068931
   -0.071130
   -0.037736
    0.110262
    0.128628
    0.087443
   -0.021067
    0.030907
    0.044757
    0.020390
    0.082571
    0.001789
   -0.028218
   -0.033337
    0.090180
    0.132888
    0.066305
   -0.051142
   -0.023312
    0.101514
    0.092656
    0.070007
   -0.008733
    0.027351
    0.030870
   -0.015674
    0.053606
    0.034301
   -0.010480
   -0.034301
    0.099862
    0.121277
    0.047888
   -0.012282
    0.014380
    0.098977
    0.078257
    0.056785
   -0.003770
    0.053315
    0.036728
   -0.013839
    0.006649
    0.018098
    0.029381
   -0.002366
    0.093573
    0.130278
    0.027680
   -0.044272
    0.014948
    0.076394
    0.077826
    0.067484
    0.038625
    0.087749
    0.028609
   -0.026310
   -0.001228
    0.026152
    0.037645
    0.020467
    0.128236
    0.127130
   -0.001736
   -0.084850
   -0.021925
    0.051288
    0.079916
    0.079032
    0.063586
    0.108521
    0.033511
   -0.013280
   -0.023459
    0.055076
    0.028810
    0.035148
    0.139592
    0.122309
   -0.001197
   -0.059878
   -0.027548
    0.043653
    0.062039
    0.066315
    0.047793
    0.007687
    0.042551
    0.030473
    0.021146
    0.016477
   -0.013677
   -0.118483
   -0.070215
    0.138586
    0.062312
   -0.050051
   -0.107331
   -0.014037
    0.142290
    0.135857
    0.064807
   -0.006274
    0.045704
    0.006283
   -0.012529
    0.007363
    0.014912
   -0.023935
   -0.064187
    0.079826
    0.063295
   -0.024093
   -0.047215
   -0.007714
    0.130808
    0.130350
    0.068124
   -0.047464
    0.054658
    0.006691
    0.006927
   -0.027162
   -0.003971
   -0.023881
   -0.053704
    0.093941
    0.075987
   -0.033845
   -0.024156
    0.012905
    0.128825
    0.100619
    0.046131
   -0.025784
    0.062090
   -0.031844
    0.004248
   -0.019792
   -0.044661
   -0.098103
   -0.087581
    0.101751
    0.121332
   -0.054332
   -0.083404
    0.021025
    0.155264
    0.103846
    0.040262
    0.018456
    0.000707
   -0.067909
    0.040458
    0.046258
   -0.042962
   -0.078930
   -0.098778
    0.071715
    0.153476
    0.011377
   -0.056514
    0.007517
    0.154824
    0.084520
    0.024612
   -0.018580
   -0.014557
   -0.055304
    0.078085
    0.066197
   -0.040074
   -0.100868
   -0.101191
    0.118046
    0.167573
    0.024329
   -0.037766
   -0.012540
    0.140161
    0.090093
    0.016616
   -0.049640
    0.014498
   -0.043260
    0.071123
    0.031331
   -0.029277
   -0.094278
   -0.101023
    0.153886
    0.157274
   -0.049290
   -0.075205
    0.009325
    0.140912
    0.112211
    0.015492
   -0.060685
    0.016228
   -0.041252
    0.066281
    0.012979
   -0.042045
   -0.037424
   -0.026158
    0.137985
    0.129501
   -0.024451
   -0.126991
    0.002309
    0.137108
    0.119151
    0.022442
   -0.055126
    0.027091
    0.012894
    0.051068
   -0.017767
   -0.031409
   -0.005598
    0.012131
    0.118119
    0.119557
   -0.037896
   -0.090475
    0.055097
    0.124418
    0.110130
    0.044192
   -0.002135
    0.051262
    0.008160
    0.068144
    0.007100
   -0.028680
   -0.007381
    0.009480
    0.142899
    0.088386
   -0.081325
   -0.034183
    0.079069
    0.129323
    0.106671
    0.031581
    0.001035
    0.056977
    0.013502
    0.092123
    0.004626
   -0.034094
   -0.017309
    0.017460
    0.152074
    0.092193
   -0.030931
   -0.032925
    0.076872
    0.114523
    0.095984
    0.016978
    0.003396
    0.058737
    0.019598
    0.063466
    0.012920
    0.004253
   -0.044450
    0.044513
    0.127350
    0.080985
    0.005487
   -0.009553
    0.070649
    0.095167
    0.075399
    0.028145
    0.035686
    0.050164
   -0.022130
    0.002090
    0.031534
    0.050226
   -0.038614
    0.073166
    0.139845
    0.069093
    0.003927
    0.026944
    0.067816
    0.084959
    0.053176
    0.030810
    0.060283
    0.066734
   -0.013594
    0.008472
    0.006017
    0.056450
   -0.020547
    0.067971
    0.146844
    0.076597
   -0.035905
    0.010645
    0.048747
    0.077514
    0.058609
    0.049936
    0.079976
    0.092168
   -0.031736
    0.008592
    0.034971
    0.074508
   -0.007705
    0.086691
    0.149925
    0.042163
   -0.063419
   -0.013691
    0.023828
    0.081356
    0.081252
    0.053245
    0.083823
    0.112703
   -0.014307
   -0.051362
    0.018555
    0.078926
   -0.004338
    0.087511
    0.140995
    0.034725
   -0.058893
   -0.022461
    0.024392
    0.070934
    0.069432
    0.045184
   -0.007731
    0.031489
    0.045827
    0.003685
    0.030973
    0.032137
   -0.051719
   -0.156003
    0.000287
    0.158827
    0.051138
   -0.063812
   -0.125960
    0.046615
    0.144265
    0.120825
   -0.018520
    0.011395
    0.046626
   -0.009178
    0.002994
    0.022139
    0.004131
   -0.046480
   -0.014178
    0.129207
    0.052371
   -0.038851
   -0.063435
    0.050130
    0.140646
    0.115865
   -0.063724
   -0.027421
    0.070472
   -0.005057
   -0.016984
   -0.022831
    0.006982
   -0.040362
    0.004303
    0.130756
    0.055796
   -0.091067
   -0.066712
    0.066271
    0.147044
    0.100105
   -0.048482
    0.014342
    0.028843
   -0.025498
   -0.003447
   -0.029016
   -0.028758
   -0.084816
   -0.009872
    0.137225
    0.106239
   -0.098127
   -0.113372
    0.070890
    0.155376
    0.082985
    0.014616
    0.037426
   -0.056348
   -0.045344
    0.078822
   -0.020714
   -0.070040
   -0.069924
   -0.026180
    0.132699
    0.138926
   -0.008867
   -0.087081
    0.031812
    0.138386
    0.059554
   -0.009227
   -0.003095
   -0.010180
   -0.015550
    0.106296
   -0.031159
   -0.082481
   -0.112278
    0.005009
    0.178997
    0.133817
   -0.002251
   -0.058807
    0.014248
    0.137923
    0.076382
   -0.024999
   -0.028901
    0.026236
   -0.021153
    0.094623
   -0.037500
   -0.052158
   -0.109888
    0.010245
    0.175767
    0.106439
   -0.073364
   -0.100801
    0.030165
    0.149011
    0.089614
   -0.021850
   -0.031367
    0.029468
   -0.005229
    0.075449
   -0.052318
   -0.037546
   -0.024677
    0.041650
    0.139730
    0.100646
   -0.061589
   -0.105977
    0.049425
    0.131329
    0.084190
   -0.040289
   -0.026188
    0.047888
    0.027114
    0.042532
   -0.049091
   -0.005061
    0.018275
    0.053739
    0.142223
    0.047400
   -0.075717
   -0.000838
    0.094261
    0.113756
    0.080557
   -0.054492
    0.004234
    0.060610
    0.021692
    0.067436
   -0.031157
   -0.000730
   -0.002541
    0.042302
    0.149015
    0.000018
   -0.068551
    0.039492
    0.093508
    0.108951
    0.072456
   -0.096605
    0.013985
    0.084745
    0.068792
    0.072542
   -0.071446
   -0.025571
   -0.020086
    0.078325
    0.143388
    0.025529
   -0.030034
    0.024123
    0.113729
    0.087959
    0.042162
   -0.080772
    0.031295
    0.080413
    0.054614
    0.021793
   -0.039573
    0.015323
   -0.008197
    0.102869
    0.122466
    0.040416
   -0.005634
    0.032348
    0.100191
    0.085017
    0.041708
   -0.015813
    0.063064
    0.063051
   -0.016023
   -0.018978
    0.022545
    0.025402
   -0.008036
    0.111984
    0.135547
    0.032066
   -0.002614
    0.035684
    0.080588
    0.070445
    0.045422
   -0.014583
    0.089268
    0.076301
   -0.015682
   -0.016026
    0.022107
    0.030268
   -0.021326
    0.112073
    0.163291
    0.028138
   -0.059838
    0.011426
    0.078375
    0.057777
    0.036437
    0.001649
    0.111602
    0.072436
   -0.032367
   -0.002313
    0.058199
    0.065018
    0.000416
    0.126475
    0.153293
    0.007682
   -0.063791
   -0.013795
    0.061981
    0.076247
    0.059694
    0.012865
    0.122705
    0.084316
   -0.054451
   -0.052842
    0.070303
    0.052430
   -0.010862
    0.099976
    0.135755
   -0.006254
   -0.062499
   -0.004090
    0.062885
    0.067229
    0.058184
   -0.065226
   -0.028673
    0.042859
    0.046643
    0.013675
    0.026397
    0.056108
   -0.029348
   -0.112199
   -0.004318
    0.119507
    0.055985
   -0.029140
   -0.082851
    0.045670
    0.126348
   -0.064821
   -0.024395
    0.018878
    0.042271
   -0.004984
    0.009081
    0.044188
   -0.022346
   -0.036308
   -0.018959
    0.097325
    0.067560
   -0.020899
   -0.036377
    0.056641
    0.115721
   -0.038091
   -0.041102
   -0.003292
    0.061500
    0.000497
   -0.008596
   -0.005042
   -0.016178
   -0.033791
    0.002800
    0.104632
    0.074068
   -0.074672
   -0.082633
    0.053047
    0.125323
   -0.065436
   -0.046629
    0.028149
    0.031423
   -0.010856
   -0.015746
   -0.030749
   -0.012453
   -0.053744
    0.002008
    0.121340
    0.117508
   -0.069803
   -0.101991
    0.060353
    0.139075
   -0.044620
   -0.007198
    0.056724
   -0.027301
   -0.039233
    0.058044
   -0.023857
   -0.056919
   -0.045012
   -0.000648
    0.122569
    0.140150
    0.007173
   -0.054943
    0.029248
    0.120674
   -0.037029
   -0.031215
    0.008820
    0.013948
   -0.004289
    0.098649
   -0.034110
   -0.084703
   -0.072679
    0.036688
    0.167179
    0.128718
   -0.009473
   -0.067837
   -0.001701
    0.118927
    0.007409
   -0.024573
   -0.026186
    0.041233
   -0.010734
    0.078337
   -0.039596
   -0.054108
   -0.055625
    0.027443
    0.148174
    0.114664
   -0.066842
   -0.114245
    0.015274
    0.121402
   -0.004768
   -0.004758
   -0.031399
    0.038183
   -0.000563
    0.069970
   -0.034156
   -0.034098
   -0.018813
    0.036583
    0.120526
    0.106104
   -0.040396
   -0.073346
    0.044219
    0.103813
   -0.088562
   -0.045040
   -0.024906
    0.059713
    0.015833
    0.043714
   -0.026904
   -0.013993
    0.017952
    0.052330
    0.125305
    0.042044
   -0.068452
    0.032865
    0.090645
    0.093735
   -0.077636
   -0.060265
   -0.013061
    0.078101
    0.021517
    0.055667
   -0.020398
   -0.002242
    0.006274
    0.030177
    0.111388
    0.022118
   -0.033218
    0.067047
    0.087550
    0.071571
   -0.096942
   -0.097302
   -0.020497
    0.088722
    0.086525
    0.058382
   -0.092985
   -0.029894
   -0.003090
    0.060091
    0.117631
    0.040247
   -0.007718
    0.066067
    0.106285
    0.051386
   -0.086537
   -0.081769
    0.025573
    0.080732
    0.065001
    0.002798
   -0.075211
    0.032120
    0.026042
    0.078083
    0.117081
    0.038377
   -0.011687
    0.069854
    0.095263
    0.066315
   -0.087802
   -0.052258
    0.061194
    0.075497
   -0.013250
   -0.027812
    0.009741
    0.030346
    0.012141
    0.094840
    0.126874
    0.046870
   -0.003190
    0.055539
    0.077369
    0.066364
   -0.098920
   -0.047215
    0.077705
    0.084543
   -0.019134
   -0.019114
    0.024432
    0.034034
    0.000441
    0.102500
    0.149434
    0.043513
   -0.058224
    0.010414
    0.068977
    0.056437
   -0.066340
   -0.004896
    0.106906
    0.077831
   -0.037802
   -0.016377
    0.052241
    0.069190
    0.021487
    0.105386
    0.143585
    0.027405
   -0.055099
    0.003148
    0.060860
    0.058849
   -0.026697
    0.020309
    0.129070
    0.094478
   -0.057034
   -0.049029
    0.068680
    0.042436
   -0.030916
    0.083423
    0.132044
    0.004865
   -0.068432
    0.007209
    0.065548
    0.063593
    0.050992
    0.051039
   -0.059855
   -0.011330
    0.031292
    0.025176
   -0.003918
    0.019774
    0.060015
   -0.017839
   -0.053710
    0.014218
    0.094709
    0.043816
   -0.012623
   -0.020327
    0.045359
    0.036619
   -0.052923
   -0.009730
    0.010423
    0.025474
   -0.014833
    0.032106
    0.027002
   -0.048126
   -0.034096
    0.008462
    0.100948
    0.056314
   -0.022695
   -0.023623
    0.070550
    0.022820
   -0.055529
   -0.018355
    0.035407
    0.045425
   -0.000789
    0.003718
   -0.006521
   -0.037323
   -0.042987
    0.029327
    0.118557
    0.059003
   -0.077153
   -0.062466
    0.058517
    0.020582
   -0.060280
   -0.013728
    0.044027
    0.008010
   -0.005960
   -0.014037
   -0.021196
   -0.013144
   -0.019088
    0.024511
    0.117895
    0.090126
   -0.041812
   -0.027115
    0.037880
    0.024626
   -0.045172
    0.002850
    0.046034
   -0.013765
    0.002627
    0.048593
   -0.050105
   -0.060376
   -0.010118
    0.049312
    0.137852
    0.099802
    0.000173
   -0.020818
    0.031627
   -0.011010
   -0.063162
   -0.053692
    0.011776
    0.030407
    0.035775
    0.067010
   -0.052342
   -0.080910
   -0.017770
    0.095845
    0.158642
    0.068632
   -0.060263
   -0.072451
    0.037155
    0.010713
   -0.013971
   -0.042711
    0.005582
    0.044053
    0.021200
    0.050105
   -0.047759
   -0.046686
   -0.001605
    0.072432
    0.127322
    0.070900
   -0.071351
   -0.082826
    0.053002
    0.012979
   -0.020788
   -0.033965
   -0.001804
    0.047410
    0.019376
    0.041121
   -0.038025
   -0.029204
   -0.006571
    0.059033
    0.113376
    0.064647
   -0.043543
   -0.023042
    0.029493
   -0.022581
   -0.060738
   -0.049402
    0.023488
    0.069563
   -0.005156
    0.015357
   -0.028046
   -0.005759
    0.014068
    0.060365
    0.105286
    0.024390
   -0.019854
    0.048120
    0.012939
    0.001523
   -0.059578
   -0.059884
    0.016625
    0.079625
    0.016013
    0.003961
   -0.044191
    0.001615
    0.021850
    0.060862
    0.075685
    0.032852
    0.042065
    0.067243
   -0.000760
    0.003111
   -0.080265
   -0.069359
    0.009343
    0.088501
    0.077107
   -0.025836
   -0.105364
    0.006355
    0.042360
    0.066934
    0.067598
    0.022066
    0.021409
    0.080929
    0.006586
   -0.004978
   -0.090815
   -0.036116
    0.067028
    0.075241
    0.024793
   -0.053277
   -0.048525
    0.057710
    0.065359
    0.080653
    0.083443
    0.018547
    0.023315
    0.096438
    0.018235
   -0.016066
   -0.097551
   -0.006517
    0.103027
    0.065088
   -0.061998
   -0.043372
    0.028981
    0.029951
    0.040366
    0.098499
    0.104553
    0.019382
    0.005151
    0.059389
    0.007708
   -0.022946
   -0.071957
    0.008427
    0.098837
    0.049321
   -0.058098
   -0.036194
    0.052279
    0.046381
    0.043754
    0.103104
    0.112686
    0.024221
   -0.032630
    0.012178
   -0.004207
   -0.000411
   -0.042488
    0.025228
    0.116165
    0.031131
   -0.055249
   -0.013734
    0.072985
    0.052436
    0.054529
    0.113835
    0.108618
   -0.000749
   -0.045422
    0.016544
    0.018805
    0.026523
   -0.008654
    0.065769
    0.136615
    0.057924
   -0.060766
   -0.008214
    0.070427
   -0.016202
   -0.021298
    0.107610
    0.111474
   -0.033329
   -0.073504
    0.002268
   -0.046185
   -0.107660
   -0.039941
    0.055292
    0.030312
   -0.032596
   -0.000797
    0.019728
    0.005720
   -0.007706
    0.034283
    0.040316
   -0.007881
   -0.007957
    0.026698
    0.059148
   -0.042617
   -0.075781
   -0.006779
    0.059694
    0.008392
   -0.039106
   -0.001577
    0.036719
    0.022303
    0.001174
    0.034386
    0.008661
   -0.044623
   -0.031460
    0.035226
    0.076805
   -0.046442
   -0.066065
    0.014105
    0.064990
   -0.000494
   -0.041095
    0.013873
    0.051938
    0.035646
    0.012007
   -0.000186
   -0.004771
   -0.038454
   -0.031148
    0.050078
    0.099023
   -0.062860
   -0.060860
    0.010474
    0.053257
    0.012019
   -0.025463
    0.016490
    0.033497
    0.008609
    0.008621
   -0.008151
   -0.045958
   -0.030755
    0.009813
    0.062330
    0.109044
   -0.030107
   -0.031913
    0.014790
    0.037438
   -0.011348
   -0.059179
   -0.030623
    0.022631
    0.037793
    0.053525
    0.022742
   -0.068066
   -0.063805
    0.020012
    0.107068
    0.119841
   -0.040702
   -0.027895
    0.028177
    0.037287
   -0.012267
   -0.054979
   -0.053347
    0.017292
    0.042524
    0.042286
    0.024667
   -0.050237
   -0.045246
    0.043524
    0.115475
    0.110494
   -0.064075
   -0.067306
    0.013448
    0.061780
    0.015638
   -0.038227
   -0.042459
    0.024130
    0.038253
    0.037448
    0.017106
   -0.043976
   -0.026084
    0.030887
    0.094104
    0.099780
   -0.040056
   -0.081171
   -0.003708
    0.046740
    0.006845
   -0.060448
   -0.067952
    0.035260
    0.054025
    0.018557
    0.004656
   -0.043577
   -0.035221
    0.013716
    0.080656
    0.098588
   -0.056865
   -0.073305
   -0.002297
    0.025610
   -0.011520
   -0.058089
   -0.047043
    0.055846
    0.053373
   -0.009197
   -0.020854
   -0.038632
   -0.002795
    0.036702
    0.079897
    0.076413
   -0.081724
   -0.080946
   -0.028438
    0.013602
   -0.006993
   -0.062309
   -0.061496
    0.037895
    0.072375
    0.020523
   -0.038608
   -0.057201
    0.000370
    0.056387
    0.074159
    0.054962
   -0.064366
   -0.047641
    0.000287
    0.017340
   -0.018495
   -0.073928
   -0.033750
    0.058380
    0.079454
    0.027799
   -0.068060
   -0.057711
    0.036579
    0.073599
    0.076811
    0.065407
   -0.068272
   -0.025046
    0.033224
    0.018334
   -0.039267
   -0.073203
    0.013225
    0.102259
    0.046445
   -0.047608
   -0.050816
    0.010165
    0.050130
    0.068262
    0.093911
    0.075843
   -0.024568
    0.012351
    0.055634
    0.016141
   -0.043581
   -0.047351
    0.033549
    0.099630
    0.028168
   -0.085136
   -0.040935
    0.033660
    0.022954
    0.044703
    0.102571
    0.081725
    0.010550
    0.014882
    0.017113
   -0.009815
   -0.022535
   -0.033397
    0.026564
    0.082290
    0.014587
   -0.054983
   -0.009079
    0.055102
    0.051164
    0.068771
    0.103423
    0.088596
   -0.003762
   -0.036735
   -0.037883
   -0.005197
    0.000215
   -0.018422
    0.057049
    0.109461
    0.016485
   -0.050841
    0.008275
    0.049447
    0.020690
    0.051544
    0.109480
    0.087400
   -0.024069
   -0.043074
   -0.019685
    0.007259
    0.021893
    0.028770
    0.080128
    0.104561
    0.024626
   -0.040245
    0.010562
    0.024865
   -0.026863
    0.013262
    0.116582
    0.085868
   -0.088076
   -0.048864
    0.020560
    0.041835
   -0.033220
   -0.095486
   -0.024698
    0.055134
    0.035390
   -0.003640
    0.006521
    0.026881
    0.012842
   -0.001872
    0.022015
    0.038961
   -0.073259
   -0.034857
    0.023953
    0.043378
   -0.025730
   -0.080503
   -0.007101
    0.045329
   -0.005020
   -0.028367
    0.008905
    0.033463
    0.007779
    0.000794
    0.029186
    0.021678
   -0.054457
   -0.049162
   -0.007339
    0.012845
   -0.032679
   -0.051870
    0.015257
    0.047869
   -0.006619
   -0.018646
    0.029658
    0.050284
    0.029484
    0.010950
    0.012060
   -0.002937
   -0.039509
   -0.041358
   -0.015272
   -0.012985
   -0.046746
   -0.046915
    0.012951
    0.043040
    0.009908
   -0.013955
    0.017157
    0.032873
    0.024201
    0.005963
   -0.028038
   -0.041414
   -0.015674
   -0.014595
   -0.014623
   -0.006347
   -0.019185
   -0.019612
    0.024091
    0.039435
   -0.012327
   -0.057762
   -0.029813
    0.027938
    0.040292
    0.032120
   -0.006228
   -0.054170
   -0.028646
   -0.012658
   -0.007559
   -0.005694
   -0.019145
   -0.005052
    0.035604
    0.037155
   -0.011723
   -0.060276
   -0.037143
    0.024382
    0.036961
    0.029691
    0.014080
   -0.025662
   -0.034284
   -0.016000
    0.009176
   -0.011116
   -0.050814
   -0.043832
    0.008914
    0.035888
   -0.002755
   -0.052253
   -0.032139
    0.034870
    0.045996
    0.028242
    0.001090
   -0.022858
   -0.071566
   -0.060185
    0.026553
    0.029213
   -0.061196
   -0.074428
   -0.001862
    0.035330
   -0.000360
   -0.068721
   -0.053682
    0.041310
    0.047874
    0.008040
   -0.020830
   -0.038630
   -0.063022
   -0.040646
    0.064137
    0.050374
   -0.078519
   -0.090648
   -0.002379
    0.016046
   -0.020203
   -0.061159
   -0.027610
    0.058424
    0.035977
   -0.026397
   -0.036740
   -0.031591
   -0.046830
    0.005231
    0.084213
    0.027463
   -0.092879
   -0.083349
   -0.006294
    0.009558
   -0.027357
   -0.059656
   -0.022372
    0.055629
    0.050644
   -0.014825
   -0.031830
   -0.024582
   -0.044855
   -0.021312
    0.058356
    0.029735
   -0.071635
   -0.060473
    0.010365
    0.028251
   -0.019757
   -0.052534
   -0.004429
    0.059568
    0.065902
    0.005806
   -0.043048
   -0.025915
   -0.017179
   -0.008175
    0.059552
    0.015847
   -0.082353
   -0.034948
    0.029264
    0.018171
   -0.030183
   -0.043746
    0.031395
    0.086080
    0.034100
   -0.041014
   -0.026153
    0.008548
   -0.016902
   -0.021505
    0.050398
    0.038490
   -0.049925
   -0.002952
    0.057976
    0.018762
   -0.047293
   -0.040794
    0.046927
    0.093295
    0.009350
   -0.078321
   -0.022044
    0.032438
   -0.030730
   -0.029704
    0.048961
    0.074187
    0.000140
   -0.014884
    0.015963
    0.015667
   -0.026663
   -0.033200
    0.036410
    0.074495
    0.005157
   -0.058711
   -0.006389
    0.046311
   -0.026028
   -0.020275
    0.064791
    0.070763
   -0.013046
   -0.048859
   -0.021856
    0.007682
   -0.012043
   -0.015293
    0.058500
    0.089655
    0.000057
   -0.054726
    0.002678
    0.040632
   -0.006631
   -0.010445
    0.045887
    0.039543
   -0.041424
   -0.059509
   -0.023560
   -0.006082
   -0.008082
    0.013104
    0.076023
    0.091374
    0.016160
   -0.035346
   -0.000869
    0.015245
    0.129861
    0.140998
    0.085480
    0.013471
   -0.070779
   -0.082791
   -0.008961
    0.045576
    0.018240
   -0.050193
   -0.047816
    0.031690
    0.055709
    0.012184
    0.001675
    0.025828
    0.126530
    0.143244
    0.090461
    0.011846
   -0.060914
   -0.063826
   -0.007388
    0.042970
    0.016777
   -0.055417
   -0.047413
    0.017339
    0.020171
   -0.020123
   -0.008219
    0.018494
    0.116830
    0.118658
    0.079159
    0.019278
   -0.041281
   -0.055478
   -0.030614
    0.009936
    0.008712
   -0.026847
   -0.013045
    0.027475
    0.012659
   -0.014139
    0.014582
    0.038056
    0.126226
    0.128897
    0.066826
    0.000469
   -0.046780
   -0.036021
   -0.024270
   -0.017559
   -0.025626
   -0.031802
   -0.013920
    0.022840
    0.015395
    0.000474
    0.009171
    0.023067
    0.127022
    0.138252
    0.064731
   -0.008266
   -0.029180
   -0.008538
   -0.017032
   -0.030457
   -0.029403
   -0.015290
    0.009149
    0.033445
    0.009280
   -0.028142
   -0.034520
    0.000701
    0.106508
    0.114653
    0.060005
   -0.007281
   -0.033015
   -0.007933
   -0.011452
   -0.022462
   -0.021848
    0.000303
    0.032388
    0.042546
    0.011326
   -0.023412
   -0.041258
    0.000477
    0.089467
    0.095135
    0.053739
   -0.000576
   -0.028618
   -0.009097
    0.004891
   -0.008000
   -0.026589
   -0.018298
    0.008707
    0.019471
    0.008945
   -0.021463
   -0.037674
    0.003459
    0.125368
    0.118950
    0.071267
    0.007559
   -0.052241
   -0.052845
   -0.003136
    0.029312
   -0.026562
   -0.065842
   -0.024409
    0.015339
    0.006843
   -0.035542
   -0.054443
    0.002853
    0.138298
    0.125165
    0.062610
    0.004411
   -0.051931
   -0.055596
    0.011892
    0.054377
   -0.044642
   -0.116251
   -0.045279
    0.007881
    0.002673
   -0.043347
   -0.054045
    0.017522
    0.158889
    0.131271
    0.050924
   -0.010942
   -0.043879
   -0.019244
    0.043203
    0.050514
   -0.039716
   -0.088462
   -0.030270
    0.009030
   -0.007898
   -0.040769
   -0.039305
    0.021895
    0.173443
    0.133216
    0.052216
    0.007912
   -0.014165
   -0.017739
    0.022155
    0.039849
   -0.031407
   -0.078627
   -0.027395
    0.013236
   -0.008240
   -0.033934
   -0.021226
    0.028881
    0.158265
    0.122441
    0.034917
    0.008423
    0.018022
    0.009433
    0.012746
    0.011659
   -0.054306
   -0.056997
    0.009518
    0.018480
   -0.014539
   -0.031436
    0.001524
    0.055486
    0.138412
    0.114337
    0.028118
   -0.006023
    0.008370
   -0.000592
   -0.000746
    0.014386
   -0.028874
   -0.017495
    0.037351
    0.021684
   -0.028302
   -0.027553
    0.021649
    0.067363
    0.110064
    0.100475
    0.044868
    0.011372
   -0.008525
   -0.028239
   -0.002155
    0.044292
    0.024458
   -0.004789
    0.006048
    0.006658
   -0.013319
   -0.014374
    0.010714
    0.048348
    0.063787
    0.072161
    0.052444
    0.030124
   -0.000043
   -0.024196
    0.011581
    0.054195
    0.016284
   -0.025258
   -0.014822
   -0.007311
   -0.016245
   -0.025448
    0.008455
    0.059798
    0.023251
    0.043689
    0.052089
    0.044046
    0.014168
   -0.007852
    0.011942
    0.032014
   -0.011557
   -0.053989
   -0.039346
   -0.034547
   -0.036832
   -0.012671
    0.030300
    0.069127
    0.022594
    0.058079
    0.119284
    0.106850
    0.153129
    0.144424
    0.082756
    0.052417
   -0.038098
   -0.088503
   -0.027730
    0.044613
    0.046689
   -0.027780
   -0.045511
    0.021949
    0.072156
    0.130213
    0.136749
    0.085234
    0.125515
    0.122864
    0.082956
    0.064049
   -0.015420
   -0.069339
   -0.040028
    0.029481
    0.051861
   -0.010890
   -0.035525
    0.004363
    0.145618
    0.246379
    0.175547
    0.069673
    0.107129
    0.118883
    0.087459
    0.042530
   -0.028243
   -0.054347
   -0.041563
    0.011375
    0.037296
   -0.003431
   -0.030286
    0.011333
    0.121137
    0.212858
    0.153688
    0.071081
    0.133473
    0.135101
    0.085691
    0.025215
   -0.041137
   -0.039476
   -0.020822
   -0.018924
   -0.018665
   -0.027642
   -0.031523
    0.010937
    0.089919
    0.159258
    0.127408
    0.061416
    0.127498
    0.142589
    0.087776
    0.022358
   -0.035700
   -0.017595
   -0.018758
   -0.047616
   -0.040264
   -0.017292
    0.008727
    0.036423
    0.107720
    0.179593
    0.141693
    0.070173
    0.110733
    0.113763
    0.076950
    0.017832
   -0.042681
   -0.017347
   -0.007109
   -0.025890
   -0.023133
   -0.000937
    0.030196
    0.035338
    0.127558
    0.201287
    0.143836
    0.061812
    0.094653
    0.093434
    0.072755
    0.028717
   -0.026265
   -0.021017
   -0.004839
   -0.016117
   -0.021994
    0.003909
    0.021877
    0.018632
    0.162312
    0.227368
    0.122656
    0.057543
    0.118267
    0.115780
    0.089781
    0.042012
   -0.030418
   -0.054200
   -0.017469
    0.022435
   -0.019519
   -0.069455
   -0.022994
    0.015612
    0.191691
    0.271252
    0.112610
    0.045137
    0.127224
    0.128087
    0.088242
    0.029742
   -0.037035
   -0.050451
    0.012216
    0.066283
   -0.031895
   -0.105053
   -0.041319
    0.017864
    0.185919
    0.243057
    0.093975
    0.067395
    0.168181
    0.143647
    0.075181
    0.022225
   -0.029998
   -0.035335
    0.021493
    0.052965
   -0.013062
   -0.062210
   -0.024420
    0.015288
    0.177413
    0.230386
    0.086353
    0.081051
    0.201708
    0.140870
    0.059379
    0.040556
    0.021627
   -0.019260
   -0.022216
    0.033652
    0.002023
   -0.061875
   -0.047821
   -0.013653
    0.185525
    0.284380
    0.114453
    0.056745
    0.153980
    0.121877
    0.047718
    0.003698
    0.021119
    0.005954
   -0.017596
    0.025145
   -0.031409
   -0.057707
   -0.002531
    0.002456
    0.202453
    0.318502
    0.127719
    0.033899
    0.111010
    0.104284
    0.056606
    0.016075
    0.008660
   -0.015851
   -0.020258
    0.036710
    0.011260
   -0.018140
    0.019645
    0.008456
    0.200887
    0.301594
    0.122125
    0.033934
    0.103629
    0.100323
    0.063896
    0.032958
    0.012988
   -0.029821
   -0.031185
    0.053835
    0.047541
   -0.003856
    0.008212
   -0.003774
    0.196618
    0.267157
    0.104799
    0.011851
    0.056531
    0.077985
    0.075831
    0.040918
    0.001916
   -0.022641
    0.011782
    0.064743
    0.003960
   -0.058566
   -0.023743
   -0.004300
    0.151204
    0.212603
    0.092983
   -0.000274
    0.023084
    0.042558
    0.059359
    0.059386
    0.018813
   -0.019129
   -0.011232
    0.040083
    0.003965
   -0.057449
   -0.034590
   -0.026317
   -0.051389
    0.059444
    0.065826
    0.026572
    0.063835
    0.161636
    0.092559
    0.182250
    0.128378
    0.065243
    0.077935
   -0.029171
   -0.086686
   -0.017996
    0.057338
    0.037261
   -0.060617
    0.036790
    0.051129
    0.075139
    0.156010
    0.167962
    0.067525
    0.148003
    0.114677
    0.071479
    0.062116
   -0.008750
   -0.045822
   -0.026519
    0.048066
    0.052979
   -0.125454
    0.002787
    0.050542
    0.125573
    0.197436
    0.139622
    0.064785
    0.170483
    0.129215
    0.079146
    0.030134
   -0.034079
   -0.022575
   -0.016460
   -0.005049
    0.021948
   -0.134006
   -0.020189
    0.075940
    0.103529
    0.151633
    0.123340
    0.057090
    0.193752
    0.144138
    0.081657
    0.022363
   -0.045902
   -0.015741
   -0.030800
   -0.071413
   -0.045673
   -0.107426
   -0.024113
    0.054306
    0.076123
    0.131954
    0.120484
    0.034894
    0.167343
    0.144982
    0.078537
    0.018121
   -0.046567
   -0.004808
   -0.017649
   -0.046328
   -0.034496
   -0.104037
   -0.055386
    0.045545
    0.101527
    0.164070
    0.134755
    0.045202
    0.154621
    0.123886
    0.085565
    0.020796
   -0.049248
   -0.005649
   -0.000570
   -0.022137
   -0.016289
   -0.133974
   -0.111967
    0.063229
    0.136896
    0.193837
    0.118816
    0.044558
    0.129235
    0.100233
    0.092348
    0.026951
   -0.037512
   -0.018432
   -0.002728
   -0.011196
   -0.011606
   -0.174483
   -0.145343
    0.045704
    0.175732
    0.229034
    0.084981
    0.048151
    0.159068
    0.118161
    0.088260
    0.018285
   -0.040672
   -0.027279
    0.000678
    0.020725
   -0.030721
   -0.130769
   -0.115010
    0.022636
    0.206125
    0.264303
    0.066358
    0.058689
    0.185367
    0.124276
    0.082804
    0.007438
   -0.049521
   -0.025522
    0.035098
    0.039506
   -0.032911
   -0.089857
   -0.073272
    0.038515
    0.220071
    0.251612
    0.043874
    0.085632
    0.251646
    0.130124
    0.068295
    0.040350
    0.008548
   -0.025621
   -0.004940
    0.033464
    0.016747
   -0.127541
   -0.064878
    0.045153
    0.213211
    0.266970
    0.032457
    0.083070
    0.271328
    0.122658
    0.055355
    0.012017
    0.033155
   -0.002427
   -0.030817
    0.043436
    0.010799
   -0.146620
   -0.076121
    0.029992
    0.242245
    0.323123
    0.045957
    0.040129
    0.176686
    0.114281
    0.065632
   -0.004158
    0.008628
    0.005108
   -0.007116
    0.046072
   -0.009410
   -0.134397
   -0.097487
    0.011606
    0.291816
    0.354290
    0.047499
    0.027610
    0.145142
    0.114313
    0.077928
    0.024445
    0.011686
   -0.008145
   -0.028227
    0.052684
    0.032540
   -0.111535
   -0.083120
    0.025606
    0.302151
    0.339287
    0.048490
    0.027129
    0.145400
    0.114814
    0.043927
    0.001551
    0.022707
    0.000042
   -0.001834
    0.055467
    0.005580
   -0.083894
   -0.104288
   -0.005870
    0.297600
    0.309583
    0.041176
   -0.000237
    0.084311
    0.082341
    0.063142
    0.031878
    0.011224
    0.005703
    0.014068
    0.048678
   -0.015121
   -0.074685
   -0.107430
   -0.030204
    0.217260
    0.259096
    0.056416
   -0.018120
    0.064434
    0.073384
    0.049596
    0.034748
    0.033186
    0.001586
   -0.036585
    0.014400
    0.002063
   -0.122947
   -0.100623
    0.058543
    0.084185
    0.071553
    0.041792
    0.172040
    0.115853
    0.142922
    0.176861
    0.057805
    0.097266
    0.034371
   -0.035726
   -0.025875
    0.054135
   -0.135305
   -0.149418
    0.031762
    0.062824
    0.086389
    0.107975
    0.163766
    0.086371
    0.159200
    0.189373
    0.061831
    0.065534
    0.009101
   -0.008314
   -0.015834
    0.024259
   -0.116581
   -0.146219
   -0.022691
    0.063492
    0.106314
    0.148495
    0.140428
    0.047153
    0.187226
    0.221465
    0.071125
    0.072617
   -0.026313
   -0.017021
   -0.017176
   -0.032030
   -0.123432
   -0.139756
   -0.026444
    0.071549
    0.102366
    0.088200
    0.143995
    0.042491
    0.155349
    0.219004
    0.075187
    0.085308
   -0.028563
   -0.022165
   -0.026348
   -0.018974
   -0.113235
   -0.135179
   -0.036948
    0.060810
    0.095134
    0.087400
    0.150016
    0.049589
    0.146302
    0.198331
    0.081635
    0.091068
   -0.026297
    0.004135
    0.009799
   -0.014732
   -0.090893
   -0.130803
   -0.090726
    0.050292
    0.108490
    0.162119
    0.181078
    0.048072
    0.145371
    0.168176
    0.092794
    0.076530
   -0.043705
   -0.010056
    0.024407
   -0.016558
   -0.111636
   -0.176842
   -0.148196
    0.066405
    0.126271
    0.158315
    0.148796
    0.032568
    0.155863
    0.166458
    0.096797
    0.065357
   -0.044342
   -0.027001
    0.009003
    0.005384
   -0.132051
   -0.156456
   -0.154846
    0.050390
    0.133805
    0.211756
    0.126219
    0.027876
    0.186078
    0.170313
    0.098349
    0.069698
   -0.050496
   -0.037012
    0.033600
    0.059283
   -0.131729
   -0.099036
   -0.106728
    0.045856
    0.140173
    0.255743
    0.117769
    0.021672
    0.233287
    0.195812
    0.077393
    0.061280
   -0.011490
   -0.015927
    0.034387
    0.063297
   -0.128163
   -0.113217
   -0.103590
    0.053816
    0.174173
    0.282374
    0.099703
    0.013515
    0.314174
    0.233938
    0.056268
    0.035386
    0.002103
    0.028205
   -0.023518
    0.027623
   -0.152706
   -0.187850
   -0.100734
    0.051467
    0.168832
    0.322333
    0.105123
   -0.001014
    0.266144
    0.209739
    0.066798
    0.021569
   -0.012143
    0.035466
    0.006135
    0.038919
   -0.136103
   -0.209451
   -0.147789
    0.026982
    0.208354
    0.402394
    0.097669
   -0.015608
    0.168418
    0.158604
    0.093291
    0.049186
    0.017388
    0.029453
   -0.002604
    0.005725
   -0.115442
   -0.187263
   -0.146500
    0.017648
    0.262517
    0.437513
    0.079811
   -0.016189
    0.182488
    0.180810
    0.083115
   -0.002859
    0.018943
    0.026150
   -0.002572
    0.016365
   -0.147240
   -0.163626
   -0.107951
    0.003104
    0.278560
    0.412900
    0.094843
   -0.012860
    0.149861
    0.160573
    0.070570
   -0.012208
    0.012198
    0.024498
    0.036505
    0.041482
   -0.100175
   -0.128455
   -0.113705
   -0.046689
    0.248173
    0.378525
    0.097571
   -0.024110
    0.100359
    0.096109
    0.070553
    0.032461
    0.038807
    0.038196
   -0.005384
    0.001284
   -0.081701
   -0.076934
   -0.085926
   -0.037531
    0.180949
    0.322721
    0.106054
   -0.040247
    0.094110
    0.121373
    0.046651
    0.000833
    0.045652
    0.038797
   -0.015480
   -0.000591
