    0.079194
    0.084619
    0.091857
    0.083463
    0.095623
    0.033303
    0.091591
    0.027818
   -0.009229
    0.084558
    0.088785
   -0.108795
    0.070013
    0.151172
    0.167352
   -0.042532
    0.066141
    0.083672
    0.093107
    0.100359
    0.105334
    0.022995
    0.082107
    0.003471
    0.007137
    0.134574
    0.088467
   -0.114242
    0.026175
    0.171299
    0.192980
   -0.019638
    0.053240
    0.098243
    0.072665
    0.077912
    0.098630
    0.032715
    0.059543
    0.000254
   -0.005903
    0.134581
    0.061702
   -0.131809
    0.037796
    0.167666
    0.203271
   -0.039439
    0.028638
    0.113835
    0.085133
    0.062363
    0.082621
    0.060889
    0.065352
   -0.030156
   -0.053804
    0.121421
    0.118808
   -0.018765
    0.073503
    0.171848
    0.190615
   -0.075650
    0.016022
    0.101328
    0.103047
    0.075990
    0.069150
    0.077497
    0.070238
   -0.014456
   -0.046014
    0.087381
    0.144068
    0.009031
    0.097723
    0.181363
    0.115603
   -0.109172
    0.047505
    0.098027
    0.095099
    0.074891
    0.049387
    0.065251
    0.055475
    0.014147
   -0.020638
    0.087414
    0.115944
   -0.063418
    0.079025
    0.203875
    0.087727
   -0.067896
    0.083442
    0.103813
    0.087895
    0.042311
    0.045416
    0.044094
    0.043451
    0.014659
   -0.025076
    0.062062
    0.106911
   -0.062703
    0.082390
    0.200188
    0.115135
    0.028090
    0.086149
    0.106000
    0.096465
    0.044221
    0.025959
    0.036629
    0.076840
    0.002335
   -0.062033
    0.089452
    0.098478
    0.003381
    0.147627
    0.164994
    0.100578
   -0.001304
    0.057747
    0.117242
    0.105536
    0.055047
    0.017550
    0.056275
    0.096236
   -0.006508
   -0.094645
    0.122681
    0.142680
    0.043504
    0.129520
    0.134189
    0.067677
   -0.031893
    0.088756
    0.101776
    0.091842
    0.049492
    0.046856
    0.062455
    0.070706
   -0.034696
   -0.144521
    0.056532
    0.198571
    0.088890
    0.064156
    0.088132
    0.059305
    0.000522
    0.116550
    0.112136
    0.063482
    0.021847
    0.060548
    0.072758
    0.081362
   -0.005924
   -0.113401
    0.038986
    0.205604
    0.122282
    0.067739
   -0.007863
    0.004625
    0.064925
    0.103013
    0.102465
    0.050662
    0.016092
    0.055248
    0.086804
    0.071414
   -0.008477
   -0.027123
    0.087494
    0.169539
    0.126228
    0.064561
   -0.053397
   -0.012023
    0.109197
    0.109553
    0.114487
    0.037170
   -0.005314
    0.066201
    0.086375
    0.048435
   -0.017826
    0.003026
    0.103915
    0.176019
    0.088984
    0.040756
    0.024307
   -0.013360
    0.074795
    0.129996
    0.146338
    0.043247
   -0.009930
    0.072979
    0.104627
    0.082027
    0.003605
    0.005084
    0.085425
    0.175549
    0.041622
    0.005641
    0.087059
   -0.045771
   -0.006723
    0.141484
    0.128804
    0.024950
   -0.000490
    0.077096
    0.140146
    0.084434
   -0.033725
    0.032690
    0.096912
    0.155710
   -0.013039
    0.001915
    0.137022
   -0.070194
   -0.061745
    0.135678
    0.121208
    0.028295
   -0.007958
    0.075041
    0.142525
    0.066295
   -0.042121
    0.057685
    0.104737
    0.154811
   -0.014542
    0.027053
    0.150508
   -0.043824
   -0.074905
    0.114227
    0.086083
    0.081236
    0.077538
    0.089074
    0.045405
    0.087323
    0.032802
   -0.012649
    0.082639
    0.084237
   -0.080148
    0.107110
    0.112217
    0.127399
   -0.043475
    0.076717
    0.089168
    0.089251
    0.076694
    0.092115
    0.037948
    0.097734
    0.017428
   -0.001020
    0.138503
    0.113150
   -0.066996
    0.053562
    0.164168
    0.171881
   -0.037901
    0.064177
    0.100490
    0.087964
    0.082379
    0.100075
    0.030210
    0.077309
    0.015743
    0.015794
    0.139235
    0.078735
   -0.085584
    0.032740
    0.146425
    0.148607
   -0.003287
    0.031690
    0.117591
    0.090184
    0.066802
    0.087813
    0.036971
    0.058791
   -0.005874
   -0.022131
    0.135681
    0.091029
   -0.076040
    0.035762
    0.146915
    0.161217
   -0.012416
    0.022539
    0.109602
    0.102532
    0.064120
    0.070072
    0.067448
    0.071425
   -0.032476
   -0.054693
    0.125283
    0.136867
    0.001936
    0.067000
    0.153709
    0.161831
   -0.014602
    0.041804
    0.096694
    0.099113
    0.079779
    0.064861
    0.083558
    0.066876
   -0.011449
   -0.041087
    0.094113
    0.139965
   -0.011824
    0.065060
    0.165250
    0.088687
   -0.039094
    0.063813
    0.106414
    0.080327
    0.066869
    0.058670
    0.055549
    0.041828
    0.014479
   -0.013373
    0.076045
    0.109854
   -0.043710
    0.044263
    0.186899
    0.058510
   -0.077800
    0.075346
    0.112088
    0.090969
    0.043203
    0.041097
    0.036567
    0.039814
    0.000806
   -0.030379
    0.067332
    0.097210
    0.017574
    0.107337
    0.174183
    0.106611
   -0.044290
    0.053371
    0.106186
    0.104190
    0.054259
    0.014502
    0.042239
    0.087653
    0.005753
   -0.072977
    0.109859
    0.130746
    0.063204
    0.153087
    0.117001
    0.100124
   -0.015399
    0.059589
    0.100248
    0.102259
    0.062842
    0.034130
    0.047729
    0.070310
    0.007252
   -0.084240
    0.070866
    0.172689
    0.066370
    0.089862
    0.090281
    0.073214
   -0.002405
    0.106172
    0.099929
    0.078431
    0.042260
    0.049994
    0.066096
    0.059660
   -0.012937
   -0.077050
    0.025863
    0.198064
    0.127170
    0.087851
    0.047395
    0.029804
    0.040646
    0.106582
    0.116103
    0.062268
    0.038244
    0.050298
    0.073235
    0.089859
    0.010524
   -0.054197
    0.046168
    0.178131
    0.155487
    0.126591
   -0.012289
   -0.035925
    0.093081
    0.099776
    0.109862
    0.049352
    0.018078
    0.064164
    0.073888
    0.056431
   -0.013858
   -0.037307
    0.087185
    0.179609
    0.137401
    0.084957
   -0.042444
   -0.088651
    0.097279
    0.111758
    0.127296
    0.038049
    0.002878
    0.072018
    0.085892
    0.062922
    0.000817
   -0.022352
    0.071931
    0.202434
    0.127554
    0.032928
    0.008832
   -0.060401
    0.036738
    0.122332
    0.130061
    0.042622
    0.016089
    0.071951
    0.124287
    0.100663
   -0.002338
    0.015239
    0.077182
    0.166336
    0.096749
    0.019816
    0.096561
   -0.081502
   -0.055972
    0.122129
    0.119842
    0.039167
    0.023055
    0.057706
    0.126645
    0.079945
   -0.044631
    0.039625
    0.103928
    0.150619
    0.075053
    0.041127
    0.146066
   -0.052150
   -0.083846
    0.119288
    0.091922
    0.076293
    0.092365
    0.088651
    0.038945
    0.078299
    0.050376
   -0.020797
    0.080223
    0.118041
   -0.050707
    0.103714
    0.110772
    0.106527
    0.009526
    0.083004
    0.093760
    0.077519
    0.069235
    0.091987
    0.062122
    0.090884
    0.033107
   -0.013953
    0.124358
    0.144627
   -0.061909
    0.052415
    0.141703
    0.138264
   -0.014403
    0.084804
    0.096118
    0.075945
    0.060002
    0.093513
    0.053511
    0.093150
    0.030026
    0.002135
    0.136253
    0.104484
   -0.062732
    0.034061
    0.162322
    0.142034
    0.014312
    0.062491
    0.113254
    0.080370
    0.059844
    0.091401
    0.033252
    0.059088
    0.010562
   -0.010536
    0.143883
    0.103681
   -0.091293
    0.014644
    0.162320
    0.160601
    0.037171
    0.034019
    0.107168
    0.094397
    0.059857
    0.073296
    0.044882
    0.066583
   -0.005970
   -0.050660
    0.143598
    0.136864
   -0.043314
    0.002923
    0.154242
    0.156678
    0.037992
    0.045815
    0.099533
    0.102634
    0.074572
    0.066056
    0.072001
    0.070877
    0.000876
   -0.046002
    0.085716
    0.134664
    0.008386
    0.039678
    0.149395
    0.093212
    0.037747
    0.059392
    0.096900
    0.097536
    0.082019
    0.071647
    0.069093
    0.045716
    0.010291
   -0.016757
    0.077478
    0.111874
    0.018070
    0.065577
    0.159891
    0.041318
   -0.034445
    0.082106
    0.118412
    0.087166
    0.045307
    0.062054
    0.049062
    0.025330
   -0.003520
   -0.020353
    0.089705
    0.073532
    0.029107
    0.090317
    0.174675
    0.057836
   -0.115913
    0.068912
    0.111104
    0.093870
    0.044224
    0.031709
    0.049641
    0.054157
    0.000950
   -0.060663
    0.088734
    0.112676
    0.075960
    0.155932
    0.156988
    0.084423
   -0.079247
    0.063168
    0.102476
    0.088553
    0.078205
    0.045289
    0.037291
    0.075259
    0.029413
   -0.056492
    0.053631
    0.155388
    0.082335
    0.153995
    0.099752
    0.069489
   -0.017141
    0.095189
    0.087070
    0.069238
    0.055912
    0.055056
    0.050450
    0.055112
    0.009416
   -0.034561
    0.014868
    0.170056
    0.082514
    0.122912
    0.078715
    0.020277
    0.008739
    0.118635
    0.094497
    0.048168
    0.046747
    0.051370
    0.072661
    0.098723
    0.013577
   -0.020347
    0.008624
    0.159341
    0.141634
    0.143735
    0.071471
   -0.032643
    0.043079
    0.107819
    0.112048
    0.055940
    0.026565
    0.057200
    0.065864
    0.091301
    0.012297
   -0.026090
    0.043387
    0.159579
    0.152054
    0.133195
    0.033319
   -0.092877
    0.049919
    0.114832
    0.119183
    0.031676
    0.007654
    0.075876
    0.061265
    0.054545
    0.005416
   -0.016118
    0.063586
    0.196188
    0.148671
    0.085762
   -0.008274
   -0.096900
    0.043087
    0.125945
    0.132144
    0.037055
    0.010787
    0.083923
    0.093621
    0.080185
    0.019016
    0.020862
    0.067341
    0.159677
    0.143413
    0.086973
    0.052199
   -0.099055
   -0.037549
    0.117544
    0.120585
    0.048822
    0.035180
    0.069755
    0.108269
    0.100443
   -0.012661
    0.029462
    0.099911
    0.127568
    0.107966
    0.062644
    0.121220
   -0.047325
   -0.108748
    0.082693
    0.099631
    0.072328
    0.085150
    0.082325
    0.041732
    0.073032
    0.082978
   -0.038996
    0.067058
    0.154908
   -0.016750
    0.071591
    0.141264
    0.097627
    0.053339
    0.046270
    0.107118
    0.081547
    0.084985
    0.087092
    0.059769
    0.060462
    0.070427
   -0.007095
    0.093298
    0.198591
   -0.022288
    0.025191
    0.117541
    0.112140
    0.042738
    0.047980
    0.093297
    0.077744
    0.071403
    0.091884
    0.079463
    0.090250
    0.053488
   -0.026760
    0.099147
    0.167868
    0.011880
    0.031645
    0.084164
    0.110223
    0.067547
    0.073862
    0.111869
    0.084727
    0.037138
    0.095371
    0.071737
    0.073930
    0.033664
   -0.024891
    0.108931
    0.144927
   -0.048184
   -0.002351
    0.117952
    0.129374
    0.092801
    0.046650
    0.094858
    0.106341
    0.048756
    0.079101
    0.048230
    0.049036
    0.020662
   -0.033324
    0.127167
    0.167834
   -0.102758
   -0.055328
    0.151012
    0.162775
    0.087424
    0.043279
    0.089544
    0.105774
    0.069827
    0.072660
    0.054604
    0.052984
    0.031053
   -0.033456
    0.073118
    0.151307
    0.000045
   -0.001172
    0.132440
    0.073999
    0.044113
    0.052106
    0.091206
    0.104106
    0.085879
    0.084458
    0.081693
    0.056763
    0.009376
   -0.006196
    0.054104
    0.106581
    0.056003
    0.072245
    0.146694
    0.062516
   -0.002345
    0.063098
    0.103649
    0.099159
    0.058584
    0.078182
    0.069868
    0.038918
    0.010496
   -0.018193
    0.095329
    0.101303
    0.055023
    0.080674
    0.146338
    0.102424
   -0.057176
    0.063890
    0.116872
    0.106220
    0.040504
    0.048050
    0.070783
    0.042995
    0.000951
   -0.049501
    0.081191
    0.124419
    0.068698
    0.110952
    0.146530
    0.125832
   -0.111280
    0.053164
    0.103428
    0.094801
    0.067100
    0.047665
    0.055965
    0.061505
    0.014421
   -0.044967
    0.014214
    0.144992
    0.115313
    0.168286
    0.119384
    0.087090
   -0.095179
    0.069217
    0.097083
    0.076654
    0.073743
    0.070661
    0.044122
    0.049968
    0.021620
   -0.010681
   -0.009534
    0.158097
    0.093288
    0.165545
    0.074040
    0.016058
   -0.035185
    0.102260
    0.097391
    0.056194
    0.036736
    0.052486
    0.075971
    0.090011
    0.021029
   -0.026378
   -0.015335
    0.168317
    0.097669
    0.142326
    0.083879
    0.006852
    0.051789
    0.105555
    0.111496
    0.071240
    0.033962
    0.043639
    0.067961
    0.125499
    0.045382
   -0.018051
   -0.000821
    0.150434
    0.133734
    0.140891
    0.093452
   -0.053507
    0.049291
    0.104792
    0.111370
    0.048555
    0.022835
    0.058904
    0.042259
    0.082173
    0.026682
   -0.017389
    0.027613
    0.171516
    0.119985
    0.128074
    0.075204
   -0.079858
   -0.006496
    0.123533
    0.120087
    0.043815
    0.020018
    0.080568
    0.055361
    0.071207
    0.002285
    0.009912
    0.060825
    0.180682
    0.163378
    0.118668
    0.084981
   -0.058794
   -0.046746
    0.125959
    0.117320
    0.060958
    0.037451
    0.086306
    0.085841
    0.107718
    0.006295
    0.021937
    0.103482
    0.126913
    0.141700
    0.063784
    0.093175
    0.016782
   -0.077929
    0.052360
    0.101020
    0.044455
    0.073494
    0.085145
    0.058531
    0.087691
    0.100628
   -0.067302
    0.038955
    0.172172
    0.045712
    0.083592
    0.153797
    0.068908
    0.042932
    0.038497
    0.117153
    0.060408
    0.081390
    0.081712
    0.051830
    0.067581
    0.087418
   -0.007627
    0.066473
    0.197501
    0.034607
    0.009920
    0.132453
    0.060779
    0.058718
    0.024936
    0.104913
    0.065240
    0.083144
    0.084802
    0.071372
    0.087517
    0.087392
    0.001627
    0.068098
    0.165606
    0.043538
    0.012160
    0.126031
    0.099998
    0.074340
    0.053026
    0.099804
    0.083746
    0.051928
    0.082724
    0.088939
    0.086360
    0.071336
   -0.026052
    0.044257
    0.147001
    0.064513
    0.029598
    0.078347
    0.094245
    0.091153
    0.048964
    0.091349
    0.113825
    0.057017
    0.071548
    0.080169
    0.063565
    0.041945
   -0.034855
    0.058150
    0.172682
   -0.005584
   -0.075102
    0.073854
    0.096417
    0.114049
    0.043098
    0.088024
    0.114659
    0.073722
    0.059455
    0.057216
    0.030421
    0.048519
   -0.012092
    0.050422
    0.155742
    0.004701
   -0.050118
    0.136374
    0.099917
    0.082737
    0.051110
    0.101585
    0.103962
    0.093514
    0.081421
    0.063337
    0.049941
    0.020863
    0.002871
    0.056232
    0.123778
    0.039246
    0.046505
    0.192456
    0.115841
    0.008818
    0.059883
    0.111625
    0.102155
    0.076215
    0.075545
    0.069437
    0.058614
    0.011203
   -0.014919
    0.102493
    0.150845
    0.059998
    0.077840
    0.148223
    0.107219
    0.000601
    0.053421
    0.126134
    0.116127
    0.045872
    0.040130
    0.075194
    0.062920
    0.020146
   -0.039170
    0.078439
    0.167943
    0.064292
    0.093095
    0.106954
    0.120620
    0.019693
    0.054028
    0.119417
    0.099740
    0.045494
    0.042761
    0.079839
    0.071407
    0.010566
   -0.062303
   -0.010670
    0.155294
    0.075806
    0.114749
    0.135178
    0.140790
   -0.042844
    0.086322
    0.108828
    0.070755
    0.061249
    0.086401
    0.064202
    0.041412
    0.002443
   -0.031090
    0.009050
    0.170647
    0.113934
    0.133987
    0.129965
    0.104644
   -0.105232
    0.103212
    0.116645
    0.048547
    0.032123
    0.084930
    0.083155
    0.057646
   -0.007757
   -0.018897
    0.060163
    0.175801
    0.109414
    0.120332
    0.118607
    0.085707
   -0.013613
    0.109546
    0.124479
    0.061134
    0.017891
    0.054785
    0.094714
    0.129795
    0.039604
   -0.035123
    0.005025
    0.154302
    0.141637
    0.135340
    0.114776
    0.024900
    0.022189
    0.108732
    0.120230
    0.071655
    0.015585
    0.045847
    0.066240
    0.106378
    0.052543
   -0.029684
   -0.001983
    0.139104
    0.122728
    0.124933
    0.129940
   -0.030338
   -0.036795
    0.128992
    0.125261
    0.039937
    0.010657
    0.066435
    0.048423
    0.065441
   -0.004188
    0.006762
    0.049892
    0.143774
    0.153306
    0.114197
    0.133774
    0.003687
   -0.036759
    0.135803
    0.116277
    0.060501
    0.032294
    0.094930
    0.075751
    0.077672
    0.015473
    0.014140
    0.091874
    0.137481
    0.159389
    0.089848
    0.111698
    0.077113
    0.002733
    0.053007
    0.106272
    0.049646
    0.059146
    0.090150
    0.089321
    0.074575
    0.111013
   -0.025959
   -0.033237
    0.177669
    0.064190
    0.043161
    0.190948
    0.117642
    0.047940
    0.035578
    0.107482
    0.056547
    0.071724
    0.089462
    0.058621
    0.061599
    0.099096
    0.013111
   -0.006885
    0.180310
    0.102347
   -0.006647
    0.144831
    0.087837
    0.052046
    0.017324
    0.106057
    0.062735
    0.084943
    0.108512
    0.068193
    0.053565
    0.095375
    0.039557
    0.055772
    0.161606
    0.099952
   -0.020727
    0.114793
    0.102289
    0.081712
    0.043418
    0.094800
    0.084466
    0.061860
    0.090173
    0.098970
    0.041473
    0.081487
    0.006278
    0.040399
    0.155248
    0.117971
    0.022883
    0.077065
    0.091039
    0.123176
    0.028317
    0.077178
    0.109112
    0.073764
    0.077240
    0.099839
    0.045675
    0.042705
   -0.028354
    0.049052
    0.183354
    0.087246
   -0.095961
    0.045937
    0.050537
    0.135893
    0.014039
    0.081249
    0.101939
    0.089658
    0.072563
    0.072148
    0.016969
    0.047177
   -0.002947
    0.027922
    0.160715
    0.071213
   -0.110117
    0.109779
    0.123916
    0.135883
    0.006396
    0.096356
    0.098747
    0.093043
    0.085682
    0.057349
    0.031050
    0.041382
    0.027050
    0.030675
    0.116714
    0.092215
    0.016018
    0.175014
    0.191723
    0.066950
    0.017509
    0.102315
    0.107136
    0.079868
    0.071773
    0.070363
    0.065494
    0.013305
   -0.023543
    0.077661
    0.160069
    0.078113
    0.035426
    0.145674
    0.184260
    0.052024
    0.020554
    0.118101
    0.127233
    0.070606
    0.044585
    0.064724
    0.078691
    0.037828
   -0.039220
    0.039841
    0.194123
    0.081134
    0.050132
    0.102510
    0.119347
    0.082687
    0.032245
    0.121719
    0.122654
    0.054966
    0.039117
    0.072970
    0.078375
    0.023841
   -0.053768
   -0.041378
    0.149812
    0.107903
    0.074432
    0.101851
    0.122960
    0.062781
    0.059077
    0.116017
    0.102620
    0.045830
    0.072590
    0.078423
    0.052860
   -0.008215
   -0.042963
    0.005491
    0.170675
    0.141757
    0.106777
    0.119134
    0.137876
    0.040189
    0.051302
    0.127207
    0.092382
    0.034689
    0.075280
    0.091280
    0.059941
   -0.023283
   -0.004834
    0.091322
    0.186469
    0.141703
    0.094490
    0.128921
    0.147122
    0.049123
    0.066494
    0.142922
    0.106051
    0.028200
    0.035948
    0.093559
    0.116662
    0.047637
   -0.004201
    0.027234
    0.138809
    0.164789
    0.101997
    0.113980
    0.073744
    0.032719
    0.050113
    0.123231
    0.112463
    0.029356
    0.023770
    0.075531
    0.102252
    0.081467
   -0.017176
   -0.029261
    0.101893
    0.163810
    0.088801
    0.133517
    0.039450
   -0.045288
    0.054695
    0.127443
    0.085412
    0.019638
    0.057449
    0.057678
    0.053707
    0.022265
   -0.019637
    0.037954
    0.096502
    0.168299
    0.083318
    0.141956
    0.110888
   -0.027100
    0.087515
    0.125496
    0.082171
    0.032506
    0.085115
    0.094973
    0.053149
    0.031170
   -0.008391
    0.075959
    0.133920
    0.153774
    0.106831
    0.139851
    0.126433
    0.020433
    0.027286
    0.089405
    0.099846
    0.045508
    0.081339
    0.082848
    0.081441
    0.118971
    0.016286
   -0.094392
    0.129114
    0.118888
    0.020965
    0.147752
    0.156749
    0.078170
    0.013820
    0.077631
    0.098520
    0.052342
    0.091383
    0.057570
    0.052861
    0.114376
    0.057186
   -0.051772
    0.103889
    0.170053
    0.015160
    0.066208
    0.139682
    0.065848
    0.051167
    0.083427
    0.101734
    0.060673
    0.099848
    0.072554
    0.036841
    0.079286
    0.080372
    0.023728
    0.141629
    0.145780
    0.009826
    0.041680
    0.152084
    0.068007
    0.070569
    0.083055
    0.102586
    0.063837
    0.074475
    0.100483
    0.063069
    0.060572
    0.037158
    0.019844
    0.163997
    0.138025
    0.013329
    0.037051
    0.140180
    0.146097
    0.028428
    0.058478
    0.093839
    0.086550
    0.078308
    0.099388
    0.070648
    0.047716
   -0.004191
    0.000559
    0.184859
    0.176894
   -0.073960
   -0.044727
    0.128704
    0.153869
   -0.022374
    0.076919
    0.100310
    0.093095
    0.067553
    0.077279
    0.036803
    0.024626
    0.048577
   -0.027711
    0.120336
    0.183981
   -0.055374
    0.007847
    0.188772
    0.140228
   -0.044343
    0.081480
    0.110195
    0.088889
    0.073992
    0.066440
    0.043437
    0.031460
    0.060895
    0.018145
    0.077984
    0.145879
    0.043606
    0.142799
    0.199095
    0.083719
   -0.029049
    0.085087
    0.103209
    0.086349
    0.063834
    0.063605
    0.078178
    0.043280
   -0.012869
    0.035437
    0.128898
    0.126432
    0.028335
    0.128623
    0.166586
    0.110193
   -0.002355
    0.097820
    0.123836
    0.089275
    0.046727
    0.050470
    0.088953
    0.069516
    0.003015
    0.000119
    0.122791
    0.136894
    0.014408
    0.117410
    0.106260
    0.143264
    0.059227
    0.100343
    0.138809
    0.073317
    0.025628
    0.056923
    0.075448
    0.048769
   -0.015123
   -0.048052
    0.077499
    0.173850
    0.042612
    0.122207
    0.108873
    0.117477
    0.081398
    0.104384
    0.120773
    0.060468
    0.053672
    0.075846
    0.056998
    0.041088
   -0.041538
   -0.026125
    0.134723
    0.192849
    0.065121
    0.118230
    0.107366
    0.122058
    0.017362
    0.119591
    0.113621
    0.056833
    0.059456
    0.089071
    0.070878
    0.033276
   -0.020167
    0.061812
    0.154048
    0.174054
    0.083599
    0.111610
    0.123361
    0.112558
    0.000623
    0.141030
    0.128434
    0.054680
    0.018245
    0.079747
    0.113337
    0.081031
   -0.002394
   -0.009589
    0.066529
    0.183960
    0.149149
    0.132052
    0.098467
    0.035444
    0.004882
    0.124327
    0.115676
    0.057510
    0.002288
    0.062825
    0.093200
    0.100266
   -0.003992
   -0.037054
    0.020424
    0.161656
    0.139751
    0.148217
    0.104776
   -0.022232
    0.026886
    0.132470
    0.090862
    0.038127
    0.036043
    0.053810
    0.055116
    0.060173
   -0.027503
    0.053931
    0.070079
    0.136744
    0.105834
    0.134228
    0.146480
    0.018923
    0.036948
    0.141077
    0.083798
    0.037385
    0.068554
    0.093116
    0.063626
    0.053757
   -0.012878
    0.044305
    0.117454
    0.140693
    0.109072
    0.143369
    0.147026
    0.060689
    0.026492
    0.025090
    0.097479
    0.067193
    0.059210
    0.087245
    0.076257
    0.090159
    0.113466
   -0.045182
   -0.036047
    0.175020
    0.092400
    0.054724
    0.135464
    0.099417
    0.006283
    0.034686
    0.093010
    0.076503
    0.084683
    0.094113
    0.038539
    0.060347
    0.113851
    0.021594
   -0.003516
    0.153791
    0.146356
    0.038994
    0.074542
    0.066205
    0.007473
    0.073131
    0.100905
    0.099688
    0.087052
    0.097806
    0.059121
    0.038199
    0.082777
    0.048557
    0.065741
    0.166970
    0.104002
    0.033498
    0.074712
    0.090505
    0.000524
    0.055688
    0.085890
    0.099999
    0.076333
    0.093799
    0.087422
    0.049833
    0.053278
    0.013889
    0.069952
    0.193833
    0.120672
    0.010697
    0.052926
    0.118078
    0.024701
    0.018742
    0.069662
    0.100222
    0.085568
    0.091615
    0.088310
    0.042754
    0.039246
   -0.003225
    0.049920
    0.211889
    0.138286
   -0.075086
    0.025672
    0.153104
   -0.027251
    0.017334
    0.079350
    0.100882
    0.087219
    0.083559
    0.074727
    0.020414
    0.046969
    0.032829
   -0.025685
    0.158079
    0.149000
   -0.029502
    0.098013
    0.180583
   -0.047348
    0.005487
    0.093333
    0.107192
    0.073193
    0.084094
    0.068092
    0.050889
    0.033095
    0.032757
    0.019787
    0.134174
    0.123336
    0.073280
    0.160163
    0.102960
   -0.065602
    0.029287
    0.110421
    0.106410
    0.059445
    0.064193
    0.068126
    0.095511
    0.040959
   -0.011317
    0.042292
    0.150130
    0.087127
    0.050185
    0.152261
    0.066704
   -0.055449
    0.046605
    0.129913
    0.132131
    0.055519
    0.034764
    0.064949
    0.095582
    0.056885
   -0.005574
    0.001057
    0.141388
    0.111060
    0.050349
    0.138178
    0.083115
   -0.008609
    0.077140
    0.124832
    0.138988
    0.051683
    0.036126
    0.067631
    0.064342
    0.030239
   -0.024807
   -0.028753
    0.155293
    0.150142
    0.058391
    0.143456
    0.104105
   -0.050108
    0.061741
    0.127105
    0.121204
    0.060168
    0.068126
    0.059836
    0.050508
    0.032000
   -0.017340
    0.027843
    0.185084
    0.156476
    0.067426
    0.142322
    0.087408
   -0.130144
    0.036676
    0.156209
    0.121408
    0.033584
    0.047942
    0.085348
    0.077799
    0.018973
    0.015098
    0.041628
    0.138688
    0.166673
    0.106616
    0.124894
    0.065090
   -0.116591
    0.044404
    0.147795
    0.126259
    0.024338
    0.025624
    0.109595
    0.117906
    0.032099
   -0.006501
   -0.044279
    0.084297
    0.191922
    0.159847
    0.139041
    0.053375
   -0.040596
    0.049203
    0.127524
    0.108779
    0.015270
    0.025315
    0.081738
    0.088195
    0.029240
    0.002452
    0.024258
    0.081933
    0.154647
    0.131079
    0.152967
    0.082201
   -0.054567
    0.064779
    0.141131
    0.097666
    0.024762
    0.056206
    0.059093
    0.052183
    0.006747
    0.016597
    0.107304
    0.114415
    0.131998
    0.121521
    0.157555
    0.117501
   -0.079820
    0.069564
    0.135227
    0.074542
    0.044128
    0.093347
    0.093831
    0.067234
    0.019227
   -0.014164
    0.068095
    0.126508
    0.118111
    0.139101
    0.168655
    0.113800
    0.026380
    0.024051
    0.025010
    0.091709
    0.067774
    0.067415
    0.090079
    0.061180
    0.084457
    0.110419
   -0.030549
   -0.041050
    0.157492
    0.116604
    0.078550
    0.100605
    0.037115
    0.014940
    0.057029
    0.098933
    0.079147
    0.078014
    0.088066
    0.045620
    0.058754
    0.116280
    0.031774
   -0.008668
    0.125918
    0.160323
    0.092719
    0.059372
   -0.011771
   -0.016741
    0.089439
    0.106082
    0.095157
    0.079188
    0.090326
    0.066402
    0.054475
    0.089135
    0.034452
    0.048729
    0.154369
    0.121623
    0.071144
    0.070355
   -0.028442
   -0.016184
    0.050892
    0.088967
    0.083987
    0.071221
    0.097562
    0.075940
    0.054323
    0.060118
    0.004242
    0.045934
    0.162616
    0.144938
    0.033545
    0.037678
    0.013376
    0.025822
    0.022873
    0.074240
    0.095344
    0.078461
    0.081751
    0.059813
    0.026950
    0.040054
    0.007781
    0.015724
    0.149019
    0.166643
   -0.017763
   -0.004455
    0.006964
   -0.000360
    0.032995
    0.088921
    0.095858
    0.065663
    0.077013
    0.065649
    0.034352
    0.050697
    0.040367
   -0.030718
    0.104894
    0.161083
    0.024566
    0.069827
   -0.014464
   -0.025545
    0.022179
    0.095057
    0.108454
    0.060097
    0.078303
    0.063486
    0.059862
    0.032596
    0.010760
    0.039898
    0.124118
    0.112950
    0.062964
    0.139425
   -0.073584
   -0.054970
    0.043584
    0.104321
    0.109211
    0.056600
    0.062294
    0.055764
    0.091239
    0.067266
   -0.004855
    0.036796
    0.132952
    0.105569
    0.063867
    0.130387
   -0.108388
   -0.051678
    0.077304
    0.120396
    0.127479
    0.040342
    0.033111
    0.074883
    0.090957
    0.058977
    0.000309
   -0.005825
    0.111003
    0.146117
    0.080705
    0.128635
   -0.111110
   -0.047794
    0.085177
    0.121960
    0.132081
    0.059603
    0.040617
    0.066939
    0.053308
    0.022906
   -0.022628
   -0.022580
    0.143975
    0.175467
    0.069139
    0.139346
   -0.077388
   -0.097544
    0.050405
    0.134544
    0.124273
    0.070047
    0.062786
    0.065095
    0.051652
    0.037387
   -0.004988
    0.000492
    0.149126
    0.184776
    0.094863
    0.135036
   -0.045777
   -0.143490
    0.017552
    0.157281
    0.120596
    0.027106
    0.044769
    0.098062
    0.085954
    0.022176
    0.000282
   -0.026294
    0.098121
    0.186999
    0.141611
    0.111743
   -0.024737
   -0.084292
    0.037454
    0.141083
    0.118558
    0.022358
    0.037039
    0.113303
    0.101945
    0.013434
   -0.006536
   -0.028441
    0.080302
    0.179886
    0.168952
    0.126868
   -0.012952
   -0.022389
    0.051717
    0.114659
    0.108487
    0.023913
    0.025018
    0.064733
    0.060808
    0.009212
    0.016632
    0.072527
    0.114426
    0.144250
    0.130600
    0.135731
   -0.077084
   -0.079106
    0.049796
    0.131763
    0.106749
    0.030189
    0.055968
    0.063418
    0.040785
    0.002523
    0.024042
    0.101856
    0.138378
    0.132881
    0.117420
    0.133900
   -0.068347
   -0.086733
    0.059547
    0.136170
    0.082041
    0.045162
    0.080535
    0.096638
    0.066620
    0.010528
   -0.004662
    0.055177
    0.120474
    0.113921
    0.114606
    0.146970
    0.034920
    0.056137
    0.046944
    0.021806
    0.032552
    0.091919
    0.068672
    0.085357
    0.069847
    0.048813
    0.092842
    0.087789
   -0.028330
    0.036075
    0.161899
    0.122401
    0.057679
    0.093448
    0.020211
    0.008806
    0.067967
    0.104444
    0.088281
    0.082357
    0.072642
    0.051898
    0.077253
    0.087785
    0.013199
    0.051794
    0.145774
    0.122175
    0.073961
    0.087814
   -0.015206
   -0.017510
    0.077087
    0.106395
    0.081583
    0.074791
    0.087573
    0.068853
    0.078738
    0.069007
    0.014390
    0.090713
    0.161289
    0.107949
    0.053007
    0.054265
    0.007749
   -0.000221
    0.037213
    0.089974
    0.091486
    0.083830
    0.082530
    0.047304
    0.050710
    0.042596
    0.009817
    0.070534
    0.150285
    0.124349
    0.065552
    0.045227
    0.013835
    0.027219
    0.035246
    0.087649
    0.099583
    0.076757
    0.068931
    0.038063
    0.023499
    0.032620
    0.017948
    0.027764
    0.134189
    0.123236
    0.085796
    0.054695
   -0.035325
    0.007825
    0.058976
    0.100118
    0.097087
    0.058041
    0.081467
    0.055993
    0.043966
    0.031892
    0.015821
    0.018794
    0.129016
    0.130320
    0.067524
    0.062327
   -0.055259
   -0.024945
    0.051442
    0.096363
    0.092603
    0.057757
    0.079535
    0.060128
    0.071324
    0.015158
    0.001453
    0.076641
    0.142614
    0.097054
    0.058472
    0.042341
   -0.089513
   -0.008889
    0.088899
    0.108137
    0.092132
    0.042335
    0.070510
    0.074220
    0.104655
    0.055882
   -0.003062
    0.053997
    0.134967
    0.093146
    0.082507
    0.029977
   -0.113380
   -0.004903
    0.116725
    0.131041
    0.103355
    0.026906
    0.055011
    0.074472
    0.063259
    0.035051
    0.000284
    0.018497
    0.146771
    0.118618
    0.111528
    0.051583
   -0.126515
   -0.067644
    0.103942
    0.131011
    0.115380
    0.055088
    0.051354
    0.050203
    0.032323
    0.021687
    0.001042
    0.027888
    0.177483
    0.133010
    0.102937
    0.046028
   -0.100913
   -0.111111
    0.072861
    0.136995
    0.103686
    0.048399
    0.067720
    0.072662
    0.054238
    0.036265
    0.013017
    0.022252
    0.158671
    0.155749
    0.096796
    0.032274
   -0.075175
   -0.098541
    0.073855
    0.151489
    0.089437
    0.021149
    0.076092
    0.108878
    0.068757
    0.011584
    0.003662
   -0.001010
    0.122717
    0.158912
    0.095344
    0.041682
   -0.024392
   -0.025492
    0.078671
    0.126167
    0.080247
    0.016184
    0.054611
    0.104292
    0.071449
    0.008294
    0.027444
    0.061028
    0.130564
    0.130942
    0.094401
    0.048725
   -0.027369
   -0.020757
    0.073520
    0.118541
    0.088297
    0.008052
    0.040088
    0.059785
    0.045087
    0.004628
    0.054401
    0.116596
    0.132354
    0.098891
    0.118467
    0.054927
   -0.087538
   -0.064572
    0.074551
    0.128259
    0.094250
    0.035064
    0.067058
    0.068076
    0.032162
   -0.001491
    0.046500
    0.100470
    0.141750
    0.101082
    0.111901
    0.084926
   -0.045268
   -0.022104
    0.090765
    0.116041
    0.075324
    0.052679
    0.073298
    0.070696
    0.044384
    0.010148
    0.030728
    0.080182
    0.130945
    0.084454
    0.021543
    0.017491
    0.023297
    0.044026
    0.070694
    0.051375
    0.015995
    0.042304
    0.085289
    0.093209
    0.076514
    0.061536
    0.061957
    0.083519
    0.066236
    0.011616
    0.014840
   -0.004554
    0.013544
    0.064631
    0.061624
    0.017048
    0.031391
    0.075329
    0.089081
    0.086855
    0.086321
    0.082749
    0.071792
    0.085107
    0.065980
    0.018223
    0.000284
    0.006321
    0.018291
    0.053910
    0.051051
    0.010435
   -0.000002
    0.054394
    0.089248
    0.084211
    0.089552
    0.072501
    0.055089
    0.081693
    0.059650
    0.023777
    0.002459
    0.026076
    0.021147
    0.034900
    0.035963
    0.029175
    0.007158
    0.030843
    0.084890
    0.102693
    0.097504
    0.064231
    0.023028
    0.023384
    0.029093
    0.026789
    0.021142
    0.011511
    0.029126
    0.058240
    0.014919
    0.002208
    0.033921
    0.064394
    0.094530
    0.087542
    0.075785
    0.063938
    0.030729
    0.017116
    0.029455
    0.027889
    0.008259
   -0.029457
    0.002991
    0.071907
    0.024485
   -0.037414
    0.012396
    0.062024
    0.090507
    0.084855
    0.070527
    0.067052
    0.045136
    0.044934
    0.024706
    0.034208
   -0.021681
   -0.056565
   -0.036802
    0.062190
    0.026681
   -0.049865
    0.021184
    0.086468
    0.099551
    0.079075
    0.067204
    0.068158
    0.067216
    0.081935
    0.039255
    0.028561
   -0.011133
   -0.082276
   -0.066694
    0.064982
    0.005162
   -0.059520
    0.049563
    0.115618
    0.119365
    0.073081
    0.045467
    0.070085
    0.069342
    0.068425
    0.052831
    0.027822
    0.004674
   -0.064856
   -0.036351
    0.086541
    0.020985
   -0.086867
    0.007357
    0.114859
    0.123811
    0.086850
    0.051677
    0.054773
    0.034390
    0.019205
    0.026470
    0.021326
    0.006963
   -0.038686
    0.018280
    0.097441
    0.019403
   -0.127797
   -0.050736
    0.099273
    0.128115
    0.091928
    0.055588
    0.053844
    0.036782
    0.026770
    0.043119
    0.033741
   -0.008390
   -0.023817
    0.068022
    0.104813
    0.002893
   -0.112441
   -0.048861
    0.097793
    0.132362
    0.077131
    0.052897
    0.077152
    0.076842
    0.037496
    0.037814
    0.042132
   -0.006382
   -0.016477
    0.052988
    0.080640
    0.006562
   -0.062071
   -0.010107
    0.097400
    0.122313
    0.066145
    0.037658
    0.069203
    0.089256
    0.049333
    0.022881
    0.043172
   -0.015698
   -0.011935
    0.032493
    0.070039
    0.019104
   -0.024332
    0.015770
    0.096727
    0.109956
    0.053376
    0.011652
    0.043698
    0.067842
    0.060556
    0.041608
    0.062995
   -0.049593
   -0.034870
    0.041417
    0.089476
    0.026913
   -0.053299
   -0.004934
    0.092362
    0.110719
    0.065616
    0.035507
    0.053885
    0.049912
    0.030518
    0.028619
    0.060525
   -0.046161
   -0.035581
    0.058459
    0.111672
    0.022706
   -0.058974
    0.013044
    0.097275
    0.102685
    0.078630
    0.069472
    0.069298
    0.041140
    0.018589
    0.032560
    0.054188
   -0.023987
    0.004710
    0.058527
    0.114838
    0.045222
   -0.020896
    0.046017
    0.109424
    0.086769
    0.059974
    0.065858
    0.058888
    0.033186
    0.036253
    0.040841
    0.055231
    0.050118
    0.043241
    0.003363
    0.019665
    0.034295
    0.023150
    0.023582
    0.041645
    0.060483
    0.055775
    0.031048
    0.043768
    0.077950
    0.092501
    0.084516
    0.059995
    0.067966
    0.036963
   -0.019788
   -0.006961
    0.019999
    0.008775
    0.026025
    0.059064
    0.057216
    0.038149
    0.036093
    0.056323
    0.078872
    0.094219
    0.099075
    0.071552
    0.070997
    0.039852
   -0.036890
   -0.039606
    0.008811
    0.016762
    0.024170
    0.044107
    0.051823
    0.012504
   -0.014294
    0.041765
    0.092229
    0.089885
    0.081377
    0.060218
    0.063895
    0.046435
   -0.021513
   -0.042897
    0.008765
    0.028419
    0.015821
    0.006371
    0.012299
    0.012166
    0.007871
    0.045876
    0.086180
    0.095566
    0.089411
    0.054418
    0.063312
    0.033136
   -0.015194
   -0.011659
    0.025872
    0.033938
    0.043293
    0.032829
   -0.008667
    0.004583
    0.044599
    0.072395
    0.086519
    0.079108
    0.079892
    0.060207
    0.088392
    0.053133
   -0.016686
   -0.023214
    0.001133
   -0.004894
    0.026229
    0.061175
    0.006060
   -0.024887
    0.027211
    0.070106
    0.088678
    0.089312
    0.078566
    0.052424
    0.094328
    0.089369
    0.003677
   -0.041352
   -0.027757
   -0.036725
   -0.006495
    0.050543
    0.008277
   -0.011791
    0.052643
    0.092614
    0.089348
    0.082188
    0.084881
    0.063387
    0.048607
    0.052414
    0.006448
   -0.012596
   -0.000554
   -0.055016
   -0.029876
    0.044176
   -0.000848
   -0.005362
    0.077235
    0.112530
    0.104538
    0.078723
    0.068826
    0.050427
    0.032273
    0.017232
   -0.025923
   -0.023991
   -0.001233
   -0.046078
   -0.008144
    0.072158
    0.008116
   -0.050672
    0.034550
    0.109444
    0.114316
    0.088601
    0.068726
    0.036565
    0.048735
    0.035611
   -0.001667
   -0.015222
   -0.030262
   -0.037800
    0.033048
    0.088683
   -0.014242
   -0.118868
   -0.015173
    0.110748
    0.124551
    0.081361
    0.062679
    0.050924
    0.041030
    0.023749
    0.005880
   -0.002478
   -0.037078
   -0.022725
    0.069674
    0.087330
   -0.021215
   -0.099045
   -0.003016
    0.111606
    0.122551
    0.073291
    0.070729
    0.071954
    0.031586
    0.012249
   -0.004610
    0.013650
    0.009719
    0.000468
    0.048756
    0.060953
    0.000113
   -0.037886
    0.012937
    0.096589
    0.109786
    0.064549
    0.051967
    0.063107
    0.007219
    0.003240
    0.025733
    0.037765
    0.020817
   -0.001597
    0.024245
    0.039548
    0.009313
   -0.024213
    0.014538
    0.095673
    0.108048
    0.049243
    0.019939
    0.034556
   -0.007017
    0.010459
    0.045914
    0.016849
   -0.033995
   -0.025496
    0.038115
    0.063080
    0.020812
   -0.026491
    0.010639
    0.089793
    0.113284
    0.070417
    0.042397
    0.043419
    0.021701
    0.023568
    0.023848
   -0.015369
   -0.058890
   -0.030942
    0.054451
    0.080871
    0.013309
   -0.020328
    0.025700
    0.080355
    0.096329
    0.084036
    0.066984
    0.045625
    0.013898
    0.011982
   -0.019221
   -0.047455
   -0.027304
    0.012736
    0.064845
    0.087658
    0.020759
   -0.011874
    0.056671
    0.102405
    0.075639
    0.057186
    0.059548
    0.044632
    0.042183
    0.038488
    0.012667
    0.008877
    0.037568
    0.046177
    0.019812
    0.011366
    0.033690
    0.031905
    0.022358
    0.018942
    0.042844
    0.063614
    0.051473
    0.039244
    0.029523
    0.036249
    0.037436
    0.032599
    0.054159
    0.053921
    0.009396
   -0.012059
    0.012647
    0.016963
    0.017504
    0.039594
    0.057716
    0.041345
    0.031424
    0.040169
    0.010478
   -0.013168
   -0.001848
    0.032847
    0.060104
    0.048793
   -0.000735
   -0.036416
   -0.002835
    0.024523
    0.021430
    0.024280
    0.039083
    0.021003
   -0.010173
    0.013027
    0.004932
   -0.022388
   -0.009021
    0.037998
    0.062901
    0.049648
    0.005706
   -0.030054
   -0.002269
    0.028118
    0.024466
    0.003525
   -0.008178
   -0.002753
    0.015154
    0.038267
    0.006254
   -0.034105
   -0.019370
    0.042248
    0.065333
    0.039849
    0.001028
   -0.014934
    0.013978
    0.034003
    0.037276
    0.033521
    0.012342
   -0.000702
    0.025043
    0.053634
    0.009266
   -0.033303
   -0.032084
    0.025858
    0.072686
    0.070327
    0.017420
   -0.016504
   -0.008460
    0.002590
    0.013502
    0.040389
    0.033851
   -0.007277
    0.005749
    0.048484
    0.007225
   -0.002672
   -0.001351
    0.024482
    0.065928
    0.095648
    0.051948
   -0.007834
   -0.024233
   -0.020259
   -0.011477
    0.029792
    0.037327
    0.001849
    0.029249
    0.079204
    0.009149
   -0.008164
    0.001760
    0.011562
    0.026469
    0.045068
    0.034004
    0.012242
    0.015883
   -0.007057
   -0.035547
    0.016457
    0.031542
    0.002228
    0.051438
    0.101830
    0.022147
   -0.023365
   -0.016252
    0.013384
    0.031107
    0.036083
    0.001708
   -0.016591
    0.001094
   -0.012913
   -0.027668
    0.026669
    0.037933
   -0.022306
    0.012043
    0.090159
    0.037411
   -0.018514
   -0.023425
    0.018136
    0.055647
    0.052434
    0.009750
   -0.008439
   -0.026232
   -0.036858
    0.001590
    0.065448
    0.030240
   -0.066472
   -0.030087
    0.084964
    0.055116
   -0.006809
   -0.028579
   -0.002741
    0.027299
    0.027864
    0.001500
   -0.006154
   -0.021773
   -0.026135
    0.029109
    0.077812
    0.017169
   -0.075012
   -0.025743
    0.082968
    0.069085
    0.006616
   -0.020234
    0.010986
    0.040435
    0.031325
   -0.003195
   -0.005012
    0.014296
    0.016899
    0.031967
    0.048237
    0.019440
   -0.026900
   -0.001173
    0.067466
    0.045335
    0.005428
    0.004318
    0.033240
    0.024108
   -0.002702
   -0.004166
    0.021872
    0.036790
    0.024659
    0.021429
    0.036859
    0.019799
   -0.016949
    0.004488
    0.062309
    0.005936
   -0.028384
   -0.000925
    0.027989
    0.004360
   -0.016760
    0.013145
    0.034934
    0.010834
   -0.011837
    0.008442
    0.043943
    0.041088
   -0.000838
    0.002033
    0.055182
    0.006518
   -0.015841
    0.014634
    0.040167
    0.030288
    0.019203
    0.028079
    0.011777
   -0.038186
   -0.045143
    0.015038
    0.065375
    0.039745
   -0.001458
    0.020582
    0.059575
    0.011955
    0.001101
    0.009858
    0.023924
    0.018658
    0.021464
    0.003824
   -0.036114
   -0.051349
   -0.007064
    0.054270
    0.080560
    0.026938
   -0.024752
    0.018094
    0.084499
    0.001587
    0.015127
    0.044940
    0.057446
    0.048592
    0.036362
    0.015417
    0.021999
    0.040502
    0.067381
    0.021585
   -0.006490
    0.026371
    0.033952
    0.024563
    0.017997
    0.000126
    0.026324
    0.044941
    0.038075
    0.026019
    0.014987
    0.025778
    0.032688
    0.041504
    0.054097
    0.012386
   -0.019746
    0.010217
    0.034318
    0.028079
    0.036417
   -0.018188
    0.011056
    0.053731
    0.048435
    0.022708
   -0.023387
   -0.011870
    0.032734
    0.048181
    0.051586
    0.016939
   -0.024774
    0.002717
    0.038506
    0.032740
    0.032438
   -0.013753
    0.014421
    0.053201
    0.041820
    0.028536
   -0.033679
   -0.041247
    0.038042
    0.068348
    0.057859
    0.020196
   -0.018281
    0.000683
    0.032536
    0.032494
    0.024888
   -0.011740
    0.026979
    0.065791
    0.049429
    0.024813
   -0.036684
   -0.038882
    0.038461
    0.066205
    0.055216
    0.022774
   -0.021075
   -0.004977
    0.028172
    0.036177
    0.036032
   -0.029445
    0.017120
    0.074119
    0.065321
    0.025950
   -0.037517
   -0.031754
    0.031027
    0.073877
    0.089334
    0.050743
   -0.014153
   -0.034140
   -0.006377
    0.019974
    0.036698
   -0.057091
   -0.025137
    0.055489
    0.065344
    0.030207
   -0.029920
   -0.039010
    0.009416
    0.079349
    0.097766
    0.056471
    0.004399
   -0.014373
    0.013056
   -0.004711
    0.023851
   -0.035070
   -0.036667
    0.038972
    0.081498
    0.045708
   -0.022822
   -0.033522
   -0.004893
    0.042471
    0.045009
    0.022565
   -0.010499
    0.021861
    0.038457
   -0.044367
   -0.009707
    0.004320
   -0.016631
    0.019231
    0.062564
    0.049139
   -0.022002
   -0.030307
    0.003922
    0.049993
    0.041723
   -0.000096
   -0.019971
   -0.011456
   -0.004573
   -0.033711
    0.003912
    0.025523
   -0.018793
   -0.004860
    0.040122
    0.054219
   -0.006518
   -0.011186
    0.001825
    0.054215
    0.050456
    0.013077
    0.009446
   -0.015922
   -0.039289
   -0.010945
    0.050054
    0.011454
   -0.067234
   -0.041228
    0.061200
    0.092996
    0.012023
   -0.015055
    0.004843
    0.043154
    0.035820
    0.000169
   -0.016296
   -0.009893
   -0.017415
    0.005856
    0.053649
    0.024636
   -0.033366
   -0.041355
    0.046139
    0.101148
    0.017827
   -0.032174
    0.020536
    0.060927
    0.043978
   -0.018326
   -0.027536
    0.044377
    0.035776
    0.005888
    0.031486
    0.036003
   -0.026029
   -0.042099
    0.027727
    0.050393
    0.001882
   -0.008753
    0.035081
    0.029258
    0.003736
   -0.021849
   -0.005330
    0.053997
    0.044222
    0.016609
    0.032861
    0.037166
   -0.008618
   -0.024914
    0.007340
    0.005807
   -0.017935
   -0.009692
    0.022913
    0.021647
   -0.014544
   -0.009842
    0.018799
    0.042586
    0.016007
    0.000749
    0.035100
    0.029109
   -0.007384
   -0.026495
    0.016962
    0.013912
   -0.012130
   -0.002639
    0.032843
    0.033762
    0.006110
    0.005136
    0.000533
   -0.008685
   -0.030547
   -0.007009
    0.062329
   -0.022316
   -0.030346
   -0.030173
    0.016177
    0.025249
   -0.008035
   -0.013956
    0.023581
    0.033764
    0.007125
   -0.004273
   -0.024616
   -0.039775
   -0.022664
    0.034055
    0.081508
    0.016246
    0.083890
    0.035373
   -0.007898
    0.013110
    0.058638
    0.046759
    0.034279
    0.019490
    0.026738
    0.040117
    0.031255
    0.061732
    0.007044
   -0.002142
    0.026804
   -0.017720
    0.069880
    0.035460
   -0.010185
    0.038610
    0.093084
    0.039499
    0.009998
   -0.020087
    0.022390
    0.049926
    0.040708
    0.046141
    0.010461
   -0.008421
    0.034284
   -0.019465
    0.059900
    0.037282
   -0.017146
    0.039288
    0.082246
    0.035700
    0.027900
   -0.021115
   -0.008354
    0.047553
    0.063957
    0.049520
    0.014526
   -0.005614
    0.029692
   -0.022847
    0.039050
    0.024360
   -0.014117
    0.022955
    0.068516
    0.039368
    0.030862
   -0.037868
   -0.030575
    0.048565
    0.076284
    0.045597
    0.010242
   -0.014247
    0.007391
   -0.022420
    0.039383
    0.015767
   -0.018889
    0.026029
    0.077322
    0.062797
    0.036918
   -0.045386
   -0.019978
    0.056221
    0.077425
    0.074993
    0.032246
   -0.018079
   -0.020922
   -0.003957
    0.075551
    0.042098
   -0.060049
   -0.014627
    0.078612
    0.080378
    0.044172
   -0.069592
   -0.063819
    0.029012
    0.109792
    0.088497
    0.046470
    0.004642
   -0.050766
   -0.024914
    0.021777
    0.020509
   -0.062677
   -0.055515
    0.056315
    0.095453
    0.049743
   -0.063607
   -0.079991
    0.005099
    0.104930
    0.061278
    0.028786
    0.000528
   -0.004257
   -0.017677
   -0.009835
    0.005695
   -0.047053
   -0.052457
    0.047047
    0.095403
    0.053450
   -0.050767
   -0.043346
    0.023351
    0.075299
    0.007687
   -0.000736
   -0.006632
   -0.014269
   -0.014220
    0.023810
    0.064258
   -0.010717
   -0.027050
    0.020724
    0.067284
    0.049114
   -0.044350
   -0.015971
    0.015625
    0.084768
    0.014941
    0.005577
    0.027507
   -0.007490
   -0.036729
    0.007794
    0.090084
    0.004287
   -0.061586
   -0.015743
    0.090730
    0.085527
   -0.006345
    0.006586
    0.006158
    0.080362
    0.031925
    0.018394
    0.001202
   -0.011302
   -0.051098
   -0.041826
    0.049057
    0.023632
   -0.077262
   -0.036694
    0.084193
    0.109826
   -0.009665
   -0.020099
    0.025101
    0.071272
    0.053093
    0.004075
   -0.042280
    0.024301
   -0.085077
   -0.014526
    0.056208
    0.049691
   -0.047696
   -0.037408
    0.053835
    0.073261
   -0.010079
    0.004435
    0.061878
    0.046002
    0.026478
   -0.021759
   -0.024292
    0.072269
   -0.082715
   -0.019419
    0.058767
    0.035666
   -0.025718
   -0.010073
    0.034520
    0.020383
   -0.022258
    0.005257
    0.048931
    0.015025
   -0.015304
   -0.030137
   -0.016539
    0.070560
   -0.041689
   -0.025133
    0.045734
    0.051829
    0.026625
   -0.005640
    0.033565
   -0.000824
   -0.033207
   -0.012365
    0.058623
    0.024804
   -0.021641
   -0.009397
   -0.000475
    0.056142
   -0.016859
   -0.017490
   -0.003860
    0.020874
   -0.005745
   -0.034380
    0.031054
    0.003862
   -0.030089
   -0.005150
    0.070211
    0.026211
   -0.020988
   -0.006926
   -0.004097
    0.009357
   -0.007290
   -0.033289
   -0.075564
   -0.046663
    0.000871
   -0.018518
    0.021353
    0.013744
   -0.037689
   -0.015236
    0.059483
    0.047826
   -0.017028
    0.026199
    0.020472
   -0.031564
    0.090833
    0.000478
    0.033264
    0.064325
    0.009439
    0.037180
    0.083349
    0.054031
    0.029044
   -0.002358
    0.010675
    0.059250
    0.031904
    0.056213
    0.054195
   -0.008903
    0.098838
    0.009573
    0.006440
    0.045045
    0.001257
    0.053244
    0.111997
    0.037476
    0.016644
    0.016527
    0.008099
    0.046006
    0.056473
    0.057113
    0.036171
   -0.004228
    0.082709
    0.011425
    0.014172
    0.030280
   -0.025397
    0.033126
    0.096840
    0.033637
    0.015586
    0.003606
   -0.001687
    0.027792
    0.070229
    0.058095
    0.015580
   -0.011003
    0.075799
   -0.003872
    0.015402
    0.027793
   -0.026831
    0.031546
    0.093007
    0.055637
    0.051485
   -0.010260
    0.010399
    0.058100
    0.082745
    0.080393
    0.053258
   -0.015220
    0.076633
   -0.001929
    0.042087
    0.072104
   -0.010073
   -0.024671
    0.080096
    0.083470
    0.059671
   -0.044158
   -0.034449
    0.038031
    0.095986
    0.084147
    0.046800
    0.036265
    0.078622
   -0.005185
    0.019765
    0.075771
   -0.010825
   -0.081366
    0.060619
    0.099746
    0.072095
   -0.052634
   -0.092347
   -0.026136
    0.100132
    0.090814
    0.020074
    0.032470
    0.064074
   -0.005973
   -0.003643
    0.016287
   -0.026451
   -0.089158
    0.037303
    0.094650
    0.080643
   -0.034677
   -0.076611
   -0.004310
    0.107138
    0.051873
    0.012030
    0.024671
    0.032653
   -0.015636
    0.023483
    0.043865
    0.006474
   -0.054276
    0.025620
    0.077093
    0.078149
   -0.059041
   -0.057911
    0.008473
    0.106274
    0.045311
   -0.013196
    0.040657
    0.014743
   -0.049385
    0.001344
    0.091069
    0.047313
   -0.046923
   -0.001460
    0.067984
    0.111331
   -0.045263
   -0.006547
   -0.004891
    0.090180
    0.065744
    0.004679
    0.023130
    0.023467
   -0.037278
   -0.028007
    0.050761
    0.064641
   -0.073030
   -0.054140
    0.061544
    0.136609
    0.002718
   -0.006019
    0.003348
    0.078319
    0.063586
    0.034047
   -0.022493
    0.012769
   -0.065746
   -0.030323
    0.047962
    0.074803
   -0.055054
   -0.080878
    0.044074
    0.093535
    0.008883
   -0.008861
    0.047651
    0.077612
    0.023481
    0.024925
   -0.038380
    0.009383
   -0.081156
   -0.048627
    0.066140
    0.065632
   -0.026421
   -0.031895
    0.047563
    0.057259
    0.001293
    0.000178
    0.045494
    0.048742
   -0.009419
    0.006614
   -0.055213
    0.032750
   -0.036576
   -0.028342
    0.060329
    0.045582
    0.019722
    0.027247
    0.054562
    0.030513
   -0.032668
   -0.029606
    0.038153
    0.053814
   -0.018237
    0.014641
   -0.043602
    0.013246
   -0.005829
   -0.017522
    0.027389
    0.035908
    0.033043
   -0.042573
    0.041625
    0.028292
   -0.037205
   -0.044503
    0.053050
    0.077943
   -0.017641
   -0.002567
   -0.051759
   -0.020853
   -0.011282
   -0.018747
   -0.040498
   -0.053600
    0.018529
   -0.031106
   -0.015918
    0.023993
   -0.023438
   -0.052798
    0.066217
    0.072868
   -0.025837
    0.013173
    0.009992
   -0.024768
   -0.017020
   -0.024026
   -0.025499
   -0.051136
   -0.016817
   -0.005770
   -0.003376
   -0.015215
   -0.042536
   -0.015982
    0.036389
    0.068070
   -0.023293
    0.064898
    0.057455
